Stoff;Bodensensor;Zeit der Erfassung;Messwert (in g);
Natriumchlorid;3;01.04.2016 00:00;0,722303;
Natriumchlorid;7;01.04.2016 00:00;0,497282;
Natriumchlorid;8;01.04.2016 00:00;0,438723;
Natriumchlorid;6;01.04.2016 00:00;0,242289;
Natriumchlorid;2;01.04.2016 00:00;0,228558;
Natriumchlorid;1;01.04.2016 00:00;0,160462;
Natriumchlorid;5;01.04.2016 00:00;0,15486;
Natriumchlorid;9;01.04.2016 00:00;0,105787;
Natriumchlorid;4;01.04.2016 00:00;0,0814906;
Arsen;2;01.04.2016 00:00;0,518521;
Arsen;8;01.04.2016 00:00;0,502186;
Arsen;6;01.04.2016 00:00;0,458144;
Arsen;7;01.04.2016 00:00;0,38494;
Arsen;4;01.04.2016 00:00;0,378015;
Arsen;9;01.04.2016 00:00;0,272886;
Arsen;3;01.04.2016 00:00;0,130435;
Arsen;5;01.04.2016 00:00;0,0296967;
Arsen;1;01.04.2016 00:00;0,0030929;
Benzol;3;01.04.2016 00:00;1,25917;
Benzol;7;01.04.2016 00:00;0,943983;
Benzol;1;01.04.2016 00:00;0,382308;
Benzol;6;01.04.2016 00:00;0,239455;
Benzol;5;01.04.2016 00:00;0,239101;
Benzol;8;01.04.2016 00:00;0,225446;
Benzol;9;01.04.2016 00:00;0,197804;
Benzol;2;01.04.2016 00:00;0,0115732;
Benzol;4;01.04.2016 00:00;0,00473954;
Anilin;3;01.04.2016 00:00;2,68382;
Anilin;7;01.04.2016 00:00;2,63064;
Anilin;8;01.04.2016 00:00;0,456104;
Anilin;1;01.04.2016 00:00;0,417423;
Anilin;4;01.04.2016 00:00;0,196198;
Anilin;6;01.04.2016 00:00;0,156771;
Anilin;9;01.04.2016 00:00;0,144993;
Anilin;2;01.04.2016 00:00;0,110788;
Anilin;5;01.04.2016 00:00;0,0226431;
Natriumchlorid;3;01.04.2016 01:00;2,55736;
Natriumchlorid;8;01.04.2016 01:00;0,535;
Natriumchlorid;2;01.04.2016 01:00;0,452257;
Natriumchlorid;6;01.04.2016 01:00;0,394667;
Natriumchlorid;5;01.04.2016 01:00;0,301439;
Natriumchlorid;7;01.04.2016 01:00;0,261157;
Natriumchlorid;9;01.04.2016 01:00;0,123042;
Natriumchlorid;4;01.04.2016 01:00;0,0827827;
Natriumchlorid;1;01.04.2016 01:00;0,0656058;
Arsen;3;01.04.2016 01:00;3,48407;
Arsen;7;01.04.2016 01:00;0,63253;
Arsen;8;01.04.2016 01:00;0,565845;
Arsen;5;01.04.2016 01:00;0,452317;
Arsen;6;01.04.2016 01:00;0,168714;
Arsen;2;01.04.2016 01:00;0,152105;
Arsen;9;01.04.2016 01:00;0,131138;
Arsen;4;01.04.2016 01:00;0,130407;
Arsen;1;01.04.2016 01:00;0,00951907;
Benzol;7;01.04.2016 01:00;1,26748;
Benzol;8;01.04.2016 01:00;0,708372;
Benzol;6;01.04.2016 01:00;0,349223;
Benzol;9;01.04.2016 01:00;0,345217;
Benzol;1;01.04.2016 01:00;0,325122;
Benzol;4;01.04.2016 01:00;0,304023;
Benzol;5;01.04.2016 01:00;0,163982;
Benzol;3;01.04.2016 01:00;0,0842611;
Benzol;2;01.04.2016 01:00;0,0777142;
Anilin;7;01.04.2016 01:00;2,26404;
Anilin;3;01.04.2016 01:00;0,779529;
Anilin;5;01.04.2016 01:00;0,401722;
Anilin;1;01.04.2016 01:00;0,381961;
Anilin;4;01.04.2016 01:00;0,280295;
Anilin;8;01.04.2016 01:00;0,272105;
Anilin;2;01.04.2016 01:00;0,225031;
Anilin;6;01.04.2016 01:00;0,18997;
Anilin;9;01.04.2016 01:00;0,186488;
Natriumchlorid;3;01.04.2016 02:00;2,39479;
Natriumchlorid;2;01.04.2016 02:00;0,509981;
Natriumchlorid;8;01.04.2016 02:00;0,437709;
Natriumchlorid;6;01.04.2016 02:00;0,318626;
Natriumchlorid;5;01.04.2016 02:00;0,206771;
Natriumchlorid;1;01.04.2016 02:00;0,20397;
Natriumchlorid;9;01.04.2016 02:00;0,0656916;
Natriumchlorid;4;01.04.2016 02:00;0,0389048;
Natriumchlorid;7;01.04.2016 02:00;0,0304364;
Arsen;7;01.04.2016 02:00;1,66118;
Arsen;2;01.04.2016 02:00;0,645735;
Arsen;4;01.04.2016 02:00;0,396515;
Arsen;6;01.04.2016 02:00;0,381269;
Arsen;5;01.04.2016 02:00;0,236313;
Arsen;3;01.04.2016 02:00;0,208529;
Arsen;8;01.04.2016 02:00;0,188443;
Arsen;1;01.04.2016 02:00;0,0983349;
Arsen;9;01.04.2016 02:00;0,0430606;
Benzol;2;01.04.2016 02:00;0,689016;
Benzol;7;01.04.2016 02:00;0,608635;
Benzol;4;01.04.2016 02:00;0,432936;
Benzol;3;01.04.2016 02:00;0,428891;
Benzol;8;01.04.2016 02:00;0,386579;
Benzol;6;01.04.2016 02:00;0,367956;
Benzol;1;01.04.2016 02:00;0,32639;
Benzol;9;01.04.2016 02:00;0,165901;
Benzol;5;01.04.2016 02:00;0,0659318;
Anilin;7;01.04.2016 02:00;0,970838;
Anilin;9;01.04.2016 02:00;0,634746;
Anilin;6;01.04.2016 02:00;0,474245;
Anilin;8;01.04.2016 02:00;0,244736;
Anilin;3;01.04.2016 02:00;0,23958;
Anilin;2;01.04.2016 02:00;0,0704396;
Anilin;5;01.04.2016 02:00;0,0511753;
Anilin;1;01.04.2016 02:00;0,0378444;
Anilin;4;01.04.2016 02:00;0,0347547;
Natriumchlorid;6;01.04.2016 03:00;0,5182;
Natriumchlorid;7;01.04.2016 03:00;0,405114;
Natriumchlorid;8;01.04.2016 03:00;0,363091;
Natriumchlorid;2;01.04.2016 03:00;0,280231;
Natriumchlorid;5;01.04.2016 03:00;0,242014;
Natriumchlorid;9;01.04.2016 03:00;0,198875;
Natriumchlorid;4;01.04.2016 03:00;0,15624;
Natriumchlorid;1;01.04.2016 03:00;0,0895294;
Natriumchlorid;3;01.04.2016 03:00;0,0585907;
Arsen;2;01.04.2016 03:00;0,596467;
Arsen;8;01.04.2016 03:00;0,471165;
Arsen;6;01.04.2016 03:00;0,45342;
Arsen;7;01.04.2016 03:00;0,446928;
Arsen;9;01.04.2016 03:00;0,378197;
Arsen;5;01.04.2016 03:00;0,319679;
Arsen;1;01.04.2016 03:00;0,288575;
Arsen;4;01.04.2016 03:00;0,26598;
Arsen;3;01.04.2016 03:00;0,26131;
Benzol;8;01.04.2016 03:00;0,65151;
Benzol;9;01.04.2016 03:00;0,51323;
Benzol;3;01.04.2016 03:00;0,376071;
Benzol;6;01.04.2016 03:00;0,364682;
Benzol;1;01.04.2016 03:00;0,357711;
Benzol;4;01.04.2016 03:00;0,321624;
Benzol;2;01.04.2016 03:00;0,0622761;
Benzol;5;01.04.2016 03:00;0,0587969;
Benzol;7;01.04.2016 03:00;0,0144352;
Anilin;8;01.04.2016 03:00;0,69419;
Anilin;9;01.04.2016 03:00;0,486087;
Anilin;6;01.04.2016 03:00;0,437154;
Anilin;1;01.04.2016 03:00;0,353672;
Anilin;5;01.04.2016 03:00;0,300778;
Anilin;4;01.04.2016 03:00;0,246773;
Anilin;2;01.04.2016 03:00;0,124396;
Anilin;7;01.04.2016 03:00;0,0808523;
Anilin;3;01.04.2016 03:00;0,0347694;
Natriumchlorid;7;01.04.2016 04:00;0,856971;
Natriumchlorid;2;01.04.2016 04:00;0,714903;
Natriumchlorid;1;01.04.2016 04:00;0,618398;
Natriumchlorid;8;01.04.2016 04:00;0,523747;
Natriumchlorid;3;01.04.2016 04:00;0,51271;
Natriumchlorid;6;01.04.2016 04:00;0,4967;
Natriumchlorid;4;01.04.2016 04:00;0,375753;
Natriumchlorid;5;01.04.2016 04:00;0,371454;
Natriumchlorid;9;01.04.2016 04:00;0,25342;
Arsen;9;01.04.2016 04:00;0,734143;
Arsen;3;01.04.2016 04:00;0,636766;
Arsen;1;01.04.2016 04:00;0,33195;
Arsen;5;01.04.2016 04:00;0,246868;
Arsen;7;01.04.2016 04:00;0,168924;
Arsen;2;01.04.2016 04:00;0,146269;
Arsen;8;01.04.2016 04:00;0,129247;
Arsen;4;01.04.2016 04:00;0,119788;
Arsen;6;01.04.2016 04:00;0,0296883;
Benzol;3;01.04.2016 04:00;1,1394;
Benzol;7;01.04.2016 04:00;1,03067;
Benzol;6;01.04.2016 04:00;0,405011;
Benzol;4;01.04.2016 04:00;0,390987;
Benzol;8;01.04.2016 04:00;0,320612;
Benzol;2;01.04.2016 04:00;0,299912;
Benzol;9;01.04.2016 04:00;0,127112;
Benzol;1;01.04.2016 04:00;0,117581;
Benzol;5;01.04.2016 04:00;0,033643;
Anilin;3;01.04.2016 04:00;0,667903;
Anilin;2;01.04.2016 04:00;0,641762;
Anilin;5;01.04.2016 04:00;0,476344;
Anilin;6;01.04.2016 04:00;0,313513;
Anilin;7;01.04.2016 04:00;0,312161;
Anilin;1;01.04.2016 04:00;0,284877;
Anilin;4;01.04.2016 04:00;0,281923;
Anilin;8;01.04.2016 04:00;0,0899369;
Anilin;9;01.04.2016 04:00;0,0559182;
Natriumchlorid;8;01.04.2016 05:00;1,03184;
Natriumchlorid;3;01.04.2016 05:00;0,69974;
Natriumchlorid;1;01.04.2016 05:00;0,294556;
Natriumchlorid;2;01.04.2016 05:00;0,252217;
Natriumchlorid;5;01.04.2016 05:00;0,238353;
Natriumchlorid;6;01.04.2016 05:00;0,209591;
Natriumchlorid;7;01.04.2016 05:00;0,116403;
Natriumchlorid;9;01.04.2016 05:00;0,0318543;
Natriumchlorid;4;01.04.2016 05:00;0,00241546;
Arsen;3;01.04.2016 05:00;0,664029;
Arsen;8;01.04.2016 05:00;0,421384;
Arsen;2;01.04.2016 05:00;0,285482;
Arsen;4;01.04.2016 05:00;0,271384;
Arsen;7;01.04.2016 05:00;0,256853;
Arsen;9;01.04.2016 05:00;0,253563;
Arsen;5;01.04.2016 05:00;0,147356;
Arsen;6;01.04.2016 05:00;0,0518588;
Arsen;1;01.04.2016 05:00;0,0388837;
Benzol;3;01.04.2016 05:00;2,79331;
Benzol;8;01.04.2016 05:00;0,649797;
Benzol;7;01.04.2016 05:00;0,512425;
Benzol;4;01.04.2016 05:00;0,446033;
Benzol;9;01.04.2016 05:00;0,378493;
Benzol;5;01.04.2016 05:00;0,168359;
Benzol;6;01.04.2016 05:00;0,148461;
Benzol;2;01.04.2016 05:00;0,138576;
Benzol;1;01.04.2016 05:00;0,108269;
Anilin;1;01.04.2016 05:00;0,989826;
Anilin;3;01.04.2016 05:00;0,916534;
Anilin;9;01.04.2016 05:00;0,367007;
Anilin;6;01.04.2016 05:00;0,36684;
Anilin;4;01.04.2016 05:00;0,28066;
Anilin;5;01.04.2016 05:00;0,259023;
Anilin;7;01.04.2016 05:00;0,195448;
Anilin;2;01.04.2016 05:00;0,0203157;
Anilin;8;01.04.2016 05:00;0,00622426;
Natriumchlorid;7;01.04.2016 06:00;3,81396;
Natriumchlorid;3;01.04.2016 06:00;0,822506;
Natriumchlorid;6;01.04.2016 06:00;0,537672;
Natriumchlorid;9;01.04.2016 06:00;0,361752;
Natriumchlorid;8;01.04.2016 06:00;0,348775;
Natriumchlorid;4;01.04.2016 06:00;0,2396;
Natriumchlorid;1;01.04.2016 06:00;0,210431;
Natriumchlorid;2;01.04.2016 06:00;0,171442;
Natriumchlorid;5;01.04.2016 06:00;0,0686394;
Arsen;7;01.04.2016 06:00;0,969027;
Arsen;6;01.04.2016 06:00;0,78524;
Arsen;2;01.04.2016 06:00;0,678525;
Arsen;3;01.04.2016 06:00;0,552638;
Arsen;8;01.04.2016 06:00;0,225316;
Arsen;5;01.04.2016 06:00;0,105537;
Arsen;4;01.04.2016 06:00;0,104948;
Arsen;9;01.04.2016 06:00;0,0848154;
Arsen;1;01.04.2016 06:00;0,0228912;
Benzol;3;01.04.2016 06:00;3,94462;
Benzol;6;01.04.2016 06:00;0,734936;
Benzol;8;01.04.2016 06:00;0,681112;
Benzol;9;01.04.2016 06:00;0,590046;
Benzol;2;01.04.2016 06:00;0,524311;
Benzol;1;01.04.2016 06:00;0,32179;
Benzol;4;01.04.2016 06:00;0,249135;
Benzol;7;01.04.2016 06:00;0,0627053;
Benzol;5;01.04.2016 06:00;0,0278427;
Anilin;3;01.04.2016 06:00;2,05302;
Anilin;7;01.04.2016 06:00;0,940167;
Anilin;8;01.04.2016 06:00;0,673679;
Anilin;2;01.04.2016 06:00;0,378806;
Anilin;4;01.04.2016 06:00;0,329487;
Anilin;1;01.04.2016 06:00;0,250966;
Anilin;5;01.04.2016 06:00;0,167723;
Anilin;9;01.04.2016 06:00;0,148385;
Anilin;6;01.04.2016 06:00;0,126295;
Natriumchlorid;3;01.04.2016 07:00;4,78659;
Natriumchlorid;8;01.04.2016 07:00;1,02109;
Natriumchlorid;7;01.04.2016 07:00;0,426199;
Natriumchlorid;1;01.04.2016 07:00;0,271824;
Natriumchlorid;4;01.04.2016 07:00;0,170572;
Natriumchlorid;5;01.04.2016 07:00;0,155064;
Natriumchlorid;2;01.04.2016 07:00;0,0958847;
Natriumchlorid;9;01.04.2016 07:00;0,0320344;
Natriumchlorid;6;01.04.2016 07:00;0,0231199;
Arsen;6;01.04.2016 07:00;0,874363;
Arsen;2;01.04.2016 07:00;0,638567;
Arsen;3;01.04.2016 07:00;0,452319;
Arsen;8;01.04.2016 07:00;0,421081;
Arsen;7;01.04.2016 07:00;0,386387;
Arsen;9;01.04.2016 07:00;0,268262;
Arsen;5;01.04.2016 07:00;0,089142;
Arsen;4;01.04.2016 07:00;0,025392;
Arsen;1;01.04.2016 07:00;0,0100301;
Benzol;3;01.04.2016 07:00;3,35156;
Benzol;8;01.04.2016 07:00;0,946475;
Benzol;6;01.04.2016 07:00;0,544958;
Benzol;2;01.04.2016 07:00;0,542413;
Benzol;5;01.04.2016 07:00;0,343747;
Benzol;7;01.04.2016 07:00;0,333749;
Benzol;9;01.04.2016 07:00;0,213374;
Benzol;1;01.04.2016 07:00;0,188189;
Benzol;4;01.04.2016 07:00;0,0142187;
Anilin;6;01.04.2016 07:00;0,602402;
Anilin;4;01.04.2016 07:00;0,502477;
Anilin;5;01.04.2016 07:00;0,386002;
Anilin;3;01.04.2016 07:00;0,375589;
Anilin;9;01.04.2016 07:00;0,268067;
Anilin;2;01.04.2016 07:00;0,221445;
Anilin;7;01.04.2016 07:00;0,0929588;
Anilin;1;01.04.2016 07:00;0,072075;
Anilin;8;01.04.2016 07:00;0,0330591;
Natriumchlorid;3;01.04.2016 08:00;1,61156;
Natriumchlorid;6;01.04.2016 08:00;0,545655;
Natriumchlorid;7;01.04.2016 08:00;0,451286;
Natriumchlorid;2;01.04.2016 08:00;0,285264;
Natriumchlorid;4;01.04.2016 08:00;0,1416;
Natriumchlorid;9;01.04.2016 08:00;0,0810158;
Natriumchlorid;5;01.04.2016 08:00;0,071417;
Natriumchlorid;1;01.04.2016 08:00;0,0343286;
Natriumchlorid;8;01.04.2016 08:00;0,0133735;
Arsen;3;01.04.2016 08:00;2,10568;
Arsen;8;01.04.2016 08:00;1,23009;
Arsen;6;01.04.2016 08:00;0,69624;
Arsen;7;01.04.2016 08:00;0,521752;
Arsen;2;01.04.2016 08:00;0,476664;
Arsen;9;01.04.2016 08:00;0,419446;
Arsen;1;01.04.2016 08:00;0,366206;
Arsen;4;01.04.2016 08:00;0,340732;
Arsen;5;01.04.2016 08:00;0,246648;
Benzol;3;01.04.2016 08:00;3,83947;
Benzol;6;01.04.2016 08:00;0,690937;
Benzol;8;01.04.2016 08:00;0,521053;
Benzol;1;01.04.2016 08:00;0,380071;
Benzol;2;01.04.2016 08:00;0,349802;
Benzol;9;01.04.2016 08:00;0,331285;
Benzol;5;01.04.2016 08:00;0,306871;
Benzol;7;01.04.2016 08:00;0,202865;
Benzol;4;01.04.2016 08:00;0,112167;
Anilin;3;01.04.2016 08:00;0,917269;
Anilin;2;01.04.2016 08:00;0,553491;
Anilin;1;01.04.2016 08:00;0,292984;
Anilin;9;01.04.2016 08:00;0,263384;
Anilin;5;01.04.2016 08:00;0,177531;
Anilin;6;01.04.2016 08:00;0,169993;
Anilin;4;01.04.2016 08:00;0,165458;
Anilin;7;01.04.2016 08:00;0,129355;
Anilin;8;01.04.2016 08:00;0,024255;
Natriumchlorid;7;01.04.2016 09:00;0,639886;
Natriumchlorid;3;01.04.2016 09:00;0,544795;
Natriumchlorid;6;01.04.2016 09:00;0,407047;
Natriumchlorid;8;01.04.2016 09:00;0,307569;
Natriumchlorid;1;01.04.2016 09:00;0,270683;
Natriumchlorid;9;01.04.2016 09:00;0,230418;
Natriumchlorid;2;01.04.2016 09:00;0,201245;
Natriumchlorid;4;01.04.2016 09:00;0,201125;
Natriumchlorid;5;01.04.2016 09:00;0,0455874;
Arsen;3;01.04.2016 09:00;1,78909;
Arsen;7;01.04.2016 09:00;0,915939;
Arsen;2;01.04.2016 09:00;0,586124;
Arsen;8;01.04.2016 09:00;0,451534;
Arsen;9;01.04.2016 09:00;0,37218;
Arsen;1;01.04.2016 09:00;0,300466;
Arsen;6;01.04.2016 09:00;0,274487;
Arsen;5;01.04.2016 09:00;0,217195;
Arsen;4;01.04.2016 09:00;0,041054;
Benzol;2;01.04.2016 09:00;0,71666;
Benzol;7;01.04.2016 09:00;0,659626;
Benzol;3;01.04.2016 09:00;0,655028;
Benzol;4;01.04.2016 09:00;0,288103;
Benzol;1;01.04.2016 09:00;0,204093;
Benzol;6;01.04.2016 09:00;0,199124;
Benzol;9;01.04.2016 09:00;0,10603;
Benzol;8;01.04.2016 09:00;0,0948834;
Benzol;5;01.04.2016 09:00;0,0700218;
Anilin;3;01.04.2016 09:00;1,90111;
Anilin;7;01.04.2016 09:00;0,714198;
Anilin;6;01.04.2016 09:00;0,601663;
Anilin;4;01.04.2016 09:00;0,522087;
Anilin;2;01.04.2016 09:00;0,474724;
Anilin;8;01.04.2016 09:00;0,304597;
Anilin;9;01.04.2016 09:00;0,126885;
Anilin;1;01.04.2016 09:00;0,0988394;
Anilin;5;01.04.2016 09:00;0,0419438;
Natriumchlorid;3;01.04.2016 10:00;0,772321;
Natriumchlorid;6;01.04.2016 10:00;0,565408;
Natriumchlorid;5;01.04.2016 10:00;0,44956;
Natriumchlorid;9;01.04.2016 10:00;0,271139;
Natriumchlorid;8;01.04.2016 10:00;0,24401;
Natriumchlorid;2;01.04.2016 10:00;0,200995;
Natriumchlorid;4;01.04.2016 10:00;0,162566;
Natriumchlorid;7;01.04.2016 10:00;0,152753;
Natriumchlorid;1;01.04.2016 10:00;0,0251836;
Arsen;7;01.04.2016 10:00;0,657709;
Arsen;4;01.04.2016 10:00;0,384311;
Arsen;3;01.04.2016 10:00;0,332215;
Arsen;5;01.04.2016 10:00;0,326147;
Arsen;9;01.04.2016 10:00;0,304952;
Arsen;2;01.04.2016 10:00;0,289997;
Arsen;1;01.04.2016 10:00;0,268343;
Arsen;8;01.04.2016 10:00;0,183642;
Arsen;6;01.04.2016 10:00;0,156522;
Benzol;8;01.04.2016 10:00;0,726825;
Benzol;3;01.04.2016 10:00;0,572236;
Benzol;7;01.04.2016 10:00;0,483525;
Benzol;6;01.04.2016 10:00;0,417886;
Benzol;1;01.04.2016 10:00;0,374429;
Benzol;2;01.04.2016 10:00;0,274667;
Benzol;5;01.04.2016 10:00;0,192601;
Benzol;4;01.04.2016 10:00;0,128094;
Benzol;9;01.04.2016 10:00;0,057487;
Anilin;6;01.04.2016 10:00;0,786521;
Anilin;8;01.04.2016 10:00;0,756304;
Anilin;3;01.04.2016 10:00;0,670043;
Anilin;1;01.04.2016 10:00;0,457522;
Anilin;9;01.04.2016 10:00;0,337672;
Anilin;7;01.04.2016 10:00;0,218184;
Anilin;5;01.04.2016 10:00;0,163966;
Anilin;4;01.04.2016 10:00;0,141456;
Anilin;2;01.04.2016 10:00;0,00298162;
Natriumchlorid;3;01.04.2016 11:00;0,967785;
Natriumchlorid;9;01.04.2016 11:00;0,502717;
Natriumchlorid;6;01.04.2016 11:00;0,430635;
Natriumchlorid;5;01.04.2016 11:00;0,18658;
Natriumchlorid;4;01.04.2016 11:00;0,171654;
Natriumchlorid;2;01.04.2016 11:00;0,11802;
Natriumchlorid;1;01.04.2016 11:00;0,0669641;
Natriumchlorid;8;01.04.2016 11:00;0,0666572;
Natriumchlorid;7;01.04.2016 11:00;0,0143858;
Arsen;3;01.04.2016 11:00;1,02831;
Arsen;8;01.04.2016 11:00;0,78212;
Arsen;7;01.04.2016 11:00;0,453267;
Arsen;5;01.04.2016 11:00;0,42455;
Arsen;6;01.04.2016 11:00;0,404981;
Arsen;2;01.04.2016 11:00;0,150965;
Arsen;1;01.04.2016 11:00;0,132435;
Arsen;9;01.04.2016 11:00;0,120384;
Arsen;4;01.04.2016 11:00;0,036502;
Benzol;3;01.04.2016 11:00;0,70332;
Benzol;6;01.04.2016 11:00;0,559303;
Benzol;1;01.04.2016 11:00;0,392052;
Benzol;9;01.04.2016 11:00;0,241334;
Benzol;4;01.04.2016 11:00;0,234759;
Benzol;2;01.04.2016 11:00;0,229816;
Benzol;7;01.04.2016 11:00;0,227113;
Benzol;8;01.04.2016 11:00;0,16321;
Benzol;5;01.04.2016 11:00;0,025848;
Anilin;3;01.04.2016 11:00;4,39846;
Anilin;8;01.04.2016 11:00;0,87337;
Anilin;7;01.04.2016 11:00;0,854138;
Anilin;9;01.04.2016 11:00;0,773302;
Anilin;6;01.04.2016 11:00;0,29769;
Anilin;4;01.04.2016 11:00;0,259342;
Anilin;2;01.04.2016 11:00;0,242137;
Anilin;1;01.04.2016 11:00;0,228423;
Anilin;5;01.04.2016 11:00;0,143529;
Natriumchlorid;2;01.04.2016 12:00;0,81394;
Natriumchlorid;1;01.04.2016 12:00;0,469625;
Natriumchlorid;7;01.04.2016 12:00;0,435586;
Natriumchlorid;5;01.04.2016 12:00;0,396962;
Natriumchlorid;8;01.04.2016 12:00;0,189639;
Natriumchlorid;3;01.04.2016 12:00;0,165788;
Natriumchlorid;4;01.04.2016 12:00;0,0969047;
Natriumchlorid;9;01.04.2016 12:00;0,0870258;
Natriumchlorid;6;01.04.2016 12:00;0,0475963;
Arsen;8;01.04.2016 12:00;0,555826;
Arsen;7;01.04.2016 12:00;0,417883;
Arsen;3;01.04.2016 12:00;0,399123;
Arsen;6;01.04.2016 12:00;0,387515;
Arsen;9;01.04.2016 12:00;0,236189;
Arsen;4;01.04.2016 12:00;0,229907;
Arsen;2;01.04.2016 12:00;0,127155;
Arsen;5;01.04.2016 12:00;0,0766411;
Arsen;1;01.04.2016 12:00;0,032094;
Benzol;3;01.04.2016 12:00;0,833999;
Benzol;7;01.04.2016 12:00;0,672943;
Benzol;4;01.04.2016 12:00;0,496377;
Benzol;5;01.04.2016 12:00;0,346274;
Benzol;8;01.04.2016 12:00;0,275282;
Benzol;6;01.04.2016 12:00;0,264588;
Benzol;1;01.04.2016 12:00;0,233285;
Benzol;2;01.04.2016 12:00;0,203687;
Benzol;9;01.04.2016 12:00;0,192999;
Anilin;3;01.04.2016 12:00;2,97161;
Anilin;7;01.04.2016 12:00;1,9822;
Anilin;1;01.04.2016 12:00;0,357148;
Anilin;4;01.04.2016 12:00;0,268327;
Anilin;6;01.04.2016 12:00;0,213574;
Anilin;5;01.04.2016 12:00;0,208672;
Anilin;2;01.04.2016 12:00;0,10236;
Anilin;8;01.04.2016 12:00;0,0784863;
Anilin;9;01.04.2016 12:00;0,0730682;
Natriumchlorid;7;01.04.2016 13:00;2,9472;
Natriumchlorid;6;01.04.2016 13:00;0,484358;
Natriumchlorid;4;01.04.2016 13:00;0,416789;
Natriumchlorid;1;01.04.2016 13:00;0,271808;
Natriumchlorid;2;01.04.2016 13:00;0,219576;
Natriumchlorid;8;01.04.2016 13:00;0,170308;
Natriumchlorid;9;01.04.2016 13:00;0,13544;
Natriumchlorid;3;01.04.2016 13:00;0,129685;
Natriumchlorid;5;01.04.2016 13:00;0,0225215;
Arsen;7;01.04.2016 13:00;0,829324;
Arsen;6;01.04.2016 13:00;0,615335;
Arsen;8;01.04.2016 13:00;0,589898;
Arsen;3;01.04.2016 13:00;0,453212;
Arsen;2;01.04.2016 13:00;0,331087;
Arsen;1;01.04.2016 13:00;0,24354;
Arsen;5;01.04.2016 13:00;0,107169;
Arsen;4;01.04.2016 13:00;0,102078;
Arsen;9;01.04.2016 13:00;0,0456287;
Benzol;3;01.04.2016 13:00;1,90125;
Benzol;8;01.04.2016 13:00;0,885737;
Benzol;7;01.04.2016 13:00;0,819536;
Benzol;2;01.04.2016 13:00;0,433455;
Benzol;6;01.04.2016 13:00;0,356287;
Benzol;4;01.04.2016 13:00;0,271384;
Benzol;1;01.04.2016 13:00;0,235847;
Benzol;5;01.04.2016 13:00;0,0744315;
Benzol;9;01.04.2016 13:00;0,0159372;
Anilin;7;01.04.2016 13:00;1,60229;
Anilin;3;01.04.2016 13:00;1,52117;
Anilin;8;01.04.2016 13:00;0,742678;
Anilin;4;01.04.2016 13:00;0,42977;
Anilin;6;01.04.2016 13:00;0,384708;
Anilin;1;01.04.2016 13:00;0,223932;
Anilin;9;01.04.2016 13:00;0,206465;
Anilin;2;01.04.2016 13:00;0,0167204;
Anilin;5;01.04.2016 13:00;0,00629568;
Natriumchlorid;3;01.04.2016 14:00;2,06584;
Natriumchlorid;2;01.04.2016 14:00;0,985069;
Natriumchlorid;9;01.04.2016 14:00;0,542312;
Natriumchlorid;7;01.04.2016 14:00;0,329869;
Natriumchlorid;6;01.04.2016 14:00;0,240171;
Natriumchlorid;4;01.04.2016 14:00;0,0551616;
Natriumchlorid;5;01.04.2016 14:00;0,0458705;
Natriumchlorid;1;01.04.2016 14:00;0,0306601;
Natriumchlorid;8;01.04.2016 14:00;0,0140477;
Arsen;3;01.04.2016 14:00;1,68447;
Arsen;2;01.04.2016 14:00;0,60598;
Arsen;6;01.04.2016 14:00;0,424518;
Arsen;7;01.04.2016 14:00;0,397431;
Arsen;5;01.04.2016 14:00;0,239086;
Arsen;9;01.04.2016 14:00;0,229613;
Arsen;1;01.04.2016 14:00;0,187208;
Arsen;4;01.04.2016 14:00;0,100419;
Arsen;8;01.04.2016 14:00;0,0813537;
Benzol;7;01.04.2016 14:00;2,18663;
Benzol;3;01.04.2016 14:00;0,986431;
Benzol;1;01.04.2016 14:00;0,440393;
Benzol;8;01.04.2016 14:00;0,440045;
Benzol;6;01.04.2016 14:00;0,378116;
Benzol;2;01.04.2016 14:00;0,338016;
Benzol;9;01.04.2016 14:00;0,248804;
Benzol;5;01.04.2016 14:00;0,101092;
Benzol;4;01.04.2016 14:00;0,0965608;
Anilin;2;01.04.2016 14:00;0,833012;
Anilin;8;01.04.2016 14:00;0,787857;
Anilin;4;01.04.2016 14:00;0,744591;
Anilin;6;01.04.2016 14:00;0,475952;
Anilin;1;01.04.2016 14:00;0,283356;
Anilin;5;01.04.2016 14:00;0,281457;
Anilin;9;01.04.2016 14:00;0,209022;
Anilin;3;01.04.2016 14:00;0,19548;
Anilin;7;01.04.2016 14:00;0,0131358;
Natriumchlorid;3;01.04.2016 15:00;1,8144;
Natriumchlorid;7;01.04.2016 15:00;0,927829;
Natriumchlorid;2;01.04.2016 15:00;0,62139;
Natriumchlorid;6;01.04.2016 15:00;0,589017;
Natriumchlorid;8;01.04.2016 15:00;0,531765;
Natriumchlorid;5;01.04.2016 15:00;0,43167;
Natriumchlorid;1;01.04.2016 15:00;0,266658;
Natriumchlorid;4;01.04.2016 15:00;0,257714;
Natriumchlorid;9;01.04.2016 15:00;0,173323;
Arsen;3;01.04.2016 15:00;1,34866;
Arsen;8;01.04.2016 15:00;0,447587;
Arsen;4;01.04.2016 15:00;0,438771;
Arsen;9;01.04.2016 15:00;0,298941;
Arsen;2;01.04.2016 15:00;0,203565;
Arsen;7;01.04.2016 15:00;0,17735;
Arsen;1;01.04.2016 15:00;0,127849;
Arsen;5;01.04.2016 15:00;0,0582271;
Arsen;6;01.04.2016 15:00;0,0323731;
Benzol;6;01.04.2016 15:00;0,483222;
Benzol;3;01.04.2016 15:00;0,280986;
Benzol;8;01.04.2016 15:00;0,272041;
Benzol;7;01.04.2016 15:00;0,262528;
Benzol;9;01.04.2016 15:00;0,148777;
Benzol;5;01.04.2016 15:00;0,126492;
Benzol;4;01.04.2016 15:00;0,103919;
Benzol;2;01.04.2016 15:00;0,0763918;
Benzol;1;01.04.2016 15:00;0,0172048;
Anilin;2;01.04.2016 15:00;0,837112;
Anilin;3;01.04.2016 15:00;0,773566;
Anilin;7;01.04.2016 15:00;0,548344;
Anilin;4;01.04.2016 15:00;0,430541;
Anilin;9;01.04.2016 15:00;0,333781;
Anilin;1;01.04.2016 15:00;0,177346;
Anilin;6;01.04.2016 15:00;0,153869;
Anilin;5;01.04.2016 15:00;0,04561;
Anilin;8;01.04.2016 15:00;0,0120941;
Natriumchlorid;5;01.04.2016 16:00;6,36965;
Natriumchlorid;9;01.04.2016 16:00;2,09702;
Natriumchlorid;3;01.04.2016 16:00;1,13586;
Natriumchlorid;7;01.04.2016 16:00;0,717826;
Natriumchlorid;5;01.04.2016 16:00;0,682529;
Natriumchlorid;8;01.04.2016 16:00;0,313985;
Natriumchlorid;2;01.04.2016 16:00;0,296002;
Natriumchlorid;1;01.04.2016 16:00;0,271123;
Natriumchlorid;4;01.04.2016 16:00;0,140705;
Natriumchlorid;6;01.04.2016 16:00;0,103715;
Arsen;3;01.04.2016 16:00;1,63558;
Arsen;8;01.04.2016 16:00;1,15018;
Arsen;6;01.04.2016 16:00;0,62637;
Arsen;1;01.04.2016 16:00;0,453372;
Arsen;9;01.04.2016 16:00;0,402606;
Arsen;4;01.04.2016 16:00;0,301195;
Arsen;7;01.04.2016 16:00;0,23085;
Arsen;2;01.04.2016 16:00;0,0335552;
Arsen;5;01.04.2016 16:00;0,0176918;
Benzol;3;01.04.2016 16:00;1,14353;
Benzol;2;01.04.2016 16:00;0,401661;
Benzol;7;01.04.2016 16:00;0,374769;
Benzol;1;01.04.2016 16:00;0,299149;
Benzol;8;01.04.2016 16:00;0,286071;
Benzol;5;01.04.2016 16:00;0,263674;
Benzol;4;01.04.2016 16:00;0,233952;
Benzol;9;01.04.2016 16:00;0,212546;
Benzol;6;01.04.2016 16:00;0,183871;
Anilin;6;01.04.2016 16:00;0,476825;
Anilin;8;01.04.2016 16:00;0,327186;
Anilin;3;01.04.2016 16:00;0,296501;
Anilin;7;01.04.2016 16:00;0,137954;
Anilin;9;01.04.2016 16:00;0,0958897;
Anilin;2;01.04.2016 16:00;0,0553067;
Anilin;1;01.04.2016 16:00;0,0454476;
Anilin;4;01.04.2016 16:00;0,0402671;
Natriumchlorid;3;01.04.2016 17:00;3,77301;
Natriumchlorid;6;01.04.2016 17:00;0,479549;
Natriumchlorid;4;01.04.2016 17:00;0,317199;
Natriumchlorid;5;01.04.2016 17:00;0,299581;
Natriumchlorid;9;01.04.2016 17:00;0,256789;
Natriumchlorid;7;01.04.2016 17:00;0,195857;
Natriumchlorid;8;01.04.2016 17:00;0,1864;
Natriumchlorid;1;01.04.2016 17:00;0,176284;
Natriumchlorid;2;01.04.2016 17:00;0,11176;
Arsen;7;01.04.2016 17:00;2,9919;
Arsen;3;01.04.2016 17:00;1,54654;
Arsen;9;01.04.2016 17:00;0,621307;
Arsen;8;01.04.2016 17:00;0,508395;
Arsen;4;01.04.2016 17:00;0,144516;
Arsen;2;01.04.2016 17:00;0,142722;
Arsen;6;01.04.2016 17:00;0,134493;
Arsen;1;01.04.2016 17:00;0,0261086;
Arsen;5;01.04.2016 17:00;0,0014664;
Benzol;5;01.04.2016 17:00;1,28288;
Benzol;3;01.04.2016 17:00;1,07354;
Benzol;8;01.04.2016 17:00;0,707549;
Benzol;6;01.04.2016 17:00;0,540517;
Benzol;1;01.04.2016 17:00;0,519978;
Benzol;7;01.04.2016 17:00;0,516709;
Benzol;2;01.04.2016 17:00;0,460334;
Benzol;9;01.04.2016 17:00;0,371361;
Benzol;4;01.04.2016 17:00;0,313531;
Anilin;3;01.04.2016 17:00;2,002;
Anilin;8;01.04.2016 17:00;0,902336;
Anilin;5;01.04.2016 17:00;0,483056;
Anilin;4;01.04.2016 17:00;0,405594;
Anilin;6;01.04.2016 17:00;0,299951;
Anilin;1;01.04.2016 17:00;0,240693;
Anilin;9;01.04.2016 17:00;0,209819;
Anilin;7;01.04.2016 17:00;0,0641491;
Anilin;2;01.04.2016 17:00;0,0419242;
Natriumchlorid;9;01.04.2016 18:00;16,00594;
Natriumchlorid;3;01.04.2016 18:00;2,04777;
Natriumchlorid;9;01.04.2016 18:00;1,72463;
Natriumchlorid;5;01.04.2016 18:00;0,628314;
Natriumchlorid;2;01.04.2016 18:00;0,594371;
Natriumchlorid;8;01.04.2016 18:00;0,217943;
Natriumchlorid;4;01.04.2016 18:00;0,104811;
Natriumchlorid;1;01.04.2016 18:00;0,0986899;
Natriumchlorid;7;01.04.2016 18:00;0,0954296;
Natriumchlorid;6;01.04.2016 18:00;0,065808;
Arsen;7;01.04.2016 18:00;0,768281;
Arsen;1;01.04.2016 18:00;0,705206;
Arsen;2;01.04.2016 18:00;0,617361;
Arsen;3;01.04.2016 18:00;0,464762;
Arsen;9;01.04.2016 18:00;0,245768;
Arsen;5;01.04.2016 18:00;0,136053;
Arsen;6;01.04.2016 18:00;0,0844535;
Arsen;4;01.04.2016 18:00;0,064684;
Arsen;8;01.04.2016 18:00;0,0192309;
Benzol;9;01.04.2016 18:00;0,49206;
Benzol;6;01.04.2016 18:00;0,491844;
Benzol;7;01.04.2016 18:00;0,474125;
Benzol;1;01.04.2016 18:00;0,405464;
Benzol;2;01.04.2016 18:00;0,354638;
Benzol;3;01.04.2016 18:00;0,289879;
Benzol;8;01.04.2016 18:00;0,220958;
Benzol;5;01.04.2016 18:00;0,191958;
Benzol;4;01.04.2016 18:00;0,0567176;
Anilin;3;01.04.2016 18:00;2,41987;
Anilin;8;01.04.2016 18:00;1,29304;
Anilin;7;01.04.2016 18:00;0,554992;
Anilin;5;01.04.2016 18:00;0,345077;
Anilin;6;01.04.2016 18:00;0,339361;
Anilin;1;01.04.2016 18:00;0,199028;
Anilin;4;01.04.2016 18:00;0,044605;
Anilin;2;01.04.2016 18:00;0,0230869;
Natriumchlorid;7;01.04.2016 19:00;2,2287;
Natriumchlorid;2;01.04.2016 19:00;0,511387;
Natriumchlorid;6;01.04.2016 19:00;0,423562;
Natriumchlorid;8;01.04.2016 19:00;0,374478;
Natriumchlorid;3;01.04.2016 19:00;0,159529;
Natriumchlorid;4;01.04.2016 19:00;0,139601;
Natriumchlorid;9;01.04.2016 19:00;0,0810708;
Natriumchlorid;1;01.04.2016 19:00;0,0789502;
Natriumchlorid;5;01.04.2016 19:00;0,0497588;
Arsen;6;01.04.2016 19:00;0,580485;
Arsen;3;01.04.2016 19:00;0,48644;
Arsen;8;01.04.2016 19:00;0,439922;
Arsen;1;01.04.2016 19:00;0,320393;
Arsen;5;01.04.2016 19:00;0,219221;
Arsen;7;01.04.2016 19:00;0,0984389;
Arsen;9;01.04.2016 19:00;0,0599954;
Arsen;4;01.04.2016 19:00;0,0237058;
Arsen;2;01.04.2016 19:00;0,00660095;
Benzol;7;01.04.2016 19:00;1,89336;
Benzol;3;01.04.2016 19:00;1,83782;
Benzol;4;01.04.2016 19:00;0,379155;
Benzol;8;01.04.2016 19:00;0,374754;
Benzol;6;01.04.2016 19:00;0,349918;
Benzol;9;01.04.2016 19:00;0,346534;
Benzol;2;01.04.2016 19:00;0,173896;
Benzol;5;01.04.2016 19:00;0,122929;
Benzol;1;01.04.2016 19:00;0,0420393;
Anilin;3;01.04.2016 19:00;1,7403;
Anilin;2;01.04.2016 19:00;0,808434;
Anilin;6;01.04.2016 19:00;0,631286;
Anilin;1;01.04.2016 19:00;0,568544;
Anilin;8;01.04.2016 19:00;0,543812;
Anilin;9;01.04.2016 19:00;0,382772;
Anilin;7;01.04.2016 19:00;0,37237;
Anilin;4;01.04.2016 19:00;0,234091;
Anilin;5;01.04.2016 19:00;0,121417;
Natriumchlorid;3;01.04.2016 20:00;4,42195;
Natriumchlorid;7;01.04.2016 20:00;1,2087;
Natriumchlorid;8;01.04.2016 20:00;0,546361;
Natriumchlorid;1;01.04.2016 20:00;0,491511;
Natriumchlorid;5;01.04.2016 20:00;0,431884;
Natriumchlorid;2;01.04.2016 20:00;0,291975;
Natriumchlorid;4;01.04.2016 20:00;0,244434;
Natriumchlorid;9;01.04.2016 20:00;0,235318;
Natriumchlorid;6;01.04.2016 20:00;0,0391207;
Arsen;3;01.04.2016 20:00;2,96486;
Arsen;5;01.04.2016 20:00;0,863043;
Arsen;6;01.04.2016 20:00;0,39531;
Arsen;9;01.04.2016 20:00;0,368791;
Arsen;7;01.04.2016 20:00;0,332273;
Arsen;8;01.04.2016 20:00;0,302518;
Arsen;4;01.04.2016 20:00;0,294812;
Arsen;2;01.04.2016 20:00;0,114486;
Arsen;1;01.04.2016 20:00;0,0839435;
Benzol;3;01.04.2016 20:00;2,72895;
Benzol;6;01.04.2016 20:00;0,54456;
Benzol;8;01.04.2016 20:00;0,42123;
Benzol;7;01.04.2016 20:00;0,388569;
Benzol;1;01.04.2016 20:00;0,257028;
Benzol;9;01.04.2016 20:00;0,236594;
Benzol;4;01.04.2016 20:00;0,179424;
Benzol;2;01.04.2016 20:00;0,0334215;
Benzol;5;01.04.2016 20:00;0,00935036;
Anilin;3;01.04.2016 20:00;1,11615;
Anilin;4;01.04.2016 20:00;0,429474;
Anilin;2;01.04.2016 20:00;0,284889;
Anilin;1;01.04.2016 20:00;0,28476;
Anilin;9;01.04.2016 20:00;0,269983;
Anilin;5;01.04.2016 20:00;0,253722;
Anilin;8;01.04.2016 20:00;0,25033;
Anilin;6;01.04.2016 20:00;0,235903;
Anilin;7;01.04.2016 20:00;0,00780633;
Natriumchlorid;7;01.04.2016 21:00;1,08284;
Natriumchlorid;3;01.04.2016 21:00;1,00195;
Natriumchlorid;8;01.04.2016 21:00;0,544171;
Natriumchlorid;2;01.04.2016 21:00;0,396742;
Natriumchlorid;9;01.04.2016 21:00;0,195524;
Natriumchlorid;5;01.04.2016 21:00;0,0734797;
Natriumchlorid;6;01.04.2016 21:00;0,052684;
Natriumchlorid;4;01.04.2016 21:00;0,0393881;
Natriumchlorid;1;01.04.2016 21:00;0,0385238;
Arsen;3;01.04.2016 21:00;1,50516;
Arsen;7;01.04.2016 21:00;0,93454;
Arsen;8;01.04.2016 21:00;0,913925;
Arsen;6;01.04.2016 21:00;0,510417;
Arsen;2;01.04.2016 21:00;0,401939;
Arsen;9;01.04.2016 21:00;0,320522;
Arsen;5;01.04.2016 21:00;0,186273;
Arsen;1;01.04.2016 21:00;0,175374;
Arsen;4;01.04.2016 21:00;0,0696817;
Benzol;3;01.04.2016 21:00;0,974648;
Benzol;8;01.04.2016 21:00;0,787955;
Benzol;7;01.04.2016 21:00;0,707586;
Benzol;6;01.04.2016 21:00;0,527831;
Benzol;2;01.04.2016 21:00;0,410853;
Benzol;4;01.04.2016 21:00;0,336607;
Benzol;1;01.04.2016 21:00;0,275541;
Benzol;5;01.04.2016 21:00;0,236391;
Benzol;9;01.04.2016 21:00;0,0997598;
Anilin;5;01.04.2016 21:00;0,350383;
Anilin;6;01.04.2016 21:00;0,339473;
Anilin;3;01.04.2016 21:00;0,22341;
Anilin;4;01.04.2016 21:00;0,176977;
Anilin;7;01.04.2016 21:00;0,159589;
Anilin;2;01.04.2016 21:00;0,158859;
Anilin;8;01.04.2016 21:00;0,0337119;
Anilin;1;01.04.2016 21:00;0,0195625;
Anilin;9;01.04.2016 21:00;0,0074712;
Natriumchlorid;2;01.04.2016 22:00;1,26089;
Natriumchlorid;7;01.04.2016 22:00;1,25422;
Natriumchlorid;6;01.04.2016 22:00;0,277343;
Natriumchlorid;8;01.04.2016 22:00;0,245395;
Natriumchlorid;9;01.04.2016 22:00;0,238391;
Natriumchlorid;4;01.04.2016 22:00;0,170294;
Natriumchlorid;1;01.04.2016 22:00;0,161849;
Natriumchlorid;3;01.04.2016 22:00;0,126781;
Natriumchlorid;5;01.04.2016 22:00;0,030958;
Arsen;7;01.04.2016 22:00;2,29064;
Arsen;3;01.04.2016 22:00;1,99986;
Arsen;2;01.04.2016 22:00;0,762059;
Arsen;8;01.04.2016 22:00;0,708784;
Arsen;6;01.04.2016 22:00;0,471188;
Arsen;1;01.04.2016 22:00;0,391567;
Arsen;4;01.04.2016 22:00;0,332102;
Arsen;5;01.04.2016 22:00;0,11621;
Arsen;9;01.04.2016 22:00;0,100193;
Benzol;3;01.04.2016 22:00;1,49356;
Benzol;7;01.04.2016 22:00;1,46981;
Benzol;4;01.04.2016 22:00;0,482681;
Benzol;6;01.04.2016 22:00;0,386564;
Benzol;8;01.04.2016 22:00;0,384742;
Benzol;1;01.04.2016 22:00;0,298078;
Benzol;5;01.04.2016 22:00;0,239755;
Benzol;2;01.04.2016 22:00;0,236507;
Benzol;9;01.04.2016 22:00;0,0650277;
Anilin;3;01.04.2016 22:00;1,71336;
Anilin;4;01.04.2016 22:00;0,586322;
Anilin;2;01.04.2016 22:00;0,581589;
Anilin;6;01.04.2016 22:00;0,400161;
Anilin;8;01.04.2016 22:00;0,340092;
Anilin;1;01.04.2016 22:00;0,314071;
Anilin;7;01.04.2016 22:00;0,218112;
Anilin;9;01.04.2016 22:00;0,0611038;
Anilin;5;01.04.2016 22:00;0,0370354;
Natriumchlorid;3;01.04.2016 23:00;1,22487;
Natriumchlorid;8;01.04.2016 23:00;0,596431;
Natriumchlorid;5;01.04.2016 23:00;0,508771;
Natriumchlorid;1;01.04.2016 23:00;0,404146;
Natriumchlorid;6;01.04.2016 23:00;0,27458;
Natriumchlorid;4;01.04.2016 23:00;0,154004;
Natriumchlorid;9;01.04.2016 23:00;0,0760482;
Natriumchlorid;7;01.04.2016 23:00;0,0506304;
Natriumchlorid;2;01.04.2016 23:00;0,0381507;
Arsen;7;01.04.2016 23:00;0,963514;
Arsen;6;01.04.2016 23:00;0,464511;
Arsen;4;01.04.2016 23:00;0,37103;
Arsen;3;01.04.2016 23:00;0,236716;
Arsen;2;01.04.2016 23:00;0,143694;
Arsen;5;01.04.2016 23:00;0,133455;
Arsen;9;01.04.2016 23:00;0,101802;
Arsen;1;01.04.2016 23:00;0,0833816;
Arsen;8;01.04.2016 23:00;0,0637086;
Benzol;3;01.04.2016 23:00;2,62148;
Benzol;2;01.04.2016 23:00;0,397502;
Benzol;6;01.04.2016 23:00;0,39505;
Benzol;9;01.04.2016 23:00;0,297112;
Benzol;1;01.04.2016 23:00;0,253087;
Benzol;7;01.04.2016 23:00;0,213476;
Benzol;5;01.04.2016 23:00;0,195843;
Benzol;8;01.04.2016 23:00;0,0838678;
Benzol;4;01.04.2016 23:00;0,0664484;
Anilin;3;01.04.2016 23:00;0,713;
Anilin;2;01.04.2016 23:00;0,673678;
Anilin;9;01.04.2016 23:00;0,601304;
Anilin;6;01.04.2016 23:00;0,576362;
Anilin;1;01.04.2016 23:00;0,529585;
Anilin;8;01.04.2016 23:00;0,358232;
Anilin;7;01.04.2016 23:00;0,132691;
Anilin;4;01.04.2016 23:00;0,0915907;
Anilin;5;01.04.2016 23:00;0,0713231;
Natriumchlorid;7;02.04.2016 01:00;0,736405;
Natriumchlorid;8;02.04.2016 01:00;0,453231;
Natriumchlorid;1;02.04.2016 01:00;0,419144;
Natriumchlorid;3;02.04.2016 01:00;0,336445;
Natriumchlorid;6;02.04.2016 01:00;0,324262;
Natriumchlorid;4;02.04.2016 01:00;0,274852;
Natriumchlorid;9;02.04.2016 01:00;0,226894;
Natriumchlorid;2;02.04.2016 01:00;0,185814;
Natriumchlorid;5;02.04.2016 01:00;0,114101;
Arsen;6;02.04.2016 01:00;0,939767;
Arsen;2;02.04.2016 01:00;0,750262;
Arsen;7;02.04.2016 01:00;0,614231;
Arsen;9;02.04.2016 01:00;0,448134;
Arsen;3;02.04.2016 01:00;0,347435;
Arsen;4;02.04.2016 01:00;0,330943;
Arsen;1;02.04.2016 01:00;0,138599;
Arsen;5;02.04.2016 01:00;0,0244924;
Arsen;8;02.04.2016 01:00;0,0130088;
Benzol;3;02.04.2016 01:00;0,617016;
Benzol;7;02.04.2016 01:00;0,548281;
Benzol;9;02.04.2016 01:00;0,492443;
Benzol;1;02.04.2016 01:00;0,485831;
Benzol;6;02.04.2016 01:00;0,358213;
Benzol;4;02.04.2016 01:00;0,324248;
Benzol;5;02.04.2016 01:00;0,0680395;
Benzol;8;02.04.2016 01:00;0,0401327;
Benzol;2;02.04.2016 01:00;0,0168895;
Anilin;3;02.04.2016 01:00;0,598023;
Anilin;1;02.04.2016 01:00;0,541586;
Anilin;2;02.04.2016 01:00;0,53767;
Anilin;8;02.04.2016 01:00;0,173624;
Anilin;5;02.04.2016 01:00;0,171685;
Anilin;6;02.04.2016 01:00;0,168265;
Anilin;9;02.04.2016 01:00;0,150565;
Anilin;7;02.04.2016 01:00;0,143023;
Anilin;4;02.04.2016 01:00;0,0224162;
Natriumchlorid;7;02.04.2016 02:00;0,891457;
Natriumchlorid;2;02.04.2016 02:00;0,7726;
Natriumchlorid;3;02.04.2016 02:00;0,544795;
Natriumchlorid;6;02.04.2016 02:00;0,409834;
Natriumchlorid;8;02.04.2016 02:00;0,280483;
Natriumchlorid;1;02.04.2016 02:00;0,219546;
Natriumchlorid;9;02.04.2016 02:00;0,208992;
Natriumchlorid;5;02.04.2016 02:00;0,117844;
Natriumchlorid;4;02.04.2016 02:00;0,0657784;
Arsen;3;02.04.2016 02:00;2,02981;
Arsen;2;02.04.2016 02:00;0,80029;
Arsen;7;02.04.2016 02:00;0,150068;
Arsen;5;02.04.2016 02:00;0,107135;
Arsen;9;02.04.2016 02:00;0,0415783;
Arsen;1;02.04.2016 02:00;0,0310122;
Arsen;4;02.04.2016 02:00;0,0309245;
Arsen;6;02.04.2016 02:00;0,0205606;
Arsen;8;02.04.2016 02:00;0,0146286;
Benzol;3;02.04.2016 02:00;1,57905;
Benzol;7;02.04.2016 02:00;0,597558;
Benzol;6;02.04.2016 02:00;0,217854;
Benzol;9;02.04.2016 02:00;0,212025;
Benzol;8;02.04.2016 02:00;0,175599;
Benzol;5;02.04.2016 02:00;0,0535859;
Benzol;2;02.04.2016 02:00;0,0331214;
Benzol;1;02.04.2016 02:00;0,0149532;
Benzol;4;02.04.2016 02:00;0,0119133;
Anilin;7;02.04.2016 02:00;0,950041;
Anilin;6;02.04.2016 02:00;0,615062;
Anilin;3;02.04.2016 02:00;0,484204;
Anilin;5;02.04.2016 02:00;0,400143;
Anilin;2;02.04.2016 02:00;0,315683;
Anilin;1;02.04.2016 02:00;0,252264;
Anilin;4;02.04.2016 02:00;0,244371;
Anilin;8;02.04.2016 02:00;0,125315;
Anilin;9;02.04.2016 02:00;0,105581;
Natriumchlorid;6;02.04.2016 03:00;5,80055;
Natriumchlorid;3;02.04.2016 03:00;2,73072;
Natriumchlorid;8;02.04.2016 03:00;0,408522;
Natriumchlorid;5;02.04.2016 03:00;0,359576;
Natriumchlorid;1;02.04.2016 03:00;0,295875;
Natriumchlorid;9;02.04.2016 03:00;0,202456;
Natriumchlorid;7;02.04.2016 03:00;0,189833;
Natriumchlorid;4;02.04.2016 03:00;0,176777;
Natriumchlorid;2;02.04.2016 03:00;0,143772;
Arsen;7;02.04.2016 03:00;0,56288;
Arsen;6;02.04.2016 03:00;0,476676;
Arsen;5;02.04.2016 03:00;0,320008;
Arsen;2;02.04.2016 03:00;0,31871;
Arsen;4;02.04.2016 03:00;0,283306;
Arsen;8;02.04.2016 03:00;0,255509;
Arsen;1;02.04.2016 03:00;0,223378;
Arsen;9;02.04.2016 03:00;0,205532;
Arsen;3;02.04.2016 03:00;0,142879;
Benzol;7;02.04.2016 03:00;2,7232;
Benzol;3;02.04.2016 03:00;1,62635;
Benzol;8;02.04.2016 03:00;1,14841;
Benzol;2;02.04.2016 03:00;0,633578;
Benzol;5;02.04.2016 03:00;0,357732;
Benzol;4;02.04.2016 03:00;0,319148;
Benzol;1;02.04.2016 03:00;0,264447;
Benzol;9;02.04.2016 03:00;0,185598;
Benzol;6;02.04.2016 03:00;0,0902679;
Anilin;6;02.04.2016 03:00;54,93806;
Anilin;3;02.04.2016 03:00;0,887108;
Anilin;1;02.04.2016 03:00;0,502189;
Anilin;5;02.04.2016 03:00;0,43345;
Anilin;7;02.04.2016 03:00;0,39873;
Anilin;8;02.04.2016 03:00;0,379781;
Anilin;4;02.04.2016 03:00;0,287446;
Anilin;2;02.04.2016 03:00;0,133028;
Anilin;9;02.04.2016 03:00;0,0267766;
Natriumchlorid;6;02.04.2016 04:00;9,62682;
Natriumchlorid;7;02.04.2016 04:00;2,40938;
Natriumchlorid;3;02.04.2016 04:00;1,04218;
Natriumchlorid;8;02.04.2016 04:00;1,03237;
Natriumchlorid;9;02.04.2016 04:00;0,261617;
Natriumchlorid;5;02.04.2016 04:00;0,255214;
Natriumchlorid;2;02.04.2016 04:00;0,228343;
Natriumchlorid;4;02.04.2016 04:00;0,12961;
Natriumchlorid;1;02.04.2016 04:00;0,0466569;
Arsen;6;02.04.2016 04:00;0,619144;
Arsen;8;02.04.2016 04:00;0,593399;
Arsen;3;02.04.2016 04:00;0,452893;
Arsen;2;02.04.2016 04:00;0,313157;
Arsen;1;02.04.2016 04:00;0,282639;
Arsen;9;02.04.2016 04:00;0,216909;
Arsen;7;02.04.2016 04:00;0,190944;
Arsen;4;02.04.2016 04:00;0,158541;
Arsen;5;02.04.2016 04:00;0,156115;
Benzol;7;02.04.2016 04:00;1,53005;
Benzol;3;02.04.2016 04:00;0,525919;
Benzol;9;02.04.2016 04:00;0,454984;
Benzol;6;02.04.2016 04:00;0,403787;
Benzol;5;02.04.2016 04:00;0,163406;
Benzol;2;02.04.2016 04:00;0,134299;
Benzol;8;02.04.2016 04:00;0,0792467;
Benzol;4;02.04.2016 04:00;0,0242242;
Benzol;1;02.04.2016 04:00;0,0163761;
Anilin;6;02.04.2016 04:00;88,53254;
Anilin;3;02.04.2016 04:00;2,02966;
Anilin;2;02.04.2016 04:00;0,792754;
Anilin;7;02.04.2016 04:00;0,340548;
Anilin;8;02.04.2016 04:00;0,323699;
Anilin;1;02.04.2016 04:00;0,323303;
Anilin;4;02.04.2016 04:00;0,211979;
Anilin;9;02.04.2016 04:00;0,171206;
Anilin;5;02.04.2016 04:00;0,129138;
Natriumchlorid;6;02.04.2016 05:00;2,93062;
Natriumchlorid;3;02.04.2016 05:00;1,96427;
Natriumchlorid;8;02.04.2016 05:00;0,687612;
Natriumchlorid;4;02.04.2016 05:00;0,293223;
Natriumchlorid;9;02.04.2016 05:00;0,222823;
Natriumchlorid;2;02.04.2016 05:00;0,190161;
Natriumchlorid;5;02.04.2016 05:00;0,123225;
Natriumchlorid;1;02.04.2016 05:00;0,0341467;
Natriumchlorid;7;02.04.2016 05:00;0,0107267;
Arsen;3;02.04.2016 05:00;1,5085;
Arsen;4;02.04.2016 05:00;0,478385;
Arsen;6;02.04.2016 05:00;0,383726;
Arsen;9;02.04.2016 05:00;0,287092;
Arsen;7;02.04.2016 05:00;0,241111;
Arsen;2;02.04.2016 05:00;0,21878;
Arsen;8;02.04.2016 05:00;0,144788;
Arsen;5;02.04.2016 05:00;0,119141;
Arsen;1;02.04.2016 05:00;0,0307717;
Benzol;3;02.04.2016 05:00;1,81087;
Benzol;5;02.04.2016 05:00;0,64415;
Benzol;7;02.04.2016 05:00;0,262215;
Benzol;8;02.04.2016 05:00;0,257363;
Benzol;9;02.04.2016 05:00;0,252675;
Benzol;1;02.04.2016 05:00;0,202701;
Benzol;6;02.04.2016 05:00;0,184801;
Benzol;4;02.04.2016 05:00;0,131082;
Benzol;2;02.04.2016 05:00;0,0504667;
Anilin;6;02.04.2016 05:00;26,74166;
Anilin;3;02.04.2016 05:00;3,29536;
Anilin;7;02.04.2016 05:00;0,540633;
Anilin;4;02.04.2016 05:00;0,3219;
Anilin;1;02.04.2016 05:00;0,262339;
Anilin;8;02.04.2016 05:00;0,257004;
Anilin;9;02.04.2016 05:00;0,246884;
Anilin;2;02.04.2016 05:00;0,182361;
Anilin;5;02.04.2016 05:00;0,0268431;
Natriumchlorid;3;02.04.2016 06:00;1,32701;
Natriumchlorid;8;02.04.2016 06:00;0,670516;
Natriumchlorid;6;02.04.2016 06:00;0,426847;
Natriumchlorid;7;02.04.2016 06:00;0,400332;
Natriumchlorid;2;02.04.2016 06:00;0,298744;
Natriumchlorid;1;02.04.2016 06:00;0,29775;
Natriumchlorid;5;02.04.2016 06:00;0,28003;
Natriumchlorid;9;02.04.2016 06:00;0,25848;
Natriumchlorid;4;02.04.2016 06:00;0,0228912;
Arsen;3;02.04.2016 06:00;1,67572;
Arsen;7;02.04.2016 06:00;0,605779;
Arsen;9;02.04.2016 06:00;0,546353;
Arsen;2;02.04.2016 06:00;0,379414;
Arsen;8;02.04.2016 06:00;0,172941;
Arsen;5;02.04.2016 06:00;0,157049;
Arsen;6;02.04.2016 06:00;0,0975712;
Arsen;4;02.04.2016 06:00;0,0496604;
Arsen;1;02.04.2016 06:00;0,00383154;
Benzol;3;02.04.2016 06:00;3,71109;
Benzol;6;02.04.2016 06:00;0,585413;
Benzol;7;02.04.2016 06:00;0,552875;
Benzol;4;02.04.2016 06:00;0,244089;
Benzol;2;02.04.2016 06:00;0,23178;
Benzol;1;02.04.2016 06:00;0,181822;
Benzol;5;02.04.2016 06:00;0,132413;
Benzol;9;02.04.2016 06:00;0,0981315;
Benzol;8;02.04.2016 06:00;0,0685353;
Anilin;8;02.04.2016 06:00;0,902268;
Anilin;3;02.04.2016 06:00;0,692593;
Anilin;2;02.04.2016 06:00;0,4203;
Anilin;7;02.04.2016 06:00;0,380607;
Anilin;9;02.04.2016 06:00;0,309545;
Anilin;5;02.04.2016 06:00;0,285396;
Anilin;1;02.04.2016 06:00;0,278871;
Anilin;4;02.04.2016 06:00;0,237839;
Anilin;6;02.04.2016 06:00;0,223367;
Natriumchlorid;3;02.04.2016 07:00;2,30778;
Natriumchlorid;7;02.04.2016 07:00;0,631516;
Natriumchlorid;4;02.04.2016 07:00;0,465914;
Natriumchlorid;8;02.04.2016 07:00;0,328057;
Natriumchlorid;5;02.04.2016 07:00;0,29315;
Natriumchlorid;1;02.04.2016 07:00;0,193642;
Natriumchlorid;6;02.04.2016 07:00;0,163253;
Natriumchlorid;2;02.04.2016 07:00;0,0880139;
Natriumchlorid;9;02.04.2016 07:00;0,0427897;
Arsen;3;02.04.2016 07:00;1,14865;
Arsen;6;02.04.2016 07:00;0,683389;
Arsen;8;02.04.2016 07:00;0,585034;
Arsen;2;02.04.2016 07:00;0,525801;
Arsen;9;02.04.2016 07:00;0,458859;
Arsen;4;02.04.2016 07:00;0,332064;
Arsen;7;02.04.2016 07:00;0,307102;
Arsen;5;02.04.2016 07:00;0,185936;
Arsen;1;02.04.2016 07:00;0,0662188;
Benzol;3;02.04.2016 07:00;2,46653;
Benzol;7;02.04.2016 07:00;2,41157;
Benzol;8;02.04.2016 07:00;1,32191;
Benzol;5;02.04.2016 07:00;0,460673;
Benzol;6;02.04.2016 07:00;0,245195;
Benzol;2;02.04.2016 07:00;0,200505;
Benzol;4;02.04.2016 07:00;0,138534;
Benzol;1;02.04.2016 07:00;0,0566491;
Benzol;9;02.04.2016 07:00;0,0540256;
Anilin;7;02.04.2016 07:00;2,99737;
Anilin;3;02.04.2016 07:00;0,857199;
Anilin;8;02.04.2016 07:00;0,538731;
Anilin;5;02.04.2016 07:00;0,327437;
Anilin;1;02.04.2016 07:00;0,312813;
Anilin;6;02.04.2016 07:00;0,261629;
Anilin;9;02.04.2016 07:00;0,207996;
Anilin;2;02.04.2016 07:00;0,0776325;
Anilin;4;02.04.2016 07:00;0,0621533;
Natriumchlorid;2;02.04.2016 08:00;0,98867;
Natriumchlorid;6;02.04.2016 08:00;0,559366;
Natriumchlorid;3;02.04.2016 08:00;0,372212;
Natriumchlorid;1;02.04.2016 08:00;0,297009;
Natriumchlorid;9;02.04.2016 08:00;0,243255;
Natriumchlorid;5;02.04.2016 08:00;0,206986;
Natriumchlorid;7;02.04.2016 08:00;0,113426;
Natriumchlorid;4;02.04.2016 08:00;0,0603826;
Natriumchlorid;8;02.04.2016 08:00;0,0325469;
Arsen;3;02.04.2016 08:00;2,36543;
Arsen;8;02.04.2016 08:00;0,754578;
Arsen;1;02.04.2016 08:00;0,557578;
Arsen;6;02.04.2016 08:00;0,497905;
Arsen;7;02.04.2016 08:00;0,416646;
Arsen;5;02.04.2016 08:00;0,405257;
Arsen;9;02.04.2016 08:00;0,182943;
Arsen;4;02.04.2016 08:00;0,0777494;
Arsen;2;02.04.2016 08:00;0,069863;
Benzol;6;02.04.2016 08:00;0,537014;
Benzol;3;02.04.2016 08:00;0,502807;
Benzol;5;02.04.2016 08:00;0,42478;
Benzol;1;02.04.2016 08:00;0,396863;
Benzol;8;02.04.2016 08:00;0,390314;
Benzol;9;02.04.2016 08:00;0,379865;
Benzol;2;02.04.2016 08:00;0,151797;
Benzol;7;02.04.2016 08:00;0,150068;
Benzol;4;02.04.2016 08:00;0,0256158;
Anilin;7;02.04.2016 08:00;1,98952;
Anilin;3;02.04.2016 08:00;1,60518;
Anilin;6;02.04.2016 08:00;0,502554;
Anilin;2;02.04.2016 08:00;0,342931;
Anilin;1;02.04.2016 08:00;0,324397;
Anilin;4;02.04.2016 08:00;0,317472;
Anilin;9;02.04.2016 08:00;0,20795;
Anilin;8;02.04.2016 08:00;0,0743579;
Anilin;5;02.04.2016 08:00;0,0410121;
Natriumchlorid;3;02.04.2016 09:00;1,62024;
Natriumchlorid;8;02.04.2016 09:00;0,468649;
Natriumchlorid;6;02.04.2016 09:00;0,464962;
Natriumchlorid;4;02.04.2016 09:00;0,38928;
Natriumchlorid;2;02.04.2016 09:00;0,29075;
Natriumchlorid;5;02.04.2016 09:00;0,21322;
Natriumchlorid;7;02.04.2016 09:00;0,162933;
Natriumchlorid;9;02.04.2016 09:00;0,128814;
Natriumchlorid;1;02.04.2016 09:00;0,0716124;
Arsen;3;02.04.2016 09:00;0,708596;
Arsen;7;02.04.2016 09:00;0,703951;
Arsen;8;02.04.2016 09:00;0,689398;
Arsen;2;02.04.2016 09:00;0,631416;
Arsen;6;02.04.2016 09:00;0,411933;
Arsen;1;02.04.2016 09:00;0,256327;
Arsen;9;02.04.2016 09:00;0,147594;
Arsen;5;02.04.2016 09:00;0,144261;
Arsen;4;02.04.2016 09:00;0,0265757;
Benzol;2;02.04.2016 09:00;0,81926;
Benzol;3;02.04.2016 09:00;0,607803;
Benzol;6;02.04.2016 09:00;0,327147;
Benzol;8;02.04.2016 09:00;0,288809;
Benzol;1;02.04.2016 09:00;0,280063;
Benzol;5;02.04.2016 09:00;0,201844;
Benzol;9;02.04.2016 09:00;0,174835;
Benzol;7;02.04.2016 09:00;0,153918;
Benzol;4;02.04.2016 09:00;0,0495964;
Anilin;6;02.04.2016 09:00;1,08545;
Anilin;2;02.04.2016 09:00;0,751181;
Anilin;8;02.04.2016 09:00;0,71176;
Anilin;4;02.04.2016 09:00;0,304829;
Anilin;9;02.04.2016 09:00;0,298319;
Anilin;7;02.04.2016 09:00;0,258117;
Anilin;1;02.04.2016 09:00;0,126937;
Anilin;3;02.04.2016 09:00;0,100491;
Anilin;5;02.04.2016 09:00;0,0359026;
Natriumchlorid;6;02.04.2016 10:00;31,90381;
Natriumchlorid;6;02.04.2016 10:00;4,18545;
Natriumchlorid;3;02.04.2016 10:00;3,98593;
Natriumchlorid;8;02.04.2016 10:00;0,45354;
Natriumchlorid;1;02.04.2016 10:00;0,275278;
Natriumchlorid;7;02.04.2016 10:00;0,159333;
Natriumchlorid;2;02.04.2016 10:00;0,151101;
Natriumchlorid;5;02.04.2016 10:00;0,101197;
Natriumchlorid;9;02.04.2016 10:00;0,0625412;
Natriumchlorid;4;02.04.2016 10:00;0,0238186;
Arsen;2;02.04.2016 10:00;0,929112;
Arsen;8;02.04.2016 10:00;0,564445;
Arsen;3;02.04.2016 10:00;0,513739;
Arsen;6;02.04.2016 10:00;0,480179;
Arsen;7;02.04.2016 10:00;0,475595;
Arsen;1;02.04.2016 10:00;0,457838;
Arsen;9;02.04.2016 10:00;0,406817;
Arsen;5;02.04.2016 10:00;0,402147;
Arsen;4;02.04.2016 10:00;0,249277;
Benzol;7;02.04.2016 10:00;1,81392;
Benzol;3;02.04.2016 10:00;1,08798;
Benzol;8;02.04.2016 10:00;0,751101;
Benzol;6;02.04.2016 10:00;0,700996;
Benzol;5;02.04.2016 10:00;0,338916;
Benzol;9;02.04.2016 10:00;0,162519;
Benzol;4;02.04.2016 10:00;0,158822;
Benzol;1;02.04.2016 10:00;0,122137;
Benzol;2;02.04.2016 10:00;0,11727;
Anilin;7;02.04.2016 10:00;1,15854;
Anilin;3;02.04.2016 10:00;0,779459;
Anilin;2;02.04.2016 10:00;0,599428;
Anilin;1;02.04.2016 10:00;0,422663;
Anilin;5;02.04.2016 10:00;0,382888;
Anilin;8;02.04.2016 10:00;0,15102;
Anilin;9;02.04.2016 10:00;0,146088;
Anilin;4;02.04.2016 10:00;0,0943977;
Natriumchlorid;3;02.04.2016 11:00;5,8452;
Natriumchlorid;6;02.04.2016 11:00;0,687499;
Natriumchlorid;8;02.04.2016 11:00;0,63753;
Natriumchlorid;7;02.04.2016 11:00;0,482951;
Natriumchlorid;1;02.04.2016 11:00;0,33449;
Natriumchlorid;5;02.04.2016 11:00;0,313765;
Natriumchlorid;4;02.04.2016 11:00;0,297354;
Natriumchlorid;9;02.04.2016 11:00;0,111071;
Natriumchlorid;2;02.04.2016 11:00;0,0761568;
Arsen;3;02.04.2016 11:00;2,64384;
Arsen;6;02.04.2016 11:00;0,649327;
Arsen;8;02.04.2016 11:00;0,62602;
Arsen;5;02.04.2016 11:00;0,374205;
Arsen;4;02.04.2016 11:00;0,338429;
Arsen;7;02.04.2016 11:00;0,318167;
Arsen;9;02.04.2016 11:00;0,317036;
Arsen;2;02.04.2016 11:00;0,0983831;
Arsen;1;02.04.2016 11:00;0,0530652;
Benzol;3;02.04.2016 11:00;2,07491;
Benzol;6;02.04.2016 11:00;0,679315;
Benzol;8;02.04.2016 11:00;0,533446;
Benzol;2;02.04.2016 11:00;0,506522;
Benzol;5;02.04.2016 11:00;0,241115;
Benzol;1;02.04.2016 11:00;0,23622;
Benzol;7;02.04.2016 11:00;0,155889;
Benzol;4;02.04.2016 11:00;0,144675;
Benzol;9;02.04.2016 11:00;0,105239;
Anilin;3;02.04.2016 11:00;2,77583;
Anilin;8;02.04.2016 11:00;0,74716;
Anilin;6;02.04.2016 11:00;0,700949;
Anilin;2;02.04.2016 11:00;0,516634;
Anilin;4;02.04.2016 11:00;0,396838;
Anilin;9;02.04.2016 11:00;0,258256;
Anilin;7;02.04.2016 11:00;0,255712;
Anilin;5;02.04.2016 11:00;0,16746;
Anilin;1;02.04.2016 11:00;0,0143753;
Natriumchlorid;5;02.04.2016 12:00;16,03786;
Natriumchlorid;9;02.04.2016 12:00;10,59351;
Natriumchlorid;9;02.04.2016 12:00;3,48706;
Natriumchlorid;5;02.04.2016 12:00;2,00198;
Natriumchlorid;3;02.04.2016 12:00;1,19669;
Natriumchlorid;6;02.04.2016 12:00;0,379747;
Natriumchlorid;7;02.04.2016 12:00;0,328671;
Natriumchlorid;1;02.04.2016 12:00;0,191907;
Natriumchlorid;2;02.04.2016 12:00;0,123138;
Natriumchlorid;8;02.04.2016 12:00;0,103841;
Natriumchlorid;4;02.04.2016 12:00;0,0975331;
Arsen;3;02.04.2016 12:00;1,61539;
Arsen;2;02.04.2016 12:00;0,482328;
Arsen;8;02.04.2016 12:00;0,309689;
Arsen;5;02.04.2016 12:00;0,238976;
Arsen;6;02.04.2016 12:00;0,188155;
Arsen;4;02.04.2016 12:00;0,145024;
Arsen;7;02.04.2016 12:00;0,141153;
Arsen;1;02.04.2016 12:00;0,13044;
Arsen;9;02.04.2016 12:00;0,0654333;
Benzol;3;02.04.2016 12:00;0,765958;
Benzol;5;02.04.2016 12:00;0,669847;
Benzol;6;02.04.2016 12:00;0,628296;
Benzol;2;02.04.2016 12:00;0,543606;
Benzol;1;02.04.2016 12:00;0,239039;
Benzol;7;02.04.2016 12:00;0,23421;
Benzol;4;02.04.2016 12:00;0,174326;
Benzol;8;02.04.2016 12:00;0,0895337;
Benzol;9;02.04.2016 12:00;0,0827827;
Anilin;7;02.04.2016 12:00;2,89844;
Anilin;8;02.04.2016 12:00;0,43062;
Anilin;2;02.04.2016 12:00;0,29947;
Anilin;4;02.04.2016 12:00;0,184877;
Anilin;6;02.04.2016 12:00;0,166671;
Anilin;3;02.04.2016 12:00;0,151676;
Anilin;1;02.04.2016 12:00;0,0569623;
Natriumchlorid;3;02.04.2016 13:00;2,66781;
Natriumchlorid;7;02.04.2016 13:00;1,12484;
Natriumchlorid;1;02.04.2016 13:00;0,64877;
Natriumchlorid;8;02.04.2016 13:00;0,457124;
Natriumchlorid;5;02.04.2016 13:00;0,451438;
Natriumchlorid;4;02.04.2016 13:00;0,428973;
Natriumchlorid;2;02.04.2016 13:00;0,376812;
Natriumchlorid;6;02.04.2016 13:00;0,246143;
Natriumchlorid;9;02.04.2016 13:00;0,178131;
Arsen;3;02.04.2016 13:00;0,731977;
Arsen;8;02.04.2016 13:00;0,728494;
Arsen;2;02.04.2016 13:00;0,673308;
Arsen;6;02.04.2016 13:00;0,37539;
Arsen;7;02.04.2016 13:00;0,309113;
Arsen;9;02.04.2016 13:00;0,300223;
Arsen;5;02.04.2016 13:00;0,270748;
Arsen;1;02.04.2016 13:00;0,270406;
Arsen;4;02.04.2016 13:00;0,265447;
Benzol;7;02.04.2016 13:00;0,494588;
Benzol;4;02.04.2016 13:00;0,421332;
Benzol;6;02.04.2016 13:00;0,395662;
Benzol;2;02.04.2016 13:00;0,304837;
Benzol;5;02.04.2016 13:00;0,174896;
Benzol;3;02.04.2016 13:00;0,120452;
Benzol;8;02.04.2016 13:00;0,093832;
Benzol;9;02.04.2016 13:00;0,0830369;
Benzol;1;02.04.2016 13:00;0,0405078;
Anilin;3;02.04.2016 13:00;1,91028;
Anilin;2;02.04.2016 13:00;0,875536;
Anilin;8;02.04.2016 13:00;0,809375;
Anilin;4;02.04.2016 13:00;0,531805;
Anilin;6;02.04.2016 13:00;0,526315;
Anilin;1;02.04.2016 13:00;0,285525;
Anilin;7;02.04.2016 13:00;0,118137;
Anilin;5;02.04.2016 13:00;0,114671;
Anilin;9;02.04.2016 13:00;0,0846306;
Natriumchlorid;3;02.04.2016 14:00;1,93806;
Natriumchlorid;8;02.04.2016 14:00;0,742678;
Natriumchlorid;6;02.04.2016 14:00;0,522767;
Natriumchlorid;5;02.04.2016 14:00;0,459604;
Natriumchlorid;4;02.04.2016 14:00;0,455156;
Natriumchlorid;2;02.04.2016 14:00;0,282935;
Natriumchlorid;9;02.04.2016 14:00;0,220299;
Natriumchlorid;7;02.04.2016 14:00;0,12371;
Natriumchlorid;1;02.04.2016 14:00;0,0815633;
Arsen;3;02.04.2016 14:00;1,47398;
Arsen;6;02.04.2016 14:00;0,442851;
Arsen;9;02.04.2016 14:00;0,354268;
Arsen;5;02.04.2016 14:00;0,19133;
Arsen;7;02.04.2016 14:00;0,175067;
Arsen;8;02.04.2016 14:00;0,149831;
Arsen;1;02.04.2016 14:00;0,129968;
Arsen;2;02.04.2016 14:00;0,114338;
Arsen;4;02.04.2016 14:00;0,0112824;
Benzol;3;02.04.2016 14:00;1,44466;
Benzol;8;02.04.2016 14:00;0,777652;
Benzol;6;02.04.2016 14:00;0,713386;
Benzol;7;02.04.2016 14:00;0,264847;
Benzol;5;02.04.2016 14:00;0,2197;
Benzol;2;02.04.2016 14:00;0,219331;
Benzol;4;02.04.2016 14:00;0,215537;
Benzol;1;02.04.2016 14:00;0,12367;
Benzol;9;02.04.2016 14:00;0,0859592;
Anilin;8;02.04.2016 14:00;1,11245;
Anilin;3;02.04.2016 14:00;0,456911;
Anilin;6;02.04.2016 14:00;0,305359;
Anilin;5;02.04.2016 14:00;0,218777;
Anilin;9;02.04.2016 14:00;0,184064;
Anilin;7;02.04.2016 14:00;0,162346;
Anilin;1;02.04.2016 14:00;0,12731;
Anilin;4;02.04.2016 14:00;0,10836;
Anilin;2;02.04.2016 14:00;0,101538;
Natriumchlorid;3;02.04.2016 15:00;1,85382;
Natriumchlorid;7;02.04.2016 15:00;0,859067;
Natriumchlorid;9;02.04.2016 15:00;0,576609;
Natriumchlorid;6;02.04.2016 15:00;0,522158;
Natriumchlorid;8;02.04.2016 15:00;0,520765;
Natriumchlorid;5;02.04.2016 15:00;0,426486;
Natriumchlorid;1;02.04.2016 15:00;0,358652;
Natriumchlorid;4;02.04.2016 15:00;0,265027;
Natriumchlorid;2;02.04.2016 15:00;0,117645;
Arsen;3;02.04.2016 15:00;1,59427;
Arsen;2;02.04.2016 15:00;0,778458;
Arsen;6;02.04.2016 15:00;0,523211;
Arsen;5;02.04.2016 15:00;0,44522;
Arsen;8;02.04.2016 15:00;0,301824;
Arsen;4;02.04.2016 15:00;0,242757;
Arsen;1;02.04.2016 15:00;0,23448;
Arsen;7;02.04.2016 15:00;0,165015;
Arsen;9;02.04.2016 15:00;0,130147;
Benzol;3;02.04.2016 15:00;2,36397;
Benzol;6;02.04.2016 15:00;0,715069;
Benzol;4;02.04.2016 15:00;0,420039;
Benzol;8;02.04.2016 15:00;0,380608;
Benzol;2;02.04.2016 15:00;0,28223;
Benzol;7;02.04.2016 15:00;0,190506;
Benzol;1;02.04.2016 15:00;0,0879218;
Benzol;5;02.04.2016 15:00;0,069568;
Benzol;9;02.04.2016 15:00;0,0265757;
Anilin;7;02.04.2016 15:00;0,51685;
Anilin;5;02.04.2016 15:00;0,501425;
Anilin;4;02.04.2016 15:00;0,36384;
Anilin;6;02.04.2016 15:00;0,343418;
Anilin;8;02.04.2016 15:00;0,286517;
Anilin;1;02.04.2016 15:00;0,270016;
Anilin;3;02.04.2016 15:00;0,148012;
Anilin;9;02.04.2016 15:00;0,116773;
Anilin;2;02.04.2016 15:00;0,0452389;
Natriumchlorid;3;02.04.2016 16:00;1,5176;
Natriumchlorid;5;02.04.2016 16:00;0,484017;
Natriumchlorid;9;02.04.2016 16:00;0,346474;
Natriumchlorid;8;02.04.2016 16:00;0,34436;
Natriumchlorid;7;02.04.2016 16:00;0,272664;
Natriumchlorid;4;02.04.2016 16:00;0,217088;
Natriumchlorid;2;02.04.2016 16:00;0,1777;
Natriumchlorid;1;02.04.2016 16:00;0,177439;
Natriumchlorid;6;02.04.2016 16:00;0,164237;
Arsen;3;02.04.2016 16:00;3,00526;
Arsen;8;02.04.2016 16:00;0,790658;
Arsen;1;02.04.2016 16:00;0,331038;
Arsen;4;02.04.2016 16:00;0,321072;
Arsen;7;02.04.2016 16:00;0,300114;
Arsen;6;02.04.2016 16:00;0,288958;
Arsen;5;02.04.2016 16:00;0,115508;
Arsen;2;02.04.2016 16:00;0,0559627;
Arsen;9;02.04.2016 16:00;0,00749758;
Benzol;2;02.04.2016 16:00;0,856833;
Benzol;8;02.04.2016 16:00;0,72088;
Benzol;7;02.04.2016 16:00;0,405937;
Benzol;6;02.04.2016 16:00;0,391682;
Benzol;9;02.04.2016 16:00;0,297371;
Benzol;3;02.04.2016 16:00;0,192401;
Benzol;4;02.04.2016 16:00;0,151732;
Benzol;1;02.04.2016 16:00;0,0317947;
Benzol;5;02.04.2016 16:00;0,00448124;
Anilin;3;02.04.2016 16:00;1,04601;
Anilin;6;02.04.2016 16:00;0,676463;
Anilin;7;02.04.2016 16:00;0,559701;
Anilin;8;02.04.2016 16:00;0,535908;
Anilin;2;02.04.2016 16:00;0,439957;
Anilin;9;02.04.2016 16:00;0,397933;
Anilin;4;02.04.2016 16:00;0,248647;
Anilin;5;02.04.2016 16:00;0,169644;
Anilin;1;02.04.2016 16:00;0,106402;
Natriumchlorid;3;02.04.2016 17:00;2,81238;
Natriumchlorid;7;02.04.2016 17:00;0,700557;
Natriumchlorid;6;02.04.2016 17:00;0,496958;
Natriumchlorid;4;02.04.2016 17:00;0,422124;
Natriumchlorid;2;02.04.2016 17:00;0,348686;
Natriumchlorid;1;02.04.2016 17:00;0,265883;
Natriumchlorid;8;02.04.2016 17:00;0,123686;
Natriumchlorid;5;02.04.2016 17:00;0,0327251;
Natriumchlorid;9;02.04.2016 17:00;0,00373241;
Arsen;3;02.04.2016 17:00;3,40071;
Arsen;8;02.04.2016 17:00;0,62087;
Arsen;7;02.04.2016 17:00;0,405469;
Arsen;1;02.04.2016 17:00;0,332387;
Arsen;6;02.04.2016 17:00;0,309971;
Arsen;5;02.04.2016 17:00;0,298561;
Arsen;4;02.04.2016 17:00;0,190503;
Arsen;2;02.04.2016 17:00;0,102108;
Arsen;9;02.04.2016 17:00;0,0169263;
Benzol;3;02.04.2016 17:00;1,25291;
Benzol;9;02.04.2016 17:00;0,691258;
Benzol;8;02.04.2016 17:00;0,624335;
Benzol;4;02.04.2016 17:00;0,603154;
Benzol;2;02.04.2016 17:00;0,503167;
Benzol;5;02.04.2016 17:00;0,489883;
Benzol;6;02.04.2016 17:00;0,44649;
Benzol;1;02.04.2016 17:00;0,29423;
Benzol;7;02.04.2016 17:00;0,192936;
Anilin;3;02.04.2016 17:00;1,15031;
Anilin;6;02.04.2016 17:00;0,470797;
Anilin;7;02.04.2016 17:00;0,3618;
Anilin;9;02.04.2016 17:00;0,305937;
Anilin;5;02.04.2016 17:00;0,230201;
Anilin;2;02.04.2016 17:00;0,214186;
Anilin;8;02.04.2016 17:00;0,0753483;
Anilin;1;02.04.2016 17:00;0,0707958;
Anilin;4;02.04.2016 17:00;0,0453826;
Natriumchlorid;3;02.04.2016 18:00;3,71437;
Natriumchlorid;7;02.04.2016 18:00;2,12512;
Natriumchlorid;2;02.04.2016 18:00;0,59308;
Natriumchlorid;5;02.04.2016 18:00;0,275936;
Natriumchlorid;6;02.04.2016 18:00;0,273741;
Natriumchlorid;8;02.04.2016 18:00;0,242655;
Natriumchlorid;1;02.04.2016 18:00;0,166033;
Natriumchlorid;9;02.04.2016 18:00;0,159166;
Natriumchlorid;4;02.04.2016 18:00;0,15635;
Arsen;3;02.04.2016 18:00;0,957869;
Arsen;8;02.04.2016 18:00;0,696078;
Arsen;7;02.04.2016 18:00;0,547391;
Arsen;6;02.04.2016 18:00;0,510221;
Arsen;5;02.04.2016 18:00;0,396615;
Arsen;1;02.04.2016 18:00;0,208241;
Arsen;2;02.04.2016 18:00;0,13839;
Arsen;9;02.04.2016 18:00;0,0764745;
Arsen;4;02.04.2016 18:00;0,0325593;
Benzol;2;02.04.2016 18:00;0,644588;
Benzol;7;02.04.2016 18:00;0,624323;
Benzol;1;02.04.2016 18:00;0,593697;
Benzol;3;02.04.2016 18:00;0,45098;
Benzol;4;02.04.2016 18:00;0,410083;
Benzol;9;02.04.2016 18:00;0,260527;
Benzol;8;02.04.2016 18:00;0,222479;
Benzol;6;02.04.2016 18:00;0,0837614;
Benzol;5;02.04.2016 18:00;0,00554216;
Anilin;3;02.04.2016 18:00;2,11321;
Anilin;6;02.04.2016 18:00;0,406695;
Anilin;9;02.04.2016 18:00;0,286185;
Anilin;2;02.04.2016 18:00;0,249467;
Anilin;4;02.04.2016 18:00;0,210038;
Anilin;7;02.04.2016 18:00;0,186828;
Anilin;1;02.04.2016 18:00;0,148164;
Anilin;5;02.04.2016 18:00;0,114235;
Anilin;8;02.04.2016 18:00;0,0223005;
Natriumchlorid;7;02.04.2016 19:00;3,23089;
Natriumchlorid;3;02.04.2016 19:00;0,990118;
Natriumchlorid;8;02.04.2016 19:00;0,475491;
Natriumchlorid;6;02.04.2016 19:00;0,397192;
Natriumchlorid;2;02.04.2016 19:00;0,299321;
Natriumchlorid;5;02.04.2016 19:00;0,242303;
Natriumchlorid;1;02.04.2016 19:00;0,169396;
Natriumchlorid;9;02.04.2016 19:00;0,118592;
Natriumchlorid;4;02.04.2016 19:00;0,00894458;
Arsen;3;02.04.2016 19:00;2,30917;
Arsen;8;02.04.2016 19:00;0,497608;
Arsen;6;02.04.2016 19:00;0,376391;
Arsen;1;02.04.2016 19:00;0,348079;
Arsen;2;02.04.2016 19:00;0,315332;
Arsen;9;02.04.2016 19:00;0,265196;
Arsen;5;02.04.2016 19:00;0,16054;
Arsen;4;02.04.2016 19:00;0,141712;
Arsen;7;02.04.2016 19:00;0,0308989;
Benzol;3;02.04.2016 19:00;1,48195;
Benzol;9;02.04.2016 19:00;0,591179;
Benzol;6;02.04.2016 19:00;0,406924;
Benzol;4;02.04.2016 19:00;0,360292;
Benzol;1;02.04.2016 19:00;0,346854;
Benzol;2;02.04.2016 19:00;0,339859;
Benzol;5;02.04.2016 19:00;0,318765;
Benzol;7;02.04.2016 19:00;0,256642;
Benzol;8;02.04.2016 19:00;0,135111;
Anilin;3;02.04.2016 19:00;2,98143;
Anilin;7;02.04.2016 19:00;0,955561;
Anilin;4;02.04.2016 19:00;0,368267;
Anilin;8;02.04.2016 19:00;0,289858;
Anilin;2;02.04.2016 19:00;0,279014;
Anilin;9;02.04.2016 19:00;0,211611;
Anilin;6;02.04.2016 19:00;0,13825;
Anilin;1;02.04.2016 19:00;0,0466978;
Anilin;5;02.04.2016 19:00;0,0186703;
Natriumchlorid;5;02.04.2016 20:00;8,51139;
Natriumchlorid;3;02.04.2016 20:00;0,882471;
Natriumchlorid;5;02.04.2016 20:00;0,862172;
Natriumchlorid;9;02.04.2016 20:00;0,77341;
Natriumchlorid;6;02.04.2016 20:00;0,59736;
Natriumchlorid;4;02.04.2016 20:00;0,462292;
Natriumchlorid;7;02.04.2016 20:00;0,452775;
Natriumchlorid;1;02.04.2016 20:00;0,334778;
Natriumchlorid;2;02.04.2016 20:00;0,230835;
Natriumchlorid;8;02.04.2016 20:00;0,210307;
Arsen;8;02.04.2016 20:00;0,478143;
Arsen;6;02.04.2016 20:00;0,301577;
Arsen;7;02.04.2016 20:00;0,281942;
Arsen;3;02.04.2016 20:00;0,269507;
Arsen;2;02.04.2016 20:00;0,228252;
Arsen;9;02.04.2016 20:00;0,112403;
Arsen;5;02.04.2016 20:00;0,103249;
Arsen;1;02.04.2016 20:00;0,10275;
Arsen;4;02.04.2016 20:00;0,0744315;
Benzol;6;02.04.2016 20:00;0,56558;
Benzol;3;02.04.2016 20:00;0,532253;
Benzol;8;02.04.2016 20:00;0,425338;
Benzol;7;02.04.2016 20:00;0,26347;
Benzol;2;02.04.2016 20:00;0,244476;
Benzol;5;02.04.2016 20:00;0,158108;
Benzol;4;02.04.2016 20:00;0,138255;
Benzol;1;02.04.2016 20:00;0,0643571;
Benzol;9;02.04.2016 20:00;0,0354873;
Anilin;3;02.04.2016 20:00;0,798249;
Anilin;8;02.04.2016 20:00;0,517758;
Anilin;1;02.04.2016 20:00;0,411176;
Anilin;9;02.04.2016 20:00;0,313927;
Anilin;2;02.04.2016 20:00;0,24106;
Anilin;6;02.04.2016 20:00;0,144325;
Anilin;7;02.04.2016 20:00;0,126392;
Anilin;4;02.04.2016 20:00;0,0930939;
Natriumchlorid;3;02.04.2016 21:00;1,10585;
Natriumchlorid;6;02.04.2016 21:00;0,903733;
Natriumchlorid;8;02.04.2016 21:00;0,605527;
Natriumchlorid;4;02.04.2016 21:00;0,334011;
Natriumchlorid;9;02.04.2016 21:00;0,307118;
Natriumchlorid;2;02.04.2016 21:00;0,274961;
Natriumchlorid;5;02.04.2016 21:00;0,227866;
Natriumchlorid;1;02.04.2016 21:00;0,164837;
Natriumchlorid;7;02.04.2016 21:00;0,111394;
Arsen;3;02.04.2016 21:00;1,32157;
Arsen;7;02.04.2016 21:00;0,714853;
Arsen;9;02.04.2016 21:00;0,479843;
Arsen;5;02.04.2016 21:00;0,307855;
Arsen;6;02.04.2016 21:00;0,186161;
Arsen;2;02.04.2016 21:00;0,128586;
Arsen;4;02.04.2016 21:00;0,112453;
Arsen;8;02.04.2016 21:00;0,0991928;
Arsen;1;02.04.2016 21:00;0,0164038;
Benzol;3;02.04.2016 21:00;0,982292;
Benzol;6;02.04.2016 21:00;0,754739;
Benzol;7;02.04.2016 21:00;0,375247;
Benzol;9;02.04.2016 21:00;0,307577;
Benzol;4;02.04.2016 21:00;0,253833;
Benzol;8;02.04.2016 21:00;0,234989;
Benzol;5;02.04.2016 21:00;0,174326;
Benzol;1;02.04.2016 21:00;0,126771;
Benzol;2;02.04.2016 21:00;0,020654;
Anilin;3;02.04.2016 21:00;1,21055;
Anilin;6;02.04.2016 21:00;0,739564;
Anilin;2;02.04.2016 21:00;0,487533;
Anilin;7;02.04.2016 21:00;0,433835;
Anilin;4;02.04.2016 21:00;0,306236;
Anilin;9;02.04.2016 21:00;0,270488;
Anilin;5;02.04.2016 21:00;0,257762;
Anilin;8;02.04.2016 21:00;0,232286;
Anilin;1;02.04.2016 21:00;0,0316234;
Natriumchlorid;3;02.04.2016 22:00;1,2749;
Natriumchlorid;7;02.04.2016 22:00;1,21112;
Natriumchlorid;9;02.04.2016 22:00;0,738121;
Natriumchlorid;2;02.04.2016 22:00;0,718881;
Natriumchlorid;8;02.04.2016 22:00;0,380485;
Natriumchlorid;6;02.04.2016 22:00;0,340913;
Natriumchlorid;5;02.04.2016 22:00;0,202915;
Natriumchlorid;1;02.04.2016 22:00;0,071305;
Natriumchlorid;4;02.04.2016 22:00;0,0197454;
Arsen;3;02.04.2016 22:00;3,02095;
Arsen;8;02.04.2016 22:00;0,590618;
Arsen;1;02.04.2016 22:00;0,580649;
Arsen;7;02.04.2016 22:00;0,343629;
Arsen;5;02.04.2016 22:00;0,22952;
Arsen;6;02.04.2016 22:00;0,12278;
Arsen;4;02.04.2016 22:00;0,106043;
Arsen;9;02.04.2016 22:00;0,0724228;
Arsen;2;02.04.2016 22:00;0,0688266;
Benzol;7;02.04.2016 22:00;1,49034;
Benzol;3;02.04.2016 22:00;1,0871;
Benzol;6;02.04.2016 22:00;0,655953;
Benzol;8;02.04.2016 22:00;0,465049;
Benzol;9;02.04.2016 22:00;0,451809;
Benzol;1;02.04.2016 22:00;0,365752;
Benzol;4;02.04.2016 22:00;0,349087;
Benzol;2;02.04.2016 22:00;0,256416;
Benzol;5;02.04.2016 22:00;0,134378;
Anilin;9;02.04.2016 22:00;4,90566;
Anilin;8;02.04.2016 22:00;0,736099;
Anilin;7;02.04.2016 22:00;0,644445;
Anilin;6;02.04.2016 22:00;0,451567;
Anilin;4;02.04.2016 22:00;0,300188;
Anilin;2;02.04.2016 22:00;0,295781;
Anilin;5;02.04.2016 22:00;0,268294;
Anilin;3;02.04.2016 22:00;0,195039;
Anilin;1;02.04.2016 22:00;0,148218;
Natriumchlorid;7;02.04.2016 23:00;1,46547;
Natriumchlorid;8;02.04.2016 23:00;0,94874;
Natriumchlorid;3;02.04.2016 23:00;0,930517;
Natriumchlorid;6;02.04.2016 23:00;0,612623;
Natriumchlorid;2;02.04.2016 23:00;0,470055;
Natriumchlorid;4;02.04.2016 23:00;0,426835;
Natriumchlorid;9;02.04.2016 23:00;0,400168;
Natriumchlorid;5;02.04.2016 23:00;0,0568469;
Natriumchlorid;1;02.04.2016 23:00;0,0317544;
Arsen;3;02.04.2016 23:00;1,20062;
Arsen;4;02.04.2016 23:00;0,302031;
Arsen;2;02.04.2016 23:00;0,266724;
Arsen;1;02.04.2016 23:00;0,145914;
Arsen;7;02.04.2016 23:00;0,113643;
Arsen;8;02.04.2016 23:00;0,107452;
Arsen;6;02.04.2016 23:00;0,0847191;
Arsen;5;02.04.2016 23:00;0,0846849;
Arsen;9;02.04.2016 23:00;0,0641833;
Benzol;3;02.04.2016 23:00;2,17722;
Benzol;7;02.04.2016 23:00;1,3113;
Benzol;2;02.04.2016 23:00;0,699788;
Benzol;6;02.04.2016 23:00;0,681935;
Benzol;8;02.04.2016 23:00;0,31605;
Benzol;9;02.04.2016 23:00;0,227866;
Benzol;4;02.04.2016 23:00;0,113563;
Benzol;1;02.04.2016 23:00;0,0669259;
Benzol;5;02.04.2016 23:00;0,0664866;
Anilin;3;02.04.2016 23:00;0,603212;
Anilin;8;02.04.2016 23:00;0,474401;
Anilin;6;02.04.2016 23:00;0,321245;
Anilin;4;02.04.2016 23:00;0,312606;
Anilin;5;02.04.2016 23:00;0,205991;
Anilin;1;02.04.2016 23:00;0,199166;
Anilin;7;02.04.2016 23:00;0,174403;
Anilin;9;02.04.2016 23:00;0,133083;
Anilin;2;02.04.2016 23:00;0,124694;
Natriumchlorid;6;03.04.2016 00:00;4,49753;
Natriumchlorid;2;03.04.2016 00:00;1,15709;
Natriumchlorid;7;03.04.2016 00:00;0,776443;
Natriumchlorid;3;03.04.2016 00:00;0,483052;
Natriumchlorid;4;03.04.2016 00:00;0,381174;
Natriumchlorid;1;03.04.2016 00:00;0,130586;
Natriumchlorid;8;03.04.2016 00:00;0,0924586;
Natriumchlorid;9;03.04.2016 00:00;0,0787807;
Natriumchlorid;5;03.04.2016 00:00;0,0745432;
Arsen;3;03.04.2016 00:00;1,59205;
Arsen;7;03.04.2016 00:00;0,737747;
Arsen;6;03.04.2016 00:00;0,482539;
Arsen;8;03.04.2016 00:00;0,470948;
Arsen;5;03.04.2016 00:00;0,354763;
Arsen;2;03.04.2016 00:00;0,306265;
Arsen;9;03.04.2016 00:00;0,144945;
Arsen;1;03.04.2016 00:00;0,057853;
Arsen;4;03.04.2016 00:00;0,00105381;
Benzol;2;03.04.2016 00:00;0,969116;
Benzol;7;03.04.2016 00:00;0,882124;
Benzol;3;03.04.2016 00:00;0,794985;
Benzol;1;03.04.2016 00:00;0,418392;
Benzol;6;03.04.2016 00:00;0,261357;
Benzol;9;03.04.2016 00:00;0,181853;
Benzol;8;03.04.2016 00:00;0,102229;
Benzol;5;03.04.2016 00:00;0,0903127;
Benzol;4;03.04.2016 00:00;0,0267763;
Anilin;6;03.04.2016 00:00;42,23866;
Anilin;8;03.04.2016 00:00;0,909279;
Anilin;3;03.04.2016 00:00;0,685932;
Anilin;5;03.04.2016 00:00;0,511417;
Anilin;1;03.04.2016 00:00;0,340634;
Anilin;9;03.04.2016 00:00;0,306977;
Anilin;7;03.04.2016 00:00;0,262607;
Anilin;2;03.04.2016 00:00;0,195976;
Anilin;4;03.04.2016 00:00;0,0722813;
Natriumchlorid;3;03.04.2016 01:00;0,843205;
Natriumchlorid;7;03.04.2016 01:00;0,630143;
Natriumchlorid;4;03.04.2016 01:00;0,609414;
Natriumchlorid;2;03.04.2016 01:00;0,531419;
Natriumchlorid;5;03.04.2016 01:00;0,444024;
Natriumchlorid;9;03.04.2016 01:00;0,426835;
Natriumchlorid;1;03.04.2016 01:00;0,32695;
Natriumchlorid;6;03.04.2016 01:00;0,146218;
Natriumchlorid;8;03.04.2016 01:00;0,0166759;
Arsen;2;03.04.2016 01:00;1,00538;
Arsen;6;03.04.2016 01:00;0,700664;
Arsen;3;03.04.2016 01:00;0,608657;
Arsen;8;03.04.2016 01:00;0,436848;
Arsen;5;03.04.2016 01:00;0,218993;
Arsen;9;03.04.2016 01:00;0,166514;
Arsen;1;03.04.2016 01:00;0,140673;
Arsen;4;03.04.2016 01:00;0,0345279;
Arsen;7;03.04.2016 01:00;0,014513;
Benzol;7;03.04.2016 01:00;0,601861;
Benzol;8;03.04.2016 01:00;0,601348;
Benzol;6;03.04.2016 01:00;0,55497;
Benzol;9;03.04.2016 01:00;0,421643;
Benzol;3;03.04.2016 01:00;0,358428;
Benzol;2;03.04.2016 01:00;0,308046;
Benzol;1;03.04.2016 01:00;0,175883;
Benzol;4;03.04.2016 01:00;0,17542;
Benzol;5;03.04.2016 01:00;0,0876277;
Anilin;3;03.04.2016 01:00;1,74874;
Anilin;7;03.04.2016 01:00;0,732158;
Anilin;8;03.04.2016 01:00;0,458639;
Anilin;9;03.04.2016 01:00;0,345097;
Anilin;6;03.04.2016 01:00;0,298021;
Anilin;5;03.04.2016 01:00;0,253119;
Anilin;1;03.04.2016 01:00;0,188021;
Anilin;2;03.04.2016 01:00;0,136098;
Anilin;4;03.04.2016 01:00;0,0839617;
Natriumchlorid;3;03.04.2016 02:00;1,05969;
Natriumchlorid;6;03.04.2016 02:00;0,545655;
Natriumchlorid;7;03.04.2016 02:00;0,510446;
Natriumchlorid;8;03.04.2016 02:00;0,484357;
Natriumchlorid;2;03.04.2016 02:00;0,292918;
Natriumchlorid;4;03.04.2016 02:00;0,242303;
Natriumchlorid;1;03.04.2016 02:00;0,179593;
Natriumchlorid;9;03.04.2016 02:00;0,104777;
Natriumchlorid;5;03.04.2016 02:00;0,0984044;
Arsen;3;03.04.2016 02:00;2,66253;
Arsen;7;03.04.2016 02:00;1,35178;
Arsen;9;03.04.2016 02:00;0,437457;
Arsen;5;03.04.2016 02:00;0,29972;
Arsen;1;03.04.2016 02:00;0,253848;
Arsen;8;03.04.2016 02:00;0,159581;
Arsen;6;03.04.2016 02:00;0,121776;
Arsen;4;03.04.2016 02:00;0,0849016;
Arsen;2;03.04.2016 02:00;0,00391385;
Benzol;3;03.04.2016 02:00;1,27937;
Benzol;4;03.04.2016 02:00;0,471536;
Benzol;2;03.04.2016 02:00;0,440017;
Benzol;8;03.04.2016 02:00;0,407237;
Benzol;7;03.04.2016 02:00;0,2961;
Benzol;1;03.04.2016 02:00;0,243869;
Benzol;5;03.04.2016 02:00;0,199778;
Benzol;6;03.04.2016 02:00;0,167064;
Benzol;9;03.04.2016 02:00;0,0354568;
Anilin;3;03.04.2016 02:00;1,05795;
Anilin;2;03.04.2016 02:00;0,640694;
Anilin;8;03.04.2016 02:00;0,485452;
Anilin;7;03.04.2016 02:00;0,411181;
Anilin;1;03.04.2016 02:00;0,335258;
Anilin;4;03.04.2016 02:00;0,303532;
Anilin;6;03.04.2016 02:00;0,284595;
Anilin;5;03.04.2016 02:00;0,145898;
Anilin;9;03.04.2016 02:00;0,117344;
Natriumchlorid;3;03.04.2016 03:00;1,23983;
Natriumchlorid;7;03.04.2016 03:00;0,789909;
Natriumchlorid;6;03.04.2016 03:00;0,534547;
Natriumchlorid;8;03.04.2016 03:00;0,347633;
Natriumchlorid;5;03.04.2016 03:00;0,258943;
Natriumchlorid;2;03.04.2016 03:00;0,198087;
Natriumchlorid;1;03.04.2016 03:00;0,115341;
Natriumchlorid;4;03.04.2016 03:00;0,0657784;
Natriumchlorid;9;03.04.2016 03:00;0,0235253;
Arsen;3;03.04.2016 03:00;1,22599;
Arsen;8;03.04.2016 03:00;0,722487;
Arsen;6;03.04.2016 03:00;0,474786;
Arsen;7;03.04.2016 03:00;0,31229;
Arsen;9;03.04.2016 03:00;0,30504;
Arsen;1;03.04.2016 03:00;0,286453;
Arsen;4;03.04.2016 03:00;0,230619;
Arsen;2;03.04.2016 03:00;0,0720086;
Arsen;5;03.04.2016 03:00;0,00897096;
Benzol;6;03.04.2016 03:00;3,56109;
Benzol;3;03.04.2016 03:00;0,992555;
Benzol;8;03.04.2016 03:00;0,755576;
Benzol;1;03.04.2016 03:00;0,543576;
Benzol;9;03.04.2016 03:00;0,321017;
Benzol;5;03.04.2016 03:00;0,315152;
Benzol;2;03.04.2016 03:00;0,243286;
Benzol;7;03.04.2016 03:00;0,217289;
Benzol;4;03.04.2016 03:00;0,0189208;
Anilin;2;03.04.2016 03:00;0,523951;
Anilin;8;03.04.2016 03:00;0,461455;
Anilin;6;03.04.2016 03:00;0,332565;
Anilin;5;03.04.2016 03:00;0,313855;
Anilin;3;03.04.2016 03:00;0,150608;
Anilin;9;03.04.2016 03:00;0,0637595;
Anilin;1;03.04.2016 03:00;0,0584006;
Anilin;7;03.04.2016 03:00;0,0128731;
Anilin;4;03.04.2016 03:00;0,0104289;
Natriumchlorid;3;03.04.2016 04:00;1,24921;
Natriumchlorid;7;03.04.2016 04:00;0,529051;
Natriumchlorid;8;03.04.2016 04:00;0,372209;
Natriumchlorid;6;03.04.2016 04:00;0,276067;
Natriumchlorid;4;03.04.2016 04:00;0,274343;
Natriumchlorid;1;03.04.2016 04:00;0,23031;
Natriumchlorid;9;03.04.2016 04:00;0,210493;
Natriumchlorid;5;03.04.2016 04:00;0,194392;
Natriumchlorid;2;03.04.2016 04:00;0,0605993;
Arsen;3;03.04.2016 04:00;1,15371;
Arsen;8;03.04.2016 04:00;1,06216;
Arsen;2;03.04.2016 04:00;0,761075;
Arsen;7;03.04.2016 04:00;0,54252;
Arsen;4;03.04.2016 04:00;0,40614;
Arsen;9;03.04.2016 04:00;0,353261;
Arsen;5;03.04.2016 04:00;0,310364;
Arsen;6;03.04.2016 04:00;0,209109;
Arsen;1;03.04.2016 04:00;0,0747294;
Benzol;3;03.04.2016 04:00;1,89396;
Benzol;7;03.04.2016 04:00;0,497692;
Benzol;4;03.04.2016 04:00;0,366119;
Benzol;2;03.04.2016 04:00;0,259421;
Benzol;8;03.04.2016 04:00;0,234489;
Benzol;9;03.04.2016 04:00;0,219146;
Benzol;6;03.04.2016 04:00;0,150106;
Benzol;5;03.04.2016 04:00;0,149871;
Benzol;1;03.04.2016 04:00;0,0227489;
Anilin;8;03.04.2016 04:00;0,755304;
Anilin;2;03.04.2016 04:00;0,696862;
Anilin;7;03.04.2016 04:00;0,623966;
Anilin;9;03.04.2016 04:00;0,434268;
Anilin;6;03.04.2016 04:00;0,415445;
Anilin;3;03.04.2016 04:00;0,399312;
Anilin;5;03.04.2016 04:00;0,396863;
Anilin;4;03.04.2016 04:00;0,368966;
Anilin;1;03.04.2016 04:00;0,100834;
Natriumchlorid;3;03.04.2016 05:00;1,71142;
Natriumchlorid;8;03.04.2016 05:00;0,542181;
Natriumchlorid;2;03.04.2016 05:00;0,462885;
Natriumchlorid;6;03.04.2016 05:00;0,440069;
Natriumchlorid;9;03.04.2016 05:00;0,402658;
Natriumchlorid;5;03.04.2016 05:00;0,353918;
Natriumchlorid;1;03.04.2016 05:00;0,339735;
Natriumchlorid;7;03.04.2016 05:00;0,113493;
Natriumchlorid;4;03.04.2016 05:00;0,00296343;
Arsen;3;03.04.2016 05:00;1,23111;
Arsen;6;03.04.2016 05:00;0,655849;
Arsen;2;03.04.2016 05:00;0,64601;
Arsen;7;03.04.2016 05:00;0,560925;
Arsen;9;03.04.2016 05:00;0,494464;
Arsen;8;03.04.2016 05:00;0,337833;
Arsen;4;03.04.2016 05:00;0,304706;
Arsen;1;03.04.2016 05:00;0,181024;
Arsen;5;03.04.2016 05:00;0,121113;
Benzol;3;03.04.2016 05:00;1,11761;
Benzol;7;03.04.2016 05:00;0,618485;
Benzol;8;03.04.2016 05:00;0,567012;
Benzol;6;03.04.2016 05:00;0,522398;
Benzol;2;03.04.2016 05:00;0,398784;
Benzol;5;03.04.2016 05:00;0,21434;
Benzol;4;03.04.2016 05:00;0,198829;
Benzol;9;03.04.2016 05:00;0,145104;
Benzol;1;03.04.2016 05:00;0,044596;
Anilin;3;03.04.2016 05:00;2,05653;
Anilin;7;03.04.2016 05:00;1,39718;
Anilin;6;03.04.2016 05:00;0,568442;
Anilin;5;03.04.2016 05:00;0,273966;
Anilin;1;03.04.2016 05:00;0,25628;
Anilin;4;03.04.2016 05:00;0,224271;
Anilin;2;03.04.2016 05:00;0,154539;
Anilin;8;03.04.2016 05:00;0,145162;
Anilin;9;03.04.2016 05:00;0,135698;
Natriumchlorid;3;03.04.2016 06:00;3,61539;
Natriumchlorid;2;03.04.2016 06:00;0,945782;
Natriumchlorid;7;03.04.2016 06:00;0,78233;
Natriumchlorid;8;03.04.2016 06:00;0,657166;
Natriumchlorid;6;03.04.2016 06:00;0,454261;
Natriumchlorid;5;03.04.2016 06:00;0,426167;
Natriumchlorid;4;03.04.2016 06:00;0,218516;
Natriumchlorid;9;03.04.2016 06:00;0,0698518;
Natriumchlorid;1;03.04.2016 06:00;0,0204592;
Arsen;2;03.04.2016 06:00;1,0983;
Arsen;7;03.04.2016 06:00;0,658738;
Arsen;8;03.04.2016 06:00;0,606645;
Arsen;6;03.04.2016 06:00;0,415246;
Arsen;9;03.04.2016 06:00;0,372623;
Arsen;3;03.04.2016 06:00;0,119581;
Arsen;5;03.04.2016 06:00;0,0925286;
Arsen;4;03.04.2016 06:00;0,0505082;
Arsen;1;03.04.2016 06:00;0,0249887;
Benzol;2;03.04.2016 06:00;0,977847;
Benzol;9;03.04.2016 06:00;0,72643;
Benzol;8;03.04.2016 06:00;0,373988;
Benzol;5;03.04.2016 06:00;0,323081;
Benzol;4;03.04.2016 06:00;0,176854;
Benzol;1;03.04.2016 06:00;0,170681;
Benzol;7;03.04.2016 06:00;0,14665;
Benzol;3;03.04.2016 06:00;0,146592;
Benzol;6;03.04.2016 06:00;0,0373135;
Anilin;3;03.04.2016 06:00;1,63844;
Anilin;7;03.04.2016 06:00;0,384103;
Anilin;5;03.04.2016 06:00;0,321753;
Anilin;6;03.04.2016 06:00;0,282365;
Anilin;4;03.04.2016 06:00;0,239772;
Anilin;1;03.04.2016 06:00;0,198926;
Anilin;2;03.04.2016 06:00;0,124907;
Anilin;8;03.04.2016 06:00;0,10585;
Anilin;9;03.04.2016 06:00;0,0323945;
Natriumchlorid;3;03.04.2016 07:00;2,54514;
Natriumchlorid;7;03.04.2016 07:00;1,28099;
Natriumchlorid;1;03.04.2016 07:00;0,236718;
Natriumchlorid;9;03.04.2016 07:00;0,225674;
Natriumchlorid;5;03.04.2016 07:00;0,175267;
Natriumchlorid;2;03.04.2016 07:00;0,159371;
Natriumchlorid;8;03.04.2016 07:00;0,126324;
Natriumchlorid;6;03.04.2016 07:00;0,0326205;
Natriumchlorid;4;03.04.2016 07:00;0,0277763;
Arsen;7;03.04.2016 07:00;1,27106;
Arsen;2;03.04.2016 07:00;0,457128;
Arsen;6;03.04.2016 07:00;0,423994;
Arsen;3;03.04.2016 07:00;0,314607;
Arsen;8;03.04.2016 07:00;0,313828;
Arsen;4;03.04.2016 07:00;0,285078;
Arsen;9;03.04.2016 07:00;0,274196;
Arsen;1;03.04.2016 07:00;0,0344505;
Arsen;5;03.04.2016 07:00;0,0344505;
Benzol;4;03.04.2016 07:00;0,504802;
Benzol;6;03.04.2016 07:00;0,381929;
Benzol;5;03.04.2016 07:00;0,318437;
Benzol;2;03.04.2016 07:00;0,310809;
Benzol;8;03.04.2016 07:00;0,175736;
Benzol;9;03.04.2016 07:00;0,100107;
Benzol;7;03.04.2016 07:00;0,0549546;
Benzol;3;03.04.2016 07:00;0,0528382;
Benzol;1;03.04.2016 07:00;0,0325593;
Anilin;8;03.04.2016 07:00;1,17423;
Anilin;2;03.04.2016 07:00;0,805531;
Anilin;6;03.04.2016 07:00;0,369752;
Anilin;9;03.04.2016 07:00;0,327063;
Anilin;3;03.04.2016 07:00;0,303503;
Anilin;4;03.04.2016 07:00;0,289741;
Anilin;1;03.04.2016 07:00;0,118742;
Anilin;5;03.04.2016 07:00;0,0448029;
Anilin;7;03.04.2016 07:00;0,0139239;
Natriumchlorid;3;03.04.2016 08:00;1,21218;
Natriumchlorid;9;03.04.2016 08:00;0,484689;
Natriumchlorid;6;03.04.2016 08:00;0,411673;
Natriumchlorid;5;03.04.2016 08:00;0,225705;
Natriumchlorid;1;03.04.2016 08:00;0,215614;
Natriumchlorid;4;03.04.2016 08:00;0,208226;
Natriumchlorid;7;03.04.2016 08:00;0,171514;
Natriumchlorid;8;03.04.2016 08:00;0,167446;
Natriumchlorid;2;03.04.2016 08:00;0,164289;
Arsen;3;03.04.2016 08:00;1,4751;
Arsen;7;03.04.2016 08:00;1,07039;
Arsen;2;03.04.2016 08:00;0,792205;
Arsen;8;03.04.2016 08:00;0,450269;
Arsen;6;03.04.2016 08:00;0,220639;
Arsen;5;03.04.2016 08:00;0,152346;
Arsen;1;03.04.2016 08:00;0,120335;
Arsen;9;03.04.2016 08:00;0,0658359;
Arsen;4;03.04.2016 08:00;0,0309684;
Benzol;4;03.04.2016 08:00;0,445968;
Benzol;5;03.04.2016 08:00;0,413541;
Benzol;8;03.04.2016 08:00;0,358448;
Benzol;3;03.04.2016 08:00;0,257589;
Benzol;1;03.04.2016 08:00;0,257044;
Benzol;2;03.04.2016 08:00;0,229852;
Benzol;6;03.04.2016 08:00;0,175018;
Benzol;7;03.04.2016 08:00;0,100183;
Benzol;9;03.04.2016 08:00;0,0438086;
Anilin;2;03.04.2016 08:00;0,637007;
Anilin;4;03.04.2016 08:00;0,571079;
Anilin;3;03.04.2016 08:00;0,325336;
Anilin;1;03.04.2016 08:00;0,266222;
Anilin;7;03.04.2016 08:00;0,230927;
Anilin;6;03.04.2016 08:00;0,0970861;
Anilin;8;03.04.2016 08:00;0,0850374;
Anilin;5;03.04.2016 08:00;0,0635858;
Anilin;9;03.04.2016 08:00;0,00852258;
Natriumchlorid;3;03.04.2016 09:00;1,51497;
Natriumchlorid;7;03.04.2016 09:00;0,813885;
Natriumchlorid;5;03.04.2016 09:00;0,580462;
Natriumchlorid;8;03.04.2016 09:00;0,529409;
Natriumchlorid;1;03.04.2016 09:00;0,355135;
Natriumchlorid;2;03.04.2016 09:00;0,296033;
Natriumchlorid;4;03.04.2016 09:00;0,286017;
Natriumchlorid;6;03.04.2016 09:00;0,252584;
Natriumchlorid;9;03.04.2016 09:00;0,101007;
Arsen;7;03.04.2016 09:00;1,23027;
Arsen;3;03.04.2016 09:00;1,12528;
Arsen;6;03.04.2016 09:00;0,415783;
Arsen;8;03.04.2016 09:00;0,355647;
Arsen;1;03.04.2016 09:00;0,056906;
Arsen;5;03.04.2016 09:00;0,0517396;
Arsen;4;03.04.2016 09:00;0,0411507;
Arsen;2;03.04.2016 09:00;0,034522;
Arsen;9;03.04.2016 09:00;0,0300367;
Benzol;8;03.04.2016 09:00;1,07087;
Benzol;7;03.04.2016 09:00;0,909742;
Benzol;2;03.04.2016 09:00;0,691871;
Benzol;3;03.04.2016 09:00;0,532828;
Benzol;6;03.04.2016 09:00;0,459566;
Benzol;9;03.04.2016 09:00;0,35744;
Benzol;4;03.04.2016 09:00;0,270895;
Benzol;5;03.04.2016 09:00;0,108411;
Benzol;1;03.04.2016 09:00;0,0871548;
Anilin;3;03.04.2016 09:00;1,10512;
Anilin;9;03.04.2016 09:00;0,636885;
Anilin;7;03.04.2016 09:00;0,457548;
Anilin;8;03.04.2016 09:00;0,387896;
Anilin;1;03.04.2016 09:00;0,265834;
Anilin;2;03.04.2016 09:00;0,255733;
Anilin;6;03.04.2016 09:00;0,210767;
Anilin;4;03.04.2016 09:00;0,191253;
Anilin;5;03.04.2016 09:00;0,185046;
Natriumchlorid;7;03.04.2016 10:00;2,59767;
Natriumchlorid;9;03.04.2016 10:00;0,430422;
Natriumchlorid;2;03.04.2016 10:00;0,343225;
Natriumchlorid;3;03.04.2016 10:00;0,280103;
Natriumchlorid;8;03.04.2016 10:00;0,260359;
Natriumchlorid;6;03.04.2016 10:00;0,259483;
Natriumchlorid;1;03.04.2016 10:00;0,0288156;
Natriumchlorid;4;03.04.2016 10:00;0,0158549;
Natriumchlorid;5;03.04.2016 10:00;0,0127044;
Arsen;2;03.04.2016 10:00;0,970091;
Arsen;6;03.04.2016 10:00;0,58579;
Arsen;4;03.04.2016 10:00;0,347135;
Arsen;3;03.04.2016 10:00;0,305081;
Arsen;1;03.04.2016 10:00;0,242542;
Arsen;7;03.04.2016 10:00;0,125254;
Arsen;5;03.04.2016 10:00;0,0860443;
Arsen;8;03.04.2016 10:00;0,0748526;
Arsen;9;03.04.2016 10:00;0,0214169;
Benzol;3;03.04.2016 10:00;2,3204;
Benzol;7;03.04.2016 10:00;1,59265;
Benzol;8;03.04.2016 10:00;0,673988;
Benzol;1;03.04.2016 10:00;0,460316;
Benzol;9;03.04.2016 10:00;0,407079;
Benzol;6;03.04.2016 10:00;0,253566;
Benzol;5;03.04.2016 10:00;0,161426;
Benzol;2;03.04.2016 10:00;0,147606;
Benzol;4;03.04.2016 10:00;0,106128;
Anilin;3;03.04.2016 10:00;3,28804;
Anilin;9;03.04.2016 10:00;0,452249;
Anilin;8;03.04.2016 10:00;0,430706;
Anilin;6;03.04.2016 10:00;0,382421;
Anilin;1;03.04.2016 10:00;0,246522;
Anilin;7;03.04.2016 10:00;0,233504;
Anilin;5;03.04.2016 10:00;0,219115;
Anilin;2;03.04.2016 10:00;0,144607;
Anilin;4;03.04.2016 10:00;0,0191706;
Natriumchlorid;7;03.04.2016 11:00;0,89434;
Natriumchlorid;2;03.04.2016 11:00;0,585417;
Natriumchlorid;3;03.04.2016 11:00;0,440852;
Natriumchlorid;8;03.04.2016 11:00;0,410236;
Natriumchlorid;4;03.04.2016 11:00;0,299356;
Natriumchlorid;9;03.04.2016 11:00;0,286789;
Natriumchlorid;5;03.04.2016 11:00;0,170217;
Natriumchlorid;1;03.04.2016 11:00;0,163904;
Natriumchlorid;6;03.04.2016 11:00;0,159764;
Arsen;7;03.04.2016 11:00;0,913264;
Arsen;3;03.04.2016 11:00;0,835458;
Arsen;6;03.04.2016 11:00;0,373261;
Arsen;2;03.04.2016 11:00;0,312391;
Arsen;8;03.04.2016 11:00;0,287287;
Arsen;9;03.04.2016 11:00;0,274015;
Arsen;4;03.04.2016 11:00;0,174017;
Arsen;5;03.04.2016 11:00;0,122632;
Arsen;1;03.04.2016 11:00;0,0359026;
Benzol;3;03.04.2016 11:00;1,11591;
Benzol;7;03.04.2016 11:00;0,914052;
Benzol;2;03.04.2016 11:00;0,74238;
Benzol;5;03.04.2016 11:00;0,319917;
Benzol;1;03.04.2016 11:00;0,217072;
Benzol;8;03.04.2016 11:00;0,204948;
Benzol;6;03.04.2016 11:00;0,168235;
Benzol;9;03.04.2016 11:00;0,0759556;
Benzol;4;03.04.2016 11:00;0,0222802;
Anilin;3;03.04.2016 11:00;3,69564;
Anilin;9;03.04.2016 11:00;0,559485;
Anilin;7;03.04.2016 11:00;0,538373;
Anilin;5;03.04.2016 11:00;0,499956;
Anilin;8;03.04.2016 11:00;0,450701;
Anilin;4;03.04.2016 11:00;0,428355;
Anilin;1;03.04.2016 11:00;0,42153;
Anilin;2;03.04.2016 11:00;0,110474;
Anilin;6;03.04.2016 11:00;0,00985224;
Natriumchlorid;3;03.04.2016 12:00;1,68352;
Natriumchlorid;7;03.04.2016 12:00;0,522361;
Natriumchlorid;5;03.04.2016 12:00;0,431167;
Natriumchlorid;4;03.04.2016 12:00;0,357586;
Natriumchlorid;9;03.04.2016 12:00;0,320784;
Natriumchlorid;6;03.04.2016 12:00;0,215033;
Natriumchlorid;1;03.04.2016 12:00;0,213497;
Natriumchlorid;8;03.04.2016 12:00;0,117004;
Natriumchlorid;2;03.04.2016 12:00;0,059427;
Arsen;3;03.04.2016 12:00;3,3394;
Arsen;8;03.04.2016 12:00;0,786879;
Arsen;6;03.04.2016 12:00;0,495669;
Arsen;2;03.04.2016 12:00;0,445645;
Arsen;4;03.04.2016 12:00;0,255659;
Arsen;9;03.04.2016 12:00;0,205134;
Arsen;1;03.04.2016 12:00;0,0705694;
Arsen;5;03.04.2016 12:00;0,0260217;
Arsen;7;03.04.2016 12:00;0,0107846;
Benzol;3;03.04.2016 12:00;1,1849;
Benzol;8;03.04.2016 12:00;1,14457;
Benzol;2;03.04.2016 12:00;0,346361;
Benzol;9;03.04.2016 12:00;0,229381;
Benzol;4;03.04.2016 12:00;0,226214;
Benzol;6;03.04.2016 12:00;0,203286;
Benzol;1;03.04.2016 12:00;0,130472;
Benzol;7;03.04.2016 12:00;0,115471;
Benzol;5;03.04.2016 12:00;0,0877249;
Anilin;3;03.04.2016 12:00;3,16873;
Anilin;7;03.04.2016 12:00;1,42912;
Anilin;8;03.04.2016 12:00;0,516033;
Anilin;6;03.04.2016 12:00;0,440615;
Anilin;9;03.04.2016 12:00;0,427944;
Anilin;4;03.04.2016 12:00;0,297164;
Anilin;1;03.04.2016 12:00;0,101422;
Anilin;5;03.04.2016 12:00;0,0950082;
Anilin;2;03.04.2016 12:00;0,0123931;
Natriumchlorid;8;03.04.2016 13:00;0,524261;
Natriumchlorid;6;03.04.2016 13:00;0,517854;
Natriumchlorid;3;03.04.2016 13:00;0,459846;
Natriumchlorid;7;03.04.2016 13:00;0,335944;
Natriumchlorid;1;03.04.2016 13:00;0,296287;
Natriumchlorid;9;03.04.2016 13:00;0,246317;
Natriumchlorid;5;03.04.2016 13:00;0,161101;
Natriumchlorid;4;03.04.2016 13:00;0,0680883;
Natriumchlorid;2;03.04.2016 13:00;0,0439434;
Arsen;8;03.04.2016 13:00;1,14233;
Arsen;7;03.04.2016 13:00;0,876303;
Arsen;6;03.04.2016 13:00;0,526352;
Arsen;9;03.04.2016 13:00;0,393782;
Arsen;2;03.04.2016 13:00;0,392059;
Arsen;3;03.04.2016 13:00;0,267238;
Arsen;4;03.04.2016 13:00;0,232881;
Arsen;1;03.04.2016 13:00;0,153745;
Arsen;5;03.04.2016 13:00;0,119854;
Benzol;3;03.04.2016 13:00;2,55036;
Benzol;7;03.04.2016 13:00;0,662999;
Benzol;8;03.04.2016 13:00;0,623727;
Benzol;5;03.04.2016 13:00;0,44574;
Benzol;1;03.04.2016 13:00;0,324193;
Benzol;2;03.04.2016 13:00;0,287341;
Benzol;6;03.04.2016 13:00;0,149087;
Benzol;4;03.04.2016 13:00;0,0948547;
Benzol;9;03.04.2016 13:00;0,0707767;
Anilin;3;03.04.2016 13:00;2,12978;
Anilin;8;03.04.2016 13:00;1,08542;
Anilin;2;03.04.2016 13:00;0,748818;
Anilin;6;03.04.2016 13:00;0,652114;
Anilin;9;03.04.2016 13:00;0,639071;
Anilin;1;03.04.2016 13:00;0,295086;
Anilin;7;03.04.2016 13:00;0,269007;
Anilin;4;03.04.2016 13:00;0,181007;
Anilin;5;03.04.2016 13:00;0,0915995;
Natriumchlorid;8;03.04.2016 14:00;0,771626;
Natriumchlorid;6;03.04.2016 14:00;0,550343;
Natriumchlorid;9;03.04.2016 14:00;0,482308;
Natriumchlorid;2;03.04.2016 14:00;0,274588;
Natriumchlorid;7;03.04.2016 14:00;0,212135;
Natriumchlorid;3;03.04.2016 14:00;0,183104;
Natriumchlorid;1;03.04.2016 14:00;0,118659;
Natriumchlorid;5;03.04.2016 14:00;0,101335;
Natriumchlorid;4;03.04.2016 14:00;0,0891726;
Arsen;3;03.04.2016 14:00;2,67649;
Arsen;8;03.04.2016 14:00;0,787955;
Arsen;2;03.04.2016 14:00;0,756851;
Arsen;9;03.04.2016 14:00;0,451809;
Arsen;5;03.04.2016 14:00;0,315094;
Arsen;7;03.04.2016 14:00;0,20446;
Arsen;1;03.04.2016 14:00;0,202364;
Arsen;6;03.04.2016 14:00;0,079525;
Arsen;4;03.04.2016 14:00;0,029179;
Benzol;3;03.04.2016 14:00;0,810183;
Benzol;2;03.04.2016 14:00;0,591694;
Benzol;5;03.04.2016 14:00;0,46175;
Benzol;9;03.04.2016 14:00;0,335489;
Benzol;6;03.04.2016 14:00;0,24256;
Benzol;4;03.04.2016 14:00;0,131154;
Benzol;7;03.04.2016 14:00;0,126616;
Benzol;8;03.04.2016 14:00;0,103076;
Benzol;1;03.04.2016 14:00;0,0725774;
Anilin;2;03.04.2016 14:00;1,12677;
Anilin;6;03.04.2016 14:00;0,88408;
Anilin;9;03.04.2016 14:00;0,629536;
Anilin;8;03.04.2016 14:00;0,387559;
Anilin;4;03.04.2016 14:00;0,360884;
Anilin;3;03.04.2016 14:00;0,187099;
Anilin;7;03.04.2016 14:00;0,0739546;
Anilin;5;03.04.2016 14:00;0,0268348;
Anilin;1;03.04.2016 14:00;0,00100288;
Natriumchlorid;8;03.04.2016 15:00;0,626164;
Natriumchlorid;9;03.04.2016 15:00;0,595194;
Natriumchlorid;2;03.04.2016 15:00;0,569702;
Natriumchlorid;1;03.04.2016 15:00;0,482391;
Natriumchlorid;6;03.04.2016 15:00;0,438353;
Natriumchlorid;7;03.04.2016 15:00;0,35438;
Natriumchlorid;5;03.04.2016 15:00;0,242053;
Natriumchlorid;4;03.04.2016 15:00;0,165505;
Natriumchlorid;3;03.04.2016 15:00;0,0365983;
Arsen;7;03.04.2016 15:00;0,575892;
Arsen;1;03.04.2016 15:00;0,487713;
Arsen;8;03.04.2016 15:00;0,426902;
Arsen;6;03.04.2016 15:00;0,402425;
Arsen;3;03.04.2016 15:00;0,345223;
Arsen;5;03.04.2016 15:00;0,28159;
Arsen;2;03.04.2016 15:00;0,0640518;
Arsen;4;03.04.2016 15:00;0,0574983;
Arsen;9;03.04.2016 15:00;0,00930215;
Benzol;3;03.04.2016 15:00;1,5294;
Benzol;6;03.04.2016 15:00;0,672616;
Benzol;8;03.04.2016 15:00;0,515236;
Benzol;1;03.04.2016 15:00;0,413839;
Benzol;9;03.04.2016 15:00;0,405257;
Benzol;4;03.04.2016 15:00;0,299997;
Benzol;2;03.04.2016 15:00;0,252738;
Benzol;7;03.04.2016 15:00;0,221309;
Benzol;5;03.04.2016 15:00;0,00139137;
Anilin;3;03.04.2016 15:00;2,12824;
Anilin;4;03.04.2016 15:00;0,750426;
Anilin;6;03.04.2016 15:00;0,650162;
Anilin;7;03.04.2016 15:00;0,451029;
Anilin;5;03.04.2016 15:00;0,393586;
Anilin;8;03.04.2016 15:00;0,161191;
Anilin;2;03.04.2016 15:00;0,108661;
Anilin;1;03.04.2016 15:00;0,0613762;
Anilin;9;03.04.2016 15:00;0,0505891;
Natriumchlorid;3;03.04.2016 16:00;0,931728;
Natriumchlorid;1;03.04.2016 16:00;0,607934;
Natriumchlorid;8;03.04.2016 16:00;0,438292;
Natriumchlorid;6;03.04.2016 16:00;0,376453;
Natriumchlorid;9;03.04.2016 16:00;0,34937;
Natriumchlorid;4;03.04.2016 16:00;0,32214;
Natriumchlorid;5;03.04.2016 16:00;0,301561;
Natriumchlorid;2;03.04.2016 16:00;0,228804;
Natriumchlorid;7;03.04.2016 16:00;0,130789;
Arsen;3;03.04.2016 16:00;0,946883;
Arsen;7;03.04.2016 16:00;0,824655;
Arsen;9;03.04.2016 16:00;0,382865;
Arsen;8;03.04.2016 16:00;0,364043;
Arsen;6;03.04.2016 16:00;0,351968;
Arsen;5;03.04.2016 16:00;0,316256;
Arsen;2;03.04.2016 16:00;0,164245;
Arsen;1;03.04.2016 16:00;0,0603239;
Arsen;4;03.04.2016 16:00;0,0093675;
Benzol;7;03.04.2016 16:00;2,43037;
Benzol;3;03.04.2016 16:00;1,22617;
Benzol;8;03.04.2016 16:00;0,565744;
Benzol;6;03.04.2016 16:00;0,546694;
Benzol;9;03.04.2016 16:00;0,487027;
Benzol;4;03.04.2016 16:00;0,41723;
Benzol;5;03.04.2016 16:00;0,239569;
Benzol;2;03.04.2016 16:00;0,149207;
Benzol;1;03.04.2016 16:00;0,0737443;
Anilin;3;03.04.2016 16:00;0,67895;
Anilin;4;03.04.2016 16:00;0,427739;
Anilin;2;03.04.2016 16:00;0,286736;
Anilin;6;03.04.2016 16:00;0,240255;
Anilin;7;03.04.2016 16:00;0,239161;
Anilin;9;03.04.2016 16:00;0,196611;
Anilin;8;03.04.2016 16:00;0,180127;
Anilin;5;03.04.2016 16:00;0,162348;
Anilin;1;03.04.2016 16:00;0,144247;
Natriumchlorid;3;03.04.2016 17:00;2,14348;
Natriumchlorid;2;03.04.2016 17:00;1,34113;
Natriumchlorid;8;03.04.2016 17:00;0,747071;
Natriumchlorid;9;03.04.2016 17:00;0,34814;
Natriumchlorid;4;03.04.2016 17:00;0,309208;
Natriumchlorid;6;03.04.2016 17:00;0,236587;
Natriumchlorid;7;03.04.2016 17:00;0,174684;
Natriumchlorid;5;03.04.2016 17:00;0,164246;
Natriumchlorid;1;03.04.2016 17:00;0,111675;
Arsen;6;03.04.2016 17:00;0,754739;
Arsen;2;03.04.2016 17:00;0,643795;
Arsen;3;03.04.2016 17:00;0,566803;
Arsen;5;03.04.2016 17:00;0,396193;
Arsen;1;03.04.2016 17:00;0,370282;
Arsen;7;03.04.2016 17:00;0,367844;
Arsen;9;03.04.2016 17:00;0,245422;
Arsen;8;03.04.2016 17:00;0,226858;
Arsen;4;03.04.2016 17:00;0,0356405;
Benzol;3;03.04.2016 17:00;4,71645;
Benzol;6;03.04.2016 17:00;0,58671;
Benzol;2;03.04.2016 17:00;0,461773;
Benzol;9;03.04.2016 17:00;0,42455;
Benzol;5;03.04.2016 17:00;0,305339;
Benzol;7;03.04.2016 17:00;0,297971;
Benzol;1;03.04.2016 17:00;0,104074;
Benzol;4;03.04.2016 17:00;0,10291;
Benzol;8;03.04.2016 17:00;0,0183639;
Anilin;3;03.04.2016 17:00;1,88242;
Anilin;7;03.04.2016 17:00;1,80065;
Anilin;2;03.04.2016 17:00;0,501254;
Anilin;6;03.04.2016 17:00;0,305119;
Anilin;1;03.04.2016 17:00;0,291317;
Anilin;4;03.04.2016 17:00;0,144643;
Anilin;5;03.04.2016 17:00;0,105256;
Anilin;9;03.04.2016 17:00;0,0629285;
Anilin;8;03.04.2016 17:00;0,0570568;
Natriumchlorid;7;03.04.2016 18:00;1,77205;
Natriumchlorid;3;03.04.2016 18:00;1,70382;
Natriumchlorid;2;03.04.2016 18:00;0,636952;
Natriumchlorid;6;03.04.2016 18:00;0,506042;
Natriumchlorid;5;03.04.2016 18:00;0,492132;
Natriumchlorid;9;03.04.2016 18:00;0,297044;
Natriumchlorid;1;03.04.2016 18:00;0,220328;
Natriumchlorid;8;03.04.2016 18:00;0,193029;
Natriumchlorid;4;03.04.2016 18:00;0,0980213;
Arsen;5;03.04.2016 18:00;0,520973;
Arsen;2;03.04.2016 18:00;0,444846;
Arsen;1;03.04.2016 18:00;0,418503;
Arsen;8;03.04.2016 18:00;0,303998;
Arsen;3;03.04.2016 18:00;0,259544;
Arsen;7;03.04.2016 18:00;0,241223;
Arsen;9;03.04.2016 18:00;0,198707;
Arsen;6;03.04.2016 18:00;0,182853;
Arsen;4;03.04.2016 18:00;0,0619983;
Benzol;3;03.04.2016 18:00;2,06166;
Benzol;7;03.04.2016 18:00;1,37731;
Benzol;8;03.04.2016 18:00;0,614938;
Benzol;1;03.04.2016 18:00;0,370193;
Benzol;4;03.04.2016 18:00;0,369206;
Benzol;2;03.04.2016 18:00;0,322816;
Benzol;9;03.04.2016 18:00;0,270537;
Benzol;6;03.04.2016 18:00;0,00732266;
Benzol;5;03.04.2016 18:00;0,00523112;
Anilin;3;03.04.2016 18:00;2,97085;
Anilin;5;03.04.2016 18:00;0,398584;
Anilin;1;03.04.2016 18:00;0,370413;
Anilin;6;03.04.2016 18:00;0,354625;
Anilin;8;03.04.2016 18:00;0,344051;
Anilin;7;03.04.2016 18:00;0,249626;
Anilin;2;03.04.2016 18:00;0,178524;
Anilin;4;03.04.2016 18:00;0,0549426;
Anilin;9;03.04.2016 18:00;0,0545021;
Natriumchlorid;8;03.04.2016 19:00;0,621512;
Natriumchlorid;6;03.04.2016 19:00;0,566162;
Natriumchlorid;2;03.04.2016 19:00;0,526228;
Natriumchlorid;3;03.04.2016 19:00;0,402355;
Natriumchlorid;9;03.04.2016 19:00;0,325215;
Natriumchlorid;4;03.04.2016 19:00;0,170619;
Natriumchlorid;7;03.04.2016 19:00;0,114958;
Natriumchlorid;5;03.04.2016 19:00;0,0633801;
Natriumchlorid;1;03.04.2016 19:00;0,0442175;
Arsen;2;03.04.2016 19:00;1,1134;
Arsen;3;03.04.2016 19:00;0,721555;
Arsen;8;03.04.2016 19:00;0,682289;
Arsen;7;03.04.2016 19:00;0,679444;
Arsen;6;03.04.2016 19:00;0,393611;
Arsen;1;03.04.2016 19:00;0,176083;
Arsen;4;03.04.2016 19:00;0,133762;
Arsen;9;03.04.2016 19:00;0,0497183;
Arsen;5;03.04.2016 19:00;0,00896428;
Benzol;6;03.04.2016 19:00;4,89996;
Benzol;7;03.04.2016 19:00;0,740093;
Benzol;8;03.04.2016 19:00;0,722741;
Benzol;2;03.04.2016 19:00;0,365446;
Benzol;9;03.04.2016 19:00;0,300865;
Benzol;5;03.04.2016 19:00;0,233378;
Benzol;1;03.04.2016 19:00;0,226322;
Benzol;3;03.04.2016 19:00;0,10902;
Benzol;4;03.04.2016 19:00;0,0468006;
Anilin;3;03.04.2016 19:00;2,81078;
Anilin;2;03.04.2016 19:00;1,19484;
Anilin;8;03.04.2016 19:00;0,400566;
Anilin;9;03.04.2016 19:00;0,264995;
Anilin;6;03.04.2016 19:00;0,263779;
Anilin;1;03.04.2016 19:00;0,259039;
Anilin;5;03.04.2016 19:00;0,242695;
Anilin;7;03.04.2016 19:00;0,225498;
Anilin;4;03.04.2016 19:00;0,140482;
Natriumchlorid;3;03.04.2016 20:00;2,31819;
Natriumchlorid;9;03.04.2016 20:00;0,394959;
Natriumchlorid;8;03.04.2016 20:00;0,346738;
Natriumchlorid;6;03.04.2016 20:00;0,282074;
Natriumchlorid;1;03.04.2016 20:00;0,264575;
Natriumchlorid;2;03.04.2016 20:00;0,234574;
Natriumchlorid;4;03.04.2016 20:00;0,131738;
Natriumchlorid;7;03.04.2016 20:00;0,0341602;
Natriumchlorid;5;03.04.2016 20:00;0,00721896;
Arsen;3;03.04.2016 20:00;1,19287;
Arsen;6;03.04.2016 20:00;0,782919;
Arsen;2;03.04.2016 20:00;0,510217;
Arsen;7;03.04.2016 20:00;0,368652;
Arsen;8;03.04.2016 20:00;0,327871;
Arsen;4;03.04.2016 20:00;0,288642;
Arsen;9;03.04.2016 20:00;0,268181;
Arsen;1;03.04.2016 20:00;0,257251;
Arsen;5;03.04.2016 20:00;0,0464518;
Benzol;6;03.04.2016 20:00;5,7959;
Benzol;7;03.04.2016 20:00;1,16788;
Benzol;2;03.04.2016 20:00;0,413495;
Benzol;5;03.04.2016 20:00;0,366215;
Benzol;8;03.04.2016 20:00;0,255666;
Benzol;4;03.04.2016 20:00;0,212378;
Benzol;3;03.04.2016 20:00;0,0913155;
Benzol;1;03.04.2016 20:00;0,0549229;
Benzol;9;03.04.2016 20:00;0,0450261;
Anilin;3;03.04.2016 20:00;1,56944;
Anilin;2;03.04.2016 20:00;0,645735;
Anilin;6;03.04.2016 20:00;0,586261;
Anilin;7;03.04.2016 20:00;0,341812;
Anilin;8;03.04.2016 20:00;0,329611;
Anilin;4;03.04.2016 20:00;0,231595;
Anilin;5;03.04.2016 20:00;0,0829826;
Anilin;1;03.04.2016 20:00;0,0547037;
Anilin;9;03.04.2016 20:00;0,00196876;
Natriumchlorid;3;03.04.2016 21:00;1,59549;
Natriumchlorid;6;03.04.2016 21:00;0,727112;
Natriumchlorid;8;03.04.2016 21:00;0,569855;
Natriumchlorid;9;03.04.2016 21:00;0,378835;
Natriumchlorid;5;03.04.2016 21:00;0,333839;
Natriumchlorid;2;03.04.2016 21:00;0,244759;
Natriumchlorid;4;03.04.2016 21:00;0,173492;
Natriumchlorid;7;03.04.2016 21:00;0,126616;
Natriumchlorid;1;03.04.2016 21:00;0,113882;
Arsen;3;03.04.2016 21:00;2,58583;
Arsen;7;03.04.2016 21:00;0,764021;
Arsen;8;03.04.2016 21:00;0,536918;
Arsen;4;03.04.2016 21:00;0,473393;
Arsen;6;03.04.2016 21:00;0,307901;
Arsen;2;03.04.2016 21:00;0,217097;
Arsen;5;03.04.2016 21:00;0,181253;
Arsen;9;03.04.2016 21:00;0,0795333;
Arsen;1;03.04.2016 21:00;0,00609573;
Benzol;6;03.04.2016 21:00;8,83151;
Benzol;2;03.04.2016 21:00;0,720989;
Benzol;7;03.04.2016 21:00;0,426827;
Benzol;3;03.04.2016 21:00;0,271337;
Benzol;9;03.04.2016 21:00;0,266852;
Benzol;1;03.04.2016 21:00;0,195739;
Benzol;5;03.04.2016 21:00;0,145231;
Benzol;4;03.04.2016 21:00;0,0962749;
Benzol;8;03.04.2016 21:00;0,00172863;
Anilin;3;03.04.2016 21:00;2,56896;
Anilin;7;03.04.2016 21:00;1,86563;
Anilin;8;03.04.2016 21:00;0,569218;
Anilin;6;03.04.2016 21:00;0,551074;
Anilin;1;03.04.2016 21:00;0,444993;
Anilin;2;03.04.2016 21:00;0,409702;
Anilin;4;03.04.2016 21:00;0,385507;
Anilin;9;03.04.2016 21:00;0,335124;
Anilin;5;03.04.2016 21:00;0,237932;
Natriumchlorid;3;03.04.2016 22:00;0,517023;
Natriumchlorid;6;03.04.2016 22:00;0,420176;
Natriumchlorid;7;03.04.2016 22:00;0,367417;
Natriumchlorid;4;03.04.2016 22:00;0,227573;
Natriumchlorid;1;03.04.2016 22:00;0,218393;
Natriumchlorid;5;03.04.2016 22:00;0,139629;
Natriumchlorid;8;03.04.2016 22:00;0,135682;
Natriumchlorid;9;03.04.2016 22:00;0,0262827;
Natriumchlorid;2;03.04.2016 22:00;0,0113335;
Arsen;6;03.04.2016 22:00;0,709024;
Arsen;8;03.04.2016 22:00;0,702108;
Arsen;2;03.04.2016 22:00;0,558127;
Arsen;4;03.04.2016 22:00;0,491026;
Arsen;3;03.04.2016 22:00;0,400897;
Arsen;1;03.04.2016 22:00;0,292507;
Arsen;7;03.04.2016 22:00;0,156167;
Arsen;9;03.04.2016 22:00;0,120914;
Arsen;5;03.04.2016 22:00;0,0835449;
Benzol;6;03.04.2016 22:00;8,21802;
Benzol;2;03.04.2016 22:00;0,349145;
Benzol;8;03.04.2016 22:00;0,332129;
Benzol;1;03.04.2016 22:00;0,296854;
Benzol;3;03.04.2016 22:00;0,189598;
Benzol;9;03.04.2016 22:00;0,171361;
Benzol;5;03.04.2016 22:00;0,150967;
Benzol;7;03.04.2016 22:00;0,142013;
Benzol;4;03.04.2016 22:00;0,0652029;
Anilin;3;03.04.2016 22:00;2,84698;
Anilin;9;03.04.2016 22:00;0,61991;
Anilin;6;03.04.2016 22:00;0,564655;
Anilin;7;03.04.2016 22:00;0,475481;
Anilin;1;03.04.2016 22:00;0,3894;
Anilin;5;03.04.2016 22:00;0,287968;
Anilin;4;03.04.2016 22:00;0,162925;
Anilin;2;03.04.2016 22:00;0,0915418;
Anilin;8;03.04.2016 22:00;0,0720626;
Natriumchlorid;7;03.04.2016 23:00;0,989693;
Natriumchlorid;6;03.04.2016 23:00;0,441256;
Natriumchlorid;4;03.04.2016 23:00;0,304285;
Natriumchlorid;5;03.04.2016 23:00;0,268748;
Natriumchlorid;3;03.04.2016 23:00;0,267616;
Natriumchlorid;1;03.04.2016 23:00;0,221591;
Natriumchlorid;8;03.04.2016 23:00;0,0823651;
Natriumchlorid;2;03.04.2016 23:00;0,0350886;
Natriumchlorid;9;03.04.2016 23:00;0,0076813;
Arsen;3;03.04.2016 23:00;3,1433;
Arsen;8;03.04.2016 23:00;0,738413;
Arsen;6;03.04.2016 23:00;0,643189;
Arsen;9;03.04.2016 23:00;0,591179;
Arsen;5;03.04.2016 23:00;0,495054;
Arsen;2;03.04.2016 23:00;0,409307;
Arsen;1;03.04.2016 23:00;0,342975;
Arsen;7;03.04.2016 23:00;0,12924;
Arsen;4;03.04.2016 23:00;0,104091;
Benzol;6;03.04.2016 23:00;5,74954;
Benzol;8;03.04.2016 23:00;1,04429;
Benzol;9;03.04.2016 23:00;0,585829;
Benzol;5;03.04.2016 23:00;0,311077;
Benzol;1;03.04.2016 23:00;0,252105;
Benzol;3;03.04.2016 23:00;0,173369;
Benzol;2;03.04.2016 23:00;0,126825;
Benzol;4;03.04.2016 23:00;0,0102424;
Benzol;7;03.04.2016 23:00;0,00112374;
Anilin;2;03.04.2016 23:00;0,64323;
Anilin;3;03.04.2016 23:00;0,632794;
Anilin;6;03.04.2016 23:00;0,601918;
Anilin;7;03.04.2016 23:00;0,573242;
Anilin;9;03.04.2016 23:00;0,297095;
Anilin;4;03.04.2016 23:00;0,241646;
Anilin;8;03.04.2016 23:00;0,181435;
Anilin;1;03.04.2016 23:00;0,101162;
Anilin;5;03.04.2016 23:00;0,00555685;
Natriumchlorid;8;04.04.2016 00:00;1,0889;
Natriumchlorid;6;04.04.2016 00:00;0,666917;
Natriumchlorid;2;04.04.2016 00:00;0,561673;
Natriumchlorid;7;04.04.2016 00:00;0,561516;
Natriumchlorid;1;04.04.2016 00:00;0,271025;
Natriumchlorid;9;04.04.2016 00:00;0,215353;
Natriumchlorid;5;04.04.2016 00:00;0,207506;
Natriumchlorid;3;04.04.2016 00:00;0,119768;
Natriumchlorid;4;04.04.2016 00:00;0,0902334;
Arsen;3;04.04.2016 00:00;3,22166;
Arsen;7;04.04.2016 00:00;1,73195;
Arsen;4;04.04.2016 00:00;0,53815;
Arsen;8;04.04.2016 00:00;0,369847;
Arsen;2;04.04.2016 00:00;0,273405;
Arsen;5;04.04.2016 00:00;0,204874;
Arsen;1;04.04.2016 00:00;0,144484;
Arsen;9;04.04.2016 00:00;0,0452163;
Arsen;6;04.04.2016 00:00;0,0186713;
Benzol;6;04.04.2016 00:00;6,46;
Benzol;2;04.04.2016 00:00;1,18824;
Benzol;3;04.04.2016 00:00;1,02901;
Benzol;7;04.04.2016 00:00;0,850849;
Benzol;8;04.04.2016 00:00;0,446786;
Benzol;4;04.04.2016 00:00;0,200497;
Benzol;9;04.04.2016 00:00;0,183788;
Benzol;5;04.04.2016 00:00;0,117794;
Benzol;1;04.04.2016 00:00;0,00574953;
Anilin;3;04.04.2016 00:00;1,35776;
Anilin;7;04.04.2016 00:00;0,921857;
Anilin;6;04.04.2016 00:00;0,362955;
Anilin;2;04.04.2016 00:00;0,330248;
Anilin;1;04.04.2016 00:00;0,271465;
Anilin;4;04.04.2016 00:00;0,156598;
Anilin;9;04.04.2016 00:00;0,116661;
Anilin;8;04.04.2016 00:00;0,116532;
Anilin;5;04.04.2016 00:00;0,0973902;
Natriumchlorid;3;04.04.2016 01:00;2,21473;
Natriumchlorid;6;04.04.2016 01:00;0,72653;
Natriumchlorid;8;04.04.2016 01:00;0,500606;
Natriumchlorid;1;04.04.2016 01:00;0,453372;
Natriumchlorid;5;04.04.2016 01:00;0,32065;
Natriumchlorid;9;04.04.2016 01:00;0,304794;
Natriumchlorid;2;04.04.2016 01:00;0,0659391;
Natriumchlorid;7;04.04.2016 01:00;0,0610107;
Natriumchlorid;4;04.04.2016 01:00;0,00476969;
Arsen;3;04.04.2016 01:00;3,89905;
Arsen;7;04.04.2016 01:00;1,94944;
Arsen;8;04.04.2016 01:00;0,596707;
Arsen;6;04.04.2016 01:00;0,518528;
Arsen;2;04.04.2016 01:00;0,430558;
Arsen;9;04.04.2016 01:00;0,32583;
Arsen;1;04.04.2016 01:00;0,126509;
Arsen;4;04.04.2016 01:00;0,0863432;
Arsen;5;04.04.2016 01:00;0,0420385;
Benzol;6;04.04.2016 01:00;2,19313;
Benzol;8;04.04.2016 01:00;1,10597;
Benzol;3;04.04.2016 01:00;0,940035;
Benzol;7;04.04.2016 01:00;0,865012;
Benzol;2;04.04.2016 01:00;0,812552;
Benzol;5;04.04.2016 01:00;0,448365;
Benzol;4;04.04.2016 01:00;0,358736;
Benzol;9;04.04.2016 01:00;0,276067;
Benzol;1;04.04.2016 01:00;0,246931;
Anilin;8;04.04.2016 01:00;0,864009;
Anilin;2;04.04.2016 01:00;0,564314;
Anilin;6;04.04.2016 01:00;0,520412;
Anilin;7;04.04.2016 01:00;0,409426;
Anilin;1;04.04.2016 01:00;0,254134;
Anilin;3;04.04.2016 01:00;0,235391;
Anilin;5;04.04.2016 01:00;0,117661;
Anilin;4;04.04.2016 01:00;0,0701959;
Anilin;9;04.04.2016 01:00;0,0430812;
Natriumchlorid;9;04.04.2016 02:00;0,774233;
Natriumchlorid;3;04.04.2016 02:00;0,51168;
Natriumchlorid;6;04.04.2016 02:00;0,372581;
Natriumchlorid;8;04.04.2016 02:00;0,260489;
Natriumchlorid;7;04.04.2016 02:00;0,136038;
Natriumchlorid;5;04.04.2016 02:00;0,112167;
Natriumchlorid;4;04.04.2016 02:00;0,079193;
Natriumchlorid;2;04.04.2016 02:00;0,0605213;
Natriumchlorid;1;04.04.2016 02:00;0,036074;
Arsen;3;04.04.2016 02:00;2,02716;
Arsen;4;04.04.2016 02:00;0,531322;
Arsen;7;04.04.2016 02:00;0,499457;
Arsen;6;04.04.2016 02:00;0,34388;
Arsen;8;04.04.2016 02:00;0,295188;
Arsen;1;04.04.2016 02:00;0,229861;
Arsen;5;04.04.2016 02:00;0,216443;
Arsen;9;04.04.2016 02:00;0,188649;
Arsen;2;04.04.2016 02:00;0,167053;
Benzol;3;04.04.2016 02:00;2,06263;
Benzol;8;04.04.2016 02:00;0,65002;
Benzol;6;04.04.2016 02:00;0,479119;
Benzol;4;04.04.2016 02:00;0,280395;
Benzol;2;04.04.2016 02:00;0,220311;
Benzol;7;04.04.2016 02:00;0,187487;
Benzol;5;04.04.2016 02:00;0,14916;
Benzol;1;04.04.2016 02:00;0,105171;
Benzol;9;04.04.2016 02:00;0,0444928;
Anilin;3;04.04.2016 02:00;1,57599;
Anilin;6;04.04.2016 02:00;0,627185;
Anilin;5;04.04.2016 02:00;0,457312;
Anilin;9;04.04.2016 02:00;0,393747;
Anilin;2;04.04.2016 02:00;0,393434;
Anilin;7;04.04.2016 02:00;0,267571;
Anilin;4;04.04.2016 02:00;0,207813;
Anilin;1;04.04.2016 02:00;0,0777312;
Anilin;8;04.04.2016 02:00;0,0119959;
Natriumchlorid;8;04.04.2016 03:00;0,705497;
Natriumchlorid;3;04.04.2016 03:00;0,660418;
Natriumchlorid;6;04.04.2016 03:00;0,556669;
Natriumchlorid;7;04.04.2016 03:00;0,470808;
Natriumchlorid;4;04.04.2016 03:00;0,3426;
Natriumchlorid;5;04.04.2016 03:00;0,224454;
Natriumchlorid;9;04.04.2016 03:00;0,200008;
Natriumchlorid;2;04.04.2016 03:00;0,168833;
Natriumchlorid;1;04.04.2016 03:00;0,0206849;
Arsen;3;04.04.2016 03:00;0,911527;
Arsen;7;04.04.2016 03:00;0,835009;
Arsen;8;04.04.2016 03:00;0,792617;
Arsen;2;04.04.2016 03:00;0,619578;
Arsen;4;04.04.2016 03:00;0,372246;
Arsen;5;04.04.2016 03:00;0,217072;
Arsen;9;04.04.2016 03:00;0,128958;
Arsen;6;04.04.2016 03:00;0,0793595;
Arsen;1;04.04.2016 03:00;0,0672504;
Benzol;3;04.04.2016 03:00;0,861357;
Benzol;2;04.04.2016 03:00;0,834514;
Benzol;6;04.04.2016 03:00;0,459903;
Benzol;1;04.04.2016 03:00;0,317399;
Benzol;5;04.04.2016 03:00;0,313279;
Benzol;8;04.04.2016 03:00;0,20419;
Benzol;9;04.04.2016 03:00;0,203955;
Benzol;4;04.04.2016 03:00;0,120144;
Benzol;7;04.04.2016 03:00;0,103993;
Anilin;9;04.04.2016 03:00;0,595627;
Anilin;3;04.04.2016 03:00;0,469937;
Anilin;7;04.04.2016 03:00;0,467932;
Anilin;8;04.04.2016 03:00;0,358356;
Anilin;2;04.04.2016 03:00;0,314763;
Anilin;5;04.04.2016 03:00;0,197468;
Anilin;4;04.04.2016 03:00;0,192295;
Anilin;1;04.04.2016 03:00;0,185384;
Anilin;6;04.04.2016 03:00;0,166218;
Natriumchlorid;3;04.04.2016 04:00;0,470895;
Natriumchlorid;6;04.04.2016 04:00;0,430047;
Natriumchlorid;1;04.04.2016 04:00;0,330148;
Natriumchlorid;9;04.04.2016 04:00;0,129228;
Natriumchlorid;2;04.04.2016 04:00;0,0808034;
Natriumchlorid;8;04.04.2016 04:00;0,0678043;
Natriumchlorid;4;04.04.2016 04:00;0,0413477;
Natriumchlorid;5;04.04.2016 04:00;0,0189208;
Natriumchlorid;7;04.04.2016 04:00;0,0161915;
Arsen;3;04.04.2016 04:00;2,07215;
Arsen;8;04.04.2016 04:00;0,565778;
Arsen;1;04.04.2016 04:00;0,492266;
Arsen;5;04.04.2016 04:00;0,474018;
Arsen;4;04.04.2016 04:00;0,377743;
Arsen;7;04.04.2016 04:00;0,302651;
Arsen;6;04.04.2016 04:00;0,301318;
Arsen;2;04.04.2016 04:00;0,135534;
Arsen;9;04.04.2016 04:00;0,0867743;
Benzol;8;04.04.2016 04:00;1,31299;
Benzol;6;04.04.2016 04:00;0,45947;
Benzol;3;04.04.2016 04:00;0,337392;
Benzol;5;04.04.2016 04:00;0,270871;
Benzol;4;04.04.2016 04:00;0,264173;
Benzol;2;04.04.2016 04:00;0,180822;
Benzol;9;04.04.2016 04:00;0,176429;
Benzol;7;04.04.2016 04:00;0,0646233;
Benzol;1;04.04.2016 04:00;0,0247417;
Anilin;7;04.04.2016 04:00;1,35221;
Anilin;3;04.04.2016 04:00;0,888415;
Anilin;1;04.04.2016 04:00;0,637885;
Anilin;4;04.04.2016 04:00;0,520917;
Anilin;2;04.04.2016 04:00;0,425985;
Anilin;6;04.04.2016 04:00;0,260363;
Anilin;9;04.04.2016 04:00;0,185568;
Anilin;8;04.04.2016 04:00;0,168622;
Anilin;5;04.04.2016 04:00;0,109531;
Natriumchlorid;3;04.04.2016 05:00;0,781335;
Natriumchlorid;8;04.04.2016 05:00;0,466786;
Natriumchlorid;6;04.04.2016 05:00;0,434169;
Natriumchlorid;7;04.04.2016 05:00;0,407444;
Natriumchlorid;9;04.04.2016 05:00;0,219361;
Natriumchlorid;4;04.04.2016 05:00;0,170882;
Natriumchlorid;2;04.04.2016 05:00;0,169938;
Natriumchlorid;5;04.04.2016 05:00;0,161522;
Natriumchlorid;1;04.04.2016 05:00;0,0526441;
Arsen;3;04.04.2016 05:00;3,09481;
Arsen;6;04.04.2016 05:00;0,834586;
Arsen;1;04.04.2016 05:00;0,571509;
Arsen;7;04.04.2016 05:00;0,563141;
Arsen;5;04.04.2016 05:00;0,523494;
Arsen;4;04.04.2016 05:00;0,444411;
Arsen;8;04.04.2016 05:00;0,311258;
Arsen;9;04.04.2016 05:00;0,160618;
Arsen;2;04.04.2016 05:00;0,00159828;
Benzol;8;04.04.2016 05:00;0,615933;
Benzol;7;04.04.2016 05:00;0,442695;
Benzol;1;04.04.2016 05:00;0,330735;
Benzol;2;04.04.2016 05:00;0,243429;
Benzol;5;04.04.2016 05:00;0,223901;
Benzol;3;04.04.2016 05:00;0,116469;
Benzol;4;04.04.2016 05:00;0,110124;
Benzol;6;04.04.2016 05:00;0,0808983;
Benzol;9;04.04.2016 05:00;0,0573799;
Anilin;6;04.04.2016 05:00;0,629209;
Anilin;2;04.04.2016 05:00;0,617097;
Anilin;8;04.04.2016 05:00;0,432394;
Anilin;5;04.04.2016 05:00;0,416789;
Anilin;1;04.04.2016 05:00;0,326689;
Anilin;9;04.04.2016 05:00;0,319605;
Anilin;3;04.04.2016 05:00;0,283319;
Anilin;7;04.04.2016 05:00;0,269197;
Anilin;4;04.04.2016 05:00;0,1579;
Natriumchlorid;3;04.04.2016 06:00;0,839648;
Natriumchlorid;8;04.04.2016 06:00;0,791694;
Natriumchlorid;6;04.04.2016 06:00;0,601054;
Natriumchlorid;9;04.04.2016 06:00;0,545601;
Natriumchlorid;2;04.04.2016 06:00;0,302787;
Natriumchlorid;7;04.04.2016 06:00;0,23748;
Natriumchlorid;1;04.04.2016 06:00;0,176561;
Natriumchlorid;4;04.04.2016 06:00;0,0495355;
Natriumchlorid;5;04.04.2016 06:00;0,0300041;
Arsen;7;04.04.2016 06:00;2,61694;
Arsen;5;04.04.2016 06:00;0,719882;
Arsen;6;04.04.2016 06:00;0,462628;
Arsen;2;04.04.2016 06:00;0,447014;
Arsen;1;04.04.2016 06:00;0,339481;
Arsen;8;04.04.2016 06:00;0,25498;
Arsen;3;04.04.2016 06:00;0,220383;
Arsen;4;04.04.2016 06:00;0,0315143;
Arsen;9;04.04.2016 06:00;0,0150097;
Benzol;6;04.04.2016 06:00;5,66748;
Benzol;3;04.04.2016 06:00;0,800722;
Benzol;7;04.04.2016 06:00;0,789909;
Benzol;8;04.04.2016 06:00;0,525996;
Benzol;5;04.04.2016 06:00;0,343213;
Benzol;4;04.04.2016 06:00;0,278474;
Benzol;2;04.04.2016 06:00;0,18958;
Benzol;1;04.04.2016 06:00;0,123801;
Benzol;9;04.04.2016 06:00;0,0712478;
Anilin;1;04.04.2016 06:00;0,529763;
Anilin;4;04.04.2016 06:00;0,498784;
Anilin;9;04.04.2016 06:00;0,370721;
Anilin;8;04.04.2016 06:00;0,329425;
Anilin;5;04.04.2016 06:00;0,317672;
Anilin;6;04.04.2016 06:00;0,186837;
Anilin;7;04.04.2016 06:00;0,122979;
Anilin;2;04.04.2016 06:00;0,102991;
Anilin;3;04.04.2016 06:00;0,0666572;
Natriumchlorid;3;04.04.2016 07:00;1,66517;
Natriumchlorid;6;04.04.2016 07:00;0,692801;
Natriumchlorid;2;04.04.2016 07:00;0,39996;
Natriumchlorid;7;04.04.2016 07:00;0,389304;
Natriumchlorid;1;04.04.2016 07:00;0,374272;
Natriumchlorid;8;04.04.2016 07:00;0,313108;
Natriumchlorid;4;04.04.2016 07:00;0,146501;
Natriumchlorid;5;04.04.2016 07:00;0,11129;
Natriumchlorid;9;04.04.2016 07:00;0,0723374;
Arsen;3;04.04.2016 07:00;0,689833;
Arsen;4;04.04.2016 07:00;0,53847;
Arsen;5;04.04.2016 07:00;0,335527;
Arsen;9;04.04.2016 07:00;0,328244;
Arsen;6;04.04.2016 07:00;0,302336;
Arsen;7;04.04.2016 07:00;0,232915;
Arsen;2;04.04.2016 07:00;0,144946;
Arsen;1;04.04.2016 07:00;0,134392;
Arsen;8;04.04.2016 07:00;0,0565336;
Benzol;6;04.04.2016 07:00;9,15016;
Benzol;7;04.04.2016 07:00;1,7652;
Benzol;3;04.04.2016 07:00;1,45517;
Benzol;8;04.04.2016 07:00;0,850252;
Benzol;9;04.04.2016 07:00;0,448035;
Benzol;2;04.04.2016 07:00;0,423119;
Benzol;1;04.04.2016 07:00;0,187162;
Benzol;4;04.04.2016 07:00;0,139425;
Benzol;5;04.04.2016 07:00;0,0146341;
Anilin;8;04.04.2016 07:00;0,845043;
Anilin;2;04.04.2016 07:00;0,416606;
Anilin;9;04.04.2016 07:00;0,329884;
Anilin;6;04.04.2016 07:00;0,310209;
Anilin;1;04.04.2016 07:00;0,293308;
Anilin;7;04.04.2016 07:00;0,214581;
Anilin;4;04.04.2016 07:00;0,170572;
Anilin;5;04.04.2016 07:00;0,117851;
Anilin;3;04.04.2016 07:00;0,0598929;
Natriumchlorid;3;04.04.2016 08:00;2,50858;
Natriumchlorid;7;04.04.2016 08:00;0,715182;
Natriumchlorid;2;04.04.2016 08:00;0,425948;
Natriumchlorid;4;04.04.2016 08:00;0,343054;
Natriumchlorid;5;04.04.2016 08:00;0,328846;
Natriumchlorid;9;04.04.2016 08:00;0,231579;
Natriumchlorid;6;04.04.2016 08:00;0,175215;
Natriumchlorid;8;04.04.2016 08:00;0,148113;
Natriumchlorid;1;04.04.2016 08:00;0,1206;
Arsen;6;04.04.2016 08:00;0,632906;
Arsen;8;04.04.2016 08:00;0,539446;
Arsen;5;04.04.2016 08:00;0,404069;
Arsen;2;04.04.2016 08:00;0,302673;
Arsen;9;04.04.2016 08:00;0,25277;
Arsen;1;04.04.2016 08:00;0,215675;
Arsen;7;04.04.2016 08:00;0,1258;
Arsen;3;04.04.2016 08:00;0,0658116;
Arsen;4;04.04.2016 08:00;0,0505891;
Benzol;6;04.04.2016 08:00;8,38336;
Benzol;7;04.04.2016 08:00;0,591206;
Benzol;2;04.04.2016 08:00;0,585491;
Benzol;3;04.04.2016 08:00;0,54959;
Benzol;1;04.04.2016 08:00;0,396144;
Benzol;9;04.04.2016 08:00;0,269967;
Benzol;8;04.04.2016 08:00;0,256286;
Benzol;4;04.04.2016 08:00;0,0566686;
Benzol;5;04.04.2016 08:00;0,0204789;
Anilin;6;04.04.2016 08:00;0,593391;
Anilin;8;04.04.2016 08:00;0,480075;
Anilin;7;04.04.2016 08:00;0,366612;
Anilin;3;04.04.2016 08:00;0,261941;
Anilin;1;04.04.2016 08:00;0,247387;
Anilin;9;04.04.2016 08:00;0,233393;
Anilin;2;04.04.2016 08:00;0,181374;
Anilin;4;04.04.2016 08:00;0,165474;
Anilin;5;04.04.2016 08:00;0,097027;
Natriumchlorid;3;04.04.2016 09:00;0,902028;
Natriumchlorid;8;04.04.2016 09:00;0,602669;
Natriumchlorid;5;04.04.2016 09:00;0,326221;
Natriumchlorid;9;04.04.2016 09:00;0,305989;
Natriumchlorid;7;04.04.2016 09:00;0,305275;
Natriumchlorid;6;04.04.2016 09:00;0,196369;
Natriumchlorid;1;04.04.2016 09:00;0,191698;
Natriumchlorid;2;04.04.2016 09:00;0,17739;
Natriumchlorid;4;04.04.2016 09:00;0,139217;
Arsen;3;04.04.2016 09:00;1,13932;
Arsen;5;04.04.2016 09:00;0,885453;
Arsen;6;04.04.2016 09:00;0,776429;
Arsen;8;04.04.2016 09:00;0,611838;
Arsen;2;04.04.2016 09:00;0,588886;
Arsen;1;04.04.2016 09:00;0,542976;
Arsen;9;04.04.2016 09:00;0,475442;
Arsen;7;04.04.2016 09:00;0,467148;
Arsen;4;04.04.2016 09:00;0,392101;
Benzol;6;04.04.2016 09:00;9,4983;
Benzol;3;04.04.2016 09:00;3,48857;
Benzol;2;04.04.2016 09:00;0,711143;
Benzol;1;04.04.2016 09:00;0,624165;
Benzol;7;04.04.2016 09:00;0,437928;
Benzol;4;04.04.2016 09:00;0,144023;
Benzol;9;04.04.2016 09:00;0,119649;
Benzol;8;04.04.2016 09:00;0,0916765;
Benzol;5;04.04.2016 09:00;0,0598551;
Anilin;3;04.04.2016 09:00;0,557571;
Anilin;8;04.04.2016 09:00;0,536686;
Anilin;7;04.04.2016 09:00;0,50567;
Anilin;5;04.04.2016 09:00;0,342167;
Anilin;6;04.04.2016 09:00;0,288923;
Anilin;1;04.04.2016 09:00;0,170696;
Anilin;9;04.04.2016 09:00;0,119323;
Anilin;4;04.04.2016 09:00;0,105488;
Anilin;2;04.04.2016 09:00;0,0299803;
Natriumchlorid;2;04.04.2016 10:00;0,828766;
Natriumchlorid;1;04.04.2016 10:00;0,527053;
Natriumchlorid;5;04.04.2016 10:00;0,494012;
Natriumchlorid;3;04.04.2016 10:00;0,363233;
Natriumchlorid;9;04.04.2016 10:00;0,313603;
Natriumchlorid;7;04.04.2016 10:00;0,298853;
Natriumchlorid;6;04.04.2016 10:00;0,0688584;
Natriumchlorid;4;04.04.2016 10:00;0,0673457;
Natriumchlorid;8;04.04.2016 10:00;0,0512761;
Arsen;7;04.04.2016 10:00;0,434364;
Arsen;8;04.04.2016 10:00;0,408339;
Arsen;3;04.04.2016 10:00;0,392659;
Arsen;1;04.04.2016 10:00;0,361413;
Arsen;4;04.04.2016 10:00;0,357169;
Arsen;9;04.04.2016 10:00;0,256057;
Arsen;6;04.04.2016 10:00;0,135999;
Arsen;5;04.04.2016 10:00;0,124196;
Arsen;2;04.04.2016 10:00;0,107459;
Benzol;6;04.04.2016 10:00;11,4888;
Benzol;3;04.04.2016 10:00;1,67278;
Benzol;8;04.04.2016 10:00;1,0214;
Benzol;7;04.04.2016 10:00;0,720709;
Benzol;1;04.04.2016 10:00;0,270895;
Benzol;2;04.04.2016 10:00;0,257989;
Benzol;5;04.04.2016 10:00;0,191223;
Benzol;9;04.04.2016 10:00;0,053826;
Benzol;4;04.04.2016 10:00;0,0225521;
Anilin;3;04.04.2016 10:00;2,69606;
Anilin;8;04.04.2016 10:00;1,02845;
Anilin;9;04.04.2016 10:00;0,485874;
Anilin;5;04.04.2016 10:00;0,412301;
Anilin;4;04.04.2016 10:00;0,249498;
Anilin;7;04.04.2016 10:00;0,1258;
Anilin;6;04.04.2016 10:00;0,0616086;
Anilin;1;04.04.2016 10:00;0,060316;
Anilin;2;04.04.2016 10:00;0,00999883;
Natriumchlorid;3;04.04.2016 11:00;0,797084;
Natriumchlorid;6;04.04.2016 11:00;0,601079;
Natriumchlorid;1;04.04.2016 11:00;0,413839;
Natriumchlorid;7;04.04.2016 11:00;0,235136;
Natriumchlorid;5;04.04.2016 11:00;0,115016;
Natriumchlorid;8;04.04.2016 11:00;0,0954448;
Natriumchlorid;2;04.04.2016 11:00;0,0541298;
Natriumchlorid;9;04.04.2016 11:00;0,0539056;
Natriumchlorid;4;04.04.2016 11:00;0,0244271;
Arsen;3;04.04.2016 11:00;2,20415;
Arsen;2;04.04.2016 11:00;0,880426;
Arsen;8;04.04.2016 11:00;0,384865;
Arsen;7;04.04.2016 11:00;0,223441;
Arsen;9;04.04.2016 11:00;0,197927;
Arsen;4;04.04.2016 11:00;0,143545;
Arsen;6;04.04.2016 11:00;0,134308;
Arsen;1;04.04.2016 11:00;0,0569456;
Arsen;5;04.04.2016 11:00;0,0084962;
Benzol;6;04.04.2016 11:00;10,20275;
Benzol;3;04.04.2016 11:00;3,21778;
Benzol;8;04.04.2016 11:00;1,20701;
Benzol;7;04.04.2016 11:00;0,859141;
Benzol;9;04.04.2016 11:00;0,2625;
Benzol;2;04.04.2016 11:00;0,174079;
Benzol;4;04.04.2016 11:00;0,173941;
Benzol;1;04.04.2016 11:00;0,152708;
Benzol;5;04.04.2016 11:00;0,0958374;
Anilin;6;04.04.2016 11:00;0,470618;
Anilin;3;04.04.2016 11:00;0,44429;
Anilin;2;04.04.2016 11:00;0,370561;
Anilin;8;04.04.2016 11:00;0,275418;
Anilin;1;04.04.2016 11:00;0,242366;
Anilin;9;04.04.2016 11:00;0,21431;
Anilin;5;04.04.2016 11:00;0,210615;
Anilin;4;04.04.2016 11:00;0,145771;
Anilin;7;04.04.2016 11:00;0,00628601;
Natriumchlorid;3;04.04.2016 12:00;1,08486;
Natriumchlorid;8;04.04.2016 12:00;0,907769;
Natriumchlorid;2;04.04.2016 12:00;0,783768;
Natriumchlorid;7;04.04.2016 12:00;0,594331;
Natriumchlorid;4;04.04.2016 12:00;0,497482;
Natriumchlorid;6;04.04.2016 12:00;0,292953;
Natriumchlorid;1;04.04.2016 12:00;0,284442;
Natriumchlorid;5;04.04.2016 12:00;0,181883;
Natriumchlorid;9;04.04.2016 12:00;0,118808;
Arsen;2;04.04.2016 12:00;0,630125;
Arsen;8;04.04.2016 12:00;0,512113;
Arsen;3;04.04.2016 12:00;0,343202;
Arsen;9;04.04.2016 12:00;0,269674;
Arsen;4;04.04.2016 12:00;0,185245;
Arsen;6;04.04.2016 12:00;0,176224;
Arsen;5;04.04.2016 12:00;0,159354;
Arsen;1;04.04.2016 12:00;0,0719589;
Arsen;7;04.04.2016 12:00;0,0100451;
Benzol;6;04.04.2016 12:00;10,89502;
Benzol;3;04.04.2016 12:00;1,8165;
Benzol;8;04.04.2016 12:00;0,844192;
Benzol;5;04.04.2016 12:00;0,491599;
Benzol;1;04.04.2016 12:00;0,396243;
Benzol;4;04.04.2016 12:00;0,367115;
Benzol;7;04.04.2016 12:00;0,136917;
Benzol;9;04.04.2016 12:00;0,111366;
Benzol;2;04.04.2016 12:00;0,00291282;
Anilin;3;04.04.2016 12:00;1,25352;
Anilin;7;04.04.2016 12:00;0,976294;
Anilin;8;04.04.2016 12:00;0,707878;
Anilin;9;04.04.2016 12:00;0,399161;
Anilin;2;04.04.2016 12:00;0,374386;
Anilin;1;04.04.2016 12:00;0,30824;
Anilin;5;04.04.2016 12:00;0,251046;
Anilin;6;04.04.2016 12:00;0,247272;
Anilin;4;04.04.2016 12:00;0,0697194;
Natriumchlorid;3;04.04.2016 13:00;1,04719;
Natriumchlorid;8;04.04.2016 13:00;0,93361;
Natriumchlorid;2;04.04.2016 13:00;0,584784;
Natriumchlorid;9;04.04.2016 13:00;0,521528;
Natriumchlorid;7;04.04.2016 13:00;0,513997;
Natriumchlorid;6;04.04.2016 13:00;0,486688;
Natriumchlorid;5;04.04.2016 13:00;0,211826;
Natriumchlorid;1;04.04.2016 13:00;0,101128;
Natriumchlorid;4;04.04.2016 13:00;0,0475791;
Arsen;2;04.04.2016 13:00;1,80374;
Arsen;9;04.04.2016 13:00;0,626364;
Arsen;7;04.04.2016 13:00;0,606026;
Arsen;8;04.04.2016 13:00;0,589488;
Arsen;6;04.04.2016 13:00;0,508569;
Arsen;5;04.04.2016 13:00;0,386285;
Arsen;4;04.04.2016 13:00;0,360778;
Arsen;3;04.04.2016 13:00;0,235328;
Arsen;1;04.04.2016 13:00;0,0736291;
Benzol;6;04.04.2016 13:00;2,46398;
Benzol;3;04.04.2016 13:00;0,722847;
Benzol;7;04.04.2016 13:00;0,571112;
Benzol;2;04.04.2016 13:00;0,517766;
Benzol;4;04.04.2016 13:00;0,320192;
Benzol;5;04.04.2016 13:00;0,213528;
Benzol;8;04.04.2016 13:00;0,160421;
Benzol;1;04.04.2016 13:00;0,145533;
Benzol;9;04.04.2016 13:00;0,0436219;
Anilin;3;04.04.2016 13:00;1,85585;
Anilin;8;04.04.2016 13:00;0,518909;
Anilin;6;04.04.2016 13:00;0,418854;
Anilin;1;04.04.2016 13:00;0,341498;
Anilin;9;04.04.2016 13:00;0,334413;
Anilin;7;04.04.2016 13:00;0,325269;
Anilin;5;04.04.2016 13:00;0,287277;
Anilin;4;04.04.2016 13:00;0,166886;
Anilin;2;04.04.2016 13:00;0,0575798;
Natriumchlorid;3;04.04.2016 14:00;0,990346;
Natriumchlorid;6;04.04.2016 14:00;0,655433;
Natriumchlorid;4;04.04.2016 14:00;0,603503;
Natriumchlorid;8;04.04.2016 14:00;0,5589;
Natriumchlorid;2;04.04.2016 14:00;0,441887;
Natriumchlorid;5;04.04.2016 14:00;0,369206;
Natriumchlorid;1;04.04.2016 14:00;0,32449;
Natriumchlorid;7;04.04.2016 14:00;0,290476;
Natriumchlorid;9;04.04.2016 14:00;0,0153902;
Arsen;3;04.04.2016 14:00;2,25334;
Arsen;2;04.04.2016 14:00;0,867208;
Arsen;6;04.04.2016 14:00;0,506447;
Arsen;8;04.04.2016 14:00;0,479638;
Arsen;9;04.04.2016 14:00;0,170665;
Arsen;7;04.04.2016 14:00;0,127898;
Arsen;5;04.04.2016 14:00;0,0984913;
Arsen;1;04.04.2016 14:00;0,0962397;
Arsen;4;04.04.2016 14:00;0,00802068;
Benzol;7;04.04.2016 14:00;1,89827;
Benzol;6;04.04.2016 14:00;0,49524;
Benzol;5;04.04.2016 14:00;0,414463;
Benzol;2;04.04.2016 14:00;0,315172;
Benzol;3;04.04.2016 14:00;0,243085;
Benzol;8;04.04.2016 14:00;0,149793;
Benzol;1;04.04.2016 14:00;0,123719;
Benzol;9;04.04.2016 14:00;0,0924227;
Benzol;4;04.04.2016 14:00;0,00891821;
Anilin;3;04.04.2016 14:00;1,90251;
Anilin;7;04.04.2016 14:00;1,01295;
Anilin;6;04.04.2016 14:00;0,657557;
Anilin;1;04.04.2016 14:00;0,578426;
Anilin;8;04.04.2016 14:00;0,510205;
Anilin;4;04.04.2016 14:00;0,304464;
Anilin;2;04.04.2016 14:00;0,23986;
Anilin;9;04.04.2016 14:00;0,157477;
Anilin;5;04.04.2016 14:00;0,0196763;
Natriumchlorid;3;04.04.2016 15:00;2,62709;
Natriumchlorid;7;04.04.2016 15:00;0,833043;
Natriumchlorid;2;04.04.2016 15:00;0,509816;
Natriumchlorid;8;04.04.2016 15:00;0,416023;
Natriumchlorid;9;04.04.2016 15:00;0,28149;
Natriumchlorid;6;04.04.2016 15:00;0,280724;
Natriumchlorid;5;04.04.2016 15:00;0,0434764;
Natriumchlorid;1;04.04.2016 15:00;0,0341182;
Natriumchlorid;4;04.04.2016 15:00;0,0296967;
Arsen;2;04.04.2016 15:00;0,346786;
Arsen;5;04.04.2016 15:00;0,31564;
Arsen;9;04.04.2016 15:00;0,291317;
Arsen;8;04.04.2016 15:00;0,262163;
Arsen;3;04.04.2016 15:00;0,172425;
Arsen;7;04.04.2016 15:00;0,149218;
Arsen;4;04.04.2016 15:00;0,132549;
Arsen;1;04.04.2016 15:00;0,0774911;
Arsen;6;04.04.2016 15:00;0,0721281;
Benzol;8;04.04.2016 15:00;1,56875;
Benzol;3;04.04.2016 15:00;1,43581;
Benzol;7;04.04.2016 15:00;0,966027;
Benzol;2;04.04.2016 15:00;0,634459;
Benzol;6;04.04.2016 15:00;0,439663;
Benzol;4;04.04.2016 15:00;0,312198;
Benzol;5;04.04.2016 15:00;0,216774;
Benzol;9;04.04.2016 15:00;0,0451131;
Benzol;1;04.04.2016 15:00;0,0059734;
Anilin;4;04.04.2016 15:00;0,685234;
Anilin;9;04.04.2016 15:00;0,371096;
Anilin;2;04.04.2016 15:00;0,305731;
Anilin;7;04.04.2016 15:00;0,296254;
Anilin;6;04.04.2016 15:00;0,288923;
Anilin;1;04.04.2016 15:00;0,210186;
Anilin;8;04.04.2016 15:00;0,209409;
Anilin;5;04.04.2016 15:00;0,137532;
Anilin;3;04.04.2016 15:00;0,119768;
Natriumchlorid;7;04.04.2016 16:00;1,5973;
Natriumchlorid;3;04.04.2016 16:00;1,08087;
Natriumchlorid;8;04.04.2016 16:00;1,06654;
Natriumchlorid;9;04.04.2016 16:00;0,445903;
Natriumchlorid;1;04.04.2016 16:00;0,400977;
Natriumchlorid;4;04.04.2016 16:00;0,363263;
Natriumchlorid;5;04.04.2016 16:00;0,34713;
Natriumchlorid;6;04.04.2016 16:00;0,237334;
Natriumchlorid;2;04.04.2016 16:00;0,0805245;
Arsen;3;04.04.2016 16:00;2,25943;
Arsen;6;04.04.2016 16:00;0,905206;
Arsen;2;04.04.2016 16:00;0,433119;
Arsen;9;04.04.2016 16:00;0,395334;
Arsen;1;04.04.2016 16:00;0,297405;
Arsen;8;04.04.2016 16:00;0,239848;
Arsen;7;04.04.2016 16:00;0,213516;
Arsen;5;04.04.2016 16:00;0,0814404;
Arsen;4;04.04.2016 16:00;0,0525036;
Benzol;3;04.04.2016 16:00;2,3034;
Benzol;2;04.04.2016 16:00;0,86826;
Benzol;8;04.04.2016 16:00;0,859718;
Benzol;6;04.04.2016 16:00;0,361725;
Benzol;4;04.04.2016 16:00;0,213481;
Benzol;7;04.04.2016 16:00;0,110829;
Benzol;1;04.04.2016 16:00;0,107544;
Benzol;5;04.04.2016 16:00;0,0999679;
Benzol;9;04.04.2016 16:00;0,0280617;
Anilin;3;04.04.2016 16:00;1,10787;
Anilin;7;04.04.2016 16:00;0,77049;
Anilin;4;04.04.2016 16:00;0,495645;
Anilin;5;04.04.2016 16:00;0,359366;
Anilin;1;04.04.2016 16:00;0,255452;
Anilin;2;04.04.2016 16:00;0,178609;
Anilin;9;04.04.2016 16:00;0,117561;
Anilin;8;04.04.2016 16:00;0,114168;
Anilin;6;04.04.2016 16:00;0,00141822;
Natriumchlorid;4;04.04.2016 17:00;0,610793;
Natriumchlorid;8;04.04.2016 17:00;0,463034;
Natriumchlorid;3;04.04.2016 17:00;0,38335;
Natriumchlorid;5;04.04.2016 17:00;0,325122;
Natriumchlorid;6;04.04.2016 17:00;0,297132;
Natriumchlorid;1;04.04.2016 17:00;0,240225;
Natriumchlorid;9;04.04.2016 17:00;0,218485;
Natriumchlorid;2;04.04.2016 17:00;0,199893;
Natriumchlorid;7;04.04.2016 17:00;0,0642578;
Arsen;3;04.04.2016 17:00;1,66213;
Arsen;2;04.04.2016 17:00;0,816837;
Arsen;6;04.04.2016 17:00;0,406572;
Arsen;5;04.04.2016 17:00;0,255071;
Arsen;1;04.04.2016 17:00;0,170974;
Arsen;9;04.04.2016 17:00;0,125526;
Arsen;8;04.04.2016 17:00;0,0725765;
Arsen;7;04.04.2016 17:00;0,0583046;
Arsen;4;04.04.2016 17:00;0,0192273;
Benzol;3;04.04.2016 17:00;1,51823;
Benzol;4;04.04.2016 17:00;0,699815;
Benzol;7;04.04.2016 17:00;0,479435;
Benzol;2;04.04.2016 17:00;0,426415;
Benzol;6;04.04.2016 17:00;0,340545;
Benzol;5;04.04.2016 17:00;0,332235;
Benzol;8;04.04.2016 17:00;0,234989;
Benzol;9;04.04.2016 17:00;0,164666;
Benzol;1;04.04.2016 17:00;0,0450096;
Anilin;3;04.04.2016 17:00;1,86155;
Anilin;7;04.04.2016 17:00;0,762852;
Anilin;6;04.04.2016 17:00;0,570788;
Anilin;9;04.04.2016 17:00;0,413595;
Anilin;5;04.04.2016 17:00;0,395897;
Anilin;8;04.04.2016 17:00;0,373834;
Anilin;2;04.04.2016 17:00;0,235649;
Anilin;1;04.04.2016 17:00;0,0543649;
Anilin;4;04.04.2016 17:00;0,0391163;
Natriumchlorid;7;04.04.2016 18:00;1,02659;
Natriumchlorid;8;04.04.2016 18:00;0,70759;
Natriumchlorid;2;04.04.2016 18:00;0,624656;
Natriumchlorid;6;04.04.2016 18:00;0,334133;
Natriumchlorid;3;04.04.2016 18:00;0,276129;
Natriumchlorid;9;04.04.2016 18:00;0,148401;
Natriumchlorid;4;04.04.2016 18:00;0,142765;
Natriumchlorid;1;04.04.2016 18:00;0,117561;
Natriumchlorid;5;04.04.2016 18:00;0,0382268;
Arsen;3;04.04.2016 18:00;1,68566;
Arsen;7;04.04.2016 18:00;0,862753;
Arsen;6;04.04.2016 18:00;0,687456;
Arsen;1;04.04.2016 18:00;0,211642;
Arsen;8;04.04.2016 18:00;0,204672;
Arsen;9;04.04.2016 18:00;0,18196;
Arsen;4;04.04.2016 18:00;0,0931294;
Arsen;2;04.04.2016 18:00;0,0494432;
Arsen;5;04.04.2016 18:00;0,0321246;
Benzol;3;04.04.2016 18:00;3,25932;
Benzol;7;04.04.2016 18:00;0,987959;
Benzol;4;04.04.2016 18:00;0,641487;
Benzol;6;04.04.2016 18:00;0,547436;
Benzol;2;04.04.2016 18:00;0,25564;
Benzol;5;04.04.2016 18:00;0,0728249;
Benzol;9;04.04.2016 18:00;0,0502049;
Benzol;1;04.04.2016 18:00;0,0444112;
Benzol;8;04.04.2016 18:00;0,0053154;
Anilin;3;04.04.2016 18:00;1,24798;
Anilin;4;04.04.2016 18:00;0,544449;
Anilin;6;04.04.2016 18:00;0,345469;
Anilin;8;04.04.2016 18:00;0,323886;
Anilin;2;04.04.2016 18:00;0,20409;
Anilin;1;04.04.2016 18:00;0,19655;
Anilin;9;04.04.2016 18:00;0,188113;
Anilin;5;04.04.2016 18:00;0,133455;
Anilin;7;04.04.2016 18:00;0,05119;
Natriumchlorid;3;04.04.2016 19:00;0,651834;
Natriumchlorid;6;04.04.2016 19:00;0,412592;
Natriumchlorid;1;04.04.2016 19:00;0,329978;
Natriumchlorid;8;04.04.2016 19:00;0,234556;
Natriumchlorid;4;04.04.2016 19:00;0,222623;
Natriumchlorid;5;04.04.2016 19:00;0,185061;
Natriumchlorid;9;04.04.2016 19:00;0,126214;
Natriumchlorid;7;04.04.2016 19:00;0,118144;
Natriumchlorid;2;04.04.2016 19:00;0,0581125;
Arsen;3;04.04.2016 19:00;1,26422;
Arsen;7;04.04.2016 19:00;0,505551;
Arsen;8;04.04.2016 19:00;0,484263;
Arsen;4;04.04.2016 19:00;0,470425;
Arsen;1;04.04.2016 19:00;0,37797;
Arsen;9;04.04.2016 19:00;0,254801;
Arsen;6;04.04.2016 19:00;0,231536;
Arsen;5;04.04.2016 19:00;0,200497;
Arsen;2;04.04.2016 19:00;0,0314843;
Benzol;3;04.04.2016 19:00;3,64468;
Benzol;8;04.04.2016 19:00;0,956769;
Benzol;7;04.04.2016 19:00;0,906336;
Benzol;1;04.04.2016 19:00;0,266141;
Benzol;6;04.04.2016 19:00;0,249332;
Benzol;4;04.04.2016 19:00;0,188116;
Benzol;9;04.04.2016 19:00;0,125083;
Benzol;5;04.04.2016 19:00;0,0410879;
Benzol;2;04.04.2016 19:00;0,0172083;
Anilin;6;04.04.2016 19:00;0,50306;
Anilin;3;04.04.2016 19:00;0,401661;
Anilin;7;04.04.2016 19:00;0,333749;
Anilin;4;04.04.2016 19:00;0,32249;
Anilin;9;04.04.2016 19:00;0,24293;
Anilin;5;04.04.2016 19:00;0,22569;
Anilin;8;04.04.2016 19:00;0,0745434;
Anilin;1;04.04.2016 19:00;0,0161569;
Anilin;2;04.04.2016 19:00;0,00159132;
Natriumchlorid;3;04.04.2016 20:00;1,01686;
Natriumchlorid;7;04.04.2016 20:00;0,55134;
Natriumchlorid;4;04.04.2016 20:00;0,462835;
Natriumchlorid;5;04.04.2016 20:00;0,32555;
Natriumchlorid;2;04.04.2016 20:00;0,216421;
Natriumchlorid;9;04.04.2016 20:00;0,106821;
Natriumchlorid;1;04.04.2016 20:00;0,0735487;
Natriumchlorid;8;04.04.2016 20:00;0,0665938;
Natriumchlorid;6;04.04.2016 20:00;0,0527531;
Arsen;3;04.04.2016 20:00;0,880733;
Arsen;2;04.04.2016 20:00;0,800572;
Arsen;6;04.04.2016 20:00;0,505087;
Arsen;7;04.04.2016 20:00;0,469615;
Arsen;9;04.04.2016 20:00;0,440582;
Arsen;8;04.04.2016 20:00;0,414064;
Arsen;4;04.04.2016 20:00;0,32639;
Arsen;1;04.04.2016 20:00;0,0668495;
Arsen;5;04.04.2016 20:00;0,0503667;
Benzol;3;04.04.2016 20:00;2,23434;
Benzol;7;04.04.2016 20:00;0,983349;
Benzol;1;04.04.2016 20:00;0,499815;
Benzol;6;04.04.2016 20:00;0,487244;
Benzol;8;04.04.2016 20:00;0,433008;
Benzol;9;04.04.2016 20:00;0,40601;
Benzol;2;04.04.2016 20:00;0,370625;
Benzol;4;04.04.2016 20:00;0,229383;
Benzol;5;04.04.2016 20:00;0,216458;
Anilin;3;04.04.2016 20:00;2,61802;
Anilin;7;04.04.2016 20:00;1,32864;
Anilin;6;04.04.2016 20:00;0,428902;
Anilin;4;04.04.2016 20:00;0,387873;
Anilin;2;04.04.2016 20:00;0,377555;
Anilin;9;04.04.2016 20:00;0,233998;
Anilin;5;04.04.2016 20:00;0,182252;
Anilin;1;04.04.2016 20:00;0,0733115;
Anilin;8;04.04.2016 20:00;0,00934201;
Natriumchlorid;3;04.04.2016 21:00;3,30432;
Natriumchlorid;7;04.04.2016 21:00;1,08399;
Natriumchlorid;1;04.04.2016 21:00;0,472075;
Natriumchlorid;2;04.04.2016 21:00;0,317224;
Natriumchlorid;8;04.04.2016 21:00;0,240288;
Natriumchlorid;5;04.04.2016 21:00;0,21434;
Natriumchlorid;6;04.04.2016 21:00;0,163899;
Natriumchlorid;9;04.04.2016 21:00;0,13623;
Natriumchlorid;4;04.04.2016 21:00;0,120033;
Arsen;8;04.04.2016 21:00;1,2368;
Arsen;7;04.04.2016 21:00;0,687587;
Arsen;2;04.04.2016 21:00;0,583474;
Arsen;5;04.04.2016 21:00;0,458401;
Arsen;6;04.04.2016 21:00;0,170319;
Arsen;4;04.04.2016 21:00;0,0953257;
Arsen;1;04.04.2016 21:00;0,0846126;
Arsen;3;04.04.2016 21:00;0,0818997;
Arsen;9;04.04.2016 21:00;0,0270655;
Benzol;3;04.04.2016 21:00;1,9656;
Benzol;2;04.04.2016 21:00;0,4749;
Benzol;1;04.04.2016 21:00;0,471018;
Benzol;6;04.04.2016 21:00;0,354374;
Benzol;8;04.04.2016 21:00;0,264097;
Benzol;7;04.04.2016 21:00;0,195414;
Benzol;4;04.04.2016 21:00;0,141233;
Benzol;9;04.04.2016 21:00;0,0434454;
Benzol;5;04.04.2016 21:00;0,0016377;
Anilin;3;04.04.2016 21:00;1,40053;
Anilin;7;04.04.2016 21:00;1,14195;
Anilin;8;04.04.2016 21:00;0,867626;
Anilin;5;04.04.2016 21:00;0,347576;
Anilin;1;04.04.2016 21:00;0,21408;
Anilin;4;04.04.2016 21:00;0,186917;
Anilin;9;04.04.2016 21:00;0,171392;
Anilin;6;04.04.2016 21:00;0,0307731;
Anilin;2;04.04.2016 21:00;0,00772995;
Natriumchlorid;3;04.04.2016 22:00;1,87993;
Natriumchlorid;2;04.04.2016 22:00;0,73035;
Natriumchlorid;1;04.04.2016 22:00;0,485365;
Natriumchlorid;7;04.04.2016 22:00;0,366943;
Natriumchlorid;5;04.04.2016 22:00;0,363477;
Natriumchlorid;6;04.04.2016 22:00;0,238163;
Natriumchlorid;8;04.04.2016 22:00;0,175083;
Natriumchlorid;9;04.04.2016 22:00;0,100996;
Natriumchlorid;4;04.04.2016 22:00;0,0760668;
Arsen;3;04.04.2016 22:00;1,54248;
Arsen;6;04.04.2016 22:00;0,695919;
Arsen;8;04.04.2016 22:00;0,487801;
Arsen;4;04.04.2016 22:00;0,313405;
Arsen;5;04.04.2016 22:00;0,27638;
Arsen;7;04.04.2016 22:00;0,216645;
Arsen;2;04.04.2016 22:00;0,0724041;
Arsen;1;04.04.2016 22:00;0,0476201;
Arsen;9;04.04.2016 22:00;0,0469852;
Benzol;3;04.04.2016 22:00;0,869189;
Benzol;7;04.04.2016 22:00;0,74796;
Benzol;8;04.04.2016 22:00;0,680368;
Benzol;6;04.04.2016 22:00;0,325362;
Benzol;9;04.04.2016 22:00;0,224996;
Benzol;4;04.04.2016 22:00;0,119356;
Benzol;2;04.04.2016 22:00;0,116269;
Benzol;5;04.04.2016 22:00;0,0743197;
Benzol;1;04.04.2016 22:00;0,0459356;
Anilin;3;04.04.2016 22:00;3,34768;
Anilin;2;04.04.2016 22:00;0,610772;
Anilin;8;04.04.2016 22:00;0,498775;
Anilin;1;04.04.2016 22:00;0,422436;
Anilin;6;04.04.2016 22:00;0,316427;
Anilin;4;04.04.2016 22:00;0,296407;
Anilin;5;04.04.2016 22:00;0,193121;
Anilin;9;04.04.2016 22:00;0,0969282;
Anilin;7;04.04.2016 22:00;0,0558324;
Natriumchlorid;3;04.04.2016 23:00;1,50599;
Natriumchlorid;2;04.04.2016 23:00;0,42559;
Natriumchlorid;9;04.04.2016 23:00;0,399941;
Natriumchlorid;1;04.04.2016 23:00;0,209987;
Natriumchlorid;7;04.04.2016 23:00;0,144548;
Natriumchlorid;8;04.04.2016 23:00;0,106743;
Natriumchlorid;4;04.04.2016 23:00;0,0992983;
Natriumchlorid;6;04.04.2016 23:00;0,0949537;
Natriumchlorid;5;04.04.2016 23:00;0,0691703;
Arsen;3;04.04.2016 23:00;0,969066;
Arsen;8;04.04.2016 23:00;0,69395;
Arsen;4;04.04.2016 23:00;0,487886;
Arsen;1;04.04.2016 23:00;0,34038;
Arsen;7;04.04.2016 23:00;0,23707;
Arsen;9;04.04.2016 23:00;0,214172;
Arsen;2;04.04.2016 23:00;0,100604;
Arsen;5;04.04.2016 23:00;0,0390317;
Arsen;6;04.04.2016 23:00;0,0231199;
Benzol;8;04.04.2016 23:00;1,20078;
Benzol;3;04.04.2016 23:00;0,979488;
Benzol;9;04.04.2016 23:00;0,586619;
Benzol;7;04.04.2016 23:00;0,56416;
Benzol;6;04.04.2016 23:00;0,498319;
Benzol;2;04.04.2016 23:00;0,295542;
Benzol;1;04.04.2016 23:00;0,183978;
Benzol;5;04.04.2016 23:00;0,123456;
Benzol;4;04.04.2016 23:00;0,00206667;
Anilin;8;04.04.2016 23:00;1,19169;
Anilin;3;04.04.2016 23:00;0,948224;
Anilin;6;04.04.2016 23:00;0,44199;
Anilin;7;04.04.2016 23:00;0,25983;
Anilin;1;04.04.2016 23:00;0,167214;
Anilin;5;04.04.2016 23:00;0,167214;
Anilin;2;04.04.2016 23:00;0,156571;
Anilin;4;04.04.2016 23:00;0,111985;
Anilin;9;04.04.2016 23:00;0,106523;
Natriumchlorid;8;05.04.2016 00:00;0,850194;
Natriumchlorid;4;05.04.2016 00:00;0,511264;
Natriumchlorid;5;05.04.2016 00:00;0,401282;
Natriumchlorid;1;05.04.2016 00:00;0,353056;
Natriumchlorid;3;05.04.2016 00:00;0,251508;
Natriumchlorid;6;05.04.2016 00:00;0,200412;
Natriumchlorid;2;05.04.2016 00:00;0,175127;
Natriumchlorid;7;05.04.2016 00:00;0,0800747;
Natriumchlorid;9;05.04.2016 00:00;0,0259063;
Arsen;3;05.04.2016 00:00;1,49232;
Arsen;2;05.04.2016 00:00;1,15495;
Arsen;8;05.04.2016 00:00;0,64428;
Arsen;4;05.04.2016 00:00;0,438513;
Arsen;7;05.04.2016 00:00;0,434046;
Arsen;6;05.04.2016 00:00;0,416811;
Arsen;5;05.04.2016 00:00;0,400826;
Arsen;9;05.04.2016 00:00;0,0586121;
Arsen;1;05.04.2016 00:00;0,00236589;
Benzol;3;05.04.2016 00:00;1,20207;
Benzol;6;05.04.2016 00:00;0,742312;
Benzol;1;05.04.2016 00:00;0,521194;
Benzol;4;05.04.2016 00:00;0,416789;
Benzol;8;05.04.2016 00:00;0,296264;
Benzol;7;05.04.2016 00:00;0,268538;
Benzol;9;05.04.2016 00:00;0,22033;
Benzol;5;05.04.2016 00:00;0,101854;
Benzol;2;05.04.2016 00:00;0,0364538;
Anilin;7;05.04.2016 00:00;1,90123;
Anilin;3;05.04.2016 00:00;1,75661;
Anilin;6;05.04.2016 00:00;0,868222;
Anilin;1;05.04.2016 00:00;0,483514;
Anilin;8;05.04.2016 00:00;0,446139;
Anilin;5;05.04.2016 00:00;0,310061;
Anilin;4;05.04.2016 00:00;0,103799;
Anilin;2;05.04.2016 00:00;0,0634815;
Anilin;9;05.04.2016 00:00;0,0513366;
Natriumchlorid;3;05.04.2016 01:00;0,838228;
Natriumchlorid;2;05.04.2016 01:00;0,635436;
Natriumchlorid;6;05.04.2016 01:00;0,480992;
Natriumchlorid;4;05.04.2016 01:00;0,423576;
Natriumchlorid;8;05.04.2016 01:00;0,358725;
Natriumchlorid;7;05.04.2016 01:00;0,277081;
Natriumchlorid;5;05.04.2016 01:00;0,152046;
Natriumchlorid;1;05.04.2016 01:00;0,0514039;
Natriumchlorid;9;05.04.2016 01:00;0,0342072;
Arsen;3;05.04.2016 01:00;1,99606;
Arsen;7;05.04.2016 01:00;1,33864;
Arsen;8;05.04.2016 01:00;0,601973;
Arsen;6;05.04.2016 01:00;0,582633;
Arsen;4;05.04.2016 01:00;0,324508;
Arsen;2;05.04.2016 01:00;0,232916;
Arsen;1;05.04.2016 01:00;0,166529;
Arsen;9;05.04.2016 01:00;0,0950479;
Arsen;5;05.04.2016 01:00;0,0585417;
Benzol;3;05.04.2016 01:00;2,75803;
Benzol;6;05.04.2016 01:00;0,7107;
Benzol;7;05.04.2016 01:00;0,471696;
Benzol;8;05.04.2016 01:00;0,33073;
Benzol;1;05.04.2016 01:00;0,299287;
Benzol;2;05.04.2016 01:00;0,264909;
Benzol;9;05.04.2016 01:00;0,209604;
Benzol;5;05.04.2016 01:00;0,111985;
Benzol;4;05.04.2016 01:00;0,0637595;
Anilin;3;05.04.2016 01:00;3,807;
Anilin;7;05.04.2016 01:00;2,08781;
Anilin;6;05.04.2016 01:00;0,782634;
Anilin;2;05.04.2016 01:00;0,558813;
Anilin;5;05.04.2016 01:00;0,408496;
Anilin;4;05.04.2016 01:00;0,391785;
Anilin;9;05.04.2016 01:00;0,347155;
Anilin;8;05.04.2016 01:00;0,203845;
Anilin;1;05.04.2016 01:00;0,103779;
Natriumchlorid;8;05.04.2016 02:00;0,535778;
Natriumchlorid;6;05.04.2016 02:00;0,425921;
Natriumchlorid;4;05.04.2016 02:00;0,390577;
Natriumchlorid;5;05.04.2016 02:00;0,23096;
Natriumchlorid;1;05.04.2016 02:00;0,138816;
Natriumchlorid;3;05.04.2016 02:00;0,118834;
Natriumchlorid;9;05.04.2016 02:00;0,0741519;
Natriumchlorid;2;05.04.2016 02:00;0,0459783;
Natriumchlorid;7;05.04.2016 02:00;0,021235;
Arsen;3;05.04.2016 02:00;1,71615;
Arsen;6;05.04.2016 02:00;0,512777;
Arsen;8;05.04.2016 02:00;0,43863;
Arsen;2;05.04.2016 02:00;0,426356;
Arsen;4;05.04.2016 02:00;0,303742;
Arsen;1;05.04.2016 02:00;0,284655;
Arsen;9;05.04.2016 02:00;0,270276;
Arsen;7;05.04.2016 02:00;0,240513;
Arsen;5;05.04.2016 02:00;0,00306697;
Benzol;3;05.04.2016 02:00;0,795893;
Benzol;8;05.04.2016 02:00;0,34436;
Benzol;5;05.04.2016 02:00;0,339578;
Benzol;4;05.04.2016 02:00;0,290757;
Benzol;9;05.04.2016 02:00;0,279947;
Benzol;6;05.04.2016 02:00;0,258109;
Benzol;7;05.04.2016 02:00;0,209598;
Benzol;2;05.04.2016 02:00;0,191967;
Benzol;1;05.04.2016 02:00;0,0568269;
Anilin;6;05.04.2016 02:00;0,87285;
Anilin;4;05.04.2016 02:00;0,602224;
Anilin;8;05.04.2016 02:00;0,579143;
Anilin;3;05.04.2016 02:00;0,395637;
Anilin;7;05.04.2016 02:00;0,31186;
Anilin;5;05.04.2016 02:00;0,271205;
Anilin;9;05.04.2016 02:00;0,22498;
Anilin;2;05.04.2016 02:00;0,215931;
Anilin;1;05.04.2016 02:00;0,0343123;
Natriumchlorid;3;05.04.2016 03:00;1,87593;
Natriumchlorid;2;05.04.2016 03:00;0,521175;
Natriumchlorid;4;05.04.2016 03:00;0,492132;
Natriumchlorid;5;05.04.2016 03:00;0,474645;
Natriumchlorid;7;05.04.2016 03:00;0,473274;
Natriumchlorid;1;05.04.2016 03:00;0,414844;
Natriumchlorid;6;05.04.2016 03:00;0,202665;
Natriumchlorid;9;05.04.2016 03:00;0,175328;
Natriumchlorid;8;05.04.2016 03:00;0,0633778;
Arsen;3;05.04.2016 03:00;4,69096;
Arsen;6;05.04.2016 03:00;0,468456;
Arsen;5;05.04.2016 03:00;0,416074;
Arsen;8;05.04.2016 03:00;0,22018;
Arsen;2;05.04.2016 03:00;0,187498;
Arsen;4;05.04.2016 03:00;0,107442;
Arsen;9;05.04.2016 03:00;0,0362882;
Arsen;7;05.04.2016 03:00;0,0305922;
Arsen;1;05.04.2016 03:00;0,0107915;
Benzol;3;05.04.2016 03:00;2,80472;
Benzol;6;05.04.2016 03:00;0,769888;
Benzol;2;05.04.2016 03:00;0,388701;
Benzol;5;05.04.2016 03:00;0,248804;
Benzol;8;05.04.2016 03:00;0,18226;
Benzol;4;05.04.2016 03:00;0,174063;
Benzol;9;05.04.2016 03:00;0,162037;
Benzol;7;05.04.2016 03:00;0,127984;
Benzol;1;05.04.2016 03:00;0,0975285;
Anilin;3;05.04.2016 03:00;1,18777;
Anilin;7;05.04.2016 03:00;0,704587;
Anilin;8;05.04.2016 03:00;0,344174;
Anilin;4;05.04.2016 03:00;0,211259;
Anilin;5;05.04.2016 03:00;0,201966;
Anilin;6;05.04.2016 03:00;0,146697;
Anilin;2;05.04.2016 03:00;0,134968;
Anilin;1;05.04.2016 03:00;0,125673;
Anilin;9;05.04.2016 03:00;0,0500225;
Natriumchlorid;7;05.04.2016 04:00;1,90023;
Natriumchlorid;2;05.04.2016 04:00;0,781345;
Natriumchlorid;3;05.04.2016 04:00;0,58271;
Natriumchlorid;6;05.04.2016 04:00;0,466351;
Natriumchlorid;1;05.04.2016 04:00;0,256184;
Natriumchlorid;8;05.04.2016 04:00;0,193765;
Natriumchlorid;5;05.04.2016 04:00;0,170974;
Natriumchlorid;4;05.04.2016 04:00;0,0969397;
Natriumchlorid;9;05.04.2016 04:00;0,0431022;
Arsen;7;05.04.2016 04:00;1,25146;
Arsen;3;05.04.2016 04:00;0,77606;
Arsen;8;05.04.2016 04:00;0,688287;
Arsen;6;05.04.2016 04:00;0,521514;
Arsen;1;05.04.2016 04:00;0,425386;
Arsen;2;05.04.2016 04:00;0,329151;
Arsen;4;05.04.2016 04:00;0,127375;
Arsen;9;05.04.2016 04:00;0,0745059;
Arsen;5;05.04.2016 04:00;0,0447341;
Benzol;9;05.04.2016 04:00;0,531082;
Benzol;6;05.04.2016 04:00;0,382221;
Benzol;5;05.04.2016 04:00;0,339247;
Benzol;7;05.04.2016 04:00;0,318176;
Benzol;8;05.04.2016 04:00;0,224694;
Benzol;3;05.04.2016 04:00;0,203359;
Benzol;1;05.04.2016 04:00;0,147071;
Benzol;2;05.04.2016 04:00;0,134968;
Benzol;4;05.04.2016 04:00;0,085677;
Anilin;3;05.04.2016 04:00;1,07625;
Anilin;7;05.04.2016 04:00;0,727896;
Anilin;2;05.04.2016 04:00;0,482252;
Anilin;4;05.04.2016 04:00;0,441912;
Anilin;6;05.04.2016 04:00;0,373184;
Anilin;8;05.04.2016 04:00;0,152801;
Anilin;5;05.04.2016 04:00;0,108218;
Anilin;1;05.04.2016 04:00;0,0713231;
Anilin;9;05.04.2016 04:00;0,057439;
Natriumchlorid;7;05.04.2016 05:00;1,5856;
Natriumchlorid;3;05.04.2016 05:00;0,758095;
Natriumchlorid;6;05.04.2016 05:00;0,436905;
Natriumchlorid;1;05.04.2016 05:00;0,357711;
Natriumchlorid;2;05.04.2016 05:00;0,25388;
Natriumchlorid;4;05.04.2016 05:00;0,191774;
Natriumchlorid;5;05.04.2016 05:00;0,109633;
Natriumchlorid;9;05.04.2016 05:00;0,106248;
Natriumchlorid;8;05.04.2016 05:00;0,0186813;
Arsen;3;05.04.2016 05:00;1,74166;
Arsen;7;05.04.2016 05:00;0,521468;
Arsen;6;05.04.2016 05:00;0,418731;
Arsen;9;05.04.2016 05:00;0,382517;
Arsen;5;05.04.2016 05:00;0,347155;
Arsen;1;05.04.2016 05:00;0,164846;
Arsen;2;05.04.2016 05:00;0,14065;
Arsen;4;05.04.2016 05:00;0,118908;
Arsen;8;05.04.2016 05:00;0,0511749;
Benzol;5;05.04.2016 05:00;0,480333;
Benzol;9;05.04.2016 05:00;0,426515;
Benzol;6;05.04.2016 05:00;0,363702;
Benzol;1;05.04.2016 05:00;0,356815;
Benzol;4;05.04.2016 05:00;0,314828;
Benzol;8;05.04.2016 05:00;0,301824;
Benzol;3;05.04.2016 05:00;0,131748;
Benzol;2;05.04.2016 05:00;0,0879821;
Benzol;7;05.04.2016 05:00;0,0361326;
Anilin;3;05.04.2016 05:00;1,58653;
Anilin;2;05.04.2016 05:00;0,609599;
Anilin;5;05.04.2016 05:00;0,564443;
Anilin;6;05.04.2016 05:00;0,382359;
Anilin;1;05.04.2016 05:00;0,271042;
Anilin;4;05.04.2016 05:00;0,219976;
Anilin;7;05.04.2016 05:00;0,150707;
Anilin;8;05.04.2016 05:00;0,0421466;
Anilin;9;05.04.2016 05:00;0,0376106;
Natriumchlorid;3;05.04.2016 06:00;2,21492;
Natriumchlorid;7;05.04.2016 06:00;0,881708;
Natriumchlorid;8;05.04.2016 06:00;0,665537;
Natriumchlorid;6;05.04.2016 06:00;0,426724;
Natriumchlorid;9;05.04.2016 06:00;0,354042;
Natriumchlorid;5;05.04.2016 06:00;0,222298;
Natriumchlorid;1;05.04.2016 06:00;0,188327;
Natriumchlorid;4;05.04.2016 06:00;0,113278;
Natriumchlorid;2;05.04.2016 06:00;0,0579563;
Arsen;8;05.04.2016 06:00;0,597468;
Arsen;7;05.04.2016 06:00;0,348658;
Arsen;5;05.04.2016 06:00;0,32977;
Arsen;3;05.04.2016 06:00;0,322684;
Arsen;9;05.04.2016 06:00;0,2681;
Arsen;6;05.04.2016 06:00;0,241913;
Arsen;4;05.04.2016 06:00;0,136455;
Arsen;2;05.04.2016 06:00;0,058373;
Arsen;1;05.04.2016 06:00;0,0470147;
Benzol;3;05.04.2016 06:00;1,40597;
Benzol;9;05.04.2016 06:00;0,494419;
Benzol;4;05.04.2016 06:00;0,431405;
Benzol;6;05.04.2016 06:00;0,34005;
Benzol;8;05.04.2016 06:00;0,329923;
Benzol;2;05.04.2016 06:00;0,157709;
Benzol;7;05.04.2016 06:00;0,127169;
Benzol;5;05.04.2016 06:00;0,0823081;
Benzol;1;05.04.2016 06:00;0,0358599;
Anilin;7;05.04.2016 06:00;2,14641;
Anilin;3;05.04.2016 06:00;1,60138;
Anilin;2;05.04.2016 06:00;0,730867;
Anilin;8;05.04.2016 06:00;0,563779;
Anilin;5;05.04.2016 06:00;0,24649;
Anilin;6;05.04.2016 06:00;0,174874;
Anilin;4;05.04.2016 06:00;0,0987698;
Anilin;9;05.04.2016 06:00;0,0910055;
Anilin;1;05.04.2016 06:00;0,00897096;
Natriumchlorid;3;05.04.2016 07:00;2,21345;
Natriumchlorid;2;05.04.2016 07:00;0,944741;
Natriumchlorid;8;05.04.2016 07:00;0,541366;
Natriumchlorid;6;05.04.2016 07:00;0,407384;
Natriumchlorid;5;05.04.2016 07:00;0,376271;
Natriumchlorid;1;05.04.2016 07:00;0,190212;
Natriumchlorid;9;05.04.2016 07:00;0,184678;
Natriumchlorid;7;05.04.2016 07:00;0,17239;
Natriumchlorid;4;05.04.2016 07:00;0,0626186;
Arsen;7;05.04.2016 07:00;1,87935;
Arsen;3;05.04.2016 07:00;0,786132;
Arsen;2;05.04.2016 07:00;0,73242;
Arsen;6;05.04.2016 07:00;0,594345;
Arsen;1;05.04.2016 07:00;0,478748;
Arsen;9;05.04.2016 07:00;0,235629;
Arsen;5;05.04.2016 07:00;0,142302;
Arsen;8;05.04.2016 07:00;0,0248168;
Arsen;4;05.04.2016 07:00;0,00616562;
Benzol;3;05.04.2016 07:00;1,24666;
Benzol;6;05.04.2016 07:00;0,633631;
Benzol;5;05.04.2016 07:00;0,521139;
Benzol;8;05.04.2016 07:00;0,384099;
Benzol;2;05.04.2016 07:00;0,258824;
Benzol;9;05.04.2016 07:00;0,240693;
Benzol;4;05.04.2016 07:00;0,210983;
Benzol;1;05.04.2016 07:00;0,103151;
Benzol;7;05.04.2016 07:00;0,0906214;
Anilin;7;05.04.2016 07:00;0,984376;
Anilin;8;05.04.2016 07:00;0,770544;
Anilin;6;05.04.2016 07:00;0,765901;
Anilin;3;05.04.2016 07:00;0,624797;
Anilin;5;05.04.2016 07:00;0,54601;
Anilin;4;05.04.2016 07:00;0,428561;
Anilin;9;05.04.2016 07:00;0,195172;
Anilin;1;05.04.2016 07:00;0,174835;
Anilin;2;05.04.2016 07:00;0,150427;
Natriumchlorid;3;05.04.2016 08:00;1,57522;
Natriumchlorid;2;05.04.2016 08:00;1,02773;
Natriumchlorid;7;05.04.2016 08:00;0,621897;
Natriumchlorid;6;05.04.2016 08:00;0,60905;
Natriumchlorid;9;05.04.2016 08:00;0,369338;
Natriumchlorid;4;05.04.2016 08:00;0,342975;
Natriumchlorid;8;05.04.2016 08:00;0,330699;
Natriumchlorid;1;05.04.2016 08:00;0,308835;
Natriumchlorid;5;05.04.2016 08:00;0,307825;
Arsen;3;05.04.2016 08:00;3,19862;
Arsen;6;05.04.2016 08:00;0,581683;
Arsen;2;05.04.2016 08:00;0,471942;
Arsen;7;05.04.2016 08:00;0,359738;
Arsen;4;05.04.2016 08:00;0,343213;
Arsen;9;05.04.2016 08:00;0,28844;
Arsen;1;05.04.2016 08:00;0,220314;
Arsen;5;05.04.2016 08:00;0,134192;
Arsen;8;05.04.2016 08:00;0,0496178;
Benzol;3;05.04.2016 08:00;0,847338;
Benzol;2;05.04.2016 08:00;0,741155;
Benzol;8;05.04.2016 08:00;0,689757;
Benzol;5;05.04.2016 08:00;0,565331;
Benzol;7;05.04.2016 08:00;0,371845;
Benzol;4;05.04.2016 08:00;0,340772;
Benzol;6;05.04.2016 08:00;0,317794;
Benzol;9;05.04.2016 08:00;0,14152;
Benzol;1;05.04.2016 08:00;0,0335998;
Anilin;7;05.04.2016 08:00;3,06699;
Anilin;2;05.04.2016 08:00;0,56295;
Anilin;5;05.04.2016 08:00;0,360229;
Anilin;9;05.04.2016 08:00;0,243039;
Anilin;3;05.04.2016 08:00;0,238355;
Anilin;6;05.04.2016 08:00;0,183734;
Anilin;8;05.04.2016 08:00;0,121585;
Anilin;1;05.04.2016 08:00;0,0941867;
Anilin;4;05.04.2016 08:00;0,0799185;
Natriumchlorid;2;05.04.2016 09:00;0,610076;
Natriumchlorid;5;05.04.2016 09:00;0,398308;
Natriumchlorid;8;05.04.2016 09:00;0,316332;
Natriumchlorid;3;05.04.2016 09:00;0,290887;
Natriumchlorid;6;05.04.2016 09:00;0,269946;
Natriumchlorid;1;05.04.2016 09:00;0,224456;
Natriumchlorid;9;05.04.2016 09:00;0,213236;
Natriumchlorid;7;05.04.2016 09:00;0,115197;
Natriumchlorid;4;05.04.2016 09:00;0,0535259;
Arsen;3;05.04.2016 09:00;1,86291;
Arsen;2;05.04.2016 09:00;0,717084;
Arsen;5;05.04.2016 09:00;0,428238;
Arsen;9;05.04.2016 09:00;0,423518;
Arsen;7;05.04.2016 09:00;0,287327;
Arsen;8;05.04.2016 09:00;0,200005;
Arsen;1;05.04.2016 09:00;0,11316;
Arsen;4;05.04.2016 09:00;0,101594;
Arsen;6;05.04.2016 09:00;0,0497233;
Benzol;3;05.04.2016 09:00;3,23339;
Benzol;6;05.04.2016 09:00;0,741258;
Benzol;7;05.04.2016 09:00;0,360393;
Benzol;2;05.04.2016 09:00;0,220894;
Benzol;5;05.04.2016 09:00;0,196749;
Benzol;9;05.04.2016 09:00;0,187638;
Benzol;1;05.04.2016 09:00;0,170418;
Benzol;4;05.04.2016 09:00;0,113731;
Benzol;8;05.04.2016 09:00;0,0533297;
Anilin;8;05.04.2016 09:00;1,1425;
Anilin;3;05.04.2016 09:00;0,467956;
Anilin;9;05.04.2016 09:00;0,426283;
Anilin;6;05.04.2016 09:00;0,35192;
Anilin;4;05.04.2016 09:00;0,267646;
Anilin;2;05.04.2016 09:00;0,164106;
Anilin;1;05.04.2016 09:00;0,129585;
Anilin;7;05.04.2016 09:00;0,0799384;
Anilin;5;05.04.2016 09:00;0,0307793;
Natriumchlorid;1;05.04.2016 10:00;0,590764;
Natriumchlorid;8;05.04.2016 10:00;0,441583;
Natriumchlorid;3;05.04.2016 10:00;0,340802;
Natriumchlorid;4;05.04.2016 10:00;0,309883;
Natriumchlorid;7;05.04.2016 10:00;0,105018;
Natriumchlorid;5;05.04.2016 10:00;0,0851181;
Natriumchlorid;2;05.04.2016 10:00;0,0658808;
Natriumchlorid;6;05.04.2016 10:00;0,0528447;
Natriumchlorid;9;05.04.2016 10:00;0,0225521;
Arsen;3;05.04.2016 10:00;2,28432;
Arsen;4;05.04.2016 10:00;0,410669;
Arsen;6;05.04.2016 10:00;0,373184;
Arsen;1;05.04.2016 10:00;0,350546;
Arsen;9;05.04.2016 10:00;0,341478;
Arsen;7;05.04.2016 10:00;0,267254;
Arsen;2;05.04.2016 10:00;0,263406;
Arsen;5;05.04.2016 10:00;0,237341;
Arsen;8;05.04.2016 10:00;0,188296;
Benzol;3;05.04.2016 10:00;1,23538;
Benzol;4;05.04.2016 10:00;0,464587;
Benzol;9;05.04.2016 10:00;0,432214;
Benzol;6;05.04.2016 10:00;0,413205;
Benzol;8;05.04.2016 10:00;0,301162;
Benzol;1;05.04.2016 10:00;0,291029;
Benzol;2;05.04.2016 10:00;0,202678;
Benzol;7;05.04.2016 10:00;0,0604489;
Benzol;5;05.04.2016 10:00;0,014899;
Anilin;3;05.04.2016 10:00;1,49956;
Anilin;7;05.04.2016 10:00;1,19673;
Anilin;4;05.04.2016 10:00;0,525434;
Anilin;6;05.04.2016 10:00;0,220616;
Anilin;1;05.04.2016 10:00;0,201461;
Anilin;5;05.04.2016 10:00;0,145056;
Anilin;9;05.04.2016 10:00;0,103575;
Anilin;2;05.04.2016 10:00;0,0808383;
Anilin;8;05.04.2016 10:00;0,0113954;
Natriumchlorid;3;05.04.2016 11:00;5,28864;
Natriumchlorid;6;05.04.2016 11:00;0,621219;
Natriumchlorid;8;05.04.2016 11:00;0,564278;
Natriumchlorid;7;05.04.2016 11:00;0,414229;
Natriumchlorid;4;05.04.2016 11:00;0,317054;
Natriumchlorid;1;05.04.2016 11:00;0,267986;
Natriumchlorid;5;05.04.2016 11:00;0,179409;
Natriumchlorid;9;05.04.2016 11:00;0,0673838;
Natriumchlorid;2;05.04.2016 11:00;0,0517724;
Arsen;3;05.04.2016 11:00;0,504607;
Arsen;7;05.04.2016 11:00;0,354334;
Arsen;4;05.04.2016 11:00;0,318072;
Arsen;6;05.04.2016 11:00;0,298961;
Arsen;8;05.04.2016 11:00;0,29873;
Arsen;2;05.04.2016 11:00;0,212594;
Arsen;9;05.04.2016 11:00;0,113025;
Arsen;1;05.04.2016 11:00;0,0868284;
Arsen;5;05.04.2016 11:00;0,0808516;
Benzol;9;05.04.2016 11:00;0,559948;
Benzol;6;05.04.2016 11:00;0,491062;
Benzol;5;05.04.2016 11:00;0,40575;
Benzol;3;05.04.2016 11:00;0,369303;
Benzol;2;05.04.2016 11:00;0,274152;
Benzol;7;05.04.2016 11:00;0,21233;
Benzol;8;05.04.2016 11:00;0,185799;
Benzol;1;05.04.2016 11:00;0,115493;
Benzol;4;05.04.2016 11:00;0,0562926;
Anilin;3;05.04.2016 11:00;2,57993;
Anilin;7;05.04.2016 11:00;0,907961;
Anilin;6;05.04.2016 11:00;0,43361;
Anilin;8;05.04.2016 11:00;0,351959;
Anilin;1;05.04.2016 11:00;0,188281;
Anilin;2;05.04.2016 11:00;0,134274;
Anilin;5;05.04.2016 11:00;0,112066;
Anilin;9;05.04.2016 11:00;0,104297;
Anilin;4;05.04.2016 11:00;0,0349799;
Natriumchlorid;3;05.04.2016 12:00;0,718633;
Natriumchlorid;8;05.04.2016 12:00;0,646607;
Natriumchlorid;5;05.04.2016 12:00;0,632818;
Natriumchlorid;7;05.04.2016 12:00;0,622001;
Natriumchlorid;1;05.04.2016 12:00;0,332616;
Natriumchlorid;6;05.04.2016 12:00;0,216016;
Natriumchlorid;2;05.04.2016 12:00;0,196517;
Natriumchlorid;9;05.04.2016 12:00;0,183112;
Natriumchlorid;4;05.04.2016 12:00;0,0910256;
Arsen;8;05.04.2016 12:00;0,93819;
Arsen;3;05.04.2016 12:00;0,851707;
Arsen;7;05.04.2016 12:00;0,382356;
Arsen;4;05.04.2016 12:00;0,329336;
Arsen;1;05.04.2016 12:00;0,285078;
Arsen;6;05.04.2016 12:00;0,191978;
Arsen;9;05.04.2016 12:00;0,154297;
Arsen;2;05.04.2016 12:00;0,121579;
Arsen;5;05.04.2016 12:00;0,0315851;
Benzol;3;05.04.2016 12:00;2,43274;
Benzol;7;05.04.2016 12:00;0,511345;
Benzol;2;05.04.2016 12:00;0,425052;
Benzol;9;05.04.2016 12:00;0,38976;
Benzol;6;05.04.2016 12:00;0,310699;
Benzol;5;05.04.2016 12:00;0,297957;
Benzol;4;05.04.2016 12:00;0,270813;
Benzol;8;05.04.2016 12:00;0,264826;
Benzol;1;05.04.2016 12:00;0,0933938;
Anilin;7;05.04.2016 12:00;1,83769;
Anilin;8;05.04.2016 12:00;0,432824;
Anilin;6;05.04.2016 12:00;0,397973;
Anilin;2;05.04.2016 12:00;0,34254;
Anilin;9;05.04.2016 12:00;0,315514;
Anilin;5;05.04.2016 12:00;0,297664;
Anilin;4;05.04.2016 12:00;0,240334;
Anilin;1;05.04.2016 12:00;0,181118;
Anilin;3;05.04.2016 12:00;0,126625;
Natriumchlorid;2;05.04.2016 13:00;0,691285;
Natriumchlorid;3;05.04.2016 13:00;0,641274;
Natriumchlorid;6;05.04.2016 13:00;0,381607;
Natriumchlorid;9;05.04.2016 13:00;0,165117;
Natriumchlorid;4;05.04.2016 13:00;0,115792;
Natriumchlorid;8;05.04.2016 13:00;0,085099;
Natriumchlorid;1;05.04.2016 13:00;0,0835977;
Natriumchlorid;7;05.04.2016 13:00;0,0637076;
Natriumchlorid;5;05.04.2016 13:00;0,0374403;
Arsen;7;05.04.2016 13:00;1,63698;
Arsen;3;05.04.2016 13:00;0,78802;
Arsen;6;05.04.2016 13:00;0,649094;
Arsen;8;05.04.2016 13:00;0,502091;
Arsen;5;05.04.2016 13:00;0,365731;
Arsen;9;05.04.2016 13:00;0,142949;
Arsen;4;05.04.2016 13:00;0,136343;
Arsen;1;05.04.2016 13:00;0,102112;
Arsen;2;05.04.2016 13:00;0,0411534;
Benzol;7;05.04.2016 13:00;1,23816;
Benzol;8;05.04.2016 13:00;1,15178;
Benzol;6;05.04.2016 13:00;0,613812;
Benzol;5;05.04.2016 13:00;0,537386;
Benzol;9;05.04.2016 13:00;0,408496;
Benzol;4;05.04.2016 13:00;0,288204;
Benzol;1;05.04.2016 13:00;0,258607;
Benzol;2;05.04.2016 13:00;0,243306;
Benzol;3;05.04.2016 13:00;0,203233;
Anilin;3;05.04.2016 13:00;1,69817;
Anilin;6;05.04.2016 13:00;0,724974;
Anilin;7;05.04.2016 13:00;0,420072;
Anilin;1;05.04.2016 13:00;0,318127;
Anilin;8;05.04.2016 13:00;0,202429;
Anilin;2;05.04.2016 13:00;0,194477;
Anilin;4;05.04.2016 13:00;0,145126;
Anilin;5;05.04.2016 13:00;0,0679271;
Anilin;9;05.04.2016 13:00;0,0508924;
Natriumchlorid;7;05.04.2016 14:00;1,21043;
Natriumchlorid;3;05.04.2016 14:00;1,12545;
Natriumchlorid;6;05.04.2016 14:00;0,889708;
Natriumchlorid;9;05.04.2016 14:00;0,618671;
Natriumchlorid;2;05.04.2016 14:00;0,546581;
Natriumchlorid;8;05.04.2016 14:00;0,498523;
Natriumchlorid;1;05.04.2016 14:00;0,337091;
Natriumchlorid;5;05.04.2016 14:00;0,0483756;
Natriumchlorid;4;05.04.2016 14:00;0,024809;
Arsen;7;05.04.2016 14:00;0,904257;
Arsen;6;05.04.2016 14:00;0,461023;
Arsen;1;05.04.2016 14:00;0,452351;
Arsen;9;05.04.2016 14:00;0,383773;
Arsen;8;05.04.2016 14:00;0,244934;
Arsen;5;05.04.2016 14:00;0,242601;
Arsen;2;05.04.2016 14:00;0,223958;
Arsen;3;05.04.2016 14:00;0,157304;
Arsen;4;05.04.2016 14:00;0,119871;
Benzol;3;05.04.2016 14:00;4,07481;
Benzol;7;05.04.2016 14:00;0,698729;
Benzol;6;05.04.2016 14:00;0,584615;
Benzol;5;05.04.2016 14:00;0,226585;
Benzol;4;05.04.2016 14:00;0,157681;
Benzol;2;05.04.2016 14:00;0,148559;
Benzol;1;05.04.2016 14:00;0,137565;
Benzol;9;05.04.2016 14:00;0,0634889;
Benzol;8;05.04.2016 14:00;0,0270278;
Anilin;3;05.04.2016 14:00;1,25476;
Anilin;7;05.04.2016 14:00;0,825138;
Anilin;5;05.04.2016 14:00;0,701932;
Anilin;2;05.04.2016 14:00;0,582071;
Anilin;9;05.04.2016 14:00;0,456056;
Anilin;1;05.04.2016 14:00;0,411069;
Anilin;8;05.04.2016 14:00;0,360724;
Anilin;6;05.04.2016 14:00;0,328159;
Anilin;4;05.04.2016 14:00;0,0431252;
Natriumchlorid;3;05.04.2016 15:00;2,93651;
Natriumchlorid;7;05.04.2016 15:00;1,39833;
Natriumchlorid;6;05.04.2016 15:00;0,467451;
Natriumchlorid;5;05.04.2016 15:00;0,277039;
Natriumchlorid;2;05.04.2016 15:00;0,264894;
Natriumchlorid;8;05.04.2016 15:00;0,26487;
Natriumchlorid;9;05.04.2016 15:00;0,126918;
Natriumchlorid;4;05.04.2016 15:00;0,0690755;
Natriumchlorid;1;05.04.2016 15:00;0,0416829;
Arsen;7;05.04.2016 15:00;1,89092;
Arsen;3;05.04.2016 15:00;0,973213;
Arsen;8;05.04.2016 15:00;0,597088;
Arsen;6;05.04.2016 15:00;0,507754;
Arsen;4;05.04.2016 15:00;0,321919;
Arsen;1;05.04.2016 15:00;0,256757;
Arsen;9;05.04.2016 15:00;0,255468;
Arsen;2;05.04.2016 15:00;0,15831;
Arsen;5;05.04.2016 15:00;0,0223025;
Benzol;2;05.04.2016 15:00;1,00146;
Benzol;3;05.04.2016 15:00;0,775644;
Benzol;1;05.04.2016 15:00;0,511727;
Benzol;6;05.04.2016 15:00;0,492184;
Benzol;7;05.04.2016 15:00;0,450058;
Benzol;9;05.04.2016 15:00;0,428502;
Benzol;8;05.04.2016 15:00;0,100329;
Benzol;4;05.04.2016 15:00;0,0903481;
Benzol;5;05.04.2016 15:00;0,0529452;
Anilin;3;05.04.2016 15:00;1,02925;
Anilin;8;05.04.2016 15:00;0,644317;
Anilin;2;05.04.2016 15:00;0,487335;
Anilin;9;05.04.2016 15:00;0,39896;
Anilin;7;05.04.2016 15:00;0,37477;
Anilin;1;05.04.2016 15:00;0,166392;
Anilin;6;05.04.2016 15:00;0,147208;
Anilin;4;05.04.2016 15:00;0,0931583;
Anilin;5;05.04.2016 15:00;0,0365928;
Natriumchlorid;7;05.04.2016 16:00;0,538437;
Natriumchlorid;2;05.04.2016 16:00;0,517437;
Natriumchlorid;5;05.04.2016 16:00;0,513544;
Natriumchlorid;6;05.04.2016 16:00;0,421992;
Natriumchlorid;8;05.04.2016 16:00;0,410757;
Natriumchlorid;9;05.04.2016 16:00;0,310168;
Natriumchlorid;4;05.04.2016 16:00;0,25035;
Natriumchlorid;1;05.04.2016 16:00;0,0675897;
Natriumchlorid;3;05.04.2016 16:00;0,0547705;
Arsen;8;05.04.2016 16:00;0,881669;
Arsen;7;05.04.2016 16:00;0,684287;
Arsen;5;05.04.2016 16:00;0,444767;
Arsen;3;05.04.2016 16:00;0,429083;
Arsen;6;05.04.2016 16:00;0,310361;
Arsen;1;05.04.2016 16:00;0,299218;
Arsen;2;05.04.2016 16:00;0,1614;
Arsen;4;05.04.2016 16:00;0,0543302;
Arsen;9;05.04.2016 16:00;0,00291327;
Benzol;3;05.04.2016 16:00;2,86069;
Benzol;4;05.04.2016 16:00;0,350607;
Benzol;6;05.04.2016 16:00;0,344086;
Benzol;1;05.04.2016 16:00;0,330678;
Benzol;5;05.04.2016 16:00;0,291453;
Benzol;8;05.04.2016 16:00;0,242456;
Benzol;2;05.04.2016 16:00;0,241798;
Benzol;7;05.04.2016 16:00;0,136033;
Benzol;9;05.04.2016 16:00;0,0879724;
Anilin;3;05.04.2016 16:00;1,17579;
Anilin;7;05.04.2016 16:00;0,540013;
Anilin;8;05.04.2016 16:00;0,374079;
Anilin;9;05.04.2016 16:00;0,360841;
Anilin;6;05.04.2016 16:00;0,283073;
Anilin;2;05.04.2016 16:00;0,178831;
Anilin;1;05.04.2016 16:00;0,157426;
Anilin;4;05.04.2016 16:00;0,149776;
Anilin;5;05.04.2016 16:00;0,0816363;
Natriumchlorid;7;05.04.2016 17:00;0,953341;
Natriumchlorid;2;05.04.2016 17:00;0,721562;
Natriumchlorid;6;05.04.2016 17:00;0,693114;
Natriumchlorid;9;05.04.2016 17:00;0,620747;
Natriumchlorid;3;05.04.2016 17:00;0,608657;
Natriumchlorid;4;05.04.2016 17:00;0,219777;
Natriumchlorid;5;05.04.2016 17:00;0,216351;
Natriumchlorid;8;05.04.2016 17:00;0,133928;
Natriumchlorid;1;05.04.2016 17:00;0,0763446;
Arsen;8;05.04.2016 17:00;0,824279;
Arsen;6;05.04.2016 17:00;0,626457;
Arsen;3;05.04.2016 17:00;0,486511;
Arsen;4;05.04.2016 17:00;0,31472;
Arsen;2;05.04.2016 17:00;0,287341;
Arsen;9;05.04.2016 17:00;0,262757;
Arsen;7;05.04.2016 17:00;0,175852;
Arsen;1;05.04.2016 17:00;0,106896;
Arsen;5;05.04.2016 17:00;0,0772328;
Benzol;2;05.04.2016 17:00;0,910366;
Benzol;4;05.04.2016 17:00;0,553784;
Benzol;9;05.04.2016 17:00;0,413704;
Benzol;8;05.04.2016 17:00;0,366439;
Benzol;6;05.04.2016 17:00;0,319141;
Benzol;5;05.04.2016 17:00;0,233456;
Benzol;3;05.04.2016 17:00;0,182311;
Benzol;7;05.04.2016 17:00;0,138936;
Benzol;1;05.04.2016 17:00;0,0119847;
Anilin;3;05.04.2016 17:00;2,63868;
Anilin;6;05.04.2016 17:00;0,46003;
Anilin;2;05.04.2016 17:00;0,439394;
Anilin;5;05.04.2016 17:00;0,333604;
Anilin;9;05.04.2016 17:00;0,326633;
Anilin;4;05.04.2016 17:00;0,321219;
Anilin;7;05.04.2016 17:00;0,196812;
Anilin;1;05.04.2016 17:00;0,114721;
Anilin;8;05.04.2016 17:00;0,0179777;
Natriumchlorid;3;05.04.2016 18:00;4,99654;
Natriumchlorid;2;05.04.2016 18:00;0,514379;
Natriumchlorid;1;05.04.2016 18:00;0,506523;
Natriumchlorid;4;05.04.2016 18:00;0,500807;
Natriumchlorid;8;05.04.2016 18:00;0,474931;
Natriumchlorid;6;05.04.2016 18:00;0,376946;
Natriumchlorid;9;05.04.2016 18:00;0,302816;
Natriumchlorid;5;05.04.2016 18:00;0,238727;
Natriumchlorid;7;05.04.2016 18:00;0,0729239;
Arsen;3;05.04.2016 18:00;2,12553;
Arsen;7;05.04.2016 18:00;1,37465;
Arsen;8;05.04.2016 18:00;1,06048;
Arsen;6;05.04.2016 18:00;0,275473;
Arsen;1;05.04.2016 18:00;0,268716;
Arsen;9;05.04.2016 18:00;0,197162;
Arsen;2;05.04.2016 18:00;0,157534;
Arsen;4;05.04.2016 18:00;0,0869359;
Arsen;5;05.04.2016 18:00;0,0588949;
Benzol;3;05.04.2016 18:00;0,903344;
Benzol;2;05.04.2016 18:00;0,667383;
Benzol;6;05.04.2016 18:00;0,376345;
Benzol;5;05.04.2016 18:00;0,331532;
Benzol;9;05.04.2016 18:00;0,193426;
Benzol;4;05.04.2016 18:00;0,132209;
Benzol;7;05.04.2016 18:00;0,116925;
Benzol;1;05.04.2016 18:00;0,0592871;
Benzol;8;05.04.2016 18:00;0,00623672;
Anilin;8;05.04.2016 18:00;0,64872;
Anilin;6;05.04.2016 18:00;0,541105;
Anilin;5;05.04.2016 18:00;0,441944;
Anilin;2;05.04.2016 18:00;0,419979;
Anilin;3;05.04.2016 18:00;0,325461;
Anilin;7;05.04.2016 18:00;0,12864;
Anilin;4;05.04.2016 18:00;0,104558;
Anilin;9;05.04.2016 18:00;0,0483756;
Anilin;1;05.04.2016 18:00;0,0293006;
Natriumchlorid;3;05.04.2016 19:00;0,917049;
Natriumchlorid;1;05.04.2016 19:00;0,453644;
Natriumchlorid;6;05.04.2016 19:00;0,415123;
Natriumchlorid;7;05.04.2016 19:00;0,336034;
Natriumchlorid;9;05.04.2016 19:00;0,280892;
Natriumchlorid;8;05.04.2016 19:00;0,249641;
Natriumchlorid;4;05.04.2016 19:00;0,243963;
Natriumchlorid;5;05.04.2016 19:00;0,237668;
Natriumchlorid;2;05.04.2016 19:00;0,162766;
Arsen;3;05.04.2016 19:00;0,761471;
Arsen;6;05.04.2016 19:00;0,559051;
Arsen;1;05.04.2016 19:00;0,464954;
Arsen;7;05.04.2016 19:00;0,367465;
Arsen;5;05.04.2016 19:00;0,240037;
Arsen;9;05.04.2016 19:00;0,227882;
Arsen;4;05.04.2016 19:00;0,135763;
Arsen;8;05.04.2016 19:00;0,0213898;
Arsen;2;05.04.2016 19:00;0,0123311;
Benzol;7;05.04.2016 19:00;0,989942;
Benzol;6;05.04.2016 19:00;0,648663;
Benzol;3;05.04.2016 19:00;0,64406;
Benzol;4;05.04.2016 19:00;0,415663;
Benzol;5;05.04.2016 19:00;0,264012;
Benzol;2;05.04.2016 19:00;0,262322;
Benzol;1;05.04.2016 19:00;0,243901;
Benzol;9;05.04.2016 19:00;0,20368;
Benzol;8;05.04.2016 19:00;0,0129042;
Anilin;3;05.04.2016 19:00;2,06022;
Anilin;7;05.04.2016 19:00;0,758823;
Anilin;2;05.04.2016 19:00;0,512259;
Anilin;6;05.04.2016 19:00;0,508604;
Anilin;1;05.04.2016 19:00;0,356628;
Anilin;8;05.04.2016 19:00;0,352629;
Anilin;4;05.04.2016 19:00;0,259327;
Anilin;5;05.04.2016 19:00;0,256079;
Anilin;9;05.04.2016 19:00;0,198585;
Natriumchlorid;3;05.04.2016 20:00;0,736346;
Natriumchlorid;8;05.04.2016 20:00;0,61466;
Natriumchlorid;4;05.04.2016 20:00;0,518339;
Natriumchlorid;2;05.04.2016 20:00;0,472875;
Natriumchlorid;1;05.04.2016 20:00;0,464733;
Natriumchlorid;5;05.04.2016 20:00;0,286437;
Natriumchlorid;7;05.04.2016 20:00;0,181448;
Natriumchlorid;6;05.04.2016 20:00;0,126217;
Natriumchlorid;9;05.04.2016 20:00;0,0243205;
Arsen;3;05.04.2016 20:00;1,37376;
Arsen;7;05.04.2016 20:00;1,09466;
Arsen;8;05.04.2016 20:00;0,563081;
Arsen;4;05.04.2016 20:00;0,52053;
Arsen;2;05.04.2016 20:00;0,348192;
Arsen;6;05.04.2016 20:00;0,318709;
Arsen;1;05.04.2016 20:00;0,273688;
Arsen;5;05.04.2016 20:00;0,251283;
Arsen;9;05.04.2016 20:00;0,199426;
Benzol;3;05.04.2016 20:00;1,956;
Benzol;7;05.04.2016 20:00;0,61941;
Benzol;8;05.04.2016 20:00;0,537172;
Benzol;1;05.04.2016 20:00;0,421473;
Benzol;9;05.04.2016 20:00;0,406113;
Benzol;6;05.04.2016 20:00;0,315926;
Benzol;5;05.04.2016 20:00;0,235396;
Benzol;2;05.04.2016 20:00;0,203734;
Benzol;4;05.04.2016 20:00;0,00973812;
Anilin;3;05.04.2016 20:00;1,25511;
Anilin;7;05.04.2016 20:00;0,764256;
Anilin;8;05.04.2016 20:00;0,744537;
Anilin;2;05.04.2016 20:00;0,599428;
Anilin;4;05.04.2016 20:00;0,534563;
Anilin;6;05.04.2016 20:00;0,514936;
Anilin;5;05.04.2016 20:00;0,160556;
Anilin;1;05.04.2016 20:00;0,0234328;
Anilin;9;05.04.2016 20:00;0,00229982;
Natriumchlorid;8;05.04.2016 21:00;0,560656;
Natriumchlorid;5;05.04.2016 21:00;0,430541;
Natriumchlorid;3;05.04.2016 21:00;0,343233;
Natriumchlorid;4;05.04.2016 21:00;0,318491;
Natriumchlorid;7;05.04.2016 21:00;0,27628;
Natriumchlorid;9;05.04.2016 21:00;0,207629;
Natriumchlorid;6;05.04.2016 21:00;0,139767;
Natriumchlorid;2;05.04.2016 21:00;0,12798;
Natriumchlorid;1;05.04.2016 21:00;0,123949;
Arsen;7;05.04.2016 21:00;1,19016;
Arsen;3;05.04.2016 21:00;1,02715;
Arsen;2;05.04.2016 21:00;0,66092;
Arsen;6;05.04.2016 21:00;0,569535;
Arsen;8;05.04.2016 21:00;0,426135;
Arsen;1;05.04.2016 21:00;0,299201;
Arsen;9;05.04.2016 21:00;0,148707;
Arsen;4;05.04.2016 21:00;0,0661363;
Arsen;5;05.04.2016 21:00;0,0204033;
Benzol;3;05.04.2016 21:00;1,75598;
Benzol;2;05.04.2016 21:00;0,684461;
Benzol;8;05.04.2016 21:00;0,507158;
Benzol;9;05.04.2016 21:00;0,378585;
Benzol;4;05.04.2016 21:00;0,317926;
Benzol;1;05.04.2016 21:00;0,191283;
Benzol;6;05.04.2016 21:00;0,170082;
Benzol;7;05.04.2016 21:00;0,122462;
Benzol;5;05.04.2016 21:00;0,117905;
Anilin;8;05.04.2016 21:00;1,00333;
Anilin;3;05.04.2016 21:00;0,844273;
Anilin;7;05.04.2016 21:00;0,651043;
Anilin;2;05.04.2016 21:00;0,577509;
Anilin;4;05.04.2016 21:00;0,366855;
Anilin;6;05.04.2016 21:00;0,366653;
Anilin;5;05.04.2016 21:00;0,287293;
Anilin;9;05.04.2016 21:00;0,182866;
Anilin;1;05.04.2016 21:00;0,170294;
Natriumchlorid;8;05.04.2016 22:00;0,793825;
Natriumchlorid;6;05.04.2016 22:00;0,626428;
Natriumchlorid;3;05.04.2016 22:00;0,307276;
Natriumchlorid;7;05.04.2016 22:00;0,305785;
Natriumchlorid;4;05.04.2016 22:00;0,273082;
Natriumchlorid;1;05.04.2016 22:00;0,213867;
Natriumchlorid;2;05.04.2016 22:00;0,179535;
Natriumchlorid;9;05.04.2016 22:00;0,172891;
Natriumchlorid;5;05.04.2016 22:00;0,0950537;
Arsen;7;05.04.2016 22:00;0,896653;
Arsen;9;05.04.2016 22:00;0,554887;
Arsen;3;05.04.2016 22:00;0,404622;
Arsen;6;05.04.2016 22:00;0,332111;
Arsen;4;05.04.2016 22:00;0,18566;
Arsen;5;05.04.2016 22:00;0,178378;
Arsen;1;05.04.2016 22:00;0,151039;
Arsen;2;05.04.2016 22:00;0,144094;
Arsen;8;05.04.2016 22:00;0,0428769;
Benzol;3;05.04.2016 22:00;0,352425;
Benzol;4;05.04.2016 22:00;0,284342;
Benzol;6;05.04.2016 22:00;0,272;
Benzol;1;05.04.2016 22:00;0,208486;
Benzol;8;05.04.2016 22:00;0,175521;
Benzol;7;05.04.2016 22:00;0,103092;
Benzol;5;05.04.2016 22:00;0,0623638;
Benzol;2;05.04.2016 22:00;0,0582201;
Benzol;9;05.04.2016 22:00;0,0472517;
Anilin;3;05.04.2016 22:00;1,2766;
Anilin;9;05.04.2016 22:00;0,621591;
Anilin;7;05.04.2016 22:00;0,470964;
Anilin;6;05.04.2016 22:00;0,407675;
Anilin;5;05.04.2016 22:00;0,31481;
Anilin;1;05.04.2016 22:00;0,228871;
Anilin;8;05.04.2016 22:00;0,167614;
Anilin;4;05.04.2016 22:00;0,0656635;
Anilin;2;05.04.2016 22:00;0,0609777;
Natriumchlorid;7;05.04.2016 23:00;1,41862;
Natriumchlorid;5;05.04.2016 23:00;0,528283;
Natriumchlorid;3;05.04.2016 23:00;0,481514;
Natriumchlorid;4;05.04.2016 23:00;0,458719;
Natriumchlorid;2;05.04.2016 23:00;0,439138;
Natriumchlorid;6;05.04.2016 23:00;0,231623;
Natriumchlorid;8;05.04.2016 23:00;0,210923;
Natriumchlorid;9;05.04.2016 23:00;0,18799;
Natriumchlorid;1;05.04.2016 23:00;0,0693409;
Arsen;3;05.04.2016 23:00;4,12673;
Arsen;9;05.04.2016 23:00;0,61531;
Arsen;8;05.04.2016 23:00;0,473778;
Arsen;6;05.04.2016 23:00;0,419177;
Arsen;7;05.04.2016 23:00;0,301125;
Arsen;4;05.04.2016 23:00;0,197958;
Arsen;1;05.04.2016 23:00;0,191299;
Arsen;5;05.04.2016 23:00;0,114453;
Arsen;2;05.04.2016 23:00;0,0275298;
Benzol;8;05.04.2016 23:00;1,03963;
Benzol;3;05.04.2016 23:00;0,794845;
Benzol;7;05.04.2016 23:00;0,794432;
Benzol;1;05.04.2016 23:00;0,585338;
Benzol;2;05.04.2016 23:00;0,51538;
Benzol;6;05.04.2016 23:00;0,474441;
Benzol;5;05.04.2016 23:00;0,0899389;
Benzol;9;05.04.2016 23:00;0,0680395;
Benzol;4;05.04.2016 23:00;0,0361595;
Anilin;3;05.04.2016 23:00;2,04984;
Anilin;7;05.04.2016 23:00;1,86892;
Anilin;8;05.04.2016 23:00;0,641557;
Anilin;6;05.04.2016 23:00;0,432308;
Anilin;4;05.04.2016 23:00;0,302833;
Anilin;9;05.04.2016 23:00;0,275049;
Anilin;5;05.04.2016 23:00;0,205654;
Anilin;2;05.04.2016 23:00;0,188249;
Anilin;1;05.04.2016 23:00;0,0837232;
Natriumchlorid;3;06.04.2016 01:00;2,62361;
Natriumchlorid;6;06.04.2016 01:00;0,549552;
Natriumchlorid;5;06.04.2016 01:00;0,375776;
Natriumchlorid;2;06.04.2016 01:00;0,325225;
Natriumchlorid;4;06.04.2016 01:00;0,235645;
Natriumchlorid;9;06.04.2016 01:00;0,231177;
Natriumchlorid;7;06.04.2016 01:00;0,228539;
Natriumchlorid;8;06.04.2016 01:00;0,147333;
Natriumchlorid;1;06.04.2016 01:00;0,0929175;
Arsen;7;06.04.2016 01:00;1,57802;
Arsen;8;06.04.2016 01:00;0,706727;
Arsen;3;06.04.2016 01:00;0,594025;
Arsen;6;06.04.2016 01:00;0,502048;
Arsen;9;06.04.2016 01:00;0,416871;
Arsen;5;06.04.2016 01:00;0,402581;
Arsen;4;06.04.2016 01:00;0,360334;
Arsen;1;06.04.2016 01:00;0,340028;
Arsen;2;06.04.2016 01:00;0,226779;
Benzol;9;06.04.2016 01:00;0,496561;
Benzol;6;06.04.2016 01:00;0,37468;
Benzol;8;06.04.2016 01:00;0,294909;
Benzol;7;06.04.2016 01:00;0,22511;
Benzol;5;06.04.2016 01:00;0,217178;
Benzol;4;06.04.2016 01:00;0,194545;
Benzol;1;06.04.2016 01:00;0,135892;
Benzol;3;06.04.2016 01:00;0,0602099;
Benzol;2;06.04.2016 01:00;0,0526294;
Anilin;8;06.04.2016 01:00;0,722318;
Anilin;7;06.04.2016 01:00;0,62097;
Anilin;1;06.04.2016 01:00;0,567461;
Anilin;5;06.04.2016 01:00;0,543376;
Anilin;6;06.04.2016 01:00;0,4634;
Anilin;9;06.04.2016 01:00;0,311391;
Anilin;3;06.04.2016 01:00;0,301674;
Anilin;2;06.04.2016 01:00;0,0859121;
Anilin;4;06.04.2016 01:00;0,0286171;
Natriumchlorid;3;06.04.2016 02:00;1,10149;
Natriumchlorid;8;06.04.2016 02:00;0,463778;
Natriumchlorid;9;06.04.2016 02:00;0,428708;
Natriumchlorid;6;06.04.2016 02:00;0,280102;
Natriumchlorid;4;06.04.2016 02:00;0,219915;
Natriumchlorid;1;06.04.2016 02:00;0,192116;
Natriumchlorid;2;06.04.2016 02:00;0,166501;
Natriumchlorid;5;06.04.2016 02:00;0,142956;
Natriumchlorid;7;06.04.2016 02:00;0,015937;
Arsen;3;06.04.2016 02:00;1,28935;
Arsen;2;06.04.2016 02:00;0,753383;
Arsen;8;06.04.2016 02:00;0,727466;
Arsen;6;06.04.2016 02:00;0,592489;
Arsen;5;06.04.2016 02:00;0,581024;
Arsen;4;06.04.2016 02:00;0,532841;
Arsen;7;06.04.2016 02:00;0,391276;
Arsen;9;06.04.2016 02:00;0,282522;
Arsen;1;06.04.2016 02:00;0,130342;
Benzol;6;06.04.2016 02:00;7,70862;
Benzol;3;06.04.2016 02:00;2,09588;
Benzol;7;06.04.2016 02:00;1,36781;
Benzol;9;06.04.2016 02:00;0,26648;
Benzol;2;06.04.2016 02:00;0,205111;
Benzol;4;06.04.2016 02:00;0,137115;
Benzol;5;06.04.2016 02:00;0,0635276;
Benzol;8;06.04.2016 02:00;0,0620952;
Benzol;1;06.04.2016 02:00;0,0619787;
Anilin;7;06.04.2016 02:00;0,90382;
Anilin;8;06.04.2016 02:00;0,449714;
Anilin;5;06.04.2016 02:00;0,425472;
Anilin;9;06.04.2016 02:00;0,316981;
Anilin;4;06.04.2016 02:00;0,270097;
Anilin;2;06.04.2016 02:00;0,269612;
Anilin;1;06.04.2016 02:00;0,0597108;
Anilin;6;06.04.2016 02:00;0,0326205;
Anilin;3;06.04.2016 02:00;0,0139038;
Natriumchlorid;1;06.04.2016 03:00;0,643968;
Natriumchlorid;6;06.04.2016 03:00;0,617976;
Natriumchlorid;7;06.04.2016 03:00;0,615867;
Natriumchlorid;9;06.04.2016 03:00;0,599486;
Natriumchlorid;2;06.04.2016 03:00;0,463672;
Natriumchlorid;3;06.04.2016 03:00;0,434042;
Natriumchlorid;5;06.04.2016 03:00;0,22657;
Natriumchlorid;8;06.04.2016 03:00;0,155885;
Natriumchlorid;4;06.04.2016 03:00;0,028462;
Arsen;3;06.04.2016 03:00;1,15871;
Arsen;6;06.04.2016 03:00;0,386457;
Arsen;7;06.04.2016 03:00;0,308762;
Arsen;1;06.04.2016 03:00;0,294333;
Arsen;5;06.04.2016 03:00;0,275558;
Arsen;8;06.04.2016 03:00;0,273393;
Arsen;2;06.04.2016 03:00;0,227852;
Arsen;9;06.04.2016 03:00;0,216105;
Arsen;4;06.04.2016 03:00;0,0108156;
Benzol;3;06.04.2016 03:00;1,14658;
Benzol;6;06.04.2016 03:00;0,598289;
Benzol;1;06.04.2016 03:00;0,461103;
Benzol;2;06.04.2016 03:00;0,397942;
Benzol;4;06.04.2016 03:00;0,348986;
Benzol;9;06.04.2016 03:00;0,288625;
Benzol;8;06.04.2016 03:00;0,256221;
Benzol;5;06.04.2016 03:00;0,121752;
Benzol;7;06.04.2016 03:00;0,0903245;
Anilin;7;06.04.2016 03:00;1,8015;
Anilin;3;06.04.2016 03:00;0,927736;
Anilin;6;06.04.2016 03:00;0,664733;
Anilin;8;06.04.2016 03:00;0,60253;
Anilin;2;06.04.2016 03:00;0,575079;
Anilin;5;06.04.2016 03:00;0,473744;
Anilin;1;06.04.2016 03:00;0,262243;
Anilin;9;06.04.2016 03:00;0,255875;
Anilin;4;06.04.2016 03:00;0,163189;
Natriumchlorid;3;06.04.2016 04:00;0,773704;
Natriumchlorid;8;06.04.2016 04:00;0,609448;
Natriumchlorid;6;06.04.2016 04:00;0,591132;
Natriumchlorid;2;06.04.2016 04:00;0,532196;
Natriumchlorid;1;06.04.2016 04:00;0,446327;
Natriumchlorid;7;06.04.2016 04:00;0,402512;
Natriumchlorid;9;06.04.2016 04:00;0,310827;
Natriumchlorid;4;06.04.2016 04:00;0,185475;
Natriumchlorid;5;06.04.2016 04:00;0,0148172;
Arsen;3;06.04.2016 04:00;3,00955;
Arsen;9;06.04.2016 04:00;0,611172;
Arsen;7;06.04.2016 04:00;0,497164;
Arsen;8;06.04.2016 04:00;0,463221;
Arsen;4;06.04.2016 04:00;0,300657;
Arsen;6;06.04.2016 04:00;0,294503;
Arsen;1;06.04.2016 04:00;0,235987;
Arsen;2;06.04.2016 04:00;0,210512;
Arsen;5;06.04.2016 04:00;0,140753;
Benzol;3;06.04.2016 04:00;2,01351;
Benzol;7;06.04.2016 04:00;1,5905;
Benzol;9;06.04.2016 04:00;0,735234;
Benzol;2;06.04.2016 04:00;0,701126;
Benzol;6;06.04.2016 04:00;0,228749;
Benzol;5;06.04.2016 04:00;0,117911;
Benzol;4;06.04.2016 04:00;0,106248;
Benzol;1;06.04.2016 04:00;0,0972016;
Benzol;8;06.04.2016 04:00;0,0848434;
Anilin;7;06.04.2016 04:00;1,32145;
Anilin;4;06.04.2016 04:00;0,319882;
Anilin;1;06.04.2016 04:00;0,24271;
Anilin;5;06.04.2016 04:00;0,230434;
Anilin;2;06.04.2016 04:00;0,148435;
Anilin;3;06.04.2016 04:00;0,111749;
Anilin;6;06.04.2016 04:00;0,0618499;
Anilin;8;06.04.2016 04:00;0,0597007;
Anilin;9;06.04.2016 04:00;0,0279754;
Natriumchlorid;8;06.04.2016 05:00;0,714421;
Natriumchlorid;3;06.04.2016 05:00;0,582057;
Natriumchlorid;7;06.04.2016 05:00;0,397581;
Natriumchlorid;5;06.04.2016 05:00;0,305356;
Natriumchlorid;4;06.04.2016 05:00;0,16392;
Natriumchlorid;1;06.04.2016 05:00;0,156397;
Natriumchlorid;6;06.04.2016 05:00;0,0209299;
Natriumchlorid;9;06.04.2016 05:00;0,0208905;
Natriumchlorid;2;06.04.2016 05:00;0,0107178;
Arsen;8;06.04.2016 05:00;0,847781;
Arsen;3;06.04.2016 05:00;0,75658;
Arsen;9;06.04.2016 05:00;0,583592;
Arsen;6;06.04.2016 05:00;0,410309;
Arsen;2;06.04.2016 05:00;0,366845;
Arsen;4;06.04.2016 05:00;0,298354;
Arsen;7;06.04.2016 05:00;0,126385;
Arsen;1;06.04.2016 05:00;0,0615702;
Arsen;5;06.04.2016 05:00;0,00121584;
Benzol;4;06.04.2016 05:00;0,467141;
Benzol;8;06.04.2016 05:00;0,382109;
Benzol;5;06.04.2016 05:00;0,371626;
Benzol;2;06.04.2016 05:00;0,346067;
Benzol;3;06.04.2016 05:00;0,283634;
Benzol;1;06.04.2016 05:00;0,193657;
Benzol;6;06.04.2016 05:00;0,147751;
Benzol;9;06.04.2016 05:00;0,0862352;
Benzol;7;06.04.2016 05:00;0,0192991;
Anilin;3;06.04.2016 05:00;0,811025;
Anilin;9;06.04.2016 05:00;0,610919;
Anilin;4;06.04.2016 05:00;0,547454;
Anilin;7;06.04.2016 05:00;0,414845;
Anilin;6;06.04.2016 05:00;0,414417;
Anilin;1;06.04.2016 05:00;0,285715;
Anilin;2;06.04.2016 05:00;0,26508;
Anilin;8;06.04.2016 05:00;0,235854;
Anilin;5;06.04.2016 05:00;0,102681;
Natriumchlorid;6;06.04.2016 06:00;69,16677;
Natriumchlorid;6;06.04.2016 06:00;7,08368;
Natriumchlorid;7;06.04.2016 06:00;1,26785;
Natriumchlorid;3;06.04.2016 06:00;1,15546;
Natriumchlorid;2;06.04.2016 06:00;0,826026;
Natriumchlorid;1;06.04.2016 06:00;0,235909;
Natriumchlorid;9;06.04.2016 06:00;0,218147;
Natriumchlorid;4;06.04.2016 06:00;0,168962;
Natriumchlorid;5;06.04.2016 06:00;0,166374;
Natriumchlorid;8;06.04.2016 06:00;0,149235;
Arsen;8;06.04.2016 06:00;0,601696;
Arsen;6;06.04.2016 06:00;0,412899;
Arsen;9;06.04.2016 06:00;0,38792;
Arsen;5;06.04.2016 06:00;0,315749;
Arsen;3;06.04.2016 06:00;0,271148;
Arsen;4;06.04.2016 06:00;0,236531;
Arsen;1;06.04.2016 06:00;0,211106;
Arsen;2;06.04.2016 06:00;0,194621;
Arsen;7;06.04.2016 06:00;0,122233;
Benzol;3;06.04.2016 06:00;2,01923;
Benzol;6;06.04.2016 06:00;0,49882;
Benzol;9;06.04.2016 06:00;0,491467;
Benzol;4;06.04.2016 06:00;0,436747;
Benzol;5;06.04.2016 06:00;0,291487;
Benzol;2;06.04.2016 06:00;0,158755;
Benzol;7;06.04.2016 06:00;0,0813144;
Benzol;8;06.04.2016 06:00;0,0607103;
Benzol;1;06.04.2016 06:00;0,0310996;
Anilin;3;06.04.2016 06:00;0,833401;
Anilin;8;06.04.2016 06:00;0,545936;
Anilin;9;06.04.2016 06:00;0,286605;
Anilin;5;06.04.2016 06:00;0,25757;
Anilin;2;06.04.2016 06:00;0,200993;
Anilin;1;06.04.2016 06:00;0,193213;
Anilin;4;06.04.2016 06:00;0,17688;
Anilin;7;06.04.2016 06:00;0,0287864;
Natriumchlorid;6;06.04.2016 07:00;84,82578;
Natriumchlorid;6;06.04.2016 07:00;9,02047;
Natriumchlorid;3;06.04.2016 07:00;1,83089;
Natriumchlorid;8;06.04.2016 07:00;1,09519;
Natriumchlorid;9;06.04.2016 07:00;0,513126;
Natriumchlorid;2;06.04.2016 07:00;0,282618;
Natriumchlorid;7;06.04.2016 07:00;0,205234;
Natriumchlorid;1;06.04.2016 07:00;0,172968;
Natriumchlorid;4;06.04.2016 07:00;0,0772696;
Natriumchlorid;5;06.04.2016 07:00;0,0372099;
Arsen;8;06.04.2016 07:00;1,18697;
Arsen;7;06.04.2016 07:00;0,88732;
Arsen;6;06.04.2016 07:00;0,593757;
Arsen;5;06.04.2016 07:00;0,482889;
Arsen;3;06.04.2016 07:00;0,387465;
Arsen;2;06.04.2016 07:00;0,27815;
Arsen;1;06.04.2016 07:00;0,0783574;
Arsen;9;06.04.2016 07:00;0,074301;
Arsen;4;06.04.2016 07:00;0,0730123;
Benzol;3;06.04.2016 07:00;1,33533;
Benzol;2;06.04.2016 07:00;0,748584;
Benzol;8;06.04.2016 07:00;0,718438;
Benzol;7;06.04.2016 07:00;0,599208;
Benzol;6;06.04.2016 07:00;0,581475;
Benzol;1;06.04.2016 07:00;0,289825;
Benzol;9;06.04.2016 07:00;0,189967;
Benzol;4;06.04.2016 07:00;0,122698;
Benzol;5;06.04.2016 07:00;0,0771586;
Anilin;8;06.04.2016 07:00;1,34321;
Anilin;9;06.04.2016 07:00;0,474802;
Anilin;4;06.04.2016 07:00;0,352912;
Anilin;7;06.04.2016 07:00;0,250398;
Anilin;3;06.04.2016 07:00;0,137129;
Anilin;1;06.04.2016 07:00;0,128257;
Anilin;5;06.04.2016 07:00;0,104828;
Anilin;2;06.04.2016 07:00;0,0580797;
Natriumchlorid;3;06.04.2016 08:00;4,5871;
Natriumchlorid;6;06.04.2016 08:00;0,557231;
Natriumchlorid;9;06.04.2016 08:00;0,534192;
Natriumchlorid;7;06.04.2016 08:00;0,302097;
Natriumchlorid;1;06.04.2016 08:00;0,224934;
Natriumchlorid;8;06.04.2016 08:00;0,18714;
Natriumchlorid;2;06.04.2016 08:00;0,116216;
Natriumchlorid;5;06.04.2016 08:00;0,0905969;
Natriumchlorid;4;06.04.2016 08:00;0,0764929;
Arsen;3;06.04.2016 08:00;1,99956;
Arsen;6;06.04.2016 08:00;0,642263;
Arsen;1;06.04.2016 08:00;0,541586;
Arsen;8;06.04.2016 08:00;0,525835;
Arsen;7;06.04.2016 08:00;0,478379;
Arsen;9;06.04.2016 08:00;0,227449;
Arsen;4;06.04.2016 08:00;0,173199;
Arsen;5;06.04.2016 08:00;0,112824;
Arsen;2;06.04.2016 08:00;0,109187;
Benzol;7;06.04.2016 08:00;0,618414;
Benzol;2;06.04.2016 08:00;0,432477;
Benzol;9;06.04.2016 08:00;0,43072;
Benzol;5;06.04.2016 08:00;0,421728;
Benzol;6;06.04.2016 08:00;0,334892;
Benzol;8;06.04.2016 08:00;0,308433;
Benzol;4;06.04.2016 08:00;0,21632;
Benzol;3;06.04.2016 08:00;0,191573;
Benzol;1;06.04.2016 08:00;0,018587;
Anilin;3;06.04.2016 08:00;3,04901;
Anilin;7;06.04.2016 08:00;0,712149;
Anilin;8;06.04.2016 08:00;0,67453;
Anilin;6;06.04.2016 08:00;0,587849;
Anilin;1;06.04.2016 08:00;0,466879;
Anilin;2;06.04.2016 08:00;0,116957;
Anilin;9;06.04.2016 08:00;0,0486001;
Anilin;4;06.04.2016 08:00;0,0303115;
Anilin;5;06.04.2016 08:00;0,00540952;
Natriumchlorid;2;06.04.2016 09:00;0,783554;
Natriumchlorid;3;06.04.2016 09:00;0,746068;
Natriumchlorid;6;06.04.2016 09:00;0,327425;
Natriumchlorid;9;06.04.2016 09:00;0,284041;
Natriumchlorid;1;06.04.2016 09:00;0,249498;
Natriumchlorid;4;06.04.2016 09:00;0,239507;
Natriumchlorid;5;06.04.2016 09:00;0,18776;
Natriumchlorid;8;06.04.2016 09:00;0,0557714;
Natriumchlorid;7;06.04.2016 09:00;0,0271047;
Arsen;3;06.04.2016 09:00;0,837105;
Arsen;8;06.04.2016 09:00;0,667524;
Arsen;6;06.04.2016 09:00;0,512759;
Arsen;2;06.04.2016 09:00;0,336783;
Arsen;5;06.04.2016 09:00;0,287614;
Arsen;4;06.04.2016 09:00;0,13297;
Arsen;7;06.04.2016 09:00;0,11654;
Arsen;9;06.04.2016 09:00;0,0261954;
Arsen;1;06.04.2016 09:00;0,0118419;
Benzol;3;06.04.2016 09:00;0,614447;
Benzol;5;06.04.2016 09:00;0,581211;
Benzol;6;06.04.2016 09:00;0,347198;
Benzol;4;06.04.2016 09:00;0,20916;
Benzol;8;06.04.2016 09:00;0,166255;
Benzol;7;06.04.2016 09:00;0,156662;
Benzol;1;06.04.2016 09:00;0,112762;
Benzol;2;06.04.2016 09:00;0,0472361;
Benzol;9;06.04.2016 09:00;0,0166695;
Anilin;3;06.04.2016 09:00;1,29548;
Anilin;7;06.04.2016 09:00;0,73979;
Anilin;6;06.04.2016 09:00;0,565515;
Anilin;9;06.04.2016 09:00;0,370216;
Anilin;1;06.04.2016 09:00;0,174249;
Anilin;4;06.04.2016 09:00;0,102429;
Anilin;2;06.04.2016 09:00;0,101782;
Anilin;8;06.04.2016 09:00;0,0191579;
Anilin;5;06.04.2016 09:00;0,0140832;
Natriumchlorid;2;06.04.2016 10:00;0,754202;
Natriumchlorid;1;06.04.2016 10:00;0,646707;
Natriumchlorid;8;06.04.2016 10:00;0,64075;
Natriumchlorid;6;06.04.2016 10:00;0,494265;
Natriumchlorid;3;06.04.2016 10:00;0,417075;
Natriumchlorid;9;06.04.2016 10:00;0,329582;
Natriumchlorid;5;06.04.2016 10:00;0,312813;
Natriumchlorid;7;06.04.2016 10:00;0,263195;
Natriumchlorid;4;06.04.2016 10:00;0,0733674;
Arsen;3;06.04.2016 10:00;1,67255;
Arsen;6;06.04.2016 10:00;0,84451;
Arsen;7;06.04.2016 10:00;0,843729;
Arsen;9;06.04.2016 10:00;0,253246;
Arsen;8;06.04.2016 10:00;0,114641;
Arsen;2;06.04.2016 10:00;0,107261;
Arsen;5;06.04.2016 10:00;0,0965025;
Arsen;1;06.04.2016 10:00;0,0362453;
Arsen;4;06.04.2016 10:00;0,013148;
Benzol;9;06.04.2016 10:00;1,06141;
Benzol;3;06.04.2016 10:00;0,778487;
Benzol;1;06.04.2016 10:00;0,287732;
Benzol;8;06.04.2016 10:00;0,193489;
Benzol;5;06.04.2016 10:00;0,185046;
Benzol;2;06.04.2016 10:00;0,166685;
Benzol;4;06.04.2016 10:00;0,124541;
Benzol;7;06.04.2016 10:00;0,0498472;
Benzol;6;06.04.2016 10:00;0,0275437;
Anilin;3;06.04.2016 10:00;1,59771;
Anilin;6;06.04.2016 10:00;0,806115;
Anilin;2;06.04.2016 10:00;0,643964;
Anilin;8;06.04.2016 10:00;0,550524;
Anilin;9;06.04.2016 10:00;0,548009;
Anilin;1;06.04.2016 10:00;0,222284;
Anilin;4;06.04.2016 10:00;0,0870976;
Anilin;7;06.04.2016 10:00;0,0549546;
Anilin;5;06.04.2016 10:00;0,0208812;
Natriumchlorid;2;06.04.2016 11:00;0,777589;
Natriumchlorid;8;06.04.2016 11:00;0,60703;
Natriumchlorid;4;06.04.2016 11:00;0,565331;
Natriumchlorid;9;06.04.2016 11:00;0,426893;
Natriumchlorid;6;06.04.2016 11:00;0,400359;
Natriumchlorid;1;06.04.2016 11:00;0,333858;
Natriumchlorid;5;06.04.2016 11:00;0,0502049;
Natriumchlorid;7;06.04.2016 11:00;0,0346568;
Natriumchlorid;3;06.04.2016 11:00;0,0145301;
Arsen;8;06.04.2016 11:00;0,609729;
Arsen;7;06.04.2016 11:00;0,571114;
Arsen;6;06.04.2016 11:00;0,410355;
Arsen;9;06.04.2016 11:00;0,249325;
Arsen;3;06.04.2016 11:00;0,197812;
Arsen;2;06.04.2016 11:00;0,171074;
Arsen;5;06.04.2016 11:00;0,162083;
Arsen;4;06.04.2016 11:00;0,121096;
Arsen;1;06.04.2016 11:00;0,0889944;
Benzol;3;06.04.2016 11:00;3,0381;
Benzol;5;06.04.2016 11:00;0,839556;
Benzol;7;06.04.2016 11:00;0,738248;
Benzol;9;06.04.2016 11:00;0,724671;
Benzol;4;06.04.2016 11:00;0,423347;
Benzol;2;06.04.2016 11:00;0,37911;
Benzol;1;06.04.2016 11:00;0,363028;
Benzol;6;06.04.2016 11:00;0,206316;
Benzol;8;06.04.2016 11:00;0,0708621;
Anilin;3;06.04.2016 11:00;1,21778;
Anilin;8;06.04.2016 11:00;0,630666;
Anilin;2;06.04.2016 11:00;0,54683;
Anilin;5;06.04.2016 11:00;0,365644;
Anilin;9;06.04.2016 11:00;0,299859;
Anilin;1;06.04.2016 11:00;0,275854;
Anilin;6;06.04.2016 11:00;0,248987;
Anilin;4;06.04.2016 11:00;0,138278;
Anilin;7;06.04.2016 11:00;0,0627053;
Natriumchlorid;5;06.04.2016 12:00;5,48174;
Natriumchlorid;3;06.04.2016 12:00;2,0939;
Natriumchlorid;8;06.04.2016 12:00;0,904837;
Natriumchlorid;7;06.04.2016 12:00;0,783228;
Natriumchlorid;5;06.04.2016 12:00;0,699887;
Natriumchlorid;9;06.04.2016 12:00;0,260335;
Natriumchlorid;4;06.04.2016 12:00;0,250082;
Natriumchlorid;6;06.04.2016 12:00;0,247354;
Natriumchlorid;2;06.04.2016 12:00;0,244646;
Natriumchlorid;1;06.04.2016 12:00;0,0699273;
Arsen;6;06.04.2016 12:00;0,519167;
Arsen;2;06.04.2016 12:00;0,300416;
Arsen;1;06.04.2016 12:00;0,247292;
Arsen;8;06.04.2016 12:00;0,195729;
Arsen;3;06.04.2016 12:00;0,150923;
Arsen;7;06.04.2016 12:00;0,0848401;
Arsen;5;06.04.2016 12:00;0,0783445;
Arsen;4;06.04.2016 12:00;0,0655485;
Arsen;9;06.04.2016 12:00;0,05864;
Benzol;5;06.04.2016 12:00;2,74587;
Benzol;8;06.04.2016 12:00;0,367667;
Benzol;9;06.04.2016 12:00;0,353569;
Benzol;7;06.04.2016 12:00;0,332988;
Benzol;6;06.04.2016 12:00;0,224944;
Benzol;1;06.04.2016 12:00;0,205348;
Benzol;2;06.04.2016 12:00;0,176808;
Benzol;3;06.04.2016 12:00;0,134062;
Benzol;4;06.04.2016 12:00;0,0082329;
Anilin;3;06.04.2016 12:00;0,767546;
Anilin;8;06.04.2016 12:00;0,559264;
Anilin;2;06.04.2016 12:00;0,453377;
Anilin;7;06.04.2016 12:00;0,407545;
Anilin;9;06.04.2016 12:00;0,258735;
Anilin;4;06.04.2016 12:00;0,205156;
Anilin;1;06.04.2016 12:00;0,0467597;
Anilin;6;06.04.2016 12:00;0,040963;
Natriumchlorid;5;06.04.2016 13:00;56,81271;
Natriumchlorid;9;06.04.2016 13:00;8,5164;
Natriumchlorid;5;06.04.2016 13:00;5,66384;
Natriumchlorid;3;06.04.2016 13:00;0,821306;
Natriumchlorid;6;06.04.2016 13:00;0,77491;
Natriumchlorid;4;06.04.2016 13:00;0,381267;
Natriumchlorid;7;06.04.2016 13:00;0,343447;
Natriumchlorid;2;06.04.2016 13:00;0,318973;
Natriumchlorid;8;06.04.2016 13:00;0,265314;
Natriumchlorid;1;06.04.2016 13:00;0,196366;
Arsen;3;06.04.2016 13:00;2,27326;
Arsen;8;06.04.2016 13:00;0,459722;
Arsen;9;06.04.2016 13:00;0,379819;
Arsen;7;06.04.2016 13:00;0,375151;
Arsen;5;06.04.2016 13:00;0,30376;
Arsen;1;06.04.2016 13:00;0,24525;
Arsen;2;06.04.2016 13:00;0,178922;
Arsen;4;06.04.2016 13:00;0,119456;
Arsen;6;06.04.2016 13:00;0,0777451;
Benzol;3;06.04.2016 13:00;2,27364;
Benzol;8;06.04.2016 13:00;0,720922;
Benzol;7;06.04.2016 13:00;0,606892;
Benzol;6;06.04.2016 13:00;0,547115;
Benzol;5;06.04.2016 13:00;0,524802;
Benzol;1;06.04.2016 13:00;0,306377;
Benzol;2;06.04.2016 13:00;0,138855;
Benzol;4;06.04.2016 13:00;0,120696;
Benzol;9;06.04.2016 13:00;0,104725;
Anilin;8;06.04.2016 13:00;0,735185;
Anilin;3;06.04.2016 13:00;0,73109;
Anilin;6;06.04.2016 13:00;0,538002;
Anilin;7;06.04.2016 13:00;0,477355;
Anilin;9;06.04.2016 13:00;0,457172;
Anilin;4;06.04.2016 13:00;0,178655;
Anilin;1;06.04.2016 13:00;0,0689996;
Anilin;2;06.04.2016 13:00;0,0615079;
Natriumchlorid;9;06.04.2016 14:00;8,87838;
Natriumchlorid;3;06.04.2016 14:00;1,56617;
Natriumchlorid;7;06.04.2016 14:00;1,01941;
Natriumchlorid;6;06.04.2016 14:00;0,565839;
Natriumchlorid;4;06.04.2016 14:00;0,504412;
Natriumchlorid;5;06.04.2016 14:00;0,145961;
Natriumchlorid;2;06.04.2016 14:00;0,139772;
Natriumchlorid;8;06.04.2016 14:00;0,0766655;
Natriumchlorid;1;06.04.2016 14:00;0,0480019;
Arsen;3;06.04.2016 14:00;2,17633;
Arsen;7;06.04.2016 14:00;1,8675;
Arsen;6;06.04.2016 14:00;0,838562;
Arsen;1;06.04.2016 14:00;0,518829;
Arsen;8;06.04.2016 14:00;0,445276;
Arsen;9;06.04.2016 14:00;0,153116;
Arsen;4;06.04.2016 14:00;0,121306;
Arsen;2;06.04.2016 14:00;0,0945108;
Arsen;5;06.04.2016 14:00;0,0716803;
Benzol;7;06.04.2016 14:00;0,910622;
Benzol;2;06.04.2016 14:00;0,867398;
Benzol;1;06.04.2016 14:00;0,607566;
Benzol;8;06.04.2016 14:00;0,572369;
Benzol;5;06.04.2016 14:00;0,4849;
Benzol;3;06.04.2016 14:00;0,378855;
Benzol;9;06.04.2016 14:00;0,345237;
Benzol;4;06.04.2016 14:00;0,298613;
Benzol;6;06.04.2016 14:00;0,0488186;
Anilin;8;06.04.2016 14:00;0,983112;
Anilin;6;06.04.2016 14:00;0,584124;
Anilin;3;06.04.2016 14:00;0,396967;
Anilin;5;06.04.2016 14:00;0,394566;
Anilin;2;06.04.2016 14:00;0,360458;
Anilin;1;06.04.2016 14:00;0,241897;
Anilin;4;06.04.2016 14:00;0,131982;
Anilin;9;06.04.2016 14:00;0,127996;
Anilin;7;06.04.2016 14:00;0,11927;
Natriumchlorid;9;06.04.2016 15:00;1,19615;
Natriumchlorid;7;06.04.2016 15:00;1,16062;
Natriumchlorid;3;06.04.2016 15:00;0,722643;
Natriumchlorid;8;06.04.2016 15:00;0,649946;
Natriumchlorid;6;06.04.2016 15:00;0,518017;
Natriumchlorid;5;06.04.2016 15:00;0,395921;
Natriumchlorid;4;06.04.2016 15:00;0,16701;
Natriumchlorid;2;06.04.2016 15:00;0,151766;
Natriumchlorid;1;06.04.2016 15:00;0,0423899;
Arsen;3;06.04.2016 15:00;1,56835;
Arsen;9;06.04.2016 15:00;0,572978;
Arsen;8;06.04.2016 15:00;0,553385;
Arsen;4;06.04.2016 15:00;0,43561;
Arsen;6;06.04.2016 15:00;0,42657;
Arsen;5;06.04.2016 15:00;0,383517;
Arsen;1;06.04.2016 15:00;0,254356;
Arsen;7;06.04.2016 15:00;0,203558;
Arsen;2;06.04.2016 15:00;0,00166785;
Benzol;5;06.04.2016 15:00;0,366942;
Benzol;2;06.04.2016 15:00;0,298744;
Benzol;9;06.04.2016 15:00;0,225813;
Benzol;3;06.04.2016 15:00;0,193803;
Benzol;6;06.04.2016 15:00;0,185754;
Benzol;1;06.04.2016 15:00;0,125146;
Benzol;8;06.04.2016 15:00;0,12149;
Benzol;4;06.04.2016 15:00;0,0572616;
Benzol;7;06.04.2016 15:00;0,0228386;
Anilin;3;06.04.2016 15:00;2,55912;
Anilin;7;06.04.2016 15:00;2,11817;
Anilin;2;06.04.2016 15:00;0,610203;
Anilin;1;06.04.2016 15:00;0,451809;
Anilin;6;06.04.2016 15:00;0,445344;
Anilin;5;06.04.2016 15:00;0,436285;
Anilin;4;06.04.2016 15:00;0,279136;
Anilin;8;06.04.2016 15:00;0,14531;
Anilin;9;06.04.2016 15:00;0,124918;
Natriumchlorid;3;06.04.2016 16:00;3,84803;
Natriumchlorid;7;06.04.2016 16:00;1,39193;
Natriumchlorid;8;06.04.2016 16:00;0,899722;
Natriumchlorid;6;06.04.2016 16:00;0,523452;
Natriumchlorid;4;06.04.2016 16:00;0,317726;
Natriumchlorid;5;06.04.2016 16:00;0,285916;
Natriumchlorid;2;06.04.2016 16:00;0,181444;
Natriumchlorid;1;06.04.2016 16:00;0,170124;
Natriumchlorid;9;06.04.2016 16:00;0,0943734;
Arsen;3;06.04.2016 16:00;1,01309;
Arsen;6;06.04.2016 16:00;0,752187;
Arsen;4;06.04.2016 16:00;0,323711;
Arsen;9;06.04.2016 16:00;0,322214;
Arsen;8;06.04.2016 16:00;0,215598;
Arsen;5;06.04.2016 16:00;0,181269;
Arsen;2;06.04.2016 16:00;0,0630632;
Arsen;1;06.04.2016 16:00;0,0577941;
Arsen;7;06.04.2016 16:00;0,0272956;
Benzol;6;06.04.2016 16:00;0,390794;
Benzol;8;06.04.2016 16:00;0,321361;
Benzol;7;06.04.2016 16:00;0,315268;
Benzol;2;06.04.2016 16:00;0,226656;
Benzol;3;06.04.2016 16:00;0,126251;
Benzol;5;06.04.2016 16:00;0,124672;
Benzol;1;06.04.2016 16:00;0,103877;
Benzol;4;06.04.2016 16:00;0,0976676;
Benzol;9;06.04.2016 16:00;0,0840522;
Anilin;3;06.04.2016 16:00;1,01848;
Anilin;8;06.04.2016 16:00;0,557808;
Anilin;7;06.04.2016 16:00;0,455349;
Anilin;1;06.04.2016 16:00;0,438078;
Anilin;9;06.04.2016 16:00;0,289031;
Anilin;6;06.04.2016 16:00;0,278799;
Anilin;2;06.04.2016 16:00;0,271943;
Anilin;4;06.04.2016 16:00;0,165784;
Anilin;5;06.04.2016 16:00;0,0158004;
Natriumchlorid;3;06.04.2016 17:00;3,02491;
Natriumchlorid;8;06.04.2016 17:00;0,764756;
Natriumchlorid;9;06.04.2016 17:00;0,579254;
Natriumchlorid;2;06.04.2016 17:00;0,478354;
Natriumchlorid;6;06.04.2016 17:00;0,350155;
Natriumchlorid;5;06.04.2016 17:00;0,280715;
Natriumchlorid;4;06.04.2016 17:00;0,097969;
Natriumchlorid;7;06.04.2016 17:00;0,013514;
Natriumchlorid;1;06.04.2016 17:00;0,013077;
Arsen;3;06.04.2016 17:00;1,17049;
Arsen;8;06.04.2016 17:00;0,892981;
Arsen;7;06.04.2016 17:00;0,570142;
Arsen;2;06.04.2016 17:00;0,470978;
Arsen;6;06.04.2016 17:00;0,311999;
Arsen;1;06.04.2016 17:00;0,275098;
Arsen;5;06.04.2016 17:00;0,150597;
Arsen;4;06.04.2016 17:00;0,142179;
Arsen;9;06.04.2016 17:00;0,113076;
Benzol;3;06.04.2016 17:00;2,66142;
Benzol;2;06.04.2016 17:00;0,714623;
Benzol;9;06.04.2016 17:00;0,537641;
Benzol;1;06.04.2016 17:00;0,476582;
Benzol;6;06.04.2016 17:00;0,469658;
Benzol;8;06.04.2016 17:00;0,391686;
Benzol;7;06.04.2016 17:00;0,349945;
Benzol;5;06.04.2016 17:00;0,288389;
Benzol;4;06.04.2016 17:00;0,203772;
Anilin;3;06.04.2016 17:00;2,3348;
Anilin;8;06.04.2016 17:00;0,937284;
Anilin;6;06.04.2016 17:00;0,584545;
Anilin;7;06.04.2016 17:00;0,390142;
Anilin;5;06.04.2016 17:00;0,292218;
Anilin;9;06.04.2016 17:00;0,170143;
Anilin;1;06.04.2016 17:00;0,135988;
Anilin;2;06.04.2016 17:00;0,131375;
Anilin;4;06.04.2016 17:00;0,107646;
Natriumchlorid;3;06.04.2016 18:00;1,40315;
Natriumchlorid;8;06.04.2016 18:00;0,916167;
Natriumchlorid;2;06.04.2016 18:00;0,647953;
Natriumchlorid;1;06.04.2016 18:00;0,322195;
Natriumchlorid;6;06.04.2016 18:00;0,304417;
Natriumchlorid;4;06.04.2016 18:00;0,202339;
Natriumchlorid;9;06.04.2016 18:00;0,0854969;
Natriumchlorid;5;06.04.2016 18:00;0,0491289;
Natriumchlorid;7;06.04.2016 18:00;0,0313416;
Arsen;7;06.04.2016 18:00;3,33948;
Arsen;8;06.04.2016 18:00;1,10122;
Arsen;3;06.04.2016 18:00;0,384299;
Arsen;4;06.04.2016 18:00;0,305426;
Arsen;9;06.04.2016 18:00;0,258672;
Arsen;2;06.04.2016 18:00;0,19973;
Arsen;1;06.04.2016 18:00;0,136487;
Arsen;5;06.04.2016 18:00;0,131965;
Arsen;6;06.04.2016 18:00;0,124093;
Benzol;2;06.04.2016 18:00;0,755242;
Benzol;3;06.04.2016 18:00;0,607671;
Benzol;7;06.04.2016 18:00;0,4304;
Benzol;6;06.04.2016 18:00;0,301715;
Benzol;5;06.04.2016 18:00;0,260575;
Benzol;8;06.04.2016 18:00;0,112625;
Benzol;9;06.04.2016 18:00;0,0588557;
Benzol;1;06.04.2016 18:00;0,0378601;
Benzol;4;06.04.2016 18:00;0,0292124;
Anilin;3;06.04.2016 18:00;2,78766;
Anilin;8;06.04.2016 18:00;0,92888;
Anilin;7;06.04.2016 18:00;0,696791;
Anilin;2;06.04.2016 18:00;0,53986;
Anilin;6;06.04.2016 18:00;0,49901;
Anilin;1;06.04.2016 18:00;0,476184;
Anilin;4;06.04.2016 18:00;0,285234;
Anilin;9;06.04.2016 18:00;0,133115;
Anilin;5;06.04.2016 18:00;0,0587773;
Natriumchlorid;3;06.04.2016 19:00;1,50631;
Natriumchlorid;6;06.04.2016 19:00;0,675828;
Natriumchlorid;2;06.04.2016 19:00;0,61223;
Natriumchlorid;9;06.04.2016 19:00;0,433419;
Natriumchlorid;1;06.04.2016 19:00;0,337091;
Natriumchlorid;8;06.04.2016 19:00;0,227832;
Natriumchlorid;5;06.04.2016 19:00;0,210646;
Natriumchlorid;4;06.04.2016 19:00;0,199258;
Natriumchlorid;7;06.04.2016 19:00;0,106341;
Arsen;3;06.04.2016 19:00;1,82678;
Arsen;5;06.04.2016 19:00;0,473432;
Arsen;7;06.04.2016 19:00;0,453655;
Arsen;8;06.04.2016 19:00;0,332624;
Arsen;9;06.04.2016 19:00;0,172551;
Arsen;2;06.04.2016 19:00;0,16722;
Arsen;4;06.04.2016 19:00;0,0951007;
Arsen;1;06.04.2016 19:00;0,0410879;
Arsen;6;06.04.2016 19:00;0,00551458;
Benzol;7;06.04.2016 19:00;0,538062;
Benzol;8;06.04.2016 19:00;0,310945;
Benzol;3;06.04.2016 19:00;0,279346;
Benzol;6;06.04.2016 19:00;0,266754;
Benzol;9;06.04.2016 19:00;0,25628;
Benzol;5;06.04.2016 19:00;0,208854;
Benzol;4;06.04.2016 19:00;0,16684;
Benzol;2;06.04.2016 19:00;0,154539;
Benzol;1;06.04.2016 19:00;0,0239764;
Anilin;8;06.04.2016 19:00;0,902943;
Anilin;6;06.04.2016 19:00;0,515189;
Anilin;4;06.04.2016 19:00;0,393611;
Anilin;1;06.04.2016 19:00;0,289707;
Anilin;9;06.04.2016 19:00;0,230139;
Anilin;7;06.04.2016 19:00;0,211369;
Anilin;5;06.04.2016 19:00;0,141488;
Anilin;3;06.04.2016 19:00;0,0261803;
Anilin;2;06.04.2016 19:00;0,0163224;
Natriumchlorid;8;06.04.2016 20:00;0,971918;
Natriumchlorid;3;06.04.2016 20:00;0,948299;
Natriumchlorid;6;06.04.2016 20:00;0,718993;
Natriumchlorid;7;06.04.2016 20:00;0,602647;
Natriumchlorid;9;06.04.2016 20:00;0,330849;
Natriumchlorid;2;06.04.2016 20:00;0,23135;
Natriumchlorid;4;06.04.2016 20:00;0,18868;
Natriumchlorid;1;06.04.2016 20:00;0,130901;
Natriumchlorid;5;06.04.2016 20:00;0,0135972;
Arsen;3;06.04.2016 20:00;2,24691;
Arsen;8;06.04.2016 20:00;0,590309;
Arsen;2;06.04.2016 20:00;0,527381;
Arsen;6;06.04.2016 20:00;0,450856;
Arsen;5;06.04.2016 20:00;0,407183;
Arsen;4;06.04.2016 20:00;0,352544;
Arsen;7;06.04.2016 20:00;0,304511;
Arsen;9;06.04.2016 20:00;0,199992;
Arsen;1;06.04.2016 20:00;0,0943734;
Benzol;3;06.04.2016 20:00;2,10735;
Benzol;2;06.04.2016 20:00;0,648411;
Benzol;8;06.04.2016 20:00;0,433868;
Benzol;6;06.04.2016 20:00;0,407705;
Benzol;9;06.04.2016 20:00;0,255246;
Benzol;7;06.04.2016 20:00;0,220233;
Benzol;5;06.04.2016 20:00;0,207797;
Benzol;4;06.04.2016 20:00;0,155064;
Benzol;1;06.04.2016 20:00;0,00692655;
Anilin;6;06.04.2016 20:00;0,724175;
Anilin;3;06.04.2016 20:00;0,566347;
Anilin;9;06.04.2016 20:00;0,332769;
Anilin;4;06.04.2016 20:00;0,319935;
Anilin;5;06.04.2016 20:00;0,185291;
Anilin;2;06.04.2016 20:00;0,116718;
Anilin;1;06.04.2016 20:00;0,0994393;
Anilin;7;06.04.2016 20:00;0,0733984;
Anilin;8;06.04.2016 20:00;0,0664162;
Natriumchlorid;8;06.04.2016 21:00;0,823313;
Natriumchlorid;7;06.04.2016 21:00;0,466869;
Natriumchlorid;3;06.04.2016 21:00;0,440152;
Natriumchlorid;9;06.04.2016 21:00;0,273295;
Natriumchlorid;6;06.04.2016 21:00;0,191452;
Natriumchlorid;2;06.04.2016 21:00;0,190069;
Natriumchlorid;1;06.04.2016 21:00;0,0818184;
Natriumchlorid;5;06.04.2016 21:00;0,0299163;
Natriumchlorid;4;06.04.2016 21:00;0,0209137;
Arsen;3;06.04.2016 21:00;1,30756;
Arsen;8;06.04.2016 21:00;0,923933;
Arsen;1;06.04.2016 21:00;0,597926;
Arsen;7;06.04.2016 21:00;0,596459;
Arsen;4;06.04.2016 21:00;0,511161;
Arsen;6;06.04.2016 21:00;0,383373;
Arsen;2;06.04.2016 21:00;0,221924;
Arsen;9;06.04.2016 21:00;0,157869;
Arsen;5;06.04.2016 21:00;0,146136;
Benzol;2;06.04.2016 21:00;0,956852;
Benzol;4;06.04.2016 21:00;0,33138;
Benzol;5;06.04.2016 21:00;0,312454;
Benzol;3;06.04.2016 21:00;0,21723;
Benzol;9;06.04.2016 21:00;0,172456;
Benzol;8;06.04.2016 21:00;0,169045;
Benzol;6;06.04.2016 21:00;0,0980975;
Benzol;7;06.04.2016 21:00;0,0607037;
Benzol;1;06.04.2016 21:00;0,0381204;
Anilin;3;06.04.2016 21:00;1,60954;
Anilin;7;06.04.2016 21:00;1,47727;
Anilin;2;06.04.2016 21:00;0,701126;
Anilin;9;06.04.2016 21:00;0,467627;
Anilin;6;06.04.2016 21:00;0,464511;
Anilin;5;06.04.2016 21:00;0,157384;
Anilin;8;06.04.2016 21:00;0,126127;
Anilin;1;06.04.2016 21:00;0,110088;
Anilin;4;06.04.2016 21:00;0,0420176;
Natriumchlorid;7;06.04.2016 22:00;1,20784;
Natriumchlorid;8;06.04.2016 22:00;0,438508;
Natriumchlorid;3;06.04.2016 22:00;0,405171;
Natriumchlorid;6;06.04.2016 22:00;0,340913;
Natriumchlorid;1;06.04.2016 22:00;0,327588;
Natriumchlorid;2;06.04.2016 22:00;0,310866;
Natriumchlorid;5;06.04.2016 22:00;0,290452;
Natriumchlorid;9;06.04.2016 22:00;0,206235;
Natriumchlorid;4;06.04.2016 22:00;0,142015;
Arsen;3;06.04.2016 22:00;2,98295;
Arsen;6;06.04.2016 22:00;0,540223;
Arsen;4;06.04.2016 22:00;0,494283;
Arsen;1;06.04.2016 22:00;0,429563;
Arsen;7;06.04.2016 22:00;0,314061;
Arsen;2;06.04.2016 22:00;0,222426;
Arsen;5;06.04.2016 22:00;0,0691515;
Arsen;8;06.04.2016 22:00;0,0372344;
Arsen;9;06.04.2016 22:00;0,0364806;
Benzol;3;06.04.2016 22:00;3,27819;
Benzol;8;06.04.2016 22:00;1,10874;
Benzol;7;06.04.2016 22:00;0,927943;
Benzol;6;06.04.2016 22:00;0,502886;
Benzol;2;06.04.2016 22:00;0,429799;
Benzol;1;06.04.2016 22:00;0,419283;
Benzol;5;06.04.2016 22:00;0,229923;
Benzol;9;06.04.2016 22:00;0,101232;
Benzol;4;06.04.2016 22:00;0,0426229;
Anilin;3;06.04.2016 22:00;0,447921;
Anilin;9;06.04.2016 22:00;0,406922;
Anilin;4;06.04.2016 22:00;0,402811;
Anilin;7;06.04.2016 22:00;0,320617;
Anilin;5;06.04.2016 22:00;0,266319;
Anilin;6;06.04.2016 22:00;0,226085;
Anilin;2;06.04.2016 22:00;0,221169;
Anilin;1;06.04.2016 22:00;0,192769;
Anilin;8;06.04.2016 22:00;0,0464185;
Natriumchlorid;3;06.04.2016 23:00;2,6895;
Natriumchlorid;6;06.04.2016 23:00;0,559618;
Natriumchlorid;1;06.04.2016 23:00;0,340946;
Natriumchlorid;9;06.04.2016 23:00;0,294025;
Natriumchlorid;5;06.04.2016 23:00;0,251156;
Natriumchlorid;2;06.04.2016 23:00;0,227028;
Natriumchlorid;8;06.04.2016 23:00;0,0866618;
Natriumchlorid;4;06.04.2016 23:00;0,0838348;
Natriumchlorid;7;06.04.2016 23:00;0,045673;
Arsen;3;06.04.2016 23:00;1,82308;
Arsen;7;06.04.2016 23:00;0,922754;
Arsen;2;06.04.2016 23:00;0,359687;
Arsen;6;06.04.2016 23:00;0,241746;
Arsen;8;06.04.2016 23:00;0,185376;
Arsen;9;06.04.2016 23:00;0,120202;
Arsen;1;06.04.2016 23:00;0,118825;
Arsen;5;06.04.2016 23:00;0,0827645;
Arsen;4;06.04.2016 23:00;0,0128659;
Benzol;3;06.04.2016 23:00;2,1378;
Benzol;9;06.04.2016 23:00;0,429415;
Benzol;6;06.04.2016 23:00;0,356773;
Benzol;2;06.04.2016 23:00;0,349047;
Benzol;1;06.04.2016 23:00;0,23655;
Benzol;5;06.04.2016 23:00;0,228917;
Benzol;7;06.04.2016 23:00;0,217575;
Benzol;8;06.04.2016 23:00;0,0640313;
Benzol;4;06.04.2016 23:00;0,0330266;
Anilin;7;06.04.2016 23:00;1,03318;
Anilin;2;06.04.2016 23:00;0,861561;
Anilin;8;06.04.2016 23:00;0,562781;
Anilin;6;06.04.2016 23:00;0,408425;
Anilin;4;06.04.2016 23:00;0,332731;
Anilin;3;06.04.2016 23:00;0,204557;
Anilin;5;06.04.2016 23:00;0,182252;
Anilin;1;06.04.2016 23:00;0,112487;
Anilin;9;06.04.2016 23:00;0,0551616;
Natriumchlorid;3;07.04.2016 00:00;2,66669;
Natriumchlorid;4;07.04.2016 00:00;1,52442;
Natriumchlorid;8;07.04.2016 00:00;0,379168;
Natriumchlorid;1;07.04.2016 00:00;0,295806;
Natriumchlorid;2;07.04.2016 00:00;0,241481;
Natriumchlorid;6;07.04.2016 00:00;0,209302;
Natriumchlorid;5;07.04.2016 00:00;0,183173;
Natriumchlorid;9;07.04.2016 00:00;0,0771405;
Natriumchlorid;7;07.04.2016 00:00;0,0580903;
Arsen;9;07.04.2016 00:00;2,27902;
Arsen;7;07.04.2016 00:00;0,879593;
Arsen;8;07.04.2016 00:00;0,74953;
Arsen;3;07.04.2016 00:00;0,613328;
Arsen;6;07.04.2016 00:00;0,463722;
Arsen;5;07.04.2016 00:00;0,363926;
Arsen;4;07.04.2016 00:00;0,28159;
Arsen;2;07.04.2016 00:00;0,18906;
Arsen;1;07.04.2016 00:00;0,104965;
Benzol;4;07.04.2016 00:00;3,18022;
Benzol;3;07.04.2016 00:00;2,64058;
Benzol;8;07.04.2016 00:00;0,760325;
Benzol;6;07.04.2016 00:00;0,464527;
Benzol;5;07.04.2016 00:00;0,372002;
Benzol;9;07.04.2016 00:00;0,343529;
Benzol;2;07.04.2016 00:00;0,283418;
Benzol;7;07.04.2016 00:00;0,181212;
Benzol;1;07.04.2016 00:00;0,146421;
Anilin;4;07.04.2016 00:00;10,84269;
Anilin;7;07.04.2016 00:00;4,04616;
Anilin;9;07.04.2016 00:00;0,421954;
Anilin;2;07.04.2016 00:00;0,421298;
Anilin;3;07.04.2016 00:00;0,409034;
Anilin;6;07.04.2016 00:00;0,225661;
Anilin;5;07.04.2016 00:00;0,213696;
Anilin;1;07.04.2016 00:00;0,143163;
Anilin;8;07.04.2016 00:00;0,0280912;
Natriumchlorid;2;07.04.2016 01:00;0,983188;
Natriumchlorid;7;07.04.2016 01:00;0,540633;
Natriumchlorid;4;07.04.2016 01:00;0,464339;
Natriumchlorid;3;07.04.2016 01:00;0,303567;
Natriumchlorid;6;07.04.2016 01:00;0,286091;
Natriumchlorid;8;07.04.2016 01:00;0,233388;
Natriumchlorid;5;07.04.2016 01:00;0,141328;
Natriumchlorid;9;07.04.2016 01:00;0,0540555;
Natriumchlorid;1;07.04.2016 01:00;0,0409297;
Arsen;3;07.04.2016 01:00;6,28941;
Arsen;9;07.04.2016 01:00;2,75024;
Arsen;7;07.04.2016 01:00;1,52003;
Arsen;6;07.04.2016 01:00;0,476067;
Arsen;8;07.04.2016 01:00;0,359094;
Arsen;4;07.04.2016 01:00;0,288389;
Arsen;2;07.04.2016 01:00;0,255655;
Arsen;5;07.04.2016 01:00;0,130147;
Arsen;1;07.04.2016 01:00;0,00777829;
Benzol;4;07.04.2016 01:00;7,20073;
Benzol;8;07.04.2016 01:00;0,692748;
Benzol;3;07.04.2016 01:00;0,618663;
Benzol;2;07.04.2016 01:00;0,369185;
Benzol;7;07.04.2016 01:00;0,301659;
Benzol;6;07.04.2016 01:00;0,153869;
Benzol;5;07.04.2016 01:00;0,152928;
Benzol;9;07.04.2016 01:00;0,0916969;
Benzol;1;07.04.2016 01:00;0,0475791;
Anilin;4;07.04.2016 01:00;4,24396;
Anilin;8;07.04.2016 01:00;0,812331;
Anilin;3;07.04.2016 01:00;0,627439;
Anilin;5;07.04.2016 01:00;0,509986;
Anilin;2;07.04.2016 01:00;0,401045;
Anilin;9;07.04.2016 01:00;0,387635;
Anilin;6;07.04.2016 01:00;0,180214;
Anilin;7;07.04.2016 01:00;0,14711;
Anilin;1;07.04.2016 01:00;0,00682878;
Natriumchlorid;4;07.04.2016 02:00;3,95404;
Natriumchlorid;7;07.04.2016 02:00;2,2572;
Natriumchlorid;3;07.04.2016 02:00;1,78242;
Natriumchlorid;8;07.04.2016 02:00;0,35539;
Natriumchlorid;6;07.04.2016 02:00;0,172991;
Natriumchlorid;5;07.04.2016 02:00;0,14093;
Natriumchlorid;9;07.04.2016 02:00;0,124771;
Natriumchlorid;1;07.04.2016 02:00;0,0536459;
Natriumchlorid;2;07.04.2016 02:00;0,0362537;
Arsen;9;07.04.2016 02:00;4,99491;
Arsen;7;07.04.2016 02:00;0,807247;
Arsen;3;07.04.2016 02:00;0,712864;
Arsen;2;07.04.2016 02:00;0,700989;
Arsen;4;07.04.2016 02:00;0,463043;
Arsen;6;07.04.2016 02:00;0,41388;
Arsen;8;07.04.2016 02:00;0,286899;
Arsen;5;07.04.2016 02:00;0,127287;
Arsen;1;07.04.2016 02:00;0,0157359;
Benzol;4;07.04.2016 02:00;4,76547;
Benzol;7;07.04.2016 02:00;0,99156;
Benzol;6;07.04.2016 02:00;0,681935;
Benzol;8;07.04.2016 02:00;0,493044;
Benzol;1;07.04.2016 02:00;0,473666;
Benzol;3;07.04.2016 02:00;0,169841;
Benzol;2;07.04.2016 02:00;0,157944;
Benzol;9;07.04.2016 02:00;0,153128;
Benzol;5;07.04.2016 02:00;0,0869539;
Anilin;4;07.04.2016 02:00;38,21998;
Anilin;3;07.04.2016 02:00;1,05017;
Anilin;7;07.04.2016 02:00;0,775892;
Anilin;8;07.04.2016 02:00;0,589385;
Anilin;6;07.04.2016 02:00;0,298926;
Anilin;2;07.04.2016 02:00;0,293484;
Anilin;5;07.04.2016 02:00;0,282556;
Anilin;9;07.04.2016 02:00;0,276577;
Anilin;1;07.04.2016 02:00;0,191835;
Natriumchlorid;3;07.04.2016 03:00;2,10318;
Natriumchlorid;4;07.04.2016 03:00;1,02208;
Natriumchlorid;6;07.04.2016 03:00;0,703683;
Natriumchlorid;7;07.04.2016 03:00;0,34655;
Natriumchlorid;2;07.04.2016 03:00;0,336491;
Natriumchlorid;1;07.04.2016 03:00;0,169752;
Natriumchlorid;5;07.04.2016 03:00;0,0737785;
Natriumchlorid;8;07.04.2016 03:00;0,0405913;
Natriumchlorid;9;07.04.2016 03:00;0,00574953;
Arsen;9;07.04.2016 03:00;2,31834;
Arsen;3;07.04.2016 03:00;2,09654;
Arsen;6;07.04.2016 03:00;0,530394;
Arsen;5;07.04.2016 03:00;0,435304;
Arsen;2;07.04.2016 03:00;0,320204;
Arsen;7;07.04.2016 03:00;0,289897;
Arsen;8;07.04.2016 03:00;0,119397;
Arsen;1;07.04.2016 03:00;0,0657657;
Arsen;4;07.04.2016 03:00;0,0160633;
Benzol;3;07.04.2016 03:00;0,761057;
Benzol;7;07.04.2016 03:00;0,476786;
Benzol;9;07.04.2016 03:00;0,472152;
Benzol;6;07.04.2016 03:00;0,438743;
Benzol;1;07.04.2016 03:00;0,217349;
Benzol;5;07.04.2016 03:00;0,162986;
Benzol;8;07.04.2016 03:00;0,105288;
Benzol;4;07.04.2016 03:00;0,0836356;
Benzol;2;07.04.2016 03:00;0,0234916;
Anilin;4;07.04.2016 03:00;6,59079;
Anilin;3;07.04.2016 03:00;1,49759;
Anilin;7;07.04.2016 03:00;0,666958;
Anilin;8;07.04.2016 03:00;0,637165;
Anilin;6;07.04.2016 03:00;0,564956;
Anilin;2;07.04.2016 03:00;0,275845;
Anilin;1;07.04.2016 03:00;0,265931;
Anilin;5;07.04.2016 03:00;0,103489;
Anilin;9;07.04.2016 03:00;0,0279313;
Natriumchlorid;3;07.04.2016 04:00;3,62879;
Natriumchlorid;4;07.04.2016 04:00;1,50687;
Natriumchlorid;7;07.04.2016 04:00;0,82857;
Natriumchlorid;2;07.04.2016 04:00;0,4542;
Natriumchlorid;8;07.04.2016 04:00;0,442137;
Natriumchlorid;1;07.04.2016 04:00;0,317835;
Natriumchlorid;9;07.04.2016 04:00;0,2522;
Natriumchlorid;5;07.04.2016 04:00;0,166126;
Natriumchlorid;6;07.04.2016 04:00;0,0340982;
Arsen;9;07.04.2016 04:00;1,65642;
Arsen;3;07.04.2016 04:00;1,49707;
Arsen;7;07.04.2016 04:00;1,18298;
Arsen;8;07.04.2016 04:00;0,569453;
Arsen;1;07.04.2016 04:00;0,435763;
Arsen;2;07.04.2016 04:00;0,302673;
Arsen;5;07.04.2016 04:00;0,273524;
Arsen;6;07.04.2016 04:00;0,16552;
Arsen;4;07.04.2016 04:00;0,00143443;
Benzol;4;07.04.2016 04:00;2,83962;
Benzol;7;07.04.2016 04:00;1,48116;
Benzol;3;07.04.2016 04:00;1,08462;
Benzol;6;07.04.2016 04:00;0,598158;
Benzol;8;07.04.2016 04:00;0,564478;
Benzol;1;07.04.2016 04:00;0,443928;
Benzol;9;07.04.2016 04:00;0,275459;
Benzol;5;07.04.2016 04:00;0,0795996;
Benzol;2;07.04.2016 04:00;0,0240131;
Anilin;4;07.04.2016 04:00;10,80163;
Anilin;8;07.04.2016 04:00;0,73964;
Anilin;3;07.04.2016 04:00;0,529534;
Anilin;5;07.04.2016 04:00;0,240097;
Anilin;1;07.04.2016 04:00;0,212194;
Anilin;2;07.04.2016 04:00;0,179995;
Anilin;6;07.04.2016 04:00;0,13064;
Anilin;9;07.04.2016 04:00;0,126705;
Anilin;7;07.04.2016 04:00;0,00242353;
Natriumchlorid;3;07.04.2016 05:00;1,30383;
Natriumchlorid;8;07.04.2016 05:00;0,805571;
Natriumchlorid;7;07.04.2016 05:00;0,507099;
Natriumchlorid;1;07.04.2016 05:00;0,373179;
Natriumchlorid;5;07.04.2016 05:00;0,258097;
Natriumchlorid;4;07.04.2016 05:00;0,142143;
Natriumchlorid;6;07.04.2016 05:00;0,130223;
Natriumchlorid;2;07.04.2016 05:00;0,0891908;
Natriumchlorid;9;07.04.2016 05:00;0,081946;
Arsen;3;07.04.2016 05:00;0,980474;
Arsen;9;07.04.2016 05:00;0,872032;
Arsen;6;07.04.2016 05:00;0,371005;
Arsen;5;07.04.2016 05:00;0,309367;
Arsen;2;07.04.2016 05:00;0,252213;
Arsen;7;07.04.2016 05:00;0,166667;
Arsen;1;07.04.2016 05:00;0,143625;
Arsen;8;07.04.2016 05:00;0,111436;
Arsen;4;07.04.2016 05:00;0,0043013;
Benzol;3;07.04.2016 05:00;3,22506;
Benzol;4;07.04.2016 05:00;0,643808;
Benzol;5;07.04.2016 05:00;0,575088;
Benzol;2;07.04.2016 05:00;0,562028;
Benzol;7;07.04.2016 05:00;0,504482;
Benzol;1;07.04.2016 05:00;0,416789;
Benzol;9;07.04.2016 05:00;0,159806;
Benzol;8;07.04.2016 05:00;0,0915867;
Benzol;6;07.04.2016 05:00;0,0105405;
Anilin;3;07.04.2016 05:00;6,01689;
Anilin;2;07.04.2016 05:00;1,10648;
Anilin;6;07.04.2016 05:00;0,554722;
Anilin;4;07.04.2016 05:00;0,459532;
Anilin;7;07.04.2016 05:00;0,369413;
Anilin;1;07.04.2016 05:00;0,346134;
Anilin;5;07.04.2016 05:00;0,138367;
Anilin;9;07.04.2016 05:00;0,0829098;
Anilin;8;07.04.2016 05:00;0,00271607;
Natriumchlorid;7;07.04.2016 06:00;0,918165;
Natriumchlorid;6;07.04.2016 06:00;0,289369;
Natriumchlorid;1;07.04.2016 06:00;0,275607;
Natriumchlorid;4;07.04.2016 06:00;0,259023;
Natriumchlorid;5;07.04.2016 06:00;0,250966;
Natriumchlorid;8;07.04.2016 06:00;0,153165;
Natriumchlorid;2;07.04.2016 06:00;0,13647;
Natriumchlorid;3;07.04.2016 06:00;0,0699085;
Natriumchlorid;9;07.04.2016 06:00;0,0263975;
Arsen;3;07.04.2016 06:00;1,14286;
Arsen;5;07.04.2016 06:00;0,623875;
Arsen;4;07.04.2016 06:00;0,333303;
Arsen;2;07.04.2016 06:00;0,274234;
Arsen;1;07.04.2016 06:00;0,262271;
Arsen;8;07.04.2016 06:00;0,257232;
Arsen;6;07.04.2016 06:00;0,113572;
Arsen;7;07.04.2016 06:00;0,108047;
Arsen;9;07.04.2016 06:00;0,0162498;
Benzol;3;07.04.2016 06:00;3,38674;
Benzol;7;07.04.2016 06:00;1,45839;
Benzol;9;07.04.2016 06:00;0,525605;
Benzol;2;07.04.2016 06:00;0,481896;
Benzol;5;07.04.2016 06:00;0,298781;
Benzol;1;07.04.2016 06:00;0,293797;
Benzol;6;07.04.2016 06:00;0,240235;
Benzol;8;07.04.2016 06:00;0,20582;
Benzol;4;07.04.2016 06:00;0,103634;
Anilin;3;07.04.2016 06:00;2,19709;
Anilin;2;07.04.2016 06:00;1,07377;
Anilin;5;07.04.2016 06:00;0,654853;
Anilin;8;07.04.2016 06:00;0,644907;
Anilin;1;07.04.2016 06:00;0,613867;
Anilin;4;07.04.2016 06:00;0,462003;
Anilin;7;07.04.2016 06:00;0,446486;
Anilin;6;07.04.2016 06:00;0,402257;
Anilin;9;07.04.2016 06:00;0,0502453;
Natriumchlorid;3;07.04.2016 07:00;1,20523;
Natriumchlorid;8;07.04.2016 07:00;0,660334;
Natriumchlorid;2;07.04.2016 07:00;0,458937;
Natriumchlorid;6;07.04.2016 07:00;0,387975;
Natriumchlorid;9;07.04.2016 07:00;0,382633;
Natriumchlorid;4;07.04.2016 07:00;0,324601;
Natriumchlorid;5;07.04.2016 07:00;0,300917;
Natriumchlorid;1;07.04.2016 07:00;0,272101;
Natriumchlorid;7;07.04.2016 07:00;0,181612;
Arsen;3;07.04.2016 07:00;2,48559;
Arsen;8;07.04.2016 07:00;0,924639;
Arsen;2;07.04.2016 07:00;0,680886;
Arsen;6;07.04.2016 07:00;0,484844;
Arsen;5;07.04.2016 07:00;0,305919;
Arsen;9;07.04.2016 07:00;0,302013;
Arsen;4;07.04.2016 07:00;0,213374;
Arsen;1;07.04.2016 07:00;0,119814;
Arsen;7;07.04.2016 07:00;0,101169;
Benzol;3;07.04.2016 07:00;2,27499;
Benzol;8;07.04.2016 07:00;0,518781;
Benzol;4;07.04.2016 07:00;0,389137;
Benzol;9;07.04.2016 07:00;0,363327;
Benzol;7;07.04.2016 07:00;0,350129;
Benzol;6;07.04.2016 07:00;0,32146;
Benzol;2;07.04.2016 07:00;0,252923;
Benzol;5;07.04.2016 07:00;0,241053;
Benzol;1;07.04.2016 07:00;0,082681;
Anilin;3;07.04.2016 07:00;0,896049;
Anilin;5;07.04.2016 07:00;0,46444;
Anilin;4;07.04.2016 07:00;0,390529;
Anilin;9;07.04.2016 07:00;0,351563;
Anilin;6;07.04.2016 07:00;0,342302;
Anilin;7;07.04.2016 07:00;0,337968;
Anilin;8;07.04.2016 07:00;0,303778;
Anilin;2;07.04.2016 07:00;0,138204;
Anilin;1;07.04.2016 07:00;0,128893;
Natriumchlorid;2;07.04.2016 08:00;0,428135;
Natriumchlorid;7;07.04.2016 08:00;0,373807;
Natriumchlorid;3;07.04.2016 08:00;0,373604;
Natriumchlorid;4;07.04.2016 08:00;0,342699;
Natriumchlorid;5;07.04.2016 08:00;0,196978;
Natriumchlorid;1;07.04.2016 08:00;0,169907;
Natriumchlorid;8;07.04.2016 08:00;0,0689694;
Natriumchlorid;6;07.04.2016 08:00;0,0677495;
Natriumchlorid;9;07.04.2016 08:00;0,0112288;
Arsen;8;07.04.2016 08:00;0,866234;
Arsen;1;07.04.2016 08:00;0,553346;
Arsen;7;07.04.2016 08:00;0,545976;
Arsen;6;07.04.2016 08:00;0,34995;
Arsen;4;07.04.2016 08:00;0,298751;
Arsen;3;07.04.2016 08:00;0,249643;
Arsen;2;07.04.2016 08:00;0,212961;
Arsen;9;07.04.2016 08:00;0,0178931;
Arsen;5;07.04.2016 08:00;0,0104558;
Benzol;7;07.04.2016 08:00;1,15271;
Benzol;5;07.04.2016 08:00;0,496791;
Benzol;6;07.04.2016 08:00;0,395846;
Benzol;8;07.04.2016 08:00;0,355955;
Benzol;4;07.04.2016 08:00;0,259886;
Benzol;1;07.04.2016 08:00;0,246893;
Benzol;3;07.04.2016 08:00;0,178721;
Benzol;2;07.04.2016 08:00;0,0449069;
Benzol;9;07.04.2016 08:00;0,0218937;
Anilin;8;07.04.2016 08:00;1,21199;
Anilin;2;07.04.2016 08:00;0,850407;
Anilin;3;07.04.2016 08:00;0,667774;
Anilin;6;07.04.2016 08:00;0,554495;
Anilin;1;07.04.2016 08:00;0,401816;
Anilin;4;07.04.2016 08:00;0,225674;
Anilin;9;07.04.2016 08:00;0,183772;
Anilin;5;07.04.2016 08:00;0,174202;
Anilin;7;07.04.2016 08:00;0,129355;
Natriumchlorid;8;07.04.2016 09:00;1,13083;
Natriumchlorid;6;07.04.2016 09:00;0,488204;
Natriumchlorid;2;07.04.2016 09:00;0,32635;
Natriumchlorid;7;07.04.2016 09:00;0,261035;
Natriumchlorid;4;07.04.2016 09:00;0,226786;
Natriumchlorid;5;07.04.2016 09:00;0,194055;
Natriumchlorid;3;07.04.2016 09:00;0,160912;
Natriumchlorid;1;07.04.2016 09:00;0,153321;
Natriumchlorid;9;07.04.2016 09:00;0,110614;
Arsen;3;07.04.2016 09:00;1,77962;
Arsen;8;07.04.2016 09:00;0,834294;
Arsen;6;07.04.2016 09:00;0,692266;
Arsen;4;07.04.2016 09:00;0,343965;
Arsen;7;07.04.2016 09:00;0,273144;
Arsen;1;07.04.2016 09:00;0,252055;
Arsen;9;07.04.2016 09:00;0,0224844;
Arsen;2;07.04.2016 09:00;0,0172437;
Arsen;5;07.04.2016 09:00;0,00463585;
Benzol;3;07.04.2016 09:00;1,96367;
Benzol;7;07.04.2016 09:00;1,24779;
Benzol;8;07.04.2016 09:00;0,436141;
Benzol;6;07.04.2016 09:00;0,286379;
Benzol;5;07.04.2016 09:00;0,265237;
Benzol;1;07.04.2016 09:00;0,154452;
Benzol;2;07.04.2016 09:00;0,11488;
Benzol;4;07.04.2016 09:00;0,050262;
Benzol;9;07.04.2016 09:00;0,0120055;
Anilin;3;07.04.2016 09:00;2,57048;
Anilin;6;07.04.2016 09:00;0,439413;
Anilin;5;07.04.2016 09:00;0,394886;
Anilin;1;07.04.2016 09:00;0,355073;
Anilin;4;07.04.2016 09:00;0,354578;
Anilin;2;07.04.2016 09:00;0,340926;
Anilin;7;07.04.2016 09:00;0,330892;
Anilin;9;07.04.2016 09:00;0,249261;
Anilin;8;07.04.2016 09:00;0,0353988;
Natriumchlorid;8;07.04.2016 10:00;0,785125;
Natriumchlorid;3;07.04.2016 10:00;0,608264;
Natriumchlorid;6;07.04.2016 10:00;0,604275;
Natriumchlorid;7;07.04.2016 10:00;0,595365;
Natriumchlorid;9;07.04.2016 10:00;0,552983;
Natriumchlorid;2;07.04.2016 10:00;0,483349;
Natriumchlorid;1;07.04.2016 10:00;0,437581;
Natriumchlorid;5;07.04.2016 10:00;0,303567;
Natriumchlorid;4;07.04.2016 10:00;0,0942922;
Arsen;7;07.04.2016 10:00;0,726786;
Arsen;8;07.04.2016 10:00;0,509093;
Arsen;2;07.04.2016 10:00;0,473679;
Arsen;6;07.04.2016 10:00;0,338367;
Arsen;1;07.04.2016 10:00;0,307631;
Arsen;4;07.04.2016 10:00;0,305391;
Arsen;5;07.04.2016 10:00;0,203737;
Arsen;3;07.04.2016 10:00;0,137003;
Arsen;9;07.04.2016 10:00;0,0361312;
Benzol;7;07.04.2016 10:00;0,768994;
Benzol;6;07.04.2016 10:00;0,689752;
Benzol;5;07.04.2016 10:00;0,316202;
Benzol;2;07.04.2016 10:00;0,30665;
Benzol;1;07.04.2016 10:00;0,141586;
Benzol;4;07.04.2016 10:00;0,131089;
Benzol;8;07.04.2016 10:00;0,0442481;
Benzol;3;07.04.2016 10:00;0,0401813;
Benzol;9;07.04.2016 10:00;0,00642619;
Anilin;7;07.04.2016 10:00;0,689718;
Anilin;6;07.04.2016 10:00;0,631795;
Anilin;3;07.04.2016 10:00;0,571621;
Anilin;5;07.04.2016 10:00;0,456265;
Anilin;1;07.04.2016 10:00;0,224394;
Anilin;2;07.04.2016 10:00;0,184253;
Anilin;4;07.04.2016 10:00;0,183978;
Anilin;8;07.04.2016 10:00;0,104606;
Anilin;9;07.04.2016 10:00;0,0828189;
Natriumchlorid;3;07.04.2016 11:00;0,662761;
Natriumchlorid;5;07.04.2016 11:00;0,657782;
Natriumchlorid;8;07.04.2016 11:00;0,64086;
Natriumchlorid;7;07.04.2016 11:00;0,515559;
Natriumchlorid;6;07.04.2016 11:00;0,486756;
Natriumchlorid;4;07.04.2016 11:00;0,346414;
Natriumchlorid;9;07.04.2016 11:00;0,201354;
Natriumchlorid;2;07.04.2016 11:00;0,0441693;
Natriumchlorid;1;07.04.2016 11:00;0,00587959;
Arsen;3;07.04.2016 11:00;2,20688;
Arsen;8;07.04.2016 11:00;1,04903;
Arsen;2;07.04.2016 11:00;0,855275;
Arsen;6;07.04.2016 11:00;0,455405;
Arsen;4;07.04.2016 11:00;0,358757;
Arsen;9;07.04.2016 11:00;0,285933;
Arsen;7;07.04.2016 11:00;0,204931;
Arsen;1;07.04.2016 11:00;0,170418;
Arsen;5;07.04.2016 11:00;0,133212;
Benzol;3;07.04.2016 11:00;0,460611;
Benzol;6;07.04.2016 11:00;0,459342;
Benzol;8;07.04.2016 11:00;0,343649;
Benzol;5;07.04.2016 11:00;0,225258;
Benzol;7;07.04.2016 11:00;0,219977;
Benzol;1;07.04.2016 11:00;0,1616;
Benzol;2;07.04.2016 11:00;0,066845;
Benzol;4;07.04.2016 11:00;0,0635471;
Benzol;9;07.04.2016 11:00;0,0302897;
Anilin;3;07.04.2016 11:00;2,29136;
Anilin;1;07.04.2016 11:00;0,603037;
Anilin;5;07.04.2016 11:00;0,33522;
Anilin;7;07.04.2016 11:00;0,32005;
Anilin;6;07.04.2016 11:00;0,280157;
Anilin;2;07.04.2016 11:00;0,231872;
Anilin;9;07.04.2016 11:00;0,177208;
Anilin;8;07.04.2016 11:00;0,104566;
Anilin;4;07.04.2016 11:00;0,0484644;
Natriumchlorid;5;07.04.2016 12:00;10,44655;
Natriumchlorid;3;07.04.2016 12:00;1,32406;
Natriumchlorid;2;07.04.2016 12:00;0,722637;
Natriumchlorid;4;07.04.2016 12:00;0,483139;
Natriumchlorid;9;07.04.2016 12:00;0,426225;
Natriumchlorid;7;07.04.2016 12:00;0,358802;
Natriumchlorid;6;07.04.2016 12:00;0,254724;
Natriumchlorid;8;07.04.2016 12:00;0,183075;
Natriumchlorid;1;07.04.2016 12:00;0,0156085;
Arsen;3;07.04.2016 12:00;2,0982;
Arsen;7;07.04.2016 12:00;0,934859;
Arsen;8;07.04.2016 12:00;0,853728;
Arsen;1;07.04.2016 12:00;0,295549;
Arsen;6;07.04.2016 12:00;0,179175;
Arsen;4;07.04.2016 12:00;0,165396;
Arsen;9;07.04.2016 12:00;0,116844;
Arsen;5;07.04.2016 12:00;0,0317762;
Arsen;2;07.04.2016 12:00;0,0177732;
Benzol;3;07.04.2016 12:00;2,4693;
Benzol;6;07.04.2016 12:00;0,61817;
Benzol;1;07.04.2016 12:00;0,523042;
Benzol;5;07.04.2016 12:00;0,365752;
Benzol;2;07.04.2016 12:00;0,308458;
Benzol;9;07.04.2016 12:00;0,179885;
Benzol;8;07.04.2016 12:00;0,0980955;
Benzol;7;07.04.2016 12:00;0,042226;
Benzol;4;07.04.2016 12:00;0,0111487;
Anilin;3;07.04.2016 12:00;1,71931;
Anilin;8;07.04.2016 12:00;0,744049;
Anilin;9;07.04.2016 12:00;0,743972;
Anilin;6;07.04.2016 12:00;0,444042;
Anilin;5;07.04.2016 12:00;0,36082;
Anilin;7;07.04.2016 12:00;0,206548;
Anilin;2;07.04.2016 12:00;0,190805;
Anilin;1;07.04.2016 12:00;0,182252;
Anilin;4;07.04.2016 12:00;0,18153;
Natriumchlorid;5;07.04.2016 13:00;8,04198;
Natriumchlorid;7;07.04.2016 13:00;1,2996;
Natriumchlorid;3;07.04.2016 13:00;1,29938;
Natriumchlorid;8;07.04.2016 13:00;1,01594;
Natriumchlorid;6;07.04.2016 13:00;0,44756;
Natriumchlorid;2;07.04.2016 13:00;0,385901;
Natriumchlorid;9;07.04.2016 13:00;0,34349;
Natriumchlorid;1;07.04.2016 13:00;0,186817;
Natriumchlorid;4;07.04.2016 13:00;0,117365;
Arsen;3;07.04.2016 13:00;0,832195;
Arsen;2;07.04.2016 13:00;0,647953;
Arsen;6;07.04.2016 13:00;0,581706;
Arsen;8;07.04.2016 13:00;0,312898;
Arsen;9;07.04.2016 13:00;0,250255;
Arsen;5;07.04.2016 13:00;0,139537;
Arsen;4;07.04.2016 13:00;0,126738;
Arsen;1;07.04.2016 13:00;0,0586986;
Arsen;7;07.04.2016 13:00;0,0321019;
Benzol;3;07.04.2016 13:00;1,44486;
Benzol;7;07.04.2016 13:00;1,43225;
Benzol;2;07.04.2016 13:00;0,427782;
Benzol;6;07.04.2016 13:00;0,422962;
Benzol;5;07.04.2016 13:00;0,330697;
Benzol;8;07.04.2016 13:00;0,293064;
Benzol;1;07.04.2016 13:00;0,286621;
Benzol;4;07.04.2016 13:00;0,230186;
Benzol;9;07.04.2016 13:00;0,140354;
Anilin;3;07.04.2016 13:00;0,532634;
Anilin;5;07.04.2016 13:00;0,328416;
Anilin;8;07.04.2016 13:00;0,307868;
Anilin;2;07.04.2016 13:00;0,277922;
Anilin;6;07.04.2016 13:00;0,271286;
Anilin;1;07.04.2016 13:00;0,249183;
Anilin;9;07.04.2016 13:00;0,231951;
Anilin;7;07.04.2016 13:00;0,17634;
Anilin;4;07.04.2016 13:00;0,0565084;
Natriumchlorid;3;07.04.2016 14:00;1,99196;
Natriumchlorid;5;07.04.2016 14:00;1,86725;
Natriumchlorid;6;07.04.2016 14:00;0,469366;
Natriumchlorid;8;07.04.2016 14:00;0,356786;
Natriumchlorid;9;07.04.2016 14:00;0,314089;
Natriumchlorid;7;07.04.2016 14:00;0,242804;
Natriumchlorid;1;07.04.2016 14:00;0,162068;
Natriumchlorid;2;07.04.2016 14:00;0,0299108;
Natriumchlorid;4;07.04.2016 14:00;0,0150077;
Arsen;3;07.04.2016 14:00;0,904366;
Arsen;2;07.04.2016 14:00;0,669936;
Arsen;6;07.04.2016 14:00;0,589113;
Arsen;7;07.04.2016 14:00;0,41523;
Arsen;1;07.04.2016 14:00;0,392538;
Arsen;8;07.04.2016 14:00;0,392396;
Arsen;9;07.04.2016 14:00;0,375438;
Arsen;5;07.04.2016 14:00;0,198921;
Arsen;4;07.04.2016 14:00;0,0411799;
Benzol;8;07.04.2016 14:00;1,31974;
Benzol;2;07.04.2016 14:00;0,45939;
Benzol;3;07.04.2016 14:00;0,427302;
Benzol;6;07.04.2016 14:00;0,209085;
Benzol;9;07.04.2016 14:00;0,185874;
Benzol;4;07.04.2016 14:00;0,133374;
Benzol;5;07.04.2016 14:00;0,117444;
Benzol;1;07.04.2016 14:00;0,0453193;
Benzol;7;07.04.2016 14:00;0,023803;
Anilin;7;07.04.2016 14:00;0,965189;
Anilin;8;07.04.2016 14:00;0,686504;
Anilin;5;07.04.2016 14:00;0,496975;
Anilin;1;07.04.2016 14:00;0,441151;
Anilin;3;07.04.2016 14:00;0,334803;
Anilin;6;07.04.2016 14:00;0,270287;
Anilin;4;07.04.2016 14:00;0,146897;
Anilin;9;07.04.2016 14:00;0,129415;
Anilin;2;07.04.2016 14:00;0,00394841;
Natriumchlorid;3;07.04.2016 15:00;3,55811;
Natriumchlorid;7;07.04.2016 15:00;1,18481;
Natriumchlorid;8;07.04.2016 15:00;0,982933;
Natriumchlorid;1;07.04.2016 15:00;0,490805;
Natriumchlorid;2;07.04.2016 15:00;0,419553;
Natriumchlorid;6;07.04.2016 15:00;0,418593;
Natriumchlorid;4;07.04.2016 15:00;0,199396;
Natriumchlorid;9;07.04.2016 15:00;0,168235;
Natriumchlorid;5;07.04.2016 15:00;0,0954165;
Arsen;7;07.04.2016 15:00;1,65166;
Arsen;3;07.04.2016 15:00;1,44496;
Arsen;2;07.04.2016 15:00;0,985913;
Arsen;6;07.04.2016 15:00;0,661786;
Arsen;8;07.04.2016 15:00;0,543681;
Arsen;5;07.04.2016 15:00;0,351787;
Arsen;1;07.04.2016 15:00;0,252359;
Arsen;9;07.04.2016 15:00;0,124146;
Arsen;4;07.04.2016 15:00;0,00179155;
Benzol;3;07.04.2016 15:00;1,0687;
Benzol;2;07.04.2016 15:00;0,953396;
Benzol;7;07.04.2016 15:00;0,545544;
Benzol;1;07.04.2016 15:00;0,479356;
Benzol;8;07.04.2016 15:00;0,291478;
Benzol;9;07.04.2016 15:00;0,228871;
Benzol;6;07.04.2016 15:00;0,219883;
Benzol;5;07.04.2016 15:00;0,112243;
Benzol;4;07.04.2016 15:00;0,0400872;
Anilin;3;07.04.2016 15:00;2,31377;
Anilin;6;07.04.2016 15:00;0,515713;
Anilin;8;07.04.2016 15:00;0,332593;
Anilin;2;07.04.2016 15:00;0,310301;
Anilin;4;07.04.2016 15:00;0,241881;
Anilin;7;07.04.2016 15:00;0,202692;
Anilin;9;07.04.2016 15:00;0,188251;
Anilin;1;07.04.2016 15:00;0,0418084;
Anilin;5;07.04.2016 15:00;0,0309245;
Natriumchlorid;5;07.04.2016 16:00;2,95419;
Natriumchlorid;8;07.04.2016 16:00;0,803443;
Natriumchlorid;6;07.04.2016 16:00;0,712139;
Natriumchlorid;7;07.04.2016 16:00;0,609288;
Natriumchlorid;3;07.04.2016 16:00;0,281617;
Natriumchlorid;4;07.04.2016 16:00;0,194101;
Natriumchlorid;9;07.04.2016 16:00;0,175189;
Natriumchlorid;1;07.04.2016 16:00;0,0809062;
Natriumchlorid;2;07.04.2016 16:00;0,0145534;
Arsen;8;07.04.2016 16:00;1,23409;
Arsen;3;07.04.2016 16:00;1,05402;
Arsen;9;07.04.2016 16:00;0,388683;
Arsen;6;07.04.2016 16:00;0,38368;
Arsen;1;07.04.2016 16:00;0,316963;
Arsen;2;07.04.2016 16:00;0,209808;
Arsen;4;07.04.2016 16:00;0,171809;
Arsen;5;07.04.2016 16:00;0,0485591;
Arsen;7;07.04.2016 16:00;0,0428195;
Benzol;3;07.04.2016 16:00;0,822224;
Benzol;6;07.04.2016 16:00;0,563648;
Benzol;4;07.04.2016 16:00;0,438669;
Benzol;9;07.04.2016 16:00;0,383167;
Benzol;1;07.04.2016 16:00;0,239101;
Benzol;8;07.04.2016 16:00;0,114721;
Benzol;7;07.04.2016 16:00;0,110667;
Benzol;5;07.04.2016 16:00;0,0601732;
Benzol;2;07.04.2016 16:00;0,0205138;
Anilin;3;07.04.2016 16:00;1,57675;
Anilin;8;07.04.2016 16:00;0,526221;
Anilin;9;07.04.2016 16:00;0,476026;
Anilin;1;07.04.2016 16:00;0,304619;
Anilin;7;07.04.2016 16:00;0,268166;
Anilin;6;07.04.2016 16:00;0,183184;
Anilin;2;07.04.2016 16:00;0,130761;
Anilin;5;07.04.2016 16:00;0,114436;
Anilin;4;07.04.2016 16:00;0,0159697;
Natriumchlorid;3;07.04.2016 17:00;3,62356;
Natriumchlorid;5;07.04.2016 17:00;3,21447;
Natriumchlorid;2;07.04.2016 17:00;0,543739;
Natriumchlorid;1;07.04.2016 17:00;0,537641;
Natriumchlorid;6;07.04.2016 17:00;0,401935;
Natriumchlorid;7;07.04.2016 17:00;0,329293;
Natriumchlorid;9;07.04.2016 17:00;0,238057;
Natriumchlorid;8;07.04.2016 17:00;0,147146;
Natriumchlorid;4;07.04.2016 17:00;0,121228;
Arsen;7;07.04.2016 17:00;0,643555;
Arsen;3;07.04.2016 17:00;0,626713;
Arsen;8;07.04.2016 17:00;0,566679;
Arsen;6;07.04.2016 17:00;0,443399;
Arsen;2;07.04.2016 17:00;0,417643;
Arsen;9;07.04.2016 17:00;0,329223;
Arsen;1;07.04.2016 17:00;0,323303;
Arsen;5;07.04.2016 17:00;0,278987;
Arsen;4;07.04.2016 17:00;0,197024;
Benzol;3;07.04.2016 17:00;3,04942;
Benzol;8;07.04.2016 17:00;0,878588;
Benzol;7;07.04.2016 17:00;0,55166;
Benzol;5;07.04.2016 17:00;0,506375;
Benzol;6;07.04.2016 17:00;0,204893;
Benzol;9;07.04.2016 17:00;0,127032;
Benzol;1;07.04.2016 17:00;0,102046;
Benzol;2;07.04.2016 17:00;0,0681706;
Benzol;4;07.04.2016 17:00;0,00263965;
Anilin;3;07.04.2016 17:00;1,69662;
Anilin;7;07.04.2016 17:00;0,518432;
Anilin;2;07.04.2016 17:00;0,376636;
Anilin;5;07.04.2016 17:00;0,370699;
Anilin;6;07.04.2016 17:00;0,346627;
Anilin;1;07.04.2016 17:00;0,305796;
Anilin;8;07.04.2016 17:00;0,257982;
Anilin;9;07.04.2016 17:00;0,148218;
Anilin;4;07.04.2016 17:00;0,0177549;
Natriumchlorid;3;07.04.2016 18:00;3,24876;
Natriumchlorid;2;07.04.2016 18:00;0,897413;
Natriumchlorid;6;07.04.2016 18:00;0,820328;
Natriumchlorid;8;07.04.2016 18:00;0,755213;
Natriumchlorid;4;07.04.2016 18:00;0,403889;
Natriumchlorid;1;07.04.2016 18:00;0,186825;
Natriumchlorid;7;07.04.2016 18:00;0,174536;
Natriumchlorid;9;07.04.2016 18:00;0,0793501;
Natriumchlorid;5;07.04.2016 18:00;0,0351817;
Arsen;3;07.04.2016 18:00;4,04576;
Arsen;7;07.04.2016 18:00;0,783592;
Arsen;1;07.04.2016 18:00;0,386663;
Arsen;6;07.04.2016 18:00;0,325575;
Arsen;5;07.04.2016 18:00;0,32133;
Arsen;8;07.04.2016 18:00;0,253443;
Arsen;4;07.04.2016 18:00;0,243258;
Arsen;9;07.04.2016 18:00;0,24199;
Arsen;2;07.04.2016 18:00;0,241706;
Benzol;3;07.04.2016 18:00;2,11944;
Benzol;8;07.04.2016 18:00;0,888693;
Benzol;4;07.04.2016 18:00;0,546421;
Benzol;7;07.04.2016 18:00;0,458429;
Benzol;5;07.04.2016 18:00;0,385954;
Benzol;6;07.04.2016 18:00;0,363298;
Benzol;9;07.04.2016 18:00;0,236983;
Benzol;2;07.04.2016 18:00;0,186635;
Benzol;1;07.04.2016 18:00;0,0121396;
Anilin;3;07.04.2016 18:00;3,97816;
Anilin;8;07.04.2016 18:00;0,627709;
Anilin;2;07.04.2016 18:00;0,478026;
Anilin;7;07.04.2016 18:00;0,399917;
Anilin;6;07.04.2016 18:00;0,324754;
Anilin;9;07.04.2016 18:00;0,209865;
Anilin;4;07.04.2016 18:00;0,20409;
Anilin;5;07.04.2016 18:00;0,197973;
Anilin;1;07.04.2016 18:00;0,171855;
Natriumchlorid;3;07.04.2016 19:00;0,947926;
Natriumchlorid;8;07.04.2016 19:00;0,62897;
Natriumchlorid;5;07.04.2016 19:00;0,510803;
Natriumchlorid;4;07.04.2016 19:00;0,477741;
Natriumchlorid;6;07.04.2016 19:00;0,401323;
Natriumchlorid;9;07.04.2016 19:00;0,148353;
Natriumchlorid;7;07.04.2016 19:00;0,102665;
Natriumchlorid;2;07.04.2016 19:00;0,0428866;
Natriumchlorid;1;07.04.2016 19:00;0,0170091;
Arsen;3;07.04.2016 19:00;1,01756;
Arsen;6;07.04.2016 19:00;0,505286;
Arsen;2;07.04.2016 19:00;0,462342;
Arsen;8;07.04.2016 19:00;0,43043;
Arsen;5;07.04.2016 19:00;0,309723;
Arsen;9;07.04.2016 19:00;0,308161;
Arsen;1;07.04.2016 19:00;0,283072;
Arsen;4;07.04.2016 19:00;0,241178;
Arsen;7;07.04.2016 19:00;0,0780797;
Benzol;3;07.04.2016 19:00;3,11028;
Benzol;2;07.04.2016 19:00;0,542104;
Benzol;6;07.04.2016 19:00;0,339553;
Benzol;8;07.04.2016 19:00;0,262633;
Benzol;1;07.04.2016 19:00;0,255643;
Benzol;4;07.04.2016 19:00;0,0373764;
Benzol;7;07.04.2016 19:00;0,0308357;
Benzol;9;07.04.2016 19:00;0,0081903;
Benzol;5;07.04.2016 19:00;0,00184143;
Anilin;7;07.04.2016 19:00;0,615232;
Anilin;4;07.04.2016 19:00;0,533884;
Anilin;5;07.04.2016 19:00;0,444444;
Anilin;3;07.04.2016 19:00;0,440342;
Anilin;6;07.04.2016 19:00;0,33803;
Anilin;1;07.04.2016 19:00;0,312544;
Anilin;2;07.04.2016 19:00;0,308111;
Anilin;8;07.04.2016 19:00;0,240603;
Anilin;9;07.04.2016 19:00;0,189569;
Natriumchlorid;3;07.04.2016 20:00;5,53951;
Natriumchlorid;3;07.04.2016 20:00;1,44272;
Natriumchlorid;7;07.04.2016 20:00;0,765439;
Natriumchlorid;5;07.04.2016 20:00;0,524517;
Natriumchlorid;4;07.04.2016 20:00;0,465101;
Natriumchlorid;8;07.04.2016 20:00;0,402708;
Natriumchlorid;2;07.04.2016 20:00;0,291818;
Natriumchlorid;1;07.04.2016 20:00;0,237309;
Natriumchlorid;6;07.04.2016 20:00;0,218755;
Natriumchlorid;9;07.04.2016 20:00;0,137789;
Arsen;7;07.04.2016 20:00;2,30711;
Arsen;5;07.04.2016 20:00;0,944393;
Arsen;2;07.04.2016 20:00;0,573041;
Arsen;8;07.04.2016 20:00;0,486109;
Arsen;1;07.04.2016 20:00;0,480578;
Arsen;9;07.04.2016 20:00;0,461282;
Arsen;4;07.04.2016 20:00;0,366747;
Arsen;3;07.04.2016 20:00;0,19901;
Arsen;6;07.04.2016 20:00;0,191978;
Benzol;3;07.04.2016 20:00;0,979034;
Benzol;7;07.04.2016 20:00;0,837968;
Benzol;8;07.04.2016 20:00;0,545772;
Benzol;6;07.04.2016 20:00;0,304639;
Benzol;9;07.04.2016 20:00;0,208672;
Benzol;4;07.04.2016 20:00;0,15006;
Benzol;5;07.04.2016 20:00;0,12569;
Benzol;1;07.04.2016 20:00;0,077251;
Benzol;2;07.04.2016 20:00;0,0520675;
Anilin;7;07.04.2016 20:00;0,882758;
Anilin;2;07.04.2016 20:00;0,785513;
Anilin;9;07.04.2016 20:00;0,75111;
Anilin;5;07.04.2016 20:00;0,565494;
Anilin;6;07.04.2016 20:00;0,398371;
Anilin;4;07.04.2016 20:00;0,274638;
Anilin;1;07.04.2016 20:00;0,140538;
Anilin;8;07.04.2016 20:00;0,0200601;
Natriumchlorid;3;07.04.2016 21:00;1,35335;
Natriumchlorid;5;07.04.2016 21:00;0,563401;
Natriumchlorid;6;07.04.2016 21:00;0,534643;
Natriumchlorid;1;07.04.2016 21:00;0,360313;
Natriumchlorid;2;07.04.2016 21:00;0,322303;
Natriumchlorid;7;07.04.2016 21:00;0,318741;
Natriumchlorid;4;07.04.2016 21:00;0,257347;
Natriumchlorid;8;07.04.2016 21:00;0,232821;
Natriumchlorid;9;07.04.2016 21:00;0,126689;
Arsen;7;07.04.2016 21:00;1,64695;
Arsen;3;07.04.2016 21:00;1,07967;
Arsen;8;07.04.2016 21:00;1,073;
Arsen;5;07.04.2016 21:00;1,06265;
Arsen;6;07.04.2016 21:00;0,444857;
Arsen;2;07.04.2016 21:00;0,24845;
Arsen;4;07.04.2016 21:00;0,20893;
Arsen;1;07.04.2016 21:00;0,0482328;
Arsen;9;07.04.2016 21:00;0,0420711;
Benzol;6;07.04.2016 21:00;0,607367;
Benzol;3;07.04.2016 21:00;0,375755;
Benzol;1;07.04.2016 21:00;0,365192;
Benzol;7;07.04.2016 21:00;0,334374;
Benzol;9;07.04.2016 21:00;0,318619;
Benzol;2;07.04.2016 21:00;0,258453;
Benzol;8;07.04.2016 21:00;0,0580043;
Benzol;5;07.04.2016 21:00;0,0427061;
Benzol;4;07.04.2016 21:00;0,00491748;
Anilin;7;07.04.2016 21:00;1,59173;
Anilin;5;07.04.2016 21:00;0,722159;
Anilin;6;07.04.2016 21:00;0,407261;
Anilin;9;07.04.2016 21:00;0,249498;
Anilin;8;07.04.2016 21:00;0,176094;
Anilin;1;07.04.2016 21:00;0,0954515;
Anilin;2;07.04.2016 21:00;0,0913903;
Anilin;4;07.04.2016 21:00;0,0896719;
Anilin;3;07.04.2016 21:00;0,0154705;
Natriumchlorid;7;07.04.2016 22:00;0,781227;
Natriumchlorid;3;07.04.2016 22:00;0,517539;
Natriumchlorid;4;07.04.2016 22:00;0,339696;
Natriumchlorid;5;07.04.2016 22:00;0,31499;
Natriumchlorid;6;07.04.2016 22:00;0,307629;
Natriumchlorid;8;07.04.2016 22:00;0,246422;
Natriumchlorid;9;07.04.2016 22:00;0,114637;
Natriumchlorid;1;07.04.2016 22:00;0,099674;
Natriumchlorid;2;07.04.2016 22:00;0,0256812;
Arsen;7;07.04.2016 22:00;0,986102;
Arsen;8;07.04.2016 22:00;0,550229;
Arsen;6;07.04.2016 22:00;0,429552;
Arsen;5;07.04.2016 22:00;0,389141;
Arsen;3;07.04.2016 22:00;0,309896;
Arsen;1;07.04.2016 22:00;0,250998;
Arsen;2;07.04.2016 22:00;0,152136;
Arsen;9;07.04.2016 22:00;0,039294;
Arsen;4;07.04.2016 22:00;0,0239314;
Benzol;3;07.04.2016 22:00;2,34485;
Benzol;7;07.04.2016 22:00;1,88559;
Benzol;2;07.04.2016 22:00;1,04093;
Benzol;8;07.04.2016 22:00;0,707302;
Benzol;1;07.04.2016 22:00;0,574028;
Benzol;4;07.04.2016 22:00;0,365494;
Benzol;6;07.04.2016 22:00;0,220044;
Benzol;5;07.04.2016 22:00;0,0909523;
Benzol;9;07.04.2016 22:00;0,0796396;
Anilin;3;07.04.2016 22:00;0,990575;
Anilin;6;07.04.2016 22:00;0,616239;
Anilin;2;07.04.2016 22:00;0,529353;
Anilin;9;07.04.2016 22:00;0,463854;
Anilin;7;07.04.2016 22:00;0,327974;
Anilin;8;07.04.2016 22:00;0,304408;
Anilin;4;07.04.2016 22:00;0,23535;
Anilin;5;07.04.2016 22:00;0,204996;
Anilin;1;07.04.2016 22:00;0,128342;
Natriumchlorid;3;07.04.2016 23:00;3,45796;
Natriumchlorid;8;07.04.2016 23:00;0,575531;
Natriumchlorid;9;07.04.2016 23:00;0,389688;
Natriumchlorid;6;07.04.2016 23:00;0,21412;
Natriumchlorid;5;07.04.2016 23:00;0,20867;
Natriumchlorid;1;07.04.2016 23:00;0,180116;
Natriumchlorid;2;07.04.2016 23:00;0,110819;
Natriumchlorid;4;07.04.2016 23:00;0,103537;
Natriumchlorid;7;07.04.2016 23:00;0,0631816;
Arsen;3;07.04.2016 23:00;2,44397;
Arsen;5;07.04.2016 23:00;1,4748;
Arsen;7;07.04.2016 23:00;1,03944;
Arsen;4;07.04.2016 23:00;0,393611;
Arsen;9;07.04.2016 23:00;0,294248;
Arsen;2;07.04.2016 23:00;0,284525;
Arsen;8;07.04.2016 23:00;0,185411;
Arsen;6;07.04.2016 23:00;0,136765;
Arsen;1;07.04.2016 23:00;0,0278857;
Benzol;3;07.04.2016 23:00;2,09011;
Benzol;6;07.04.2016 23:00;0,504338;
Benzol;2;07.04.2016 23:00;0,415261;
Benzol;1;07.04.2016 23:00;0,130878;
Benzol;7;07.04.2016 23:00;0,125853;
Benzol;5;07.04.2016 23:00;0,115993;
Benzol;9;07.04.2016 23:00;0,108802;
Benzol;8;07.04.2016 23:00;0,0931117;
Benzol;4;07.04.2016 23:00;0,00298799;
Anilin;3;07.04.2016 23:00;11,08441;
Anilin;6;07.04.2016 23:00;0,369288;
Anilin;7;07.04.2016 23:00;0,295295;
Anilin;1;07.04.2016 23:00;0,277088;
Anilin;4;07.04.2016 23:00;0,246899;
Anilin;8;07.04.2016 23:00;0,135606;
Anilin;5;07.04.2016 23:00;0,0387942;
Anilin;9;07.04.2016 23:00;0,0373645;
Anilin;2;07.04.2016 23:00;0,0209772;
Natriumchlorid;3;08.04.2016 00:00;3,22343;
Natriumchlorid;8;08.04.2016 00:00;0,486297;
Natriumchlorid;7;08.04.2016 00:00;0,405822;
Natriumchlorid;6;08.04.2016 00:00;0,367289;
Natriumchlorid;2;08.04.2016 00:00;0,311573;
Natriumchlorid;4;08.04.2016 00:00;0,240194;
Natriumchlorid;5;08.04.2016 00:00;0,182959;
Natriumchlorid;9;08.04.2016 00:00;0,0640008;
Natriumchlorid;1;08.04.2016 00:00;0,00407893;
Arsen;7;08.04.2016 00:00;2,32496;
Arsen;3;08.04.2016 00:00;1,31112;
Arsen;1;08.04.2016 00:00;0,490059;
Arsen;6;08.04.2016 00:00;0,481441;
Arsen;4;08.04.2016 00:00;0,303795;
Arsen;9;08.04.2016 00:00;0,17907;
Arsen;2;08.04.2016 00:00;0,143371;
Arsen;5;08.04.2016 00:00;0,129203;
Arsen;8;08.04.2016 00:00;0,100004;
Benzol;2;08.04.2016 00:00;0,958245;
Benzol;3;08.04.2016 00:00;0,924191;
Benzol;1;08.04.2016 00:00;0,682098;
Benzol;4;08.04.2016 00:00;0,419814;
Benzol;6;08.04.2016 00:00;0,282728;
Benzol;8;08.04.2016 00:00;0,140544;
Benzol;9;08.04.2016 00:00;0,117511;
Benzol;5;08.04.2016 00:00;0,108428;
Benzol;7;08.04.2016 00:00;0,0317806;
Anilin;3;08.04.2016 00:00;13,58741;
Anilin;8;08.04.2016 00:00;0,481043;
Anilin;6;08.04.2016 00:00;0,281691;
Anilin;5;08.04.2016 00:00;0,220068;
Anilin;4;08.04.2016 00:00;0,195194;
Anilin;7;08.04.2016 00:00;0,190586;
Anilin;1;08.04.2016 00:00;0,168777;
Anilin;9;08.04.2016 00:00;0,166762;
Anilin;2;08.04.2016 00:00;0,0315175;
Natriumchlorid;5;08.04.2016 01:00;0,510547;
Natriumchlorid;7;08.04.2016 01:00;0,472654;
Natriumchlorid;3;08.04.2016 01:00;0,448749;
Natriumchlorid;1;08.04.2016 01:00;0,229598;
Natriumchlorid;8;08.04.2016 01:00;0,178284;
Natriumchlorid;9;08.04.2016 01:00;0,16479;
Natriumchlorid;4;08.04.2016 01:00;0,151133;
Natriumchlorid;2;08.04.2016 01:00;0,0866627;
Natriumchlorid;6;08.04.2016 01:00;0,0598696;
Arsen;3;08.04.2016 01:00;0,883195;
Arsen;8;08.04.2016 01:00;0,482074;
Arsen;7;08.04.2016 01:00;0,33424;
Arsen;4;08.04.2016 01:00;0,297371;
Arsen;6;08.04.2016 01:00;0,22751;
Arsen;2;08.04.2016 01:00;0,223713;
Arsen;5;08.04.2016 01:00;0,181968;
Arsen;9;08.04.2016 01:00;0,173677;
Arsen;1;08.04.2016 01:00;0,00226585;
Benzol;3;08.04.2016 01:00;3,73857;
Benzol;7;08.04.2016 01:00;1,91219;
Benzol;8;08.04.2016 01:00;0,911975;
Benzol;1;08.04.2016 01:00;0,501568;
Benzol;2;08.04.2016 01:00;0,311212;
Benzol;9;08.04.2016 01:00;0,299876;
Benzol;6;08.04.2016 01:00;0,283889;
Benzol;4;08.04.2016 01:00;0,0894467;
Benzol;5;08.04.2016 01:00;0,0621473;
Anilin;3;08.04.2016 01:00;0,998661;
Anilin;1;08.04.2016 01:00;0,521417;
Anilin;8;08.04.2016 01:00;0,406441;
Anilin;5;08.04.2016 01:00;0,37863;
Anilin;6;08.04.2016 01:00;0,257833;
Anilin;7;08.04.2016 01:00;0,225246;
Anilin;2;08.04.2016 01:00;0,0601311;
Anilin;4;08.04.2016 01:00;0,0294547;
Anilin;9;08.04.2016 01:00;0,0230049;
Natriumchlorid;3;08.04.2016 02:00;3,08971;
Natriumchlorid;5;08.04.2016 02:00;0,880585;
Natriumchlorid;6;08.04.2016 02:00;0,588969;
Natriumchlorid;9;08.04.2016 02:00;0,256805;
Natriumchlorid;4;08.04.2016 02:00;0,19404;
Natriumchlorid;7;08.04.2016 02:00;0,178918;
Natriumchlorid;2;08.04.2016 02:00;0,172475;
Natriumchlorid;8;08.04.2016 02:00;0,137165;
Natriumchlorid;1;08.04.2016 02:00;0,0353451;
Arsen;7;08.04.2016 02:00;0,590255;
Arsen;6;08.04.2016 02:00;0,589832;
Arsen;3;08.04.2016 02:00;0,406033;
Arsen;2;08.04.2016 02:00;0,400238;
Arsen;8;08.04.2016 02:00;0,329531;
Arsen;4;08.04.2016 02:00;0,247765;
Arsen;5;08.04.2016 02:00;0,148923;
Arsen;9;08.04.2016 02:00;0,119102;
Arsen;1;08.04.2016 02:00;0,0242242;
Benzol;3;08.04.2016 02:00;3,48407;
Benzol;7;08.04.2016 02:00;1,46573;
Benzol;8;08.04.2016 02:00;0,959035;
Benzol;4;08.04.2016 02:00;0,53879;
Benzol;6;08.04.2016 02:00;0,426971;
Benzol;9;08.04.2016 02:00;0,309705;
Benzol;2;08.04.2016 02:00;0,217585;
Benzol;1;08.04.2016 02:00;0,205685;
Benzol;5;08.04.2016 02:00;0,0010403;
Anilin;6;08.04.2016 02:00;0,448678;
Anilin;2;08.04.2016 02:00;0,431715;
Anilin;5;08.04.2016 02:00;0,229842;
Anilin;1;08.04.2016 02:00;0,217425;
Anilin;4;08.04.2016 02:00;0,189814;
Anilin;9;08.04.2016 02:00;0,156256;
Anilin;3;08.04.2016 02:00;0,139696;
Anilin;8;08.04.2016 02:00;0,0753486;
Anilin;7;08.04.2016 02:00;0,0195793;
Natriumchlorid;3;08.04.2016 03:00;1,44147;
Natriumchlorid;4;08.04.2016 03:00;0,631217;
Natriumchlorid;9;08.04.2016 03:00;0,553346;
Natriumchlorid;7;08.04.2016 03:00;0,459589;
Natriumchlorid;1;08.04.2016 03:00;0,229335;
Natriumchlorid;2;08.04.2016 03:00;0,160969;
Natriumchlorid;6;08.04.2016 03:00;0,156137;
Natriumchlorid;5;08.04.2016 03:00;0,109326;
Natriumchlorid;8;08.04.2016 03:00;0,0531069;
Arsen;3;08.04.2016 03:00;1,51885;
Arsen;7;08.04.2016 03:00;1,39742;
Arsen;9;08.04.2016 03:00;0,768661;
Arsen;2;08.04.2016 03:00;0,494631;
Arsen;4;08.04.2016 03:00;0,293564;
Arsen;6;08.04.2016 03:00;0,267651;
Arsen;1;08.04.2016 03:00;0,21609;
Arsen;5;08.04.2016 03:00;0,20319;
Arsen;8;08.04.2016 03:00;0,0610829;
Benzol;4;08.04.2016 03:00;1,686;
Benzol;8;08.04.2016 03:00;0,798824;
Benzol;2;08.04.2016 03:00;0,647172;
Benzol;1;08.04.2016 03:00;0,533649;
Benzol;7;08.04.2016 03:00;0,379105;
Benzol;6;08.04.2016 03:00;0,354939;
Benzol;5;08.04.2016 03:00;0,28758;
Benzol;3;08.04.2016 03:00;0,21269;
Benzol;9;08.04.2016 03:00;0,167227;
Anilin;3;08.04.2016 03:00;5,12124;
Anilin;4;08.04.2016 03:00;3,81661;
Anilin;7;08.04.2016 03:00;0,980641;
Anilin;2;08.04.2016 03:00;0,769717;
Anilin;6;08.04.2016 03:00;0,526184;
Anilin;9;08.04.2016 03:00;0,298993;
Anilin;5;08.04.2016 03:00;0,179116;
Anilin;1;08.04.2016 03:00;0,127882;
Anilin;8;08.04.2016 03:00;0,00726655;
Natriumchlorid;3;08.04.2016 04:00;1,68009;
Natriumchlorid;7;08.04.2016 04:00;0,561256;
Natriumchlorid;2;08.04.2016 04:00;0,484885;
Natriumchlorid;1;08.04.2016 04:00;0,304075;
Natriumchlorid;6;08.04.2016 04:00;0,247804;
Natriumchlorid;4;08.04.2016 04:00;0,192509;
Natriumchlorid;5;08.04.2016 04:00;0,166002;
Natriumchlorid;8;08.04.2016 04:00;0,158847;
Natriumchlorid;9;08.04.2016 04:00;0,0450579;
Arsen;8;08.04.2016 04:00;0,657956;
Arsen;7;08.04.2016 04:00;0,600585;
Arsen;1;08.04.2016 04:00;0,376249;
Arsen;6;08.04.2016 04:00;0,309819;
Arsen;2;08.04.2016 04:00;0,266569;
Arsen;4;08.04.2016 04:00;0,255898;
Arsen;3;08.04.2016 04:00;0,233878;
Arsen;5;08.04.2016 04:00;0,179793;
Arsen;9;08.04.2016 04:00;0,171732;
Benzol;6;08.04.2016 04:00;0,763321;
Benzol;3;08.04.2016 04:00;0,732607;
Benzol;2;08.04.2016 04:00;0,433418;
Benzol;9;08.04.2016 04:00;0,309421;
Benzol;4;08.04.2016 04:00;0,281192;
Benzol;8;08.04.2016 04:00;0,249279;
Benzol;1;08.04.2016 04:00;0,170541;
Benzol;7;08.04.2016 04:00;0,10642;
Benzol;5;08.04.2016 04:00;0,0484312;
Anilin;8;08.04.2016 04:00;0,66898;
Anilin;6;08.04.2016 04:00;0,553775;
Anilin;4;08.04.2016 04:00;0,377924;
Anilin;5;08.04.2016 04:00;0,331683;
Anilin;3;08.04.2016 04:00;0,305716;
Anilin;9;08.04.2016 04:00;0,18523;
Anilin;7;08.04.2016 04:00;0,177461;
Anilin;2;08.04.2016 04:00;0,164719;
Anilin;1;08.04.2016 04:00;0,0943289;
Natriumchlorid;9;08.04.2016 05:00;1,63351;
Natriumchlorid;7;08.04.2016 05:00;0,695036;
Natriumchlorid;6;08.04.2016 05:00;0,683765;
Natriumchlorid;3;08.04.2016 05:00;0,605372;
Natriumchlorid;8;08.04.2016 05:00;0,427791;
Natriumchlorid;1;08.04.2016 05:00;0,408075;
Natriumchlorid;5;08.04.2016 05:00;0,089832;
Natriumchlorid;2;08.04.2016 05:00;0,0846042;
Natriumchlorid;4;08.04.2016 05:00;0,0678029;
Arsen;8;08.04.2016 05:00;0,713796;
Arsen;6;08.04.2016 05:00;0,661678;
Arsen;3;08.04.2016 05:00;0,396368;
Arsen;7;08.04.2016 05:00;0,234283;
Arsen;1;08.04.2016 05:00;0,104742;
Arsen;4;08.04.2016 05:00;0,0955218;
Arsen;9;08.04.2016 05:00;0,0643571;
Arsen;2;08.04.2016 05:00;0,0177732;
Arsen;5;08.04.2016 05:00;0,0160633;
Benzol;7;08.04.2016 05:00;2,13852;
Benzol;6;08.04.2016 05:00;0,523359;
Benzol;5;08.04.2016 05:00;0,319789;
Benzol;1;08.04.2016 05:00;0,233998;
Benzol;8;08.04.2016 05:00;0,152059;
Benzol;3;08.04.2016 05:00;0,132998;
Benzol;2;08.04.2016 05:00;0,0926842;
Benzol;4;08.04.2016 05:00;0,0786702;
Benzol;9;08.04.2016 05:00;0,00424886;
Anilin;2;08.04.2016 05:00;0,425523;
Anilin;4;08.04.2016 05:00;0,421473;
Anilin;8;08.04.2016 05:00;0,385355;
Anilin;6;08.04.2016 05:00;0,349207;
Anilin;5;08.04.2016 05:00;0,244763;
Anilin;9;08.04.2016 05:00;0,199181;
Anilin;3;08.04.2016 05:00;0,111673;
Anilin;7;08.04.2016 05:00;0,0628482;
Anilin;1;08.04.2016 05:00;0,00139137;
Natriumchlorid;5;08.04.2016 06:00;16,20418;
Natriumchlorid;5;08.04.2016 06:00;1,82756;
Natriumchlorid;9;08.04.2016 06:00;1,58547;
Natriumchlorid;1;08.04.2016 06:00;0,597704;
Natriumchlorid;3;08.04.2016 06:00;0,420822;
Natriumchlorid;7;08.04.2016 06:00;0,356843;
Natriumchlorid;8;08.04.2016 06:00;0,271369;
Natriumchlorid;4;08.04.2016 06:00;0,22133;
Natriumchlorid;2;08.04.2016 06:00;0,0641251;
Natriumchlorid;6;08.04.2016 06:00;0,0305341;
Arsen;3;08.04.2016 06:00;0,722099;
Arsen;8;08.04.2016 06:00;0,447587;
Arsen;6;08.04.2016 06:00;0,385107;
Arsen;4;08.04.2016 06:00;0,300639;
Arsen;9;08.04.2016 06:00;0,274409;
Arsen;7;08.04.2016 06:00;0,176893;
Arsen;5;08.04.2016 06:00;0,174468;
Arsen;1;08.04.2016 06:00;0,127277;
Arsen;2;08.04.2016 06:00;0,0571278;
Benzol;3;08.04.2016 06:00;2,34774;
Benzol;7;08.04.2016 06:00;1,19403;
Benzol;6;08.04.2016 06:00;0,656997;
Benzol;5;08.04.2016 06:00;0,419493;
Benzol;8;08.04.2016 06:00;0,409135;
Benzol;4;08.04.2016 06:00;0,220345;
Benzol;2;08.04.2016 06:00;0,155924;
Benzol;9;08.04.2016 06:00;0,139698;
Benzol;1;08.04.2016 06:00;0,138303;
Anilin;7;08.04.2016 06:00;2,36629;
Anilin;3;08.04.2016 06:00;1,87263;
Anilin;8;08.04.2016 06:00;0,588154;
Anilin;2;08.04.2016 06:00;0,481779;
Anilin;6;08.04.2016 06:00;0,462596;
Anilin;1;08.04.2016 06:00;0,124984;
Anilin;9;08.04.2016 06:00;0,0910409;
Anilin;4;08.04.2016 06:00;0,0684533;
Natriumchlorid;3;08.04.2016 07:00;0,855839;
Natriumchlorid;9;08.04.2016 07:00;0,520973;
Natriumchlorid;4;08.04.2016 07:00;0,304566;
Natriumchlorid;2;08.04.2016 07:00;0,260132;
Natriumchlorid;6;08.04.2016 07:00;0,216949;
Natriumchlorid;5;08.04.2016 07:00;0,11944;
Natriumchlorid;7;08.04.2016 07:00;0,101716;
Natriumchlorid;1;08.04.2016 07:00;0,0448236;
Natriumchlorid;8;08.04.2016 07:00;0,0184703;
Arsen;3;08.04.2016 07:00;0,852264;
Arsen;8;08.04.2016 07:00;0,796167;
Arsen;7;08.04.2016 07:00;0,75071;
Arsen;4;08.04.2016 07:00;0,652845;
Arsen;2;08.04.2016 07:00;0,624548;
Arsen;6;08.04.2016 07:00;0,423686;
Arsen;5;08.04.2016 07:00;0,170397;
Arsen;1;08.04.2016 07:00;0,132596;
Arsen;9;08.04.2016 07:00;0,0840588;
Benzol;5;08.04.2016 07:00;2,94066;
Benzol;8;08.04.2016 07:00;0,859362;
Benzol;7;08.04.2016 07:00;0,614456;
Benzol;2;08.04.2016 07:00;0,432657;
Benzol;3;08.04.2016 07:00;0,300854;
Benzol;4;08.04.2016 07:00;0,249672;
Benzol;6;08.04.2016 07:00;0,23064;
Benzol;1;08.04.2016 07:00;0,151133;
Benzol;9;08.04.2016 07:00;0,00209609;
Anilin;3;08.04.2016 07:00;2,75106;
Anilin;8;08.04.2016 07:00;0,718228;
Anilin;6;08.04.2016 07:00;0,63509;
Anilin;2;08.04.2016 07:00;0,604958;
Anilin;1;08.04.2016 07:00;0,54567;
Anilin;9;08.04.2016 07:00;0,341694;
Anilin;7;08.04.2016 07:00;0,182305;
Anilin;5;08.04.2016 07:00;0,15047;
Anilin;4;08.04.2016 07:00;0,12367;
Natriumchlorid;5;08.04.2016 08:00;17,63448;
Natriumchlorid;9;08.04.2016 08:00;2,48037;
Natriumchlorid;3;08.04.2016 08:00;2,26901;
Natriumchlorid;5;08.04.2016 08:00;1,90046;
Natriumchlorid;7;08.04.2016 08:00;0,783684;
Natriumchlorid;6;08.04.2016 08:00;0,532368;
Natriumchlorid;4;08.04.2016 08:00;0,374989;
Natriumchlorid;8;08.04.2016 08:00;0,351303;
Natriumchlorid;1;08.04.2016 08:00;0,191483;
Natriumchlorid;2;08.04.2016 08:00;0,184298;
Arsen;3;08.04.2016 08:00;0,516766;
Arsen;2;08.04.2016 08:00;0,421501;
Arsen;6;08.04.2016 08:00;0,381622;
Arsen;9;08.04.2016 08:00;0,367745;
Arsen;5;08.04.2016 08:00;0,350404;
Arsen;1;08.04.2016 08:00;0,299997;
Arsen;8;08.04.2016 08:00;0,275226;
Arsen;4;08.04.2016 08:00;0,140769;
Arsen;7;08.04.2016 08:00;0,103517;
Benzol;3;08.04.2016 08:00;3,39545;
Benzol;8;08.04.2016 08:00;1,12856;
Benzol;6;08.04.2016 08:00;0,520503;
Benzol;9;08.04.2016 08:00;0,38976;
Benzol;4;08.04.2016 08:00;0,242367;
Benzol;2;08.04.2016 08:00;0,116863;
Benzol;7;08.04.2016 08:00;0,111773;
Benzol;5;08.04.2016 08:00;0,0891192;
Benzol;1;08.04.2016 08:00;0,00806933;
Anilin;2;08.04.2016 08:00;0,655889;
Anilin;4;08.04.2016 08:00;0,588924;
Anilin;7;08.04.2016 08:00;0,343402;
Anilin;3;08.04.2016 08:00;0,267363;
Anilin;1;08.04.2016 08:00;0,236142;
Anilin;9;08.04.2016 08:00;0,19487;
Anilin;6;08.04.2016 08:00;0,152591;
Anilin;8;08.04.2016 08:00;0,0956894;
Natriumchlorid;3;08.04.2016 09:00;1,96589;
Natriumchlorid;7;08.04.2016 09:00;0,836298;
Natriumchlorid;6;08.04.2016 09:00;0,503795;
Natriumchlorid;1;08.04.2016 09:00;0,498924;
Natriumchlorid;4;08.04.2016 09:00;0,484755;
Natriumchlorid;8;08.04.2016 09:00;0,421905;
Natriumchlorid;5;08.04.2016 09:00;0,310264;
Natriumchlorid;2;08.04.2016 09:00;0,244999;
Natriumchlorid;9;08.04.2016 09:00;0,0234042;
Arsen;3;08.04.2016 09:00;2,98181;
Arsen;7;08.04.2016 09:00;1,54422;
Arsen;2;08.04.2016 09:00;0,439957;
Arsen;8;08.04.2016 09:00;0,397567;
Arsen;6;08.04.2016 09:00;0,390901;
Arsen;9;08.04.2016 09:00;0,243415;
Arsen;5;08.04.2016 09:00;0,216669;
Arsen;4;08.04.2016 09:00;0,205347;
Arsen;1;08.04.2016 09:00;0,159088;
Benzol;7;08.04.2016 09:00;2,513;
Benzol;3;08.04.2016 09:00;1,3748;
Benzol;6;08.04.2016 09:00;0,503148;
Benzol;1;08.04.2016 09:00;0,476463;
Benzol;9;08.04.2016 09:00;0,375393;
Benzol;2;08.04.2016 09:00;0,232149;
Benzol;4;08.04.2016 09:00;0,0659184;
Benzol;8;08.04.2016 09:00;0,0645538;
Benzol;5;08.04.2016 09:00;0,042351;
Anilin;8;08.04.2016 09:00;1,14336;
Anilin;2;08.04.2016 09:00;0,569652;
Anilin;3;08.04.2016 09:00;0,429909;
Anilin;5;08.04.2016 09:00;0,343902;
Anilin;4;08.04.2016 09:00;0,208651;
Anilin;6;08.04.2016 09:00;0,207851;
Anilin;1;08.04.2016 09:00;0,107467;
Anilin;7;08.04.2016 09:00;0,0664345;
Anilin;9;08.04.2016 09:00;0,0261377;
Natriumchlorid;3;08.04.2016 10:00;0,80506;
Natriumchlorid;5;08.04.2016 10:00;0,486016;
Natriumchlorid;4;08.04.2016 10:00;0,485274;
Natriumchlorid;2;08.04.2016 10:00;0,439517;
Natriumchlorid;6;08.04.2016 10:00;0,378008;
Natriumchlorid;1;08.04.2016 10:00;0,295018;
Natriumchlorid;7;08.04.2016 10:00;0,26088;
Natriumchlorid;9;08.04.2016 10:00;0,177824;
Natriumchlorid;8;08.04.2016 10:00;0,0997203;
Arsen;3;08.04.2016 10:00;1,82957;
Arsen;8;08.04.2016 10:00;0,600272;
Arsen;6;08.04.2016 10:00;0,590818;
Arsen;2;08.04.2016 10:00;0,456639;
Arsen;7;08.04.2016 10:00;0,220233;
Arsen;5;08.04.2016 10:00;0,181169;
Arsen;9;08.04.2016 10:00;0,122434;
Arsen;4;08.04.2016 10:00;0,0845012;
Arsen;1;08.04.2016 10:00;0,0541452;
Benzol;2;08.04.2016 10:00;0,900229;
Benzol;5;08.04.2016 10:00;0,527662;
Benzol;4;08.04.2016 10:00;0,432447;
Benzol;6;08.04.2016 10:00;0,383389;
Benzol;8;08.04.2016 10:00;0,205982;
Benzol;7;08.04.2016 10:00;0,138554;
Benzol;9;08.04.2016 10:00;0,130878;
Benzol;1;08.04.2016 10:00;0,0609595;
Benzol;3;08.04.2016 10:00;0,0550873;
Anilin;8;08.04.2016 10:00;0,594053;
Anilin;2;08.04.2016 10:00;0,424013;
Anilin;5;08.04.2016 10:00;0,375485;
Anilin;7;08.04.2016 10:00;0,371381;
Anilin;9;08.04.2016 10:00;0,356961;
Anilin;6;08.04.2016 10:00;0,334133;
Anilin;3;08.04.2016 10:00;0,332973;
Anilin;4;08.04.2016 10:00;0,191856;
Anilin;1;08.04.2016 10:00;0,0430394;
Natriumchlorid;3;08.04.2016 11:00;1,37499;
Natriumchlorid;7;08.04.2016 11:00;1,2317;
Natriumchlorid;2;08.04.2016 11:00;0,801725;
Natriumchlorid;9;08.04.2016 11:00;0,581968;
Natriumchlorid;5;08.04.2016 11:00;0,404276;
Natriumchlorid;8;08.04.2016 11:00;0,375244;
Natriumchlorid;6;08.04.2016 11:00;0,372983;
Natriumchlorid;4;08.04.2016 11:00;0,218374;
Natriumchlorid;1;08.04.2016 11:00;0,186181;
Arsen;3;08.04.2016 11:00;0,657093;
Arsen;6;08.04.2016 11:00;0,483606;
Arsen;8;08.04.2016 11:00;0,409363;
Arsen;2;08.04.2016 11:00;0,295875;
Arsen;7;08.04.2016 11:00;0,26681;
Arsen;4;08.04.2016 11:00;0,165223;
Arsen;9;08.04.2016 11:00;0,143576;
Arsen;1;08.04.2016 11:00;0,0391375;
Arsen;5;08.04.2016 11:00;0,0171985;
Benzol;6;08.04.2016 11:00;0,552482;
Benzol;7;08.04.2016 11:00;0,421378;
Benzol;1;08.04.2016 11:00;0,282589;
Benzol;5;08.04.2016 11:00;0,258296;
Benzol;2;08.04.2016 11:00;0,25104;
Benzol;9;08.04.2016 11:00;0,206205;
Benzol;3;08.04.2016 11:00;0,161164;
Benzol;8;08.04.2016 11:00;0,123997;
Benzol;4;08.04.2016 11:00;0,0580177;
Anilin;3;08.04.2016 11:00;1,26555;
Anilin;8;08.04.2016 11:00;0,585764;
Anilin;1;08.04.2016 11:00;0,582443;
Anilin;9;08.04.2016 11:00;0,36025;
Anilin;6;08.04.2016 11:00;0,34029;
Anilin;2;08.04.2016 11:00;0,322624;
Anilin;4;08.04.2016 11:00;0,185537;
Anilin;7;08.04.2016 11:00;0,120392;
Anilin;5;08.04.2016 11:00;0,0471287;
Natriumchlorid;5;08.04.2016 12:00;31,76478;
Natriumchlorid;9;08.04.2016 12:00;3,73431;
Natriumchlorid;5;08.04.2016 12:00;3,3199;
Natriumchlorid;3;08.04.2016 12:00;1,89564;
Natriumchlorid;2;08.04.2016 12:00;0,521007;
Natriumchlorid;6;08.04.2016 12:00;0,400191;
Natriumchlorid;8;08.04.2016 12:00;0,39163;
Natriumchlorid;1;08.04.2016 12:00;0,248899;
Natriumchlorid;4;08.04.2016 12:00;0,0836862;
Natriumchlorid;7;08.04.2016 12:00;0,0309858;
Arsen;8;08.04.2016 12:00;0,989018;
Arsen;6;08.04.2016 12:00;0,391988;
Arsen;2;08.04.2016 12:00;0,365778;
Arsen;9;08.04.2016 12:00;0,353672;
Arsen;5;08.04.2016 12:00;0,236442;
Arsen;3;08.04.2016 12:00;0,211822;
Arsen;1;08.04.2016 12:00;0,128584;
Arsen;7;08.04.2016 12:00;0,122167;
Arsen;4;08.04.2016 12:00;0,0950303;
Benzol;5;08.04.2016 12:00;0,915962;
Benzol;8;08.04.2016 12:00;0,784687;
Benzol;3;08.04.2016 12:00;0,612144;
Benzol;6;08.04.2016 12:00;0,451836;
Benzol;4;08.04.2016 12:00;0,393114;
Benzol;7;08.04.2016 12:00;0,314836;
Benzol;1;08.04.2016 12:00;0,306377;
Benzol;2;08.04.2016 12:00;0,242475;
Benzol;9;08.04.2016 12:00;0,0993258;
Anilin;3;08.04.2016 12:00;0,383033;
Anilin;8;08.04.2016 12:00;0,340619;
Anilin;6;08.04.2016 12:00;0,295907;
Anilin;4;08.04.2016 12:00;0,269331;
Anilin;1;08.04.2016 12:00;0,269203;
Anilin;7;08.04.2016 12:00;0,20093;
Anilin;2;08.04.2016 12:00;0,19769;
Anilin;9;08.04.2016 12:00;0,101439;
Natriumchlorid;3;08.04.2016 13:00;1,44307;
Natriumchlorid;4;08.04.2016 13:00;0,555832;
Natriumchlorid;6;08.04.2016 13:00;0,540556;
Natriumchlorid;2;08.04.2016 13:00;0,434085;
Natriumchlorid;1;08.04.2016 13:00;0,432816;
Natriumchlorid;7;08.04.2016 13:00;0,319351;
Natriumchlorid;5;08.04.2016 13:00;0,261117;
Natriumchlorid;8;08.04.2016 13:00;0,157561;
Natriumchlorid;9;08.04.2016 13:00;0,0110547;
Arsen;3;08.04.2016 13:00;0,801418;
Arsen;8;08.04.2016 13:00;0,38217;
Arsen;1;08.04.2016 13:00;0,351726;
Arsen;5;08.04.2016 13:00;0,279021;
Arsen;9;08.04.2016 13:00;0,225443;
Arsen;2;08.04.2016 13:00;0,119826;
Arsen;6;08.04.2016 13:00;0,108798;
Arsen;4;08.04.2016 13:00;0,103306;
Arsen;7;08.04.2016 13:00;0,0292761;
Benzol;5;08.04.2016 13:00;5,8159;
Benzol;7;08.04.2016 13:00;0,633071;
Benzol;3;08.04.2016 13:00;0,556142;
Benzol;6;08.04.2016 13:00;0,409405;
Benzol;4;08.04.2016 13:00;0,189425;
Benzol;1;08.04.2016 13:00;0,180946;
Benzol;2;08.04.2016 13:00;0,128679;
Benzol;9;08.04.2016 13:00;0,0896719;
Benzol;8;08.04.2016 13:00;0,0680635;
Anilin;7;08.04.2016 13:00;5,86053;
Anilin;3;08.04.2016 13:00;1,18228;
Anilin;1;08.04.2016 13:00;0,667044;
Anilin;4;08.04.2016 13:00;0,434287;
Anilin;2;08.04.2016 13:00;0,396742;
Anilin;5;08.04.2016 13:00;0,320792;
Anilin;9;08.04.2016 13:00;0,284208;
Anilin;6;08.04.2016 13:00;0,215197;
Anilin;8;08.04.2016 13:00;0,113644;
Natriumchlorid;9;08.04.2016 14:00;10,88603;
Natriumchlorid;9;08.04.2016 14:00;1,31664;
Natriumchlorid;7;08.04.2016 14:00;0,934312;
Natriumchlorid;1;08.04.2016 14:00;0,555851;
Natriumchlorid;2;08.04.2016 14:00;0,522402;
Natriumchlorid;5;08.04.2016 14:00;0,514857;
Natriumchlorid;8;08.04.2016 14:00;0,29243;
Natriumchlorid;3;08.04.2016 14:00;0,267427;
Natriumchlorid;6;08.04.2016 14:00;0,252544;
Natriumchlorid;4;08.04.2016 14:00;0,180764;
Arsen;1;08.04.2016 14:00;0,492222;
Arsen;8;08.04.2016 14:00;0,477018;
Arsen;6;08.04.2016 14:00;0,359713;
Arsen;3;08.04.2016 14:00;0,283067;
Arsen;7;08.04.2016 14:00;0,274708;
Arsen;5;08.04.2016 14:00;0,261477;
Arsen;2;08.04.2016 14:00;0,209686;
Arsen;9;08.04.2016 14:00;0,188481;
Arsen;4;08.04.2016 14:00;0,0808405;
Benzol;7;08.04.2016 14:00;1,10182;
Benzol;6;08.04.2016 14:00;0,93634;
Benzol;3;08.04.2016 14:00;0,639483;
Benzol;5;08.04.2016 14:00;0,6096;
Benzol;2;08.04.2016 14:00;0,528751;
Benzol;4;08.04.2016 14:00;0,442392;
Benzol;8;08.04.2016 14:00;0,174912;
Benzol;9;08.04.2016 14:00;0,141664;
Benzol;1;08.04.2016 14:00;0,0508924;
Anilin;3;08.04.2016 14:00;3,84042;
Anilin;5;08.04.2016 14:00;0,551959;
Anilin;6;08.04.2016 14:00;0,544699;
Anilin;8;08.04.2016 14:00;0,419239;
Anilin;1;08.04.2016 14:00;0,309403;
Anilin;2;08.04.2016 14:00;0,262818;
Anilin;7;08.04.2016 14:00;0,20592;
Anilin;4;08.04.2016 14:00;0,0374838;
Natriumchlorid;8;08.04.2016 15:00;0,769418;
Natriumchlorid;7;08.04.2016 15:00;0,610577;
Natriumchlorid;2;08.04.2016 15:00;0,564314;
Natriumchlorid;6;08.04.2016 15:00;0,486235;
Natriumchlorid;1;08.04.2016 15:00;0,31564;
Natriumchlorid;5;08.04.2016 15:00;0,192688;
Natriumchlorid;9;08.04.2016 15:00;0,147325;
Natriumchlorid;4;08.04.2016 15:00;0,0937256;
Natriumchlorid;3;08.04.2016 15:00;0,0688819;
Arsen;3;08.04.2016 15:00;0,864227;
Arsen;7;08.04.2016 15:00;0,799266;
Arsen;2;08.04.2016 15:00;0,746086;
Arsen;9;08.04.2016 15:00;0,572631;
Arsen;6;08.04.2016 15:00;0,525475;
Arsen;4;08.04.2016 15:00;0,246932;
Arsen;5;08.04.2016 15:00;0,131065;
Arsen;1;08.04.2016 15:00;0,0977604;
Arsen;8;08.04.2016 15:00;0,033578;
Benzol;3;08.04.2016 15:00;1,40597;
Benzol;9;08.04.2016 15:00;1,25822;
Benzol;6;08.04.2016 15:00;0,409849;
Benzol;2;08.04.2016 15:00;0,243116;
Benzol;8;08.04.2016 15:00;0,226455;
Benzol;5;08.04.2016 15:00;0,190597;
Benzol;7;08.04.2016 15:00;0,148092;
Benzol;1;08.04.2016 15:00;0,015127;
Benzol;4;08.04.2016 15:00;0,006161;
Anilin;3;08.04.2016 15:00;1,28871;
Anilin;6;08.04.2016 15:00;0,55466;
Anilin;1;08.04.2016 15:00;0,550256;
Anilin;4;08.04.2016 15:00;0,353375;
Anilin;9;08.04.2016 15:00;0,334068;
Anilin;8;08.04.2016 15:00;0,251412;
Anilin;7;08.04.2016 15:00;0,241524;
Anilin;2;08.04.2016 15:00;0,193875;
Anilin;5;08.04.2016 15:00;0,0188763;
Natriumchlorid;3;08.04.2016 16:00;3,16873;
Natriumchlorid;8;08.04.2016 16:00;0,862871;
Natriumchlorid;4;08.04.2016 16:00;0,684746;
Natriumchlorid;6;08.04.2016 16:00;0,665581;
Natriumchlorid;9;08.04.2016 16:00;0,373357;
Natriumchlorid;5;08.04.2016 16:00;0,3211;
Natriumchlorid;2;08.04.2016 16:00;0,246046;
Natriumchlorid;1;08.04.2016 16:00;0,213998;
Natriumchlorid;7;08.04.2016 16:00;0,0189723;
Arsen;8;08.04.2016 16:00;0,822084;
Arsen;2;08.04.2016 16:00;0,681417;
Arsen;7;08.04.2016 16:00;0,582363;
Arsen;1;08.04.2016 16:00;0,467365;
Arsen;9;08.04.2016 16:00;0,319459;
Arsen;5;08.04.2016 16:00;0,302844;
Arsen;3;08.04.2016 16:00;0,247021;
Arsen;4;08.04.2016 16:00;0,199697;
Arsen;6;08.04.2016 16:00;0,024466;
Benzol;3;08.04.2016 16:00;1,30556;
Benzol;9;08.04.2016 16:00;1,14243;
Benzol;8;08.04.2016 16:00;0,831382;
Benzol;6;08.04.2016 16:00;0,722367;
Benzol;1;08.04.2016 16:00;0,2913;
Benzol;7;08.04.2016 16:00;0,179508;
Benzol;2;08.04.2016 16:00;0,125204;
Benzol;4;08.04.2016 16:00;0,125176;
Benzol;5;08.04.2016 16:00;0,0327183;
Anilin;8;08.04.2016 16:00;0,789181;
Anilin;4;08.04.2016 16:00;0,691487;
Anilin;7;08.04.2016 16:00;0,558343;
Anilin;6;08.04.2016 16:00;0,376237;
Anilin;1;08.04.2016 16:00;0,274327;
Anilin;5;08.04.2016 16:00;0,261751;
Anilin;3;08.04.2016 16:00;0,237788;
Anilin;9;08.04.2016 16:00;0,185568;
Anilin;2;08.04.2016 16:00;0,034616;
Natriumchlorid;9;08.04.2016 17:00;8,15185;
Natriumchlorid;3;08.04.2016 17:00;1,43581;
Natriumchlorid;9;08.04.2016 17:00;1,03094;
Natriumchlorid;7;08.04.2016 17:00;0,899683;
Natriumchlorid;5;08.04.2016 17:00;0,513708;
Natriumchlorid;8;08.04.2016 17:00;0,500218;
Natriumchlorid;6;08.04.2016 17:00;0,32523;
Natriumchlorid;1;08.04.2016 17:00;0,300726;
Natriumchlorid;4;08.04.2016 17:00;0,206757;
Natriumchlorid;2;08.04.2016 17:00;0,0567895;
Arsen;3;08.04.2016 17:00;1,82018;
Arsen;9;08.04.2016 17:00;0,564604;
Arsen;1;08.04.2016 17:00;0,458084;
Arsen;8;08.04.2016 17:00;0,343587;
Arsen;6;08.04.2016 17:00;0,314067;
Arsen;7;08.04.2016 17:00;0,231918;
Arsen;5;08.04.2016 17:00;0,203117;
Arsen;4;08.04.2016 17:00;0,114972;
Arsen;2;08.04.2016 17:00;0,00208304;
Benzol;8;08.04.2016 17:00;1,01315;
Benzol;7;08.04.2016 17:00;0,873513;
Benzol;2;08.04.2016 17:00;0,85225;
Benzol;3;08.04.2016 17:00;0,328933;
Benzol;5;08.04.2016 17:00;0,281649;
Benzol;4;08.04.2016 17:00;0,103466;
Benzol;1;08.04.2016 17:00;0,0959187;
Benzol;9;08.04.2016 17:00;0,0856051;
Benzol;6;08.04.2016 17:00;0,0790782;
Anilin;7;08.04.2016 17:00;1,44495;
Anilin;3;08.04.2016 17:00;0,796871;
Anilin;2;08.04.2016 17:00;0,61694;
Anilin;6;08.04.2016 17:00;0,47661;
Anilin;8;08.04.2016 17:00;0,448512;
Anilin;4;08.04.2016 17:00;0,404001;
Anilin;5;08.04.2016 17:00;0,354485;
Anilin;1;08.04.2016 17:00;0,0258766;
Natriumchlorid;3;08.04.2016 18:00;0,539294;
Natriumchlorid;6;08.04.2016 18:00;0,5182;
Natriumchlorid;1;08.04.2016 18:00;0,478385;
Natriumchlorid;8;08.04.2016 18:00;0,472782;
Natriumchlorid;7;08.04.2016 18:00;0,413665;
Natriumchlorid;5;08.04.2016 18:00;0,362558;
Natriumchlorid;2;08.04.2016 18:00;0,35151;
Natriumchlorid;9;08.04.2016 18:00;0,169984;
Natriumchlorid;4;08.04.2016 18:00;0,133563;
Arsen;4;08.04.2016 18:00;0,639637;
Arsen;9;08.04.2016 18:00;0,375169;
Arsen;8;08.04.2016 18:00;0,305095;
Arsen;3;08.04.2016 18:00;0,129873;
Arsen;7;08.04.2016 18:00;0,0933322;
Arsen;2;08.04.2016 18:00;0,0725561;
Arsen;6;08.04.2016 18:00;0,0597217;
Arsen;5;08.04.2016 18:00;0,0240328;
Arsen;1;08.04.2016 18:00;0,0078024;
Benzol;3;08.04.2016 18:00;1,4365;
Benzol;5;08.04.2016 18:00;1,40599;
Benzol;4;08.04.2016 18:00;0,534689;
Benzol;9;08.04.2016 18:00;0,339911;
Benzol;6;08.04.2016 18:00;0,32811;
Benzol;1;08.04.2016 18:00;0,203037;
Benzol;2;08.04.2016 18:00;0,153214;
Benzol;7;08.04.2016 18:00;0,0652238;
Benzol;8;08.04.2016 18:00;0,0579845;
Anilin;3;08.04.2016 18:00;1,46779;
Anilin;7;08.04.2016 18:00;0,717075;
Anilin;1;08.04.2016 18:00;0,475551;
Anilin;8;08.04.2016 18:00;0,34353;
Anilin;6;08.04.2016 18:00;0,322879;
Anilin;4;08.04.2016 18:00;0,313255;
Anilin;2;08.04.2016 18:00;0,292262;
Anilin;5;08.04.2016 18:00;0,0859857;
Anilin;9;08.04.2016 18:00;0,0556582;
Natriumchlorid;3;08.04.2016 19:00;0,870989;
Natriumchlorid;2;08.04.2016 19:00;0,85225;
Natriumchlorid;7;08.04.2016 19:00;0,80048;
Natriumchlorid;6;08.04.2016 19:00;0,529299;
Natriumchlorid;9;08.04.2016 19:00;0,421191;
Natriumchlorid;1;08.04.2016 19:00;0,407629;
Natriumchlorid;4;08.04.2016 19:00;0,232728;
Natriumchlorid;5;08.04.2016 19:00;0,139155;
Natriumchlorid;8;08.04.2016 19:00;0,00958849;
Arsen;3;08.04.2016 19:00;1,54248;
Arsen;8;08.04.2016 19:00;0,574689;
Arsen;4;08.04.2016 19:00;0,455179;
Arsen;2;08.04.2016 19:00;0,387304;
Arsen;6;08.04.2016 19:00;0,386795;
Arsen;1;08.04.2016 19:00;0,338527;
Arsen;7;08.04.2016 19:00;0,260493;
Arsen;5;08.04.2016 19:00;0,0582765;
Arsen;9;08.04.2016 19:00;0,0279313;
Benzol;5;08.04.2016 19:00;1,75824;
Benzol;3;08.04.2016 19:00;1,379;
Benzol;7;08.04.2016 19:00;0,419745;
Benzol;8;08.04.2016 19:00;0,386549;
Benzol;9;08.04.2016 19:00;0,385578;
Benzol;1;08.04.2016 19:00;0,376114;
Benzol;2;08.04.2016 19:00;0,307426;
Benzol;6;08.04.2016 19:00;0,12246;
Benzol;4;08.04.2016 19:00;0,116027;
Anilin;3;08.04.2016 19:00;4,67604;
Anilin;7;08.04.2016 19:00;0,969151;
Anilin;6;08.04.2016 19:00;0,54136;
Anilin;9;08.04.2016 19:00;0,340791;
Anilin;8;08.04.2016 19:00;0,319145;
Anilin;5;08.04.2016 19:00;0,287924;
Anilin;2;08.04.2016 19:00;0,0483258;
Anilin;4;08.04.2016 19:00;0,026742;
Anilin;1;08.04.2016 19:00;0,0170918;
Natriumchlorid;7;08.04.2016 20:00;1,56666;
Natriumchlorid;8;08.04.2016 20:00;0,773751;
Natriumchlorid;6;08.04.2016 20:00;0,70862;
Natriumchlorid;9;08.04.2016 20:00;0,606235;
Natriumchlorid;4;08.04.2016 20:00;0,48354;
Natriumchlorid;1;08.04.2016 20:00;0,338994;
Natriumchlorid;3;08.04.2016 20:00;0,322684;
Natriumchlorid;2;08.04.2016 20:00;0,149176;
Natriumchlorid;5;08.04.2016 20:00;0,122491;
Arsen;3;08.04.2016 20:00;1,4124;
Arsen;7;08.04.2016 20:00;0,696152;
Arsen;4;08.04.2016 20:00;0,463163;
Arsen;8;08.04.2016 20:00;0,299363;
Arsen;5;08.04.2016 20:00;0,284093;
Arsen;2;08.04.2016 20:00;0,181465;
Arsen;6;08.04.2016 20:00;0,141317;
Arsen;1;08.04.2016 20:00;0,124508;
Arsen;9;08.04.2016 20:00;0,0727126;
Benzol;7;08.04.2016 20:00;0,943451;
Benzol;1;08.04.2016 20:00;0,528696;
Benzol;8;08.04.2016 20:00;0,484419;
Benzol;4;08.04.2016 20:00;0,312323;
Benzol;9;08.04.2016 20:00;0,260084;
Benzol;5;08.04.2016 20:00;0,171255;
Benzol;6;08.04.2016 20:00;0,0765064;
Benzol;3;08.04.2016 20:00;0,0356274;
Benzol;2;08.04.2016 20:00;0,0131784;
Anilin;8;08.04.2016 20:00;1,08423;
Anilin;3;08.04.2016 20:00;0,87517;
Anilin;7;08.04.2016 20:00;0,685543;
Anilin;5;08.04.2016 20:00;0,610412;
Anilin;6;08.04.2016 20:00;0,596838;
Anilin;2;08.04.2016 20:00;0,511595;
Anilin;4;08.04.2016 20:00;0,171575;
Anilin;1;08.04.2016 20:00;0,0941867;
Anilin;9;08.04.2016 20:00;0,0270432;
Natriumchlorid;3;08.04.2016 21:00;2,22487;
Natriumchlorid;8;08.04.2016 21:00;0,519805;
Natriumchlorid;2;08.04.2016 21:00;0,31664;
Natriumchlorid;6;08.04.2016 21:00;0,223841;
Natriumchlorid;7;08.04.2016 21:00;0,198832;
Natriumchlorid;1;08.04.2016 21:00;0,169721;
Natriumchlorid;5;08.04.2016 21:00;0,135416;
Natriumchlorid;4;08.04.2016 21:00;0,107735;
Natriumchlorid;9;08.04.2016 21:00;0,0227563;
Arsen;7;08.04.2016 21:00;0,481805;
Arsen;6;08.04.2016 21:00;0,428268;
Arsen;3;08.04.2016 21:00;0,3165;
Arsen;9;08.04.2016 21:00;0,247528;
Arsen;4;08.04.2016 21:00;0,23457;
Arsen;5;08.04.2016 21:00;0,231934;
Arsen;2;08.04.2016 21:00;0,207206;
Arsen;1;08.04.2016 21:00;0,0166785;
Arsen;8;08.04.2016 21:00;0,00418245;
Benzol;8;08.04.2016 21:00;0,811759;
Benzol;3;08.04.2016 21:00;0,679688;
Benzol;2;08.04.2016 21:00;0,586335;
Benzol;9;08.04.2016 21:00;0,281507;
Benzol;7;08.04.2016 21:00;0,267057;
Benzol;4;08.04.2016 21:00;0,119322;
Benzol;6;08.04.2016 21:00;0,109239;
Benzol;1;08.04.2016 21:00;0,0409297;
Benzol;5;08.04.2016 21:00;0,0319156;
Anilin;7;08.04.2016 21:00;0,738001;
Anilin;8;08.04.2016 21:00;0,537465;
Anilin;5;08.04.2016 21:00;0,533454;
Anilin;3;08.04.2016 21:00;0,496449;
Anilin;6;08.04.2016 21:00;0,408364;
Anilin;9;08.04.2016 21:00;0,348401;
Anilin;4;08.04.2016 21:00;0,189793;
Anilin;2;08.04.2016 21:00;0,0244788;
Anilin;1;08.04.2016 21:00;0,0205434;
Natriumchlorid;8;08.04.2016 22:00;0,786;
Natriumchlorid;3;08.04.2016 22:00;0,668037;
Natriumchlorid;7;08.04.2016 22:00;0,234024;
Natriumchlorid;9;08.04.2016 22:00;0,227434;
Natriumchlorid;6;08.04.2016 22:00;0,202615;
Natriumchlorid;5;08.04.2016 22:00;0,138061;
Natriumchlorid;4;08.04.2016 22:00;0,122975;
Natriumchlorid;1;08.04.2016 22:00;0,0583648;
Natriumchlorid;2;08.04.2016 22:00;0,0503299;
Arsen;3;08.04.2016 22:00;2,02529;
Arsen;8;08.04.2016 22:00;0,696602;
Arsen;6;08.04.2016 22:00;0,684101;
Arsen;1;08.04.2016 22:00;0,474645;
Arsen;5;08.04.2016 22:00;0,24839;
Arsen;7;08.04.2016 22:00;0,176763;
Arsen;2;08.04.2016 22:00;0,153582;
Arsen;4;08.04.2016 22:00;0,0799384;
Arsen;9;08.04.2016 22:00;0,0471287;
Benzol;3;08.04.2016 22:00;0,878203;
Benzol;1;08.04.2016 22:00;0,533822;
Benzol;9;08.04.2016 22:00;0,416371;
Benzol;5;08.04.2016 22:00;0,307889;
Benzol;6;08.04.2016 22:00;0,216576;
Benzol;7;08.04.2016 22:00;0,194456;
Benzol;8;08.04.2016 22:00;0,130022;
Benzol;2;08.04.2016 22:00;0,0278175;
Benzol;4;08.04.2016 22:00;0,0185645;
Anilin;3;08.04.2016 22:00;3,63935;
Anilin;8;08.04.2016 22:00;0,677987;
Anilin;6;08.04.2016 22:00;0,355943;
Anilin;5;08.04.2016 22:00;0,330548;
Anilin;2;08.04.2016 22:00;0,292824;
Anilin;7;08.04.2016 22:00;0,194326;
Anilin;4;08.04.2016 22:00;0,121549;
Anilin;1;08.04.2016 22:00;0,119758;
Anilin;9;08.04.2016 22:00;0,0522626;
Natriumchlorid;3;08.04.2016 23:00;0,607869;
Natriumchlorid;8;08.04.2016 23:00;0,33371;
Natriumchlorid;6;08.04.2016 23:00;0,315173;
Natriumchlorid;5;08.04.2016 23:00;0,286424;
Natriumchlorid;9;08.04.2016 23:00;0,171654;
Natriumchlorid;1;08.04.2016 23:00;0,139457;
Natriumchlorid;4;08.04.2016 23:00;0,136307;
Natriumchlorid;2;08.04.2016 23:00;0,12674;
Natriumchlorid;7;08.04.2016 23:00;0,122346;
Arsen;4;08.04.2016 23:00;0,474866;
Arsen;9;08.04.2016 23:00;0,377448;
Arsen;6;08.04.2016 23:00;0,285947;
Arsen;3;08.04.2016 23:00;0,173998;
Arsen;5;08.04.2016 23:00;0,156756;
Arsen;7;08.04.2016 23:00;0,135858;
Arsen;8;08.04.2016 23:00;0,0938477;
Arsen;2;08.04.2016 23:00;0,0344345;
Arsen;1;08.04.2016 23:00;0,0101921;
Benzol;3;08.04.2016 23:00;1,74129;
Benzol;5;08.04.2016 23:00;0,685959;
Benzol;1;08.04.2016 23:00;0,641662;
Benzol;8;08.04.2016 23:00;0,559264;
Benzol;4;08.04.2016 23:00;0,38713;
Benzol;9;08.04.2016 23:00;0,366573;
Benzol;2;08.04.2016 23:00;0,104024;
Benzol;7;08.04.2016 23:00;0,0890025;
Benzol;6;08.04.2016 23:00;0,0257084;
Anilin;3;08.04.2016 23:00;0,900203;
Anilin;8;08.04.2016 23:00;0,598298;
Anilin;7;08.04.2016 23:00;0,489872;
Anilin;4;08.04.2016 23:00;0,456374;
Anilin;2;08.04.2016 23:00;0,373444;
Anilin;9;08.04.2016 23:00;0,308303;
Anilin;6;08.04.2016 23:00;0,286109;
Anilin;1;08.04.2016 23:00;0,275131;
Anilin;5;08.04.2016 23:00;0,135037;
Natriumchlorid;8;09.04.2016 00:00;0,956125;
Natriumchlorid;3;09.04.2016 00:00;0,840431;
Natriumchlorid;1;09.04.2016 00:00;0,559794;
Natriumchlorid;6;09.04.2016 00:00;0,526483;
Natriumchlorid;4;09.04.2016 00:00;0,4456;
Natriumchlorid;2;09.04.2016 00:00;0,436691;
Natriumchlorid;9;09.04.2016 00:00;0,187898;
Natriumchlorid;7;09.04.2016 00:00;0,171009;
Natriumchlorid;5;09.04.2016 00:00;0,134452;
Arsen;8;09.04.2016 00:00;0,649277;
Arsen;9;09.04.2016 00:00;0,487155;
Arsen;5;09.04.2016 00:00;0,482782;
Arsen;3;09.04.2016 00:00;0,373415;
Arsen;4;09.04.2016 00:00;0,216811;
Arsen;6;09.04.2016 00:00;0,202366;
Arsen;2;09.04.2016 00:00;0,0981342;
Arsen;1;09.04.2016 00:00;0,0683354;
Arsen;7;09.04.2016 00:00;0,0274717;
Benzol;7;09.04.2016 00:00;2,34236;
Benzol;8;09.04.2016 00:00;0,723504;
Benzol;6;09.04.2016 00:00;0,554165;
Benzol;2;09.04.2016 00:00;0,409448;
Benzol;4;09.04.2016 00:00;0,366383;
Benzol;3;09.04.2016 00:00;0,349519;
Benzol;1;09.04.2016 00:00;0,327981;
Benzol;9;09.04.2016 00:00;0,0917768;
Benzol;5;09.04.2016 00:00;0,0915292;
Anilin;7;09.04.2016 00:00;1,51865;
Anilin;2;09.04.2016 00:00;0,574557;
Anilin;3;09.04.2016 00:00;0,51168;
Anilin;8;09.04.2016 00:00;0,503356;
Anilin;5;09.04.2016 00:00;0,373268;
Anilin;4;09.04.2016 00:00;0,243535;
Anilin;9;09.04.2016 00:00;0,117944;
Anilin;1;09.04.2016 00:00;0,0542453;
Anilin;6;09.04.2016 00:00;0,0445949;
Natriumchlorid;6;09.04.2016 01:00;9,46074;
Natriumchlorid;7;09.04.2016 01:00;0,86795;
Natriumchlorid;2;09.04.2016 01:00;0,568387;
Natriumchlorid;5;09.04.2016 01:00;0,443347;
Natriumchlorid;3;09.04.2016 01:00;0,367279;
Natriumchlorid;1;09.04.2016 01:00;0,130033;
Natriumchlorid;8;09.04.2016 01:00;0,107252;
Natriumchlorid;9;09.04.2016 01:00;0,106726;
Natriumchlorid;4;09.04.2016 01:00;0,0954018;
Arsen;7;09.04.2016 01:00;0,574698;
Arsen;6;09.04.2016 01:00;0,562092;
Arsen;8;09.04.2016 01:00;0,5117;
Arsen;5;09.04.2016 01:00;0,358472;
Arsen;9;09.04.2016 01:00;0,342364;
Arsen;3;09.04.2016 01:00;0,117402;
Arsen;4;09.04.2016 01:00;0,107932;
Arsen;2;09.04.2016 01:00;0,0994284;
Arsen;1;09.04.2016 01:00;0,0882081;
Benzol;3;09.04.2016 01:00;0,884933;
Benzol;8;09.04.2016 01:00;0,722614;
Benzol;2;09.04.2016 01:00;0,522318;
Benzol;7;09.04.2016 01:00;0,320119;
Benzol;6;09.04.2016 01:00;0,318027;
Benzol;1;09.04.2016 01:00;0,25388;
Benzol;9;09.04.2016 01:00;0,245454;
Benzol;5;09.04.2016 01:00;0,210107;
Benzol;4;09.04.2016 01:00;0,0520459;
Anilin;6;09.04.2016 01:00;94,34631;
Anilin;3;09.04.2016 01:00;2,39825;
Anilin;7;09.04.2016 01:00;1,60416;
Anilin;4;09.04.2016 01:00;0,440963;
Anilin;8;09.04.2016 01:00;0,35306;
Anilin;5;09.04.2016 01:00;0,344804;
Anilin;1;09.04.2016 01:00;0,340223;
Anilin;2;09.04.2016 01:00;0,079331;
Anilin;9;09.04.2016 01:00;0,0787989;
Natriumchlorid;8;09.04.2016 02:00;0,964947;
Natriumchlorid;6;09.04.2016 02:00;0,906455;
Natriumchlorid;3;09.04.2016 02:00;0,449961;
Natriumchlorid;4;09.04.2016 02:00;0,307698;
Natriumchlorid;7;09.04.2016 02:00;0,263784;
Natriumchlorid;5;09.04.2016 02:00;0,208267;
Natriumchlorid;9;09.04.2016 02:00;0,12646;
Natriumchlorid;1;09.04.2016 02:00;0,111763;
Natriumchlorid;2;09.04.2016 02:00;0,110066;
Arsen;3;09.04.2016 02:00;0,896631;
Arsen;1;09.04.2016 02:00;0,674873;
Arsen;6;09.04.2016 02:00;0,578676;
Arsen;8;09.04.2016 02:00;0,341114;
Arsen;5;09.04.2016 02:00;0,287763;
Arsen;2;09.04.2016 02:00;0,176471;
Arsen;7;09.04.2016 02:00;0,105784;
Arsen;9;09.04.2016 02:00;0,102285;
Arsen;4;09.04.2016 02:00;0,0114624;
Benzol;3;09.04.2016 02:00;0,92877;
Benzol;8;09.04.2016 02:00;0,632838;
Benzol;6;09.04.2016 02:00;0,377762;
Benzol;5;09.04.2016 02:00;0,324586;
Benzol;2;09.04.2016 02:00;0,315363;
Benzol;1;09.04.2016 02:00;0,309797;
Benzol;4;09.04.2016 02:00;0,2305;
Benzol;9;09.04.2016 02:00;0,204445;
Benzol;7;09.04.2016 02:00;0,167777;
Anilin;6;09.04.2016 02:00;6,48814;
Anilin;3;09.04.2016 02:00;2,08781;
Anilin;7;09.04.2016 02:00;1,00464;
Anilin;8;09.04.2016 02:00;0,330988;
Anilin;4;09.04.2016 02:00;0,25244;
Anilin;1;09.04.2016 02:00;0,0662846;
Anilin;5;09.04.2016 02:00;0,0338484;
Anilin;2;09.04.2016 02:00;0,00532721;
Anilin;9;09.04.2016 02:00;0,00383732;
Natriumchlorid;7;09.04.2016 03:00;1,01514;
Natriumchlorid;3;09.04.2016 03:00;0,770382;
Natriumchlorid;2;09.04.2016 03:00;0,458933;
Natriumchlorid;6;09.04.2016 03:00;0,405256;
Natriumchlorid;4;09.04.2016 03:00;0,369679;
Natriumchlorid;9;09.04.2016 03:00;0,325308;
Natriumchlorid;1;09.04.2016 03:00;0,233921;
Natriumchlorid;5;09.04.2016 03:00;0,127438;
Natriumchlorid;8;09.04.2016 03:00;0,0274616;
Arsen;3;09.04.2016 03:00;5,06041;
Arsen;8;09.04.2016 03:00;0,576171;
Arsen;5;09.04.2016 03:00;0,417034;
Arsen;6;09.04.2016 03:00;0,34639;
Arsen;7;09.04.2016 03:00;0,126959;
Arsen;9;09.04.2016 03:00;0,0894759;
Arsen;1;09.04.2016 03:00;0,086941;
Arsen;4;09.04.2016 03:00;0,0751678;
Arsen;2;09.04.2016 03:00;0,0244693;
Benzol;7;09.04.2016 03:00;0,724032;
Benzol;8;09.04.2016 03:00;0,668285;
Benzol;1;09.04.2016 03:00;0,39;
Benzol;6;09.04.2016 03:00;0,3807;
Benzol;3;09.04.2016 03:00;0,3676;
Benzol;9;09.04.2016 03:00;0,302571;
Benzol;2;09.04.2016 03:00;0,225583;
Benzol;5;09.04.2016 03:00;0,220847;
Benzol;4;09.04.2016 03:00;0,183406;
Anilin;3;09.04.2016 03:00;1,00073;
Anilin;1;09.04.2016 03:00;0,603154;
Anilin;2;09.04.2016 03:00;0,546938;
Anilin;6;09.04.2016 03:00;0,514395;
Anilin;9;09.04.2016 03:00;0,422323;
Anilin;4;09.04.2016 03:00;0,376277;
Anilin;5;09.04.2016 03:00;0,340153;
Anilin;8;09.04.2016 03:00;0,21311;
Anilin;7;09.04.2016 03:00;0,103196;
Natriumchlorid;7;09.04.2016 04:00;1,83814;
Natriumchlorid;2;09.04.2016 04:00;0,782846;
Natriumchlorid;8;09.04.2016 04:00;0,635162;
Natriumchlorid;9;09.04.2016 04:00;0,424838;
Natriumchlorid;3;09.04.2016 04:00;0,406794;
Natriumchlorid;5;09.04.2016 04:00;0,377558;
Natriumchlorid;4;09.04.2016 04:00;0,269515;
Natriumchlorid;6;09.04.2016 04:00;0,261454;
Natriumchlorid;1;09.04.2016 04:00;0,0907609;
Arsen;3;09.04.2016 04:00;0,879866;
Arsen;9;09.04.2016 04:00;0,353097;
Arsen;6;09.04.2016 04:00;0,294521;
Arsen;8;09.04.2016 04:00;0,227402;
Arsen;5;09.04.2016 04:00;0,223426;
Arsen;7;09.04.2016 04:00;0,207529;
Arsen;2;09.04.2016 04:00;0,173159;
Arsen;1;09.04.2016 04:00;0,124968;
Arsen;4;09.04.2016 04:00;0,00985264;
Benzol;3;09.04.2016 04:00;2,75864;
Benzol;1;09.04.2016 04:00;0,326333;
Benzol;4;09.04.2016 04:00;0,285787;
Benzol;6;09.04.2016 04:00;0,212342;
Benzol;9;09.04.2016 04:00;0,157462;
Benzol;5;09.04.2016 04:00;0,131949;
Benzol;2;09.04.2016 04:00;0,124439;
Benzol;7;09.04.2016 04:00;0,109282;
Benzol;8;09.04.2016 04:00;0,024011;
Anilin;3;09.04.2016 04:00;1,39358;
Anilin;8;09.04.2016 04:00;1,01029;
Anilin;5;09.04.2016 04:00;0,357116;
Anilin;2;09.04.2016 04:00;0,303415;
Anilin;4;09.04.2016 04:00;0,300888;
Anilin;1;09.04.2016 04:00;0,277517;
Anilin;7;09.04.2016 04:00;0,244882;
Anilin;9;09.04.2016 04:00;0,237543;
Anilin;6;09.04.2016 04:00;0,100749;
Natriumchlorid;8;09.04.2016 05:00;0,893963;
Natriumchlorid;2;09.04.2016 05:00;0,865925;
Natriumchlorid;3;09.04.2016 05:00;0,714017;
Natriumchlorid;9;09.04.2016 05:00;0,453611;
Natriumchlorid;6;09.04.2016 05:00;0,361273;
Natriumchlorid;1;09.04.2016 05:00;0,240617;
Natriumchlorid;7;09.04.2016 05:00;0,234988;
Natriumchlorid;5;09.04.2016 05:00;0,1092;
Natriumchlorid;4;09.04.2016 05:00;0,0661566;
Arsen;6;09.04.2016 05:00;0,790046;
Arsen;9;09.04.2016 05:00;0,636386;
Arsen;2;09.04.2016 05:00;0,518942;
Arsen;4;09.04.2016 05:00;0,482846;
Arsen;5;09.04.2016 05:00;0,347601;
Arsen;8;09.04.2016 05:00;0,140467;
Arsen;3;09.04.2016 05:00;0,139007;
Arsen;7;09.04.2016 05:00;0,110452;
Arsen;1;09.04.2016 05:00;0,050002;
Benzol;3;09.04.2016 05:00;0,624138;
Benzol;7;09.04.2016 05:00;0,606071;
Benzol;6;09.04.2016 05:00;0,558464;
Benzol;8;09.04.2016 05:00;0,553319;
Benzol;2;09.04.2016 05:00;0,407835;
Benzol;9;09.04.2016 05:00;0,297078;
Benzol;4;09.04.2016 05:00;0,176116;
Benzol;1;09.04.2016 05:00;0,103782;
Benzol;5;09.04.2016 05:00;0,0631254;
Anilin;8;09.04.2016 05:00;0,933887;
Anilin;6;09.04.2016 05:00;0,395478;
Anilin;3;09.04.2016 05:00;0,376261;
Anilin;9;09.04.2016 05:00;0,355818;
Anilin;7;09.04.2016 05:00;0,354288;
Anilin;2;09.04.2016 05:00;0,252059;
Anilin;5;09.04.2016 05:00;0,230953;
Anilin;1;09.04.2016 05:00;0,185537;
Anilin;4;09.04.2016 05:00;0,0566225;
Natriumchlorid;3;09.04.2016 06:00;2,56592;
Natriumchlorid;8;09.04.2016 06:00;0,873186;
Natriumchlorid;6;09.04.2016 06:00;0,609977;
Natriumchlorid;7;09.04.2016 06:00;0,333703;
Natriumchlorid;4;09.04.2016 06:00;0,212317;
Natriumchlorid;1;09.04.2016 06:00;0,164246;
Natriumchlorid;5;09.04.2016 06:00;0,119129;
Natriumchlorid;2;09.04.2016 06:00;0,108578;
Natriumchlorid;9;09.04.2016 06:00;0,0292086;
Arsen;8;09.04.2016 06:00;0,772758;
Arsen;5;09.04.2016 06:00;0,751935;
Arsen;3;09.04.2016 06:00;0,525726;
Arsen;2;09.04.2016 06:00;0,405241;
Arsen;4;09.04.2016 06:00;0,338963;
Arsen;1;09.04.2016 06:00;0,308037;
Arsen;9;09.04.2016 06:00;0,200163;
Arsen;6;09.04.2016 06:00;0,189864;
Arsen;7;09.04.2016 06:00;0,188424;
Benzol;2;09.04.2016 06:00;0,650425;
Benzol;7;09.04.2016 06:00;0,624449;
Benzol;3;09.04.2016 06:00;0,618399;
Benzol;8;09.04.2016 06:00;0,467966;
Benzol;1;09.04.2016 06:00;0,273983;
Benzol;9;09.04.2016 06:00;0,241224;
Benzol;6;09.04.2016 06:00;0,224269;
Benzol;5;09.04.2016 06:00;0,0613282;
Benzol;4;09.04.2016 06:00;0,0298843;
Anilin;3;09.04.2016 06:00;1,03399;
Anilin;6;09.04.2016 06:00;0,449056;
Anilin;5;09.04.2016 06:00;0,233665;
Anilin;9;09.04.2016 06:00;0,226461;
Anilin;4;09.04.2016 06:00;0,226006;
Anilin;7;09.04.2016 06:00;0,189363;
Anilin;1;09.04.2016 06:00;0,133148;
Anilin;2;09.04.2016 06:00;0,0492025;
Anilin;8;09.04.2016 06:00;0,0409185;
Natriumchlorid;7;09.04.2016 07:00;1,1603;
Natriumchlorid;8;09.04.2016 07:00;0,59084;
Natriumchlorid;4;09.04.2016 07:00;0,516842;
Natriumchlorid;3;09.04.2016 07:00;0,506341;
Natriumchlorid;5;09.04.2016 07:00;0,445671;
Natriumchlorid;2;09.04.2016 07:00;0,358933;
Natriumchlorid;6;09.04.2016 07:00;0,318759;
Natriumchlorid;9;09.04.2016 07:00;0,277477;
Natriumchlorid;1;09.04.2016 07:00;0,217671;
Arsen;3;09.04.2016 07:00;2,4089;
Arsen;6;09.04.2016 07:00;0,806717;
Arsen;1;09.04.2016 07:00;0,262194;
Arsen;7;09.04.2016 07:00;0,257418;
Arsen;8;09.04.2016 07:00;0,154133;
Arsen;2;09.04.2016 07:00;0,10427;
Arsen;4;09.04.2016 07:00;0,0996573;
Arsen;9;09.04.2016 07:00;0,0580487;
Arsen;5;09.04.2016 07:00;0,0576219;
Benzol;3;09.04.2016 07:00;1,09287;
Benzol;6;09.04.2016 07:00;0,467063;
Benzol;8;09.04.2016 07:00;0,446817;
Benzol;5;09.04.2016 07:00;0,347539;
Benzol;4;09.04.2016 07:00;0,256618;
Benzol;7;09.04.2016 07:00;0,242201;
Benzol;2;09.04.2016 07:00;0,119613;
Benzol;1;09.04.2016 07:00;0,0863432;
Benzol;9;09.04.2016 07:00;0,0736291;
Anilin;3;09.04.2016 07:00;0,998585;
Anilin;8;09.04.2016 07:00;0,985066;
Anilin;6;09.04.2016 07:00;0,717419;
Anilin;1;09.04.2016 07:00;0,653845;
Anilin;7;09.04.2016 07:00;0,31922;
Anilin;4;09.04.2016 07:00;0,267656;
Anilin;9;09.04.2016 07:00;0,219023;
Anilin;5;09.04.2016 07:00;0,102327;
Anilin;2;09.04.2016 07:00;0,00680695;
Natriumchlorid;7;09.04.2016 08:00;1,01837;
Natriumchlorid;3;09.04.2016 08:00;0,92117;
Natriumchlorid;6;09.04.2016 08:00;0,589736;
Natriumchlorid;1;09.04.2016 08:00;0,474645;
Natriumchlorid;5;09.04.2016 08:00;0,448729;
Natriumchlorid;2;09.04.2016 08:00;0,344382;
Natriumchlorid;8;09.04.2016 08:00;0,313922;
Natriumchlorid;9;09.04.2016 08:00;0,292814;
Natriumchlorid;4;09.04.2016 08:00;0,261121;
Arsen;8;09.04.2016 08:00;0,666645;
Arsen;5;09.04.2016 08:00;0,485301;
Arsen;4;09.04.2016 08:00;0,41444;
Arsen;6;09.04.2016 08:00;0,304537;
Arsen;7;09.04.2016 08:00;0,204252;
Arsen;3;09.04.2016 08:00;0,186154;
Arsen;2;09.04.2016 08:00;0,171532;
Arsen;9;09.04.2016 08:00;0,133575;
Arsen;1;09.04.2016 08:00;0,0209137;
Benzol;7;09.04.2016 08:00;1,40109;
Benzol;3;09.04.2016 08:00;1,08159;
Benzol;8;09.04.2016 08:00;0,752633;
Benzol;2;09.04.2016 08:00;0,660429;
Benzol;5;09.04.2016 08:00;0,392199;
Benzol;4;09.04.2016 08:00;0,301409;
Benzol;9;09.04.2016 08:00;0,198592;
Benzol;6;09.04.2016 08:00;0,141634;
Benzol;1;09.04.2016 08:00;0,057735;
Anilin;3;09.04.2016 08:00;0,831204;
Anilin;7;09.04.2016 08:00;0,761197;
Anilin;9;09.04.2016 08:00;0,610038;
Anilin;2;09.04.2016 08:00;0,558447;
Anilin;8;09.04.2016 08:00;0,521277;
Anilin;1;09.04.2016 08:00;0,515918;
Anilin;4;09.04.2016 08:00;0,447012;
Anilin;6;09.04.2016 08:00;0,398202;
Anilin;5;09.04.2016 08:00;0,382958;
Natriumchlorid;7;09.04.2016 09:00;0,588426;
Natriumchlorid;2;09.04.2016 09:00;0,27244;
Natriumchlorid;9;09.04.2016 09:00;0,234915;
Natriumchlorid;6;09.04.2016 09:00;0,177166;
Natriumchlorid;3;09.04.2016 09:00;0,171795;
Natriumchlorid;1;09.04.2016 09:00;0,135715;
Natriumchlorid;5;09.04.2016 09:00;0,0990043;
Natriumchlorid;4;09.04.2016 09:00;0,0430246;
Natriumchlorid;8;09.04.2016 09:00;0,0153626;
Arsen;2;09.04.2016 09:00;0,598747;
Arsen;5;09.04.2016 09:00;0,480725;
Arsen;3;09.04.2016 09:00;0,427302;
Arsen;9;09.04.2016 09:00;0,248505;
Arsen;8;09.04.2016 09:00;0,236853;
Arsen;1;09.04.2016 09:00;0,219515;
Arsen;7;09.04.2016 09:00;0,186619;
Arsen;4;09.04.2016 09:00;0,146065;
Arsen;6;09.04.2016 09:00;0,074048;
Benzol;7;09.04.2016 09:00;1,82878;
Benzol;3;09.04.2016 09:00;1,71518;
Benzol;8;09.04.2016 09:00;1,15906;
Benzol;1;09.04.2016 09:00;0,451775;
Benzol;5;09.04.2016 09:00;0,361662;
Benzol;2;09.04.2016 09:00;0,356156;
Benzol;6;09.04.2016 09:00;0,324212;
Benzol;4;09.04.2016 09:00;0,103273;
Benzol;9;09.04.2016 09:00;0,0437991;
Anilin;3;09.04.2016 09:00;2,32869;
Anilin;2;09.04.2016 09:00;0,65954;
Anilin;7;09.04.2016 09:00;0,510806;
Anilin;5;09.04.2016 09:00;0,315133;
Anilin;6;09.04.2016 09:00;0,197317;
Anilin;4;09.04.2016 09:00;0,188046;
Anilin;8;09.04.2016 09:00;0,186717;
Anilin;9;09.04.2016 09:00;0,117061;
Anilin;1;09.04.2016 09:00;0,0669913;
Natriumchlorid;7;09.04.2016 10:00;1,84084;
Natriumchlorid;3;09.04.2016 10:00;1,81034;
Natriumchlorid;8;09.04.2016 10:00;0,589796;
Natriumchlorid;6;09.04.2016 10:00;0,39733;
Natriumchlorid;4;09.04.2016 10:00;0,358657;
Natriumchlorid;1;09.04.2016 10:00;0,329713;
Natriumchlorid;2;09.04.2016 10:00;0,124098;
Natriumchlorid;5;09.04.2016 10:00;0,0162419;
Natriumchlorid;9;09.04.2016 10:00;0,00564585;
Arsen;3;09.04.2016 10:00;1,5547;
Arsen;7;09.04.2016 10:00;1,26634;
Arsen;8;09.04.2016 10:00;0,964532;
Arsen;5;09.04.2016 10:00;0,666832;
Arsen;2;09.04.2016 10:00;0,413812;
Arsen;1;09.04.2016 10:00;0,189094;
Arsen;6;09.04.2016 10:00;0,181635;
Arsen;9;09.04.2016 10:00;0,0750086;
Arsen;4;09.04.2016 10:00;0,0682707;
Benzol;7;09.04.2016 10:00;1,55316;
Benzol;2;09.04.2016 10:00;0,423441;
Benzol;5;09.04.2016 10:00;0,303564;
Benzol;9;09.04.2016 10:00;0,274573;
Benzol;3;09.04.2016 10:00;0,251282;
Benzol;1;09.04.2016 10:00;0,20717;
Benzol;8;09.04.2016 10:00;0,193212;
Benzol;4;09.04.2016 10:00;0,184876;
Benzol;6;09.04.2016 10:00;0,0629364;
Anilin;3;09.04.2016 10:00;2,41283;
Anilin;7;09.04.2016 10:00;1,52586;
Anilin;2;09.04.2016 10:00;0,481465;
Anilin;9;09.04.2016 10:00;0,309137;
Anilin;8;09.04.2016 10:00;0,286867;
Anilin;4;09.04.2016 10:00;0,232298;
Anilin;6;09.04.2016 10:00;0,183871;
Anilin;5;09.04.2016 10:00;0,0827928;
Anilin;1;09.04.2016 10:00;0,0541653;
Natriumchlorid;8;09.04.2016 11:00;0,473529;
Natriumchlorid;6;09.04.2016 11:00;0,425551;
Natriumchlorid;1;09.04.2016 11:00;0,151826;
Natriumchlorid;3;09.04.2016 11:00;0,123693;
Natriumchlorid;5;09.04.2016 11:00;0,110734;
Natriumchlorid;9;09.04.2016 11:00;0,110293;
Natriumchlorid;7;09.04.2016 11:00;0,0930042;
Natriumchlorid;2;09.04.2016 11:00;0,0629495;
Natriumchlorid;4;09.04.2016 11:00;0,047521;
Arsen;7;09.04.2016 11:00;2,9055;
Arsen;3;09.04.2016 11:00;1,77681;
Arsen;8;09.04.2016 11:00;0,716509;
Arsen;1;09.04.2016 11:00;0,616507;
Arsen;2;09.04.2016 11:00;0,517179;
Arsen;4;09.04.2016 11:00;0,416379;
Arsen;6;09.04.2016 11:00;0,286721;
Arsen;9;09.04.2016 11:00;0,11447;
Arsen;5;09.04.2016 11:00;0,0419376;
Benzol;8;09.04.2016 11:00;0,69119;
Benzol;3;09.04.2016 11:00;0,678834;
Benzol;2;09.04.2016 11:00;0,582216;
Benzol;7;09.04.2016 11:00;0,456943;
Benzol;6;09.04.2016 11:00;0,439944;
Benzol;5;09.04.2016 11:00;0,388355;
Benzol;4;09.04.2016 11:00;0,185408;
Benzol;9;09.04.2016 11:00;0,131041;
Benzol;1;09.04.2016 11:00;0,0639908;
Anilin;3;09.04.2016 11:00;2,43096;
Anilin;8;09.04.2016 11:00;0,632802;
Anilin;7;09.04.2016 11:00;0,450267;
Anilin;6;09.04.2016 11:00;0,402685;
Anilin;4;09.04.2016 11:00;0,360934;
Anilin;5;09.04.2016 11:00;0,359055;
Anilin;9;09.04.2016 11:00;0,281092;
Anilin;2;09.04.2016 11:00;0,129739;
Anilin;1;09.04.2016 11:00;0,0166785;
Natriumchlorid;3;09.04.2016 12:00;3,02928;
Natriumchlorid;6;09.04.2016 12:00;0,662039;
Natriumchlorid;2;09.04.2016 12:00;0,55544;
Natriumchlorid;1;09.04.2016 12:00;0,404998;
Natriumchlorid;5;09.04.2016 12:00;0,359315;
Natriumchlorid;8;09.04.2016 12:00;0,310662;
Natriumchlorid;7;09.04.2016 12:00;0,217572;
Natriumchlorid;9;09.04.2016 12:00;0,197223;
Natriumchlorid;4;09.04.2016 12:00;0,144732;
Arsen;3;09.04.2016 12:00;1,27499;
Arsen;6;09.04.2016 12:00;0,629474;
Arsen;4;09.04.2016 12:00;0,451714;
Arsen;8;09.04.2016 12:00;0,363398;
Arsen;9;09.04.2016 12:00;0,329544;
Arsen;5;09.04.2016 12:00;0,319466;
Arsen;1;09.04.2016 12:00;0,310685;
Arsen;7;09.04.2016 12:00;0,252512;
Arsen;2;09.04.2016 12:00;0,233684;
Benzol;3;09.04.2016 12:00;2,07621;
Benzol;6;09.04.2016 12:00;0,821476;
Benzol;2;09.04.2016 12:00;0,636251;
Benzol;5;09.04.2016 12:00;0,379835;
Benzol;4;09.04.2016 12:00;0,223029;
Benzol;9;09.04.2016 12:00;0,21342;
Benzol;8;09.04.2016 12:00;0,155403;
Benzol;7;09.04.2016 12:00;0,0799878;
Benzol;1;09.04.2016 12:00;0,077934;
Anilin;3;09.04.2016 12:00;1,32969;
Anilin;8;09.04.2016 12:00;0,985245;
Anilin;4;09.04.2016 12:00;0,544148;
Anilin;6;09.04.2016 12:00;0,438867;
Anilin;7;09.04.2016 12:00;0,428685;
Anilin;9;09.04.2016 12:00;0,299824;
Anilin;1;09.04.2016 12:00;0,103627;
Anilin;5;09.04.2016 12:00;0,0580168;
Anilin;2;09.04.2016 12:00;0,0311363;
Natriumchlorid;6;09.04.2016 13:00;0,733575;
Natriumchlorid;3;09.04.2016 13:00;0,645025;
Natriumchlorid;2;09.04.2016 13:00;0,642269;
Natriumchlorid;1;09.04.2016 13:00;0,623011;
Natriumchlorid;8;09.04.2016 13:00;0,612507;
Natriumchlorid;9;09.04.2016 13:00;0,398308;
Natriumchlorid;5;09.04.2016 13:00;0,277074;
Natriumchlorid;7;09.04.2016 13:00;0,0637146;
Natriumchlorid;4;09.04.2016 13:00;0,00709898;
Arsen;2;09.04.2016 13:00;0,73925;
Arsen;8;09.04.2016 13:00;0,595741;
Arsen;4;09.04.2016 13:00;0,324966;
Arsen;3;09.04.2016 13:00;0,217116;
Arsen;5;09.04.2016 13:00;0,207049;
Arsen;6;09.04.2016 13:00;0,147071;
Arsen;7;09.04.2016 13:00;0,14665;
Arsen;9;09.04.2016 13:00;0,129935;
Arsen;1;09.04.2016 13:00;0,0172296;
Benzol;3;09.04.2016 13:00;2,14762;
Benzol;6;09.04.2016 13:00;2,12966;
Benzol;8;09.04.2016 13:00;0,484701;
Benzol;5;09.04.2016 13:00;0,323517;
Benzol;9;09.04.2016 13:00;0,311291;
Benzol;2;09.04.2016 13:00;0,261499;
Benzol;1;09.04.2016 13:00;0,247264;
Benzol;4;09.04.2016 13:00;0,179545;
Benzol;7;09.04.2016 13:00;0,0379123;
Anilin;3;09.04.2016 13:00;2,38321;
Anilin;9;09.04.2016 13:00;0,507368;
Anilin;6;09.04.2016 13:00;0,441084;
Anilin;2;09.04.2016 13:00;0,420977;
Anilin;8;09.04.2016 13:00;0,414278;
Anilin;5;09.04.2016 13:00;0,27394;
Anilin;1;09.04.2016 13:00;0,152424;
Anilin;4;09.04.2016 13:00;0,0562269;
Anilin;7;09.04.2016 13:00;0,0119599;
Natriumchlorid;3;09.04.2016 14:00;1,28827;
Natriumchlorid;2;09.04.2016 14:00;0,877326;
Natriumchlorid;8;09.04.2016 14:00;0,798773;
Natriumchlorid;7;09.04.2016 14:00;0,449161;
Natriumchlorid;5;09.04.2016 14:00;0,445198;
Natriumchlorid;9;09.04.2016 14:00;0,41498;
Natriumchlorid;4;09.04.2016 14:00;0,25345;
Natriumchlorid;1;09.04.2016 14:00;0,229644;
Natriumchlorid;6;09.04.2016 14:00;0,156875;
Arsen;6;09.04.2016 14:00;0,680988;
Arsen;7;09.04.2016 14:00;0,616715;
Arsen;3;09.04.2016 14:00;0,609184;
Arsen;5;09.04.2016 14:00;0,548366;
Arsen;2;09.04.2016 14:00;0,398298;
Arsen;4;09.04.2016 14:00;0,390008;
Arsen;9;09.04.2016 14:00;0,225813;
Arsen;1;09.04.2016 14:00;0,183051;
Arsen;8;09.04.2016 14:00;0,144691;
Benzol;6;09.04.2016 14:00;6,68777;
Benzol;9;09.04.2016 14:00;0,390409;
Benzol;8;09.04.2016 14:00;0,339629;
Benzol;3;09.04.2016 14:00;0,316626;
Benzol;7;09.04.2016 14:00;0,276154;
Benzol;5;09.04.2016 14:00;0,238703;
Benzol;2;09.04.2016 14:00;0,213635;
Benzol;1;09.04.2016 14:00;0,125605;
Benzol;4;09.04.2016 14:00;0,0126898;
Anilin;3;09.04.2016 14:00;0,52147;
Anilin;2;09.04.2016 14:00;0,512;
Anilin;4;09.04.2016 14:00;0,416271;
Anilin;5;09.04.2016 14:00;0,315302;
Anilin;1;09.04.2016 14:00;0,279997;
Anilin;6;09.04.2016 14:00;0,268373;
Anilin;8;09.04.2016 14:00;0,194892;
Anilin;7;09.04.2016 14:00;0,0722014;
Anilin;9;09.04.2016 14:00;0,0721123;
Natriumchlorid;8;09.04.2016 15:00;0,803479;
Natriumchlorid;7;09.04.2016 15:00;0,382161;
Natriumchlorid;5;09.04.2016 15:00;0,32375;
Natriumchlorid;9;09.04.2016 15:00;0,286352;
Natriumchlorid;3;09.04.2016 15:00;0,178029;
Natriumchlorid;6;09.04.2016 15:00;0,168235;
Natriumchlorid;1;09.04.2016 15:00;0,157305;
Natriumchlorid;2;09.04.2016 15:00;0,0464221;
Natriumchlorid;4;09.04.2016 15:00;0,00183346;
Arsen;1;09.04.2016 15:00;0,567214;
Arsen;6;09.04.2016 15:00;0,5404;
Arsen;8;09.04.2016 15:00;0,521598;
Arsen;4;09.04.2016 15:00;0,391301;
Arsen;3;09.04.2016 15:00;0,383477;
Arsen;7;09.04.2016 15:00;0,161301;
Arsen;9;09.04.2016 15:00;0,121575;
Arsen;5;09.04.2016 15:00;0,0111378;
Arsen;2;09.04.2016 15:00;0,00808056;
Benzol;6;09.04.2016 15:00;11,79647;
Benzol;3;09.04.2016 15:00;1,39136;
Benzol;1;09.04.2016 15:00;0,296304;
Benzol;7;09.04.2016 15:00;0,239123;
Benzol;5;09.04.2016 15:00;0,196505;
Benzol;8;09.04.2016 15:00;0,121701;
Benzol;4;09.04.2016 15:00;0,101253;
Benzol;9;09.04.2016 15:00;0,0468832;
Benzol;2;09.04.2016 15:00;0,00429311;
Anilin;8;09.04.2016 15:00;0,515013;
Anilin;6;09.04.2016 15:00;0,513711;
Anilin;2;09.04.2016 15:00;0,289557;
Anilin;3;09.04.2016 15:00;0,271084;
Anilin;7;09.04.2016 15:00;0,204426;
Anilin;9;09.04.2016 15:00;0,165443;
Anilin;4;09.04.2016 15:00;0,14222;
Anilin;5;09.04.2016 15:00;0,12163;
Anilin;1;09.04.2016 15:00;0,103077;
Natriumchlorid;3;09.04.2016 16:00;3,70617;
Natriumchlorid;7;09.04.2016 16:00;2,53117;
Natriumchlorid;8;09.04.2016 16:00;1,30176;
Natriumchlorid;1;09.04.2016 16:00;0,431914;
Natriumchlorid;6;09.04.2016 16:00;0,431455;
Natriumchlorid;4;09.04.2016 16:00;0,243642;
Natriumchlorid;2;09.04.2016 16:00;0,129923;
Natriumchlorid;9;09.04.2016 16:00;0,0505631;
Natriumchlorid;5;09.04.2016 16:00;0,0435971;
Arsen;3;09.04.2016 16:00;1,76352;
Arsen;7;09.04.2016 16:00;0,57609;
Arsen;1;09.04.2016 16:00;0,506326;
Arsen;6;09.04.2016 16:00;0,45628;
Arsen;4;09.04.2016 16:00;0,340181;
Arsen;2;09.04.2016 16:00;0,302787;
Arsen;8;09.04.2016 16:00;0,173298;
Arsen;9;09.04.2016 16:00;0,080687;
Arsen;5;09.04.2016 16:00;0,015072;
Benzol;6;09.04.2016 16:00;2,33162;
Benzol;3;09.04.2016 16:00;0,792054;
Benzol;8;09.04.2016 16:00;0,669391;
Benzol;1;09.04.2016 16:00;0,311863;
Benzol;4;09.04.2016 16:00;0,201337;
Benzol;7;09.04.2016 16:00;0,183992;
Benzol;9;09.04.2016 16:00;0,114402;
Benzol;2;09.04.2016 16:00;0,0706876;
Benzol;5;09.04.2016 16:00;0,0491548;
Anilin;7;09.04.2016 16:00;1,09321;
Anilin;8;09.04.2016 16:00;0,883125;
Anilin;3;09.04.2016 16:00;0,679017;
Anilin;4;09.04.2016 16:00;0,426136;
Anilin;6;09.04.2016 16:00;0,332484;
Anilin;2;09.04.2016 16:00;0,281105;
Anilin;9;09.04.2016 16:00;0,208256;
Anilin;1;09.04.2016 16:00;0,155645;
Anilin;5;09.04.2016 16:00;0,129922;
Natriumchlorid;3;09.04.2016 17:00;0,543047;
Natriumchlorid;4;09.04.2016 17:00;0,507873;
Natriumchlorid;2;09.04.2016 17:00;0,484925;
Natriumchlorid;8;09.04.2016 17:00;0,481926;
Natriumchlorid;5;09.04.2016 17:00;0,281666;
Natriumchlorid;6;09.04.2016 17:00;0,257262;
Natriumchlorid;7;09.04.2016 17:00;0,149607;
Natriumchlorid;1;09.04.2016 17:00;0,109275;
Natriumchlorid;9;09.04.2016 17:00;0,024202;
Arsen;3;09.04.2016 17:00;1,49016;
Arsen;4;09.04.2016 17:00;0,498332;
Arsen;5;09.04.2016 17:00;0,473627;
Arsen;1;09.04.2016 17:00;0,451033;
Arsen;6;09.04.2016 17:00;0,38434;
Arsen;7;09.04.2016 17:00;0,313659;
Arsen;2;09.04.2016 17:00;0,140695;
Arsen;9;09.04.2016 17:00;0,0332681;
Arsen;8;09.04.2016 17:00;0,0299063;
Benzol;3;09.04.2016 17:00;2,6504;
Benzol;7;09.04.2016 17:00;0,484716;
Benzol;6;09.04.2016 17:00;0,253085;
Benzol;1;09.04.2016 17:00;0,182175;
Benzol;4;09.04.2016 17:00;0,104151;
Benzol;8;09.04.2016 17:00;0,0964657;
Benzol;2;09.04.2016 17:00;0,0250517;
Benzol;9;09.04.2016 17:00;0,0182815;
Benzol;5;09.04.2016 17:00;0,00562298;
Anilin;1;09.04.2016 17:00;0,368464;
Anilin;3;09.04.2016 17:00;0,364202;
Anilin;5;09.04.2016 17:00;0,229086;
Anilin;4;09.04.2016 17:00;0,194874;
Anilin;6;09.04.2016 17:00;0,186025;
Anilin;8;09.04.2016 17:00;0,114763;
Anilin;2;09.04.2016 17:00;0,0179092;
Anilin;7;09.04.2016 17:00;0,0106494;
Anilin;9;09.04.2016 17:00;0,00556809;
Natriumchlorid;7;09.04.2016 18:00;3,12486;
Natriumchlorid;9;09.04.2016 18:00;0,495645;
Natriumchlorid;6;09.04.2016 18:00;0,458911;
Natriumchlorid;5;09.04.2016 18:00;0,352427;
Natriumchlorid;8;09.04.2016 18:00;0,270121;
Natriumchlorid;3;09.04.2016 18:00;0,203714;
Natriumchlorid;1;09.04.2016 18:00;0,141616;
Natriumchlorid;4;09.04.2016 18:00;0,0958063;
Natriumchlorid;2;09.04.2016 18:00;0,00267057;
Arsen;7;09.04.2016 18:00;1,05955;
Arsen;3;09.04.2016 18:00;0,563355;
Arsen;6;09.04.2016 18:00;0,487344;
Arsen;9;09.04.2016 18:00;0,255039;
Arsen;2;09.04.2016 18:00;0,196527;
Arsen;4;09.04.2016 18:00;0,112528;
Arsen;5;09.04.2016 18:00;0,0596433;
Arsen;1;09.04.2016 18:00;0,0224389;
Arsen;8;09.04.2016 18:00;0,00567284;
Benzol;3;09.04.2016 18:00;0,824836;
Benzol;2;09.04.2016 18:00;0,38294;
Benzol;8;09.04.2016 18:00;0,360109;
Benzol;6;09.04.2016 18:00;0,300695;
Benzol;7;09.04.2016 18:00;0,292174;
Benzol;1;09.04.2016 18:00;0,255373;
Benzol;9;09.04.2016 18:00;0,251298;
Benzol;4;09.04.2016 18:00;0,250145;
Benzol;5;09.04.2016 18:00;0,102436;
Anilin;3;09.04.2016 18:00;3,26692;
Anilin;2;09.04.2016 18:00;0,743765;
Anilin;8;09.04.2016 18:00;0,60724;
Anilin;6;09.04.2016 18:00;0,58811;
Anilin;5;09.04.2016 18:00;0,471095;
Anilin;1;09.04.2016 18:00;0,416789;
Anilin;9;09.04.2016 18:00;0,401918;
Anilin;7;09.04.2016 18:00;0,351097;
Anilin;4;09.04.2016 18:00;0,0967188;
Natriumchlorid;8;09.04.2016 19:00;0,912739;
Natriumchlorid;3;09.04.2016 19:00;0,769967;
Natriumchlorid;6;09.04.2016 19:00;0,710037;
Natriumchlorid;4;09.04.2016 19:00;0,459924;
Natriumchlorid;5;09.04.2016 19:00;0,235799;
Natriumchlorid;9;09.04.2016 19:00;0,134378;
Natriumchlorid;1;09.04.2016 19:00;0,127872;
Natriumchlorid;2;09.04.2016 19:00;0,116644;
Natriumchlorid;7;09.04.2016 19:00;0,0162202;
Arsen;3;09.04.2016 19:00;1,19397;
Arsen;8;09.04.2016 19:00;0,994411;
Arsen;7;09.04.2016 19:00;0,976294;
Arsen;4;09.04.2016 19:00;0,315495;
Arsen;1;09.04.2016 19:00;0,282206;
Arsen;2;09.04.2016 19:00;0,245441;
Arsen;6;09.04.2016 19:00;0,205311;
Arsen;9;09.04.2016 19:00;0,13031;
Arsen;5;09.04.2016 19:00;0,0395773;
Benzol;7;09.04.2016 19:00;2,02026;
Benzol;9;09.04.2016 19:00;0,580836;
Benzol;6;09.04.2016 19:00;0,467403;
Benzol;5;09.04.2016 19:00;0,404845;
Benzol;1;09.04.2016 19:00;0,340223;
Benzol;4;09.04.2016 19:00;0,314463;
Benzol;3;09.04.2016 19:00;0,310064;
Benzol;8;09.04.2016 19:00;0,162616;
Benzol;2;09.04.2016 19:00;0,161521;
Anilin;6;09.04.2016 19:00;0,559639;
Anilin;9;09.04.2016 19:00;0,54649;
Anilin;3;09.04.2016 19:00;0,415551;
Anilin;1;09.04.2016 19:00;0,370854;
Anilin;5;09.04.2016 19:00;0,298769;
Anilin;8;09.04.2016 19:00;0,261789;
Anilin;7;09.04.2016 19:00;0,0760041;
Anilin;4;09.04.2016 19:00;0,0556792;
Anilin;2;09.04.2016 19:00;0,0134238;
Natriumchlorid;8;09.04.2016 20:00;0,925961;
Natriumchlorid;4;09.04.2016 20:00;0,547621;
Natriumchlorid;7;09.04.2016 20:00;0,460717;
Natriumchlorid;1;09.04.2016 20:00;0,358925;
Natriumchlorid;5;09.04.2016 20:00;0,329936;
Natriumchlorid;2;09.04.2016 20:00;0,307769;
Natriumchlorid;9;09.04.2016 20:00;0,261857;
Natriumchlorid;6;09.04.2016 20:00;0,223976;
Natriumchlorid;3;09.04.2016 20:00;0,125565;
Arsen;3;09.04.2016 20:00;2,72629;
Arsen;8;09.04.2016 20:00;0,786635;
Arsen;2;09.04.2016 20:00;0,771408;
Arsen;6;09.04.2016 20:00;0,276104;
Arsen;1;09.04.2016 20:00;0,225027;
Arsen;7;09.04.2016 20:00;0,16256;
Arsen;4;09.04.2016 20:00;0,123415;
Arsen;5;09.04.2016 20:00;0,107361;
Arsen;9;09.04.2016 20:00;0,057487;
Benzol;8;09.04.2016 20:00;1,47047;
Benzol;3;09.04.2016 20:00;1,18583;
Benzol;7;09.04.2016 20:00;0,509009;
Benzol;9;09.04.2016 20:00;0,337439;
Benzol;4;09.04.2016 20:00;0,197182;
Benzol;1;09.04.2016 20:00;0,159244;
Benzol;2;09.04.2016 20:00;0,114088;
Benzol;6;09.04.2016 20:00;0,0603025;
Benzol;5;09.04.2016 20:00;0,0180556;
Anilin;7;09.04.2016 20:00;0,896544;
Anilin;6;09.04.2016 20:00;0,615226;
Anilin;1;09.04.2016 20:00;0,518501;
Anilin;5;09.04.2016 20:00;0,391611;
Anilin;8;09.04.2016 20:00;0,283264;
Anilin;9;09.04.2016 20:00;0,231486;
Anilin;2;09.04.2016 20:00;0,191941;
Anilin;3;09.04.2016 20:00;0,156764;
Anilin;4;09.04.2016 20:00;0,113547;
Natriumchlorid;3;09.04.2016 21:00;3,93721;
Natriumchlorid;8;09.04.2016 21:00;1,02212;
Natriumchlorid;7;09.04.2016 21:00;0,542142;
Natriumchlorid;2;09.04.2016 21:00;0,426565;
Natriumchlorid;6;09.04.2016 21:00;0,424749;
Natriumchlorid;4;09.04.2016 21:00;0,274271;
Natriumchlorid;1;09.04.2016 21:00;0,269577;
Natriumchlorid;5;09.04.2016 21:00;0,156042;
Natriumchlorid;9;09.04.2016 21:00;0,0361809;
Arsen;2;09.04.2016 21:00;0,634087;
Arsen;6;09.04.2016 21:00;0,629002;
Arsen;8;09.04.2016 21:00;0,439768;
Arsen;3;09.04.2016 21:00;0,310938;
Arsen;4;09.04.2016 21:00;0,247024;
Arsen;5;09.04.2016 21:00;0,215383;
Arsen;9;09.04.2016 21:00;0,147261;
Arsen;7;09.04.2016 21:00;0,120063;
Arsen;1;09.04.2016 21:00;0,0698709;
Benzol;3;09.04.2016 21:00;3,31017;
Benzol;6;09.04.2016 21:00;0,669739;
Benzol;9;09.04.2016 21:00;0,591803;
Benzol;5;09.04.2016 21:00;0,349879;
Benzol;2;09.04.2016 21:00;0,245099;
Benzol;7;09.04.2016 21:00;0,192327;
Benzol;4;09.04.2016 21:00;0,181527;
Benzol;1;09.04.2016 21:00;0,100972;
Benzol;8;09.04.2016 21:00;0,00413334;
Anilin;7;09.04.2016 21:00;1,9208;
Anilin;8;09.04.2016 21:00;0,909692;
Anilin;3;09.04.2016 21:00;0,769909;
Anilin;6;09.04.2016 21:00;0,490672;
Anilin;5;09.04.2016 21:00;0,471095;
Anilin;1;09.04.2016 21:00;0,433238;
Anilin;9;09.04.2016 21:00;0,34193;
Anilin;2;09.04.2016 21:00;0,220097;
Anilin;4;09.04.2016 21:00;0,179463;
Natriumchlorid;8;09.04.2016 22:00;0,724141;
Natriumchlorid;4;09.04.2016 22:00;0,431799;
Natriumchlorid;6;09.04.2016 22:00;0,413972;
Natriumchlorid;7;09.04.2016 22:00;0,256007;
Natriumchlorid;3;09.04.2016 22:00;0,244094;
Natriumchlorid;5;09.04.2016 22:00;0,238529;
Natriumchlorid;2;09.04.2016 22:00;0,230829;
Natriumchlorid;9;09.04.2016 22:00;0,16732;
Natriumchlorid;1;09.04.2016 22:00;0,106375;
Arsen;7;09.04.2016 22:00;0,651679;
Arsen;6;09.04.2016 22:00;0,519349;
Arsen;8;09.04.2016 22:00;0,46446;
Arsen;3;09.04.2016 22:00;0,461505;
Arsen;4;09.04.2016 22:00;0,400383;
Arsen;9;09.04.2016 22:00;0,248013;
Arsen;5;09.04.2016 22:00;0,184007;
Arsen;2;09.04.2016 22:00;0,0925887;
Arsen;1;09.04.2016 22:00;0,010855;
Benzol;6;09.04.2016 22:00;0,572357;
Benzol;9;09.04.2016 22:00;0,446229;
Benzol;3;09.04.2016 22:00;0,424125;
Benzol;5;09.04.2016 22:00;0,386311;
Benzol;7;09.04.2016 22:00;0,249102;
Benzol;1;09.04.2016 22:00;0,240116;
Benzol;4;09.04.2016 22:00;0,230792;
Benzol;8;09.04.2016 22:00;0,114344;
Benzol;2;09.04.2016 22:00;0,0804192;
Anilin;3;09.04.2016 22:00;2,4503;
Anilin;7;09.04.2016 22:00;1,04766;
Anilin;8;09.04.2016 22:00;0,763135;
Anilin;1;09.04.2016 22:00;0,529525;
Anilin;5;09.04.2016 22:00;0,365661;
Anilin;4;09.04.2016 22:00;0,329003;
Anilin;9;09.04.2016 22:00;0,302083;
Anilin;6;09.04.2016 22:00;0,253426;
Anilin;2;09.04.2016 22:00;0,0842218;
Natriumchlorid;3;09.04.2016 23:00;0,695759;
Natriumchlorid;2;09.04.2016 23:00;0,624065;
Natriumchlorid;8;09.04.2016 23:00;0,429877;
Natriumchlorid;6;09.04.2016 23:00;0,347626;
Natriumchlorid;9;09.04.2016 23:00;0,278127;
Natriumchlorid;7;09.04.2016 23:00;0,114435;
Natriumchlorid;5;09.04.2016 23:00;0,086761;
Natriumchlorid;4;09.04.2016 23:00;0,0711944;
Natriumchlorid;1;09.04.2016 23:00;0,00331086;
Arsen;3;09.04.2016 23:00;2,70267;
Arsen;7;09.04.2016 23:00;1,08156;
Arsen;8;09.04.2016 23:00;0,690991;
Arsen;6;09.04.2016 23:00;0,516129;
Arsen;5;09.04.2016 23:00;0,362186;
Arsen;1;09.04.2016 23:00;0,168125;
Arsen;4;09.04.2016 23:00;0,0810559;
Arsen;2;09.04.2016 23:00;0,0439107;
Arsen;9;09.04.2016 23:00;0,0437669;
Benzol;1;09.04.2016 23:00;0,53745;
Benzol;9;09.04.2016 23:00;0,489186;
Benzol;8;09.04.2016 23:00;0,411798;
Benzol;2;09.04.2016 23:00;0,347605;
Benzol;6;09.04.2016 23:00;0,326345;
Benzol;5;09.04.2016 23:00;0,314564;
Benzol;3;09.04.2016 23:00;0,304197;
Benzol;4;09.04.2016 23:00;0,198907;
Benzol;7;09.04.2016 23:00;0,109465;
Anilin;6;09.04.2016 23:00;0,755851;
Anilin;7;09.04.2016 23:00;0,719882;
Anilin;5;09.04.2016 23:00;0,636573;
Anilin;8;09.04.2016 23:00;0,603087;
Anilin;3;09.04.2016 23:00;0,577162;
Anilin;1;09.04.2016 23:00;0,498597;
Anilin;9;09.04.2016 23:00;0,411176;
Anilin;2;09.04.2016 23:00;0,206594;
Anilin;4;09.04.2016 23:00;0,182694;
Natriumchlorid;3;10.04.2016 00:00;1,3903;
Natriumchlorid;7;10.04.2016 00:00;1,27373;
Natriumchlorid;2;10.04.2016 00:00;0,871997;
Natriumchlorid;4;10.04.2016 00:00;0,441858;
Natriumchlorid;8;10.04.2016 00:00;0,306985;
Natriumchlorid;9;10.04.2016 00:00;0,251283;
Natriumchlorid;6;10.04.2016 00:00;0,140893;
Natriumchlorid;5;10.04.2016 00:00;0,0813038;
Natriumchlorid;1;10.04.2016 00:00;0,0710596;
Arsen;7;10.04.2016 00:00;0,741583;
Arsen;6;10.04.2016 00:00;0,579979;
Arsen;4;10.04.2016 00:00;0,299972;
Arsen;8;10.04.2016 00:00;0,290843;
Arsen;1;10.04.2016 00:00;0,214908;
Arsen;2;10.04.2016 00:00;0,207263;
Arsen;5;10.04.2016 00:00;0,193343;
Arsen;9;10.04.2016 00:00;0,106333;
Arsen;3;10.04.2016 00:00;0,0695668;
Benzol;3;10.04.2016 00:00;1,6173;
Benzol;7;10.04.2016 00:00;0,98786;
Benzol;6;10.04.2016 00:00;0,596912;
Benzol;8;10.04.2016 00:00;0,383456;
Benzol;4;10.04.2016 00:00;0,262945;
Benzol;5;10.04.2016 00:00;0,196423;
Benzol;2;10.04.2016 00:00;0,189212;
Benzol;1;10.04.2016 00:00;0,124689;
Benzol;9;10.04.2016 00:00;0,0357019;
Anilin;7;10.04.2016 00:00;4,3;
Anilin;3;10.04.2016 00:00;1,84036;
Anilin;9;10.04.2016 00:00;0,416184;
Anilin;4;10.04.2016 00:00;0,230054;
Anilin;8;10.04.2016 00:00;0,202118;
Anilin;2;10.04.2016 00:00;0,186212;
Anilin;6;10.04.2016 00:00;0,140963;
Anilin;5;10.04.2016 00:00;0,132018;
Anilin;1;10.04.2016 00:00;0,101042;
Natriumchlorid;3;10.04.2016 01:00;3,54569;
Natriumchlorid;7;10.04.2016 01:00;0,723033;
Natriumchlorid;4;10.04.2016 01:00;0,416595;
Natriumchlorid;9;10.04.2016 01:00;0,306888;
Natriumchlorid;1;10.04.2016 01:00;0,286269;
Natriumchlorid;6;10.04.2016 01:00;0,281891;
Natriumchlorid;8;10.04.2016 01:00;0,25151;
Natriumchlorid;2;10.04.2016 01:00;0,248203;
Natriumchlorid;5;10.04.2016 01:00;0,0087801;
Arsen;3;10.04.2016 01:00;4,91394;
Arsen;4;10.04.2016 01:00;0,821454;
Arsen;8;10.04.2016 01:00;0,572839;
Arsen;1;10.04.2016 01:00;0,43506;
Arsen;6;10.04.2016 01:00;0,42657;
Arsen;2;10.04.2016 01:00;0,230522;
Arsen;9;10.04.2016 01:00;0,194335;
Arsen;7;10.04.2016 01:00;0,181931;
Arsen;5;10.04.2016 01:00;0,0255824;
Benzol;8;10.04.2016 01:00;0,771249;
Benzol;1;10.04.2016 01:00;0,698439;
Benzol;3;10.04.2016 01:00;0,618333;
Benzol;6;10.04.2016 01:00;0,503585;
Benzol;9;10.04.2016 01:00;0,419591;
Benzol;2;10.04.2016 01:00;0,304686;
Benzol;4;10.04.2016 01:00;0,177065;
Benzol;7;10.04.2016 01:00;0,171038;
Benzol;5;10.04.2016 01:00;0,0749665;
Anilin;3;10.04.2016 01:00;1,09199;
Anilin;6;10.04.2016 01:00;0,452311;
Anilin;5;10.04.2016 01:00;0,351984;
Anilin;8;10.04.2016 01:00;0,173549;
Anilin;9;10.04.2016 01:00;0,135811;
Anilin;1;10.04.2016 01:00;0,067627;
Anilin;2;10.04.2016 01:00;0,0629495;
Anilin;7;10.04.2016 01:00;0,0339948;
Anilin;4;10.04.2016 01:00;0,00106692;
Natriumchlorid;8;10.04.2016 02:00;1,2858;
Natriumchlorid;7;10.04.2016 02:00;0,579486;
Natriumchlorid;9;10.04.2016 02:00;0,532231;
Natriumchlorid;6;10.04.2016 02:00;0,453959;
Natriumchlorid;1;10.04.2016 02:00;0,452894;
Natriumchlorid;4;10.04.2016 02:00;0,3904;
Natriumchlorid;3;10.04.2016 02:00;0,223346;
Natriumchlorid;5;10.04.2016 02:00;0,154927;
Natriumchlorid;2;10.04.2016 02:00;0,0914782;
Arsen;3;10.04.2016 02:00;0,967559;
Arsen;6;10.04.2016 02:00;0,516038;
Arsen;8;10.04.2016 02:00;0,378677;
Arsen;9;10.04.2016 02:00;0,375461;
Arsen;7;10.04.2016 02:00;0,36889;
Arsen;2;10.04.2016 02:00;0,368705;
Arsen;4;10.04.2016 02:00;0,244147;
Arsen;1;10.04.2016 02:00;0,17867;
Arsen;5;10.04.2016 02:00;0,173494;
Benzol;5;10.04.2016 02:00;0,572698;
Benzol;6;10.04.2016 02:00;0,488912;
Benzol;2;10.04.2016 02:00;0,333239;
Benzol;4;10.04.2016 02:00;0,298174;
Benzol;1;10.04.2016 02:00;0,211228;
Benzol;7;10.04.2016 02:00;0,14668;
Benzol;3;10.04.2016 02:00;0,0905176;
Benzol;9;10.04.2016 02:00;0,0431645;
Benzol;8;10.04.2016 02:00;0,0307803;
Anilin;4;10.04.2016 02:00;0,401176;
Anilin;6;10.04.2016 02:00;0,384064;
Anilin;8;10.04.2016 02:00;0,369233;
Anilin;7;10.04.2016 02:00;0,235173;
Anilin;1;10.04.2016 02:00;0,213574;
Anilin;3;10.04.2016 02:00;0,104257;
Anilin;9;10.04.2016 02:00;0,0908634;
Anilin;5;10.04.2016 02:00;0,0482066;
Anilin;2;10.04.2016 02:00;0,0426596;
Natriumchlorid;3;10.04.2016 03:00;0,941595;
Natriumchlorid;8;10.04.2016 03:00;0,814158;
Natriumchlorid;9;10.04.2016 03:00;0,542246;
Natriumchlorid;5;10.04.2016 03:00;0,246435;
Natriumchlorid;1;10.04.2016 03:00;0,0579432;
Natriumchlorid;4;10.04.2016 03:00;0,046056;
Natriumchlorid;6;10.04.2016 03:00;0,0375518;
Natriumchlorid;2;10.04.2016 03:00;0,0169249;
Natriumchlorid;7;10.04.2016 03:00;0,0112327;
Arsen;7;10.04.2016 03:00;0,976903;
Arsen;3;10.04.2016 03:00;0,451746;
Arsen;5;10.04.2016 03:00;0,294185;
Arsen;1;10.04.2016 03:00;0,239398;
Arsen;6;10.04.2016 03:00;0,236801;
Arsen;9;10.04.2016 03:00;0,17272;
Arsen;4;10.04.2016 03:00;0,0651739;
Arsen;2;10.04.2016 03:00;0,0416961;
Arsen;8;10.04.2016 03:00;0,0337583;
Benzol;2;10.04.2016 03:00;0,727125;
Benzol;4;10.04.2016 03:00;0,504537;
Benzol;8;10.04.2016 03:00;0,466073;
Benzol;3;10.04.2016 03:00;0,465719;
Benzol;6;10.04.2016 03:00;0,321708;
Benzol;9;10.04.2016 03:00;0,231409;
Benzol;7;10.04.2016 03:00;0,230833;
Benzol;5;10.04.2016 03:00;0,191898;
Benzol;1;10.04.2016 03:00;0,0354097;
Anilin;7;10.04.2016 03:00;0,556665;
Anilin;6;10.04.2016 03:00;0,466238;
Anilin;9;10.04.2016 03:00;0,433389;
Anilin;8;10.04.2016 03:00;0,307145;
Anilin;1;10.04.2016 03:00;0,29512;
Anilin;3;10.04.2016 03:00;0,257715;
Anilin;5;10.04.2016 03:00;0,143563;
Anilin;4;10.04.2016 03:00;0,0948549;
Anilin;2;10.04.2016 03:00;0,0624057;
Natriumchlorid;8;10.04.2016 04:00;1,46939;
Natriumchlorid;3;10.04.2016 04:00;0,617543;
Natriumchlorid;4;10.04.2016 04:00;0,469479;
Natriumchlorid;1;10.04.2016 04:00;0,324502;
Natriumchlorid;7;10.04.2016 04:00;0,218506;
Natriumchlorid;6;10.04.2016 04:00;0,190765;
Natriumchlorid;2;10.04.2016 04:00;0,139728;
Natriumchlorid;5;10.04.2016 04:00;0,0331958;
Natriumchlorid;9;10.04.2016 04:00;0,012745;
Arsen;3;10.04.2016 04:00;2,09688;
Arsen;7;10.04.2016 04:00;1,14413;
Arsen;6;10.04.2016 04:00;0,439928;
Arsen;2;10.04.2016 04:00;0,39278;
Arsen;1;10.04.2016 04:00;0,356191;
Arsen;4;10.04.2016 04:00;0,314092;
Arsen;8;10.04.2016 04:00;0,298394;
Arsen;5;10.04.2016 04:00;0,183149;
Arsen;9;10.04.2016 04:00;0,111206;
Benzol;2;10.04.2016 04:00;0,777675;
Benzol;9;10.04.2016 04:00;0,473393;
Benzol;3;10.04.2016 04:00;0,455894;
Benzol;6;10.04.2016 04:00;0,448505;
Benzol;8;10.04.2016 04:00;0,415993;
Benzol;7;10.04.2016 04:00;0,318219;
Benzol;1;10.04.2016 04:00;0,306747;
Benzol;5;10.04.2016 04:00;0,112004;
Benzol;4;10.04.2016 04:00;0,0844633;
Anilin;7;10.04.2016 04:00;2,29791;
Anilin;3;10.04.2016 04:00;1,80396;
Anilin;9;10.04.2016 04:00;0,655875;
Anilin;8;10.04.2016 04:00;0,572571;
Anilin;5;10.04.2016 04:00;0,395459;
Anilin;4;10.04.2016 04:00;0,384682;
Anilin;2;10.04.2016 04:00;0,332703;
Anilin;6;10.04.2016 04:00;0,302009;
Anilin;1;10.04.2016 04:00;0,0481308;
Natriumchlorid;3;10.04.2016 05:00;0,883122;
Natriumchlorid;8;10.04.2016 05:00;0,703208;
Natriumchlorid;9;10.04.2016 05:00;0,40627;
Natriumchlorid;7;10.04.2016 05:00;0,317262;
Natriumchlorid;6;10.04.2016 05:00;0,276178;
Natriumchlorid;5;10.04.2016 05:00;0,235764;
Natriumchlorid;2;10.04.2016 05:00;0,230452;
Natriumchlorid;4;10.04.2016 05:00;0,0455447;
Natriumchlorid;1;10.04.2016 05:00;0,00850544;
Arsen;3;10.04.2016 05:00;0,585716;
Arsen;5;10.04.2016 05:00;0,473184;
Arsen;9;10.04.2016 05:00;0,357648;
Arsen;4;10.04.2016 05:00;0,339588;
Arsen;6;10.04.2016 05:00;0,336343;
Arsen;8;10.04.2016 05:00;0,278498;
Arsen;2;10.04.2016 05:00;0,230645;
Arsen;7;10.04.2016 05:00;0,142581;
Arsen;1;10.04.2016 05:00;0,0630446;
Benzol;3;10.04.2016 05:00;0,697041;
Benzol;6;10.04.2016 05:00;0,543648;
Benzol;4;10.04.2016 05:00;0,469172;
Benzol;2;10.04.2016 05:00;0,422226;
Benzol;8;10.04.2016 05:00;0,320768;
Benzol;9;10.04.2016 05:00;0,264592;
Benzol;1;10.04.2016 05:00;0,183941;
Benzol;5;10.04.2016 05:00;0,110374;
Benzol;7;10.04.2016 05:00;0,00970269;
Anilin;7;10.04.2016 05:00;2,54984;
Anilin;4;10.04.2016 05:00;0,367454;
Anilin;5;10.04.2016 05:00;0,327672;
Anilin;3;10.04.2016 05:00;0,201784;
Anilin;8;10.04.2016 05:00;0,170381;
Anilin;1;10.04.2016 05:00;0,127163;
Anilin;9;10.04.2016 05:00;0,118556;
Anilin;6;10.04.2016 05:00;0,0964625;
Anilin;2;10.04.2016 05:00;0,0413367;
Natriumchlorid;3;10.04.2016 06:00;3,3394;
Natriumchlorid;7;10.04.2016 06:00;0,583906;
Natriumchlorid;8;10.04.2016 06:00;0,496883;
Natriumchlorid;5;10.04.2016 06:00;0,479763;
Natriumchlorid;6;10.04.2016 06:00;0,385368;
Natriumchlorid;1;10.04.2016 06:00;0,35497;
Natriumchlorid;9;10.04.2016 06:00;0,3009;
Natriumchlorid;4;10.04.2016 06:00;0,160124;
Natriumchlorid;2;10.04.2016 06:00;0,0209246;
Arsen;8;10.04.2016 06:00;0,95863;
Arsen;3;10.04.2016 06:00;0,893793;
Arsen;6;10.04.2016 06:00;0,504742;
Arsen;5;10.04.2016 06:00;0,196571;
Arsen;1;10.04.2016 06:00;0,18707;
Arsen;7;10.04.2016 06:00;0,106094;
Arsen;4;10.04.2016 06:00;0,0475285;
Arsen;2;10.04.2016 06:00;0,0210481;
Arsen;9;10.04.2016 06:00;0,0143274;
Benzol;3;10.04.2016 06:00;1,76857;
Benzol;8;10.04.2016 06:00;0,748366;
Benzol;7;10.04.2016 06:00;0,73272;
Benzol;9;10.04.2016 06:00;0,374899;
Benzol;4;10.04.2016 06:00;0,191999;
Benzol;2;10.04.2016 06:00;0,178065;
Benzol;5;10.04.2016 06:00;0,159943;
Benzol;1;10.04.2016 06:00;0,088244;
Benzol;6;10.04.2016 06:00;0,0638144;
Anilin;3;10.04.2016 06:00;1,75987;
Anilin;9;10.04.2016 06:00;0,590353;
Anilin;2;10.04.2016 06:00;0,574368;
Anilin;7;10.04.2016 06:00;0,553645;
Anilin;5;10.04.2016 06:00;0,341785;
Anilin;4;10.04.2016 06:00;0,333322;
Anilin;6;10.04.2016 06:00;0,281618;
Anilin;1;10.04.2016 06:00;0,107169;
Anilin;8;10.04.2016 06:00;0,0353988;
Natriumchlorid;3;10.04.2016 07:00;2,10735;
Natriumchlorid;8;10.04.2016 07:00;0,996729;
Natriumchlorid;9;10.04.2016 07:00;0,409182;
Natriumchlorid;1;10.04.2016 07:00;0,38619;
Natriumchlorid;2;10.04.2016 07:00;0,259777;
Natriumchlorid;6;10.04.2016 07:00;0,20259;
Natriumchlorid;7;10.04.2016 07:00;0,0788464;
Natriumchlorid;5;10.04.2016 07:00;0,0618339;
Natriumchlorid;4;10.04.2016 07:00;0,0314404;
Arsen;3;10.04.2016 07:00;1,83342;
Arsen;7;10.04.2016 07:00;1,64162;
Arsen;9;10.04.2016 07:00;0,587716;
Arsen;1;10.04.2016 07:00;0,493473;
Arsen;4;10.04.2016 07:00;0,420084;
Arsen;8;10.04.2016 07:00;0,258015;
Arsen;2;10.04.2016 07:00;0,179964;
Arsen;6;10.04.2016 07:00;0,15777;
Arsen;5;10.04.2016 07:00;0,107026;
Benzol;3;10.04.2016 07:00;2,21364;
Benzol;6;10.04.2016 07:00;0,7049;
Benzol;8;10.04.2016 07:00;0,554209;
Benzol;7;10.04.2016 07:00;0,316264;
Benzol;5;10.04.2016 07:00;0,287817;
Benzol;1;10.04.2016 07:00;0,225185;
Benzol;4;10.04.2016 07:00;0,0527653;
Benzol;9;10.04.2016 07:00;0,042873;
Benzol;2;10.04.2016 07:00;0,00825032;
Anilin;7;10.04.2016 07:00;0,633036;
Anilin;8;10.04.2016 07:00;0,427147;
Anilin;6;10.04.2016 07:00;0,377485;
Anilin;3;10.04.2016 07:00;0,321422;
Anilin;2;10.04.2016 07:00;0,318717;
Anilin;9;10.04.2016 07:00;0,228346;
Anilin;4;10.04.2016 07:00;0,197451;
Anilin;5;10.04.2016 07:00;0,124855;
Anilin;1;10.04.2016 07:00;0,106981;
Natriumchlorid;3;10.04.2016 08:00;3,81432;
Natriumchlorid;8;10.04.2016 08:00;0,669517;
Natriumchlorid;1;10.04.2016 08:00;0,434907;
Natriumchlorid;5;10.04.2016 08:00;0,356108;
Natriumchlorid;6;10.04.2016 08:00;0,336021;
Natriumchlorid;4;10.04.2016 08:00;0,150903;
Natriumchlorid;7;10.04.2016 08:00;0,103231;
Natriumchlorid;2;10.04.2016 08:00;0,0554375;
Natriumchlorid;9;10.04.2016 08:00;0,00835992;
Arsen;3;10.04.2016 08:00;1,93574;
Arsen;8;10.04.2016 08:00;0,695475;
Arsen;5;10.04.2016 08:00;0,392272;
Arsen;1;10.04.2016 08:00;0,343134;
Arsen;6;10.04.2016 08:00;0,328274;
Arsen;4;10.04.2016 08:00;0,275243;
Arsen;7;10.04.2016 08:00;0,239536;
Arsen;9;10.04.2016 08:00;0,161803;
Arsen;2;10.04.2016 08:00;0,0474217;
Benzol;5;10.04.2016 08:00;0,623224;
Benzol;3;10.04.2016 08:00;0,546155;
Benzol;9;10.04.2016 08:00;0,453953;
Benzol;8;10.04.2016 08:00;0,294491;
Benzol;7;10.04.2016 08:00;0,254823;
Benzol;1;10.04.2016 08:00;0,251859;
Benzol;6;10.04.2016 08:00;0,200412;
Benzol;2;10.04.2016 08:00;0,174557;
Benzol;4;10.04.2016 08:00;0,128689;
Anilin;2;10.04.2016 08:00;0,785602;
Anilin;8;10.04.2016 08:00;0,61413;
Anilin;5;10.04.2016 08:00;0,420234;
Anilin;3;10.04.2016 08:00;0,366837;
Anilin;9;10.04.2016 08:00;0,305743;
Anilin;1;10.04.2016 08:00;0,116243;
Anilin;6;10.04.2016 08:00;0,0441493;
Anilin;7;10.04.2016 08:00;0,0208882;
Anilin;4;10.04.2016 08:00;0,0164295;
Natriumchlorid;8;10.04.2016 09:00;1,27678;
Natriumchlorid;3;10.04.2016 09:00;1,2636;
Natriumchlorid;2;10.04.2016 09:00;1,18189;
Natriumchlorid;7;10.04.2016 09:00;0,553324;
Natriumchlorid;5;10.04.2016 09:00;0,4216;
Natriumchlorid;6;10.04.2016 09:00;0,373029;
Natriumchlorid;4;10.04.2016 09:00;0,272159;
Natriumchlorid;1;10.04.2016 09:00;0,117628;
Natriumchlorid;9;10.04.2016 09:00;0,0884764;
Arsen;3;10.04.2016 09:00;4,39312;
Arsen;7;10.04.2016 09:00;0,844928;
Arsen;6;10.04.2016 09:00;0,776071;
Arsen;8;10.04.2016 09:00;0,650057;
Arsen;2;10.04.2016 09:00;0,350706;
Arsen;9;10.04.2016 09:00;0,212445;
Arsen;5;10.04.2016 09:00;0,173527;
Arsen;1;10.04.2016 09:00;0,0934645;
Arsen;4;10.04.2016 09:00;0,0280742;
Benzol;3;10.04.2016 09:00;3,84516;
Benzol;7;10.04.2016 09:00;0,885427;
Benzol;5;10.04.2016 09:00;0,561941;
Benzol;8;10.04.2016 09:00;0,475646;
Benzol;2;10.04.2016 09:00;0,371228;
Benzol;4;10.04.2016 09:00;0,352711;
Benzol;6;10.04.2016 09:00;0,153177;
Benzol;9;10.04.2016 09:00;0,145263;
Benzol;1;10.04.2016 09:00;0,107322;
Anilin;3;10.04.2016 09:00;1,93733;
Anilin;8;10.04.2016 09:00;0,597191;
Anilin;9;10.04.2016 09:00;0,529051;
Anilin;2;10.04.2016 09:00;0,437457;
Anilin;4;10.04.2016 09:00;0,421781;
Anilin;7;10.04.2016 09:00;0,312335;
Anilin;1;10.04.2016 09:00;0,303323;
Anilin;5;10.04.2016 09:00;0,268259;
Anilin;6;10.04.2016 09:00;0,0354763;
Natriumchlorid;3;10.04.2016 10:00;2,44917;
Natriumchlorid;4;10.04.2016 10:00;0,328061;
Natriumchlorid;9;10.04.2016 10:00;0,267549;
Natriumchlorid;6;10.04.2016 10:00;0,250367;
Natriumchlorid;2;10.04.2016 10:00;0,237862;
Natriumchlorid;8;10.04.2016 10:00;0,135872;
Natriumchlorid;1;10.04.2016 10:00;0,106606;
Natriumchlorid;5;10.04.2016 10:00;0,0537277;
Natriumchlorid;7;10.04.2016 10:00;0,0151559;
Arsen;8;10.04.2016 10:00;0,873678;
Arsen;7;10.04.2016 10:00;0,639919;
Arsen;9;10.04.2016 10:00;0,426602;
Arsen;3;10.04.2016 10:00;0,309896;
Arsen;6;10.04.2016 10:00;0,268392;
Arsen;4;10.04.2016 10:00;0,20266;
Arsen;5;10.04.2016 10:00;0,17303;
Arsen;1;10.04.2016 10:00;0,154107;
Arsen;2;10.04.2016 10:00;0,149453;
Benzol;3;10.04.2016 10:00;1,56194;
Benzol;6;10.04.2016 10:00;0,372334;
Benzol;9;10.04.2016 10:00;0,327156;
Benzol;7;10.04.2016 10:00;0,301493;
Benzol;8;10.04.2016 10:00;0,28725;
Benzol;4;10.04.2016 10:00;0,152801;
Benzol;2;10.04.2016 10:00;0,140695;
Benzol;1;10.04.2016 10:00;0,0132169;
Benzol;5;10.04.2016 10:00;0,00826632;
Anilin;3;10.04.2016 10:00;0,390505;
Anilin;1;10.04.2016 10:00;0,379315;
Anilin;5;10.04.2016 10:00;0,36003;
Anilin;7;10.04.2016 10:00;0,306041;
Anilin;6;10.04.2016 10:00;0,276474;
Anilin;9;10.04.2016 10:00;0,232912;
Anilin;4;10.04.2016 10:00;0,202125;
Anilin;8;10.04.2016 10:00;0,0749763;
Anilin;2;10.04.2016 10:00;0,061886;
Natriumchlorid;3;10.04.2016 11:00;1,80357;
Natriumchlorid;7;10.04.2016 11:00;0,480661;
Natriumchlorid;6;10.04.2016 11:00;0,388619;
Natriumchlorid;9;10.04.2016 11:00;0,348764;
Natriumchlorid;8;10.04.2016 11:00;0,328586;
Natriumchlorid;5;10.04.2016 11:00;0,297054;
Natriumchlorid;2;10.04.2016 11:00;0,249066;
Natriumchlorid;1;10.04.2016 11:00;0,13078;
Natriumchlorid;4;10.04.2016 11:00;0,0909703;
Arsen;3;10.04.2016 11:00;1,72394;
Arsen;7;10.04.2016 11:00;0,685014;
Arsen;8;10.04.2016 11:00;0,682681;
Arsen;6;10.04.2016 11:00;0,530016;
Arsen;2;10.04.2016 11:00;0,390892;
Arsen;9;10.04.2016 11:00;0,293189;
Arsen;4;10.04.2016 11:00;0,234954;
Arsen;1;10.04.2016 11:00;0,193198;
Arsen;5;10.04.2016 11:00;0,128012;
Benzol;3;10.04.2016 11:00;1,68851;
Benzol;6;10.04.2016 11:00;0,836885;
Benzol;7;10.04.2016 11:00;0,679756;
Benzol;1;10.04.2016 11:00;0,246098;
Benzol;4;10.04.2016 11:00;0,181203;
Benzol;2;10.04.2016 11:00;0,178463;
Benzol;5;10.04.2016 11:00;0,169063;
Benzol;9;10.04.2016 11:00;0,0669167;
Benzol;8;10.04.2016 11:00;0,0602719;
Anilin;3;10.04.2016 11:00;1,26032;
Anilin;6;10.04.2016 11:00;0,402333;
Anilin;9;10.04.2016 11:00;0,37358;
Anilin;8;10.04.2016 11:00;0,307585;
Anilin;7;10.04.2016 11:00;0,258389;
Anilin;1;10.04.2016 11:00;0,208301;
Anilin;2;10.04.2016 11:00;0,103004;
Anilin;4;10.04.2016 11:00;0,0567717;
Anilin;5;10.04.2016 11:00;0,0204284;
Natriumchlorid;2;10.04.2016 12:00;0,733387;
Natriumchlorid;7;10.04.2016 12:00;0,493128;
Natriumchlorid;6;10.04.2016 12:00;0,456534;
Natriumchlorid;1;10.04.2016 12:00;0,20892;
Natriumchlorid;5;10.04.2016 12:00;0,206111;
Natriumchlorid;8;10.04.2016 12:00;0,138492;
Natriumchlorid;4;10.04.2016 12:00;0,0668792;
Natriumchlorid;9;10.04.2016 12:00;0,0549426;
Natriumchlorid;3;10.04.2016 12:00;0,0434408;
Arsen;3;10.04.2016 12:00;0,881457;
Arsen;7;10.04.2016 12:00;0,536749;
Arsen;8;10.04.2016 12:00;0,516959;
Arsen;6;10.04.2016 12:00;0,432432;
Arsen;2;10.04.2016 12:00;0,345576;
Arsen;4;10.04.2016 12:00;0,313657;
Arsen;5;10.04.2016 12:00;0,267032;
Arsen;9;10.04.2016 12:00;0,16935;
Arsen;1;10.04.2016 12:00;0,057487;
Benzol;2;10.04.2016 12:00;0,779243;
Benzol;6;10.04.2016 12:00;0,445862;
Benzol;7;10.04.2016 12:00;0,366052;
Benzol;3;10.04.2016 12:00;0,286662;
Benzol;8;10.04.2016 12:00;0,193635;
Benzol;1;10.04.2016 12:00;0,0955218;
Benzol;5;10.04.2016 12:00;0,0696101;
Benzol;9;10.04.2016 12:00;0,0523431;
Benzol;4;10.04.2016 12:00;0,0234849;
Anilin;3;10.04.2016 12:00;0,887686;
Anilin;7;10.04.2016 12:00;0,869355;
Anilin;4;10.04.2016 12:00;0,520044;
Anilin;1;10.04.2016 12:00;0,424752;
Anilin;8;10.04.2016 12:00;0,303942;
Anilin;2;10.04.2016 12:00;0,293232;
Anilin;6;10.04.2016 12:00;0,259405;
Anilin;9;10.04.2016 12:00;0,22552;
Anilin;5;10.04.2016 12:00;0,0488182;
Natriumchlorid;7;10.04.2016 13:00;1,8279;
Natriumchlorid;8;10.04.2016 13:00;0,567112;
Natriumchlorid;4;10.04.2016 13:00;0,384816;
Natriumchlorid;6;10.04.2016 13:00;0,371608;
Natriumchlorid;2;10.04.2016 13:00;0,33099;
Natriumchlorid;1;10.04.2016 13:00;0,295772;
Natriumchlorid;3;10.04.2016 13:00;0,189872;
Natriumchlorid;5;10.04.2016 13:00;0,18928;
Natriumchlorid;9;10.04.2016 13:00;0,0790013;
Arsen;4;10.04.2016 13:00;0,612686;
Arsen;6;10.04.2016 13:00;0,608312;
Arsen;7;10.04.2016 13:00;0,528312;
Arsen;3;10.04.2016 13:00;0,349519;
Arsen;2;10.04.2016 13:00;0,215257;
Arsen;1;10.04.2016 13:00;0,127813;
Arsen;8;10.04.2016 13:00;0,10443;
Arsen;9;10.04.2016 13:00;0,0718681;
Arsen;5;10.04.2016 13:00;0,0464946;
Benzol;2;10.04.2016 13:00;1,09943;
Benzol;8;10.04.2016 13:00;1,00999;
Benzol;3;10.04.2016 13:00;0,494909;
Benzol;6;10.04.2016 13:00;0,479566;
Benzol;1;10.04.2016 13:00;0,458824;
Benzol;4;10.04.2016 13:00;0,389364;
Benzol;9;10.04.2016 13:00;0,317199;
Benzol;7;10.04.2016 13:00;0,0751013;
Benzol;5;10.04.2016 13:00;0,0178674;
Anilin;7;10.04.2016 13:00;1,85311;
Anilin;3;10.04.2016 13:00;1,70129;
Anilin;2;10.04.2016 13:00;0,523419;
Anilin;9;10.04.2016 13:00;0,464293;
Anilin;1;10.04.2016 13:00;0,404017;
Anilin;6;10.04.2016 13:00;0,374896;
Anilin;4;10.04.2016 13:00;0,345275;
Anilin;8;10.04.2016 13:00;0,066853;
Anilin;5;10.04.2016 13:00;0,0192077;
Natriumchlorid;8;10.04.2016 14:00;0,908317;
Natriumchlorid;1;10.04.2016 14:00;0,548427;
Natriumchlorid;4;10.04.2016 14:00;0,329798;
Natriumchlorid;3;10.04.2016 14:00;0,315806;
Natriumchlorid;5;10.04.2016 14:00;0,288049;
Natriumchlorid;9;10.04.2016 14:00;0,264721;
Natriumchlorid;2;10.04.2016 14:00;0,251349;
Natriumchlorid;7;10.04.2016 14:00;0,245386;
Natriumchlorid;6;10.04.2016 14:00;0,135046;
Arsen;3;10.04.2016 14:00;0,864802;
Arsen;7;10.04.2016 14:00;0,585427;
Arsen;1;10.04.2016 14:00;0,555405;
Arsen;6;10.04.2016 14:00;0,47189;
Arsen;5;10.04.2016 14:00;0,426068;
Arsen;8;10.04.2016 14:00;0,369264;
Arsen;4;10.04.2016 14:00;0,154563;
Arsen;2;10.04.2016 14:00;0,042549;
Arsen;9;10.04.2016 14:00;0,0361382;
Benzol;3;10.04.2016 14:00;4,33989;
Benzol;8;10.04.2016 14:00;0,833467;
Benzol;2;10.04.2016 14:00;0,804577;
Benzol;4;10.04.2016 14:00;0,647704;
Benzol;1;10.04.2016 14:00;0,450597;
Benzol;7;10.04.2016 14:00;0,381626;
Benzol;6;10.04.2016 14:00;0,341377;
Benzol;9;10.04.2016 14:00;0,166146;
Benzol;5;10.04.2016 14:00;0,00474109;
Anilin;2;10.04.2016 14:00;0,711212;
Anilin;3;10.04.2016 14:00;0,537741;
Anilin;8;10.04.2016 14:00;0,534935;
Anilin;5;10.04.2016 14:00;0,51905;
Anilin;1;10.04.2016 14:00;0,422777;
Anilin;9;10.04.2016 14:00;0,41412;
Anilin;4;10.04.2016 14:00;0,379978;
Anilin;6;10.04.2016 14:00;0,0653123;
Anilin;7;10.04.2016 14:00;0,00530446;
Natriumchlorid;3;10.04.2016 15:00;1,10706;
Natriumchlorid;6;10.04.2016 15:00;0,504408;
Natriumchlorid;2;10.04.2016 15:00;0,404654;
Natriumchlorid;9;10.04.2016 15:00;0,377698;
Natriumchlorid;5;10.04.2016 15:00;0,361487;
Natriumchlorid;4;10.04.2016 15:00;0,338288;
Natriumchlorid;1;10.04.2016 15:00;0,124475;
Natriumchlorid;7;10.04.2016 15:00;0,0991734;
Natriumchlorid;8;10.04.2016 15:00;0,0607548;
Arsen;3;10.04.2016 15:00;2,12096;
Arsen;2;10.04.2016 15:00;0,324873;
Arsen;6;10.04.2016 15:00;0,321939;
Arsen;5;10.04.2016 15:00;0,251567;
Arsen;9;10.04.2016 15:00;0,224487;
Arsen;4;10.04.2016 15:00;0,178437;
Arsen;1;10.04.2016 15:00;0,139758;
Arsen;8;10.04.2016 15:00;0,0783172;
Arsen;7;10.04.2016 15:00;0,0431116;
Benzol;6;10.04.2016 15:00;2,20252;
Benzol;3;10.04.2016 15:00;1,96057;
Benzol;1;10.04.2016 15:00;0,534998;
Benzol;4;10.04.2016 15:00;0,526145;
Benzol;8;10.04.2016 15:00;0,387498;
Benzol;5;10.04.2016 15:00;0,1556;
Benzol;9;10.04.2016 15:00;0,141808;
Benzol;2;10.04.2016 15:00;0,0829126;
Benzol;7;10.04.2016 15:00;0,0109077;
Anilin;7;10.04.2016 15:00;1,39925;
Anilin;2;10.04.2016 15:00;1,36875;
Anilin;3;10.04.2016 15:00;0,90861;
Anilin;8;10.04.2016 15:00;0,857769;
Anilin;4;10.04.2016 15:00;0,367708;
Anilin;6;10.04.2016 15:00;0,333374;
Anilin;5;10.04.2016 15:00;0,247631;
Anilin;9;10.04.2016 15:00;0,234029;
Anilin;1;10.04.2016 15:00;0,194499;
Natriumchlorid;7;10.04.2016 16:00;1,80704;
Natriumchlorid;9;10.04.2016 16:00;0,567711;
Natriumchlorid;1;10.04.2016 16:00;0,551898;
Natriumchlorid;3;10.04.2016 16:00;0,401594;
Natriumchlorid;4;10.04.2016 16:00;0,165474;
Natriumchlorid;6;10.04.2016 16:00;0,160173;
Natriumchlorid;8;10.04.2016 16:00;0,14741;
Natriumchlorid;2;10.04.2016 16:00;0,0636713;
Natriumchlorid;5;10.04.2016 16:00;0,0124567;
Arsen;3;10.04.2016 16:00;0,846981;
Arsen;8;10.04.2016 16:00;0,702923;
Arsen;7;10.04.2016 16:00;0,412947;
Arsen;6;10.04.2016 16:00;0,310395;
Arsen;5;10.04.2016 16:00;0,305749;
Arsen;4;10.04.2016 16:00;0,270915;
Arsen;2;10.04.2016 16:00;0,20292;
Arsen;9;10.04.2016 16:00;0,130147;
Arsen;1;10.04.2016 16:00;0,0442026;
Benzol;6;10.04.2016 16:00;6,73747;
Benzol;7;10.04.2016 16:00;1,01941;
Benzol;8;10.04.2016 16:00;0,957254;
Benzol;2;10.04.2016 16:00;0,515609;
Benzol;4;10.04.2016 16:00;0,460695;
Benzol;9;10.04.2016 16:00;0,248663;
Benzol;3;10.04.2016 16:00;0,159592;
Benzol;5;10.04.2016 16:00;0,131257;
Benzol;1;10.04.2016 16:00;0,0275321;
Anilin;8;10.04.2016 16:00;0,716467;
Anilin;5;10.04.2016 16:00;0,623795;
Anilin;6;10.04.2016 16:00;0,372767;
Anilin;3;10.04.2016 16:00;0,364244;
Anilin;9;10.04.2016 16:00;0,206266;
Anilin;4;10.04.2016 16:00;0,204876;
Anilin;7;10.04.2016 16:00;0,128983;
Anilin;1;10.04.2016 16:00;0,0495152;
Anilin;2;10.04.2016 16:00;0,0282015;
Natriumchlorid;3;10.04.2016 17:00;4,20587;
Natriumchlorid;8;10.04.2016 17:00;1,58255;
Natriumchlorid;7;10.04.2016 17:00;1,50448;
Natriumchlorid;4;10.04.2016 17:00;0,5349;
Natriumchlorid;2;10.04.2016 17:00;0,403326;
Natriumchlorid;9;10.04.2016 17:00;0,353898;
Natriumchlorid;6;10.04.2016 17:00;0,245793;
Natriumchlorid;5;10.04.2016 17:00;0,0959001;
Natriumchlorid;1;10.04.2016 17:00;0,0197025;
Arsen;3;10.04.2016 17:00;1,21856;
Arsen;6;10.04.2016 17:00;0,421407;
Arsen;7;10.04.2016 17:00;0,412692;
Arsen;9;10.04.2016 17:00;0,41155;
Arsen;5;10.04.2016 17:00;0,252756;
Arsen;8;10.04.2016 17:00;0,204983;
Arsen;4;10.04.2016 17:00;0,171939;
Arsen;2;10.04.2016 17:00;0,133883;
Arsen;1;10.04.2016 17:00;0,0533658;
Benzol;6;10.04.2016 17:00;4,21188;
Benzol;8;10.04.2016 17:00;0,760417;
Benzol;7;10.04.2016 17:00;0,726701;
Benzol;3;10.04.2016 17:00;0,46853;
Benzol;2;10.04.2016 17:00;0,404236;
Benzol;5;10.04.2016 17:00;0,395036;
Benzol;9;10.04.2016 17:00;0,32286;
Benzol;1;10.04.2016 17:00;0,171129;
Benzol;4;10.04.2016 17:00;0,0508143;
Anilin;3;10.04.2016 17:00;1,53088;
Anilin;7;10.04.2016 17:00;1,37465;
Anilin;5;10.04.2016 17:00;0,649194;
Anilin;8;10.04.2016 17:00;0,447834;
Anilin;1;10.04.2016 17:00;0,442773;
Anilin;6;10.04.2016 17:00;0,316427;
Anilin;4;10.04.2016 17:00;0,0865003;
Anilin;9;10.04.2016 17:00;0,0500947;
Anilin;2;10.04.2016 17:00;0,00845587;
Natriumchlorid;3;10.04.2016 18:00;2,05589;
Natriumchlorid;7;10.04.2016 18:00;0,344632;
Natriumchlorid;8;10.04.2016 18:00;0,2832;
Natriumchlorid;9;10.04.2016 18:00;0,222361;
Natriumchlorid;5;10.04.2016 18:00;0,149888;
Natriumchlorid;2;10.04.2016 18:00;0,0912302;
Natriumchlorid;4;10.04.2016 18:00;0,0614604;
Natriumchlorid;1;10.04.2016 18:00;0,0512688;
Natriumchlorid;6;10.04.2016 18:00;0,0081794;
Arsen;3;10.04.2016 18:00;0,95009;
Arsen;6;10.04.2016 18:00;0,657102;
Arsen;1;10.04.2016 18:00;0,517959;
Arsen;8;10.04.2016 18:00;0,512987;
Arsen;7;10.04.2016 18:00;0,378123;
Arsen;4;10.04.2016 18:00;0,346339;
Arsen;5;10.04.2016 18:00;0,167559;
Arsen;9;10.04.2016 18:00;0,109582;
Arsen;2;10.04.2016 18:00;0,0960743;
Benzol;2;10.04.2016 18:00;0,692328;
Benzol;5;10.04.2016 18:00;0,464206;
Benzol;3;10.04.2016 18:00;0,460739;
Benzol;8;10.04.2016 18:00;0,414951;
Benzol;9;10.04.2016 18:00;0,380761;
Benzol;6;10.04.2016 18:00;0,242944;
Benzol;1;10.04.2016 18:00;0,225625;
Benzol;7;10.04.2016 18:00;0,159579;
Benzol;4;10.04.2016 18:00;0,0942236;
Anilin;8;10.04.2016 18:00;1,1147;
Anilin;7;10.04.2016 18:00;0,734101;
Anilin;9;10.04.2016 18:00;0,536942;
Anilin;2;10.04.2016 18:00;0,471633;
Anilin;3;10.04.2016 18:00;0,350025;
Anilin;4;10.04.2016 18:00;0,340418;
Anilin;6;10.04.2016 18:00;0,315708;
Anilin;1;10.04.2016 18:00;0,117061;
Anilin;5;10.04.2016 18:00;0,082041;
Natriumchlorid;3;10.04.2016 19:00;3,37639;
Natriumchlorid;7;10.04.2016 19:00;1,15312;
Natriumchlorid;8;10.04.2016 19:00;0,980467;
Natriumchlorid;2;10.04.2016 19:00;0,473563;
Natriumchlorid;4;10.04.2016 19:00;0,456713;
Natriumchlorid;9;10.04.2016 19:00;0,421247;
Natriumchlorid;5;10.04.2016 19:00;0,329186;
Natriumchlorid;6;10.04.2016 19:00;0,222643;
Natriumchlorid;1;10.04.2016 19:00;0,100037;
Arsen;7;10.04.2016 19:00;0,443374;
Arsen;2;10.04.2016 19:00;0,390207;
Arsen;6;10.04.2016 19:00;0,269113;
Arsen;8;10.04.2016 19:00;0,232477;
Arsen;1;10.04.2016 19:00;0,157086;
Arsen;3;10.04.2016 19:00;0,138319;
Arsen;4;10.04.2016 19:00;0,0590236;
Arsen;9;10.04.2016 19:00;0,0278427;
Arsen;5;10.04.2016 19:00;0,00931725;
Benzol;3;10.04.2016 19:00;1,09738;
Benzol;6;10.04.2016 19:00;0,31509;
Benzol;4;10.04.2016 19:00;0,305739;
Benzol;7;10.04.2016 19:00;0,277081;
Benzol;2;10.04.2016 19:00;0,235189;
Benzol;9;10.04.2016 19:00;0,158119;
Benzol;8;10.04.2016 19:00;0,152689;
Benzol;1;10.04.2016 19:00;0,0887946;
Benzol;5;10.04.2016 19:00;0,021432;
Anilin;3;10.04.2016 19:00;2,74564;
Anilin;7;10.04.2016 19:00;0,661787;
Anilin;5;10.04.2016 19:00;0,446621;
Anilin;4;10.04.2016 19:00;0,372195;
Anilin;6;10.04.2016 19:00;0,290206;
Anilin;1;10.04.2016 19:00;0,246333;
Anilin;8;10.04.2016 19:00;0,225311;
Anilin;9;10.04.2016 19:00;0,157681;
Anilin;2;10.04.2016 19:00;0,110683;
Natriumchlorid;7;10.04.2016 20:00;1,05378;
Natriumchlorid;3;10.04.2016 20:00;0,554391;
Natriumchlorid;1;10.04.2016 20:00;0,341813;
Natriumchlorid;4;10.04.2016 20:00;0,311456;
Natriumchlorid;8;10.04.2016 20:00;0,292706;
Natriumchlorid;6;10.04.2016 20:00;0,226241;
Natriumchlorid;9;10.04.2016 20:00;0,157881;
Natriumchlorid;2;10.04.2016 20:00;0,149793;
Natriumchlorid;5;10.04.2016 20:00;0,134555;
Arsen;3;10.04.2016 20:00;1,22513;
Arsen;8;10.04.2016 20:00;0,660637;
Arsen;7;10.04.2016 20:00;0,60738;
Arsen;1;10.04.2016 20:00;0,57907;
Arsen;9;10.04.2016 20:00;0,578977;
Arsen;6;10.04.2016 20:00;0,46956;
Arsen;2;10.04.2016 20:00;0,0976245;
Arsen;4;10.04.2016 20:00;0,0659721;
Arsen;5;10.04.2016 20:00;0,00163942;
Benzol;3;10.04.2016 20:00;2,37938;
Benzol;2;10.04.2016 20:00;0,358072;
Benzol;8;10.04.2016 20:00;0,25822;
Benzol;7;10.04.2016 20:00;0,25579;
Benzol;4;10.04.2016 20:00;0,16447;
Benzol;1;10.04.2016 20:00;0,137259;
Benzol;9;10.04.2016 20:00;0,112656;
Benzol;5;10.04.2016 20:00;0,0987756;
Benzol;6;10.04.2016 20:00;0,0801659;
Anilin;2;10.04.2016 20:00;1,17942;
Anilin;3;10.04.2016 20:00;1,09875;
Anilin;6;10.04.2016 20:00;0,613514;
Anilin;8;10.04.2016 20:00;0,580701;
Anilin;1;10.04.2016 20:00;0,265576;
Anilin;9;10.04.2016 20:00;0,25663;
Anilin;4;10.04.2016 20:00;0,245081;
Anilin;7;10.04.2016 20:00;0,233284;
Anilin;5;10.04.2016 20:00;0,116723;
Natriumchlorid;3;10.04.2016 21:00;2,91532;
Natriumchlorid;2;10.04.2016 21:00;0,831837;
Natriumchlorid;6;10.04.2016 21:00;0,500674;
Natriumchlorid;7;10.04.2016 21:00;0,359738;
Natriumchlorid;9;10.04.2016 21:00;0,271775;
Natriumchlorid;8;10.04.2016 21:00;0,226387;
Natriumchlorid;4;10.04.2016 21:00;0,154588;
Natriumchlorid;5;10.04.2016 21:00;0,0464712;
Natriumchlorid;1;10.04.2016 21:00;0,023322;
Arsen;7;10.04.2016 21:00;0,790124;
Arsen;8;10.04.2016 21:00;0,679548;
Arsen;2;10.04.2016 21:00;0,631053;
Arsen;6;10.04.2016 21:00;0,50643;
Arsen;1;10.04.2016 21:00;0,450832;
Arsen;3;10.04.2016 21:00;0,38088;
Arsen;4;10.04.2016 21:00;0,345995;
Arsen;9;10.04.2016 21:00;0,244198;
Arsen;5;10.04.2016 21:00;0,0503096;
Benzol;7;10.04.2016 21:00;0,902161;
Benzol;8;10.04.2016 21:00;0,748992;
Benzol;3;10.04.2016 21:00;0,734025;
Benzol;6;10.04.2016 21:00;0,467532;
Benzol;5;10.04.2016 21:00;0,428657;
Benzol;4;10.04.2016 21:00;0,176034;
Benzol;9;10.04.2016 21:00;0,0451335;
Benzol;1;10.04.2016 21:00;0,0209137;
Benzol;2;10.04.2016 21:00;0,00801053;
Anilin;3;10.04.2016 21:00;3,22506;
Anilin;6;10.04.2016 21:00;0,70598;
Anilin;8;10.04.2016 21:00;0,500164;
Anilin;5;10.04.2016 21:00;0,453512;
Anilin;1;10.04.2016 21:00;0,430571;
Anilin;9;10.04.2016 21:00;0,294111;
Anilin;4;10.04.2016 21:00;0,285489;
Anilin;7;10.04.2016 21:00;0,225818;
Anilin;2;10.04.2016 21:00;0,124447;
Natriumchlorid;3;10.04.2016 22:00;2,33174;
Natriumchlorid;6;10.04.2016 22:00;0,309853;
Natriumchlorid;2;10.04.2016 22:00;0,251406;
Natriumchlorid;5;10.04.2016 22:00;0,176508;
Natriumchlorid;9;10.04.2016 22:00;0,142749;
Natriumchlorid;7;10.04.2016 22:00;0,103303;
Natriumchlorid;1;10.04.2016 22:00;0,0655676;
Natriumchlorid;8;10.04.2016 22:00;0,0633494;
Natriumchlorid;4;10.04.2016 22:00;0,0268211;
Arsen;3;10.04.2016 22:00;1,46475;
Arsen;6;10.04.2016 22:00;0,974233;
Arsen;2;10.04.2016 22:00;0,670798;
Arsen;1;10.04.2016 22:00;0,458683;
Arsen;9;10.04.2016 22:00;0,333604;
Arsen;7;10.04.2016 22:00;0,111152;
Arsen;4;10.04.2016 22:00;0,0895644;
Arsen;5;10.04.2016 22:00;0,08243;
Arsen;8;10.04.2016 22:00;0,0500665;
Benzol;6;10.04.2016 22:00;0,514377;
Benzol;3;10.04.2016 22:00;0,500173;
Benzol;8;10.04.2016 22:00;0,483449;
Benzol;1;10.04.2016 22:00;0,349714;
Benzol;9;10.04.2016 22:00;0,159666;
Benzol;2;10.04.2016 22:00;0,14962;
Benzol;5;10.04.2016 22:00;0,129406;
Benzol;4;10.04.2016 22:00;0,114915;
Benzol;7;10.04.2016 22:00;0,0392376;
Anilin;3;10.04.2016 22:00;2,17686;
Anilin;7;10.04.2016 22:00;1,08184;
Anilin;8;10.04.2016 22:00;0,473934;
Anilin;1;10.04.2016 22:00;0,315695;
Anilin;5;10.04.2016 22:00;0,210226;
Anilin;9;10.04.2016 22:00;0,178732;
Anilin;2;10.04.2016 22:00;0,160647;
Anilin;6;10.04.2016 22:00;0,149302;
Anilin;4;10.04.2016 22:00;0,00896588;
Natriumchlorid;3;10.04.2016 23:00;2,71982;
Natriumchlorid;7;10.04.2016 23:00;1,54222;
Natriumchlorid;8;10.04.2016 23:00;0,678572;
Natriumchlorid;6;10.04.2016 23:00;0,435521;
Natriumchlorid;2;10.04.2016 23:00;0,335703;
Natriumchlorid;9;10.04.2016 23:00;0,325867;
Natriumchlorid;1;10.04.2016 23:00;0,25523;
Natriumchlorid;4;10.04.2016 23:00;0,234708;
Natriumchlorid;5;10.04.2016 23:00;0,22374;
Arsen;6;10.04.2016 23:00;0,862715;
Arsen;2;10.04.2016 23:00;0,652972;
Arsen;3;10.04.2016 23:00;0,442316;
Arsen;7;10.04.2016 23:00;0,314879;
Arsen;5;10.04.2016 23:00;0,311373;
Arsen;9;10.04.2016 23:00;0,191085;
Arsen;8;10.04.2016 23:00;0,164147;
Arsen;1;10.04.2016 23:00;0,126067;
Arsen;4;10.04.2016 23:00;0,0773765;
Benzol;3;10.04.2016 23:00;1,88117;
Benzol;1;10.04.2016 23:00;0,859435;
Benzol;6;10.04.2016 23:00;0,479417;
Benzol;2;10.04.2016 23:00;0,408336;
Benzol;5;10.04.2016 23:00;0,397632;
Benzol;9;10.04.2016 23:00;0,333074;
Benzol;8;10.04.2016 23:00;0,282785;
Benzol;7;10.04.2016 23:00;0,256835;
Benzol;4;10.04.2016 23:00;0,107656;
Anilin;8;10.04.2016 23:00;0,918286;
Anilin;7;10.04.2016 23:00;0,846427;
Anilin;1;10.04.2016 23:00;0,598592;
Anilin;4;10.04.2016 23:00;0,37785;
Anilin;3;10.04.2016 23:00;0,315869;
Anilin;6;10.04.2016 23:00;0,287993;
Anilin;5;10.04.2016 23:00;0,136825;
Anilin;2;10.04.2016 23:00;0,0550996;
Anilin;9;10.04.2016 23:00;0,0315579;
Natriumchlorid;3;11.04.2016 00:00;0,927883;
Natriumchlorid;8;11.04.2016 00:00;0,724439;
Natriumchlorid;4;11.04.2016 00:00;0,653972;
Natriumchlorid;6;11.04.2016 00:00;0,585295;
Natriumchlorid;2;11.04.2016 00:00;0,394845;
Natriumchlorid;5;11.04.2016 00:00;0,107604;
Natriumchlorid;9;11.04.2016 00:00;0,100799;
Natriumchlorid;7;11.04.2016 00:00;0,0941537;
Natriumchlorid;1;11.04.2016 00:00;0,0241195;
Arsen;7;11.04.2016 00:00;0,74993;
Arsen;2;11.04.2016 00:00;0,560188;
Arsen;6;11.04.2016 00:00;0,378809;
Arsen;5;11.04.2016 00:00;0,345134;
Arsen;8;11.04.2016 00:00;0,322546;
Arsen;4;11.04.2016 00:00;0,309582;
Arsen;9;11.04.2016 00:00;0,171485;
Arsen;3;11.04.2016 00:00;0,117029;
Arsen;1;11.04.2016 00:00;0,0698709;
Benzol;6;11.04.2016 00:00;0,500709;
Benzol;5;11.04.2016 00:00;0,287906;
Benzol;9;11.04.2016 00:00;0,223223;
Benzol;4;11.04.2016 00:00;0,193481;
Benzol;7;11.04.2016 00:00;0,144728;
Benzol;8;11.04.2016 00:00;0,140648;
Benzol;3;11.04.2016 00:00;0,12725;
Benzol;1;11.04.2016 00:00;0,106871;
Benzol;2;11.04.2016 00:00;0,0349886;
Anilin;6;11.04.2016 00:00;0,393305;
Anilin;1;11.04.2016 00:00;0,327419;
Anilin;7;11.04.2016 00:00;0,261236;
Anilin;3;11.04.2016 00:00;0,246805;
Anilin;9;11.04.2016 00:00;0,223285;
Anilin;2;11.04.2016 00:00;0,196667;
Anilin;4;11.04.2016 00:00;0,099495;
Anilin;5;11.04.2016 00:00;0,0668856;
Anilin;8;11.04.2016 00:00;0,0352908;
Natriumchlorid;6;11.04.2016 01:00;2,96441;
Natriumchlorid;7;11.04.2016 01:00;1,4809;
Natriumchlorid;8;11.04.2016 01:00;0,692149;
Natriumchlorid;5;11.04.2016 01:00;0,377535;
Natriumchlorid;2;11.04.2016 01:00;0,345151;
Natriumchlorid;9;11.04.2016 01:00;0,285681;
Natriumchlorid;3;11.04.2016 01:00;0,269004;
Natriumchlorid;1;11.04.2016 01:00;0,232185;
Natriumchlorid;4;11.04.2016 01:00;0,00403171;
Arsen;3;11.04.2016 01:00;2,44464;
Arsen;8;11.04.2016 01:00;0,431074;
Arsen;6;11.04.2016 01:00;0,264857;
Arsen;2;11.04.2016 01:00;0,207574;
Arsen;7;11.04.2016 01:00;0,192834;
Arsen;5;11.04.2016 01:00;0,178641;
Arsen;1;11.04.2016 01:00;0,128401;
Arsen;9;11.04.2016 01:00;0,100124;
Arsen;4;11.04.2016 01:00;0,096164;
Benzol;6;11.04.2016 01:00;0,561519;
Benzol;2;11.04.2016 01:00;0,393582;
Benzol;9;11.04.2016 01:00;0,363498;
Benzol;3;11.04.2016 01:00;0,323568;
Benzol;8;11.04.2016 01:00;0,314486;
Benzol;1;11.04.2016 01:00;0,203726;
Benzol;4;11.04.2016 01:00;0,121286;
Benzol;5;11.04.2016 01:00;0,075842;
Benzol;7;11.04.2016 01:00;0,064324;
Anilin;6;11.04.2016 01:00;26,96579;
Anilin;3;11.04.2016 01:00;1,06688;
Anilin;7;11.04.2016 01:00;0,945981;
Anilin;5;11.04.2016 01:00;0,425782;
Anilin;8;11.04.2016 01:00;0,406258;
Anilin;4;11.04.2016 01:00;0,271668;
Anilin;2;11.04.2016 01:00;0,212643;
Anilin;1;11.04.2016 01:00;0,179639;
Anilin;9;11.04.2016 01:00;0,121774;
Natriumchlorid;8;11.04.2016 02:00;0,603087;
Natriumchlorid;3;11.04.2016 02:00;0,59894;
Natriumchlorid;6;11.04.2016 02:00;0,300903;
Natriumchlorid;4;11.04.2016 02:00;0,214511;
Natriumchlorid;9;11.04.2016 02:00;0,15826;
Natriumchlorid;7;11.04.2016 02:00;0,136533;
Natriumchlorid;5;11.04.2016 02:00;0,100832;
Natriumchlorid;2;11.04.2016 02:00;0,0721378;
Natriumchlorid;1;11.04.2016 02:00;0,0502284;
Arsen;3;11.04.2016 02:00;2,85699;
Arsen;7;11.04.2016 02:00;0,756055;
Arsen;6;11.04.2016 02:00;0,702573;
Arsen;5;11.04.2016 02:00;0,513089;
Arsen;1;11.04.2016 02:00;0,331646;
Arsen;2;11.04.2016 02:00;0,186519;
Arsen;4;11.04.2016 02:00;0,115721;
Arsen;9;11.04.2016 02:00;0,0562926;
Arsen;8;11.04.2016 02:00;0,0183151;
Benzol;3;11.04.2016 02:00;1,14179;
Benzol;8;11.04.2016 02:00;0,831162;
Benzol;7;11.04.2016 02:00;0,563335;
Benzol;6;11.04.2016 02:00;0,552707;
Benzol;2;11.04.2016 02:00;0,439138;
Benzol;4;11.04.2016 02:00;0,402933;
Benzol;9;11.04.2016 02:00;0,206787;
Benzol;1;11.04.2016 02:00;0,119788;
Benzol;5;11.04.2016 02:00;0,0441702;
Anilin;3;11.04.2016 02:00;1,9188;
Anilin;7;11.04.2016 02:00;0,779976;
Anilin;5;11.04.2016 02:00;0,602839;
Anilin;2;11.04.2016 02:00;0,600781;
Anilin;6;11.04.2016 02:00;0,498613;
Anilin;1;11.04.2016 02:00;0,33195;
Anilin;9;11.04.2016 02:00;0,216074;
Anilin;4;11.04.2016 02:00;0,212192;
Anilin;8;11.04.2016 02:00;0,107772;
Natriumchlorid;9;11.04.2016 03:00;4,29955;
Natriumchlorid;8;11.04.2016 03:00;0,940467;
Natriumchlorid;3;11.04.2016 03:00;0,760864;
Natriumchlorid;4;11.04.2016 03:00;0,354005;
Natriumchlorid;6;11.04.2016 03:00;0,332678;
Natriumchlorid;5;11.04.2016 03:00;0,319657;
Natriumchlorid;7;11.04.2016 03:00;0,274747;
Natriumchlorid;2;11.04.2016 03:00;0,0811231;
Natriumchlorid;1;11.04.2016 03:00;0,0243143;
Arsen;3;11.04.2016 03:00;1,32507;
Arsen;7;11.04.2016 03:00;0,989676;
Arsen;8;11.04.2016 03:00;0,513387;
Arsen;6;11.04.2016 03:00;0,345612;
Arsen;1;11.04.2016 03:00;0,291147;
Arsen;2;11.04.2016 03:00;0,191348;
Arsen;5;11.04.2016 03:00;0,144531;
Arsen;4;11.04.2016 03:00;0,104151;
Arsen;9;11.04.2016 03:00;0,00463585;
Benzol;2;11.04.2016 03:00;0,644986;
Benzol;1;11.04.2016 03:00;0,575534;
Benzol;6;11.04.2016 03:00;0,516274;
Benzol;5;11.04.2016 03:00;0,414693;
Benzol;3;11.04.2016 03:00;0,322432;
Benzol;4;11.04.2016 03:00;0,311039;
Benzol;8;11.04.2016 03:00;0,30154;
Benzol;7;11.04.2016 03:00;0,159239;
Benzol;9;11.04.2016 03:00;0,0987698;
Anilin;9;11.04.2016 03:00;42,51119;
Anilin;3;11.04.2016 03:00;2,35999;
Anilin;8;11.04.2016 03:00;0,447402;
Anilin;5;11.04.2016 03:00;0,366703;
Anilin;1;11.04.2016 03:00;0,305831;
Anilin;6;11.04.2016 03:00;0,28087;
Anilin;4;11.04.2016 03:00;0,160513;
Anilin;7;11.04.2016 03:00;0,157469;
Anilin;2;11.04.2016 03:00;0,102841;
Natriumchlorid;5;11.04.2016 04:00;4,31881;
Natriumchlorid;9;11.04.2016 04:00;0,592956;
Natriumchlorid;8;11.04.2016 04:00;0,387284;
Natriumchlorid;4;11.04.2016 04:00;0,291756;
Natriumchlorid;6;11.04.2016 04:00;0,286505;
Natriumchlorid;1;11.04.2016 04:00;0,229087;
Natriumchlorid;3;11.04.2016 04:00;0,210357;
Natriumchlorid;2;11.04.2016 04:00;0,142629;
Natriumchlorid;7;11.04.2016 04:00;0,0934564;
Arsen;9;11.04.2016 04:00;3,89103;
Arsen;3;11.04.2016 04:00;1,39928;
Arsen;4;11.04.2016 04:00;0,67005;
Arsen;7;11.04.2016 04:00;0,666251;
Arsen;6;11.04.2016 04:00;0,618392;
Arsen;5;11.04.2016 04:00;0,302439;
Arsen;1;11.04.2016 04:00;0,277979;
Arsen;8;11.04.2016 04:00;0,149272;
Arsen;2;11.04.2016 04:00;0,037185;
Benzol;4;11.04.2016 04:00;4,72021;
Benzol;3;11.04.2016 04:00;0,84136;
Benzol;6;11.04.2016 04:00;0,648035;
Benzol;8;11.04.2016 04:00;0,380669;
Benzol;1;11.04.2016 04:00;0,164371;
Benzol;7;11.04.2016 04:00;0,158805;
Benzol;2;11.04.2016 04:00;0,136622;
Benzol;5;11.04.2016 04:00;0,0880618;
Benzol;9;11.04.2016 04:00;0,0666967;
Anilin;3;11.04.2016 04:00;0,951211;
Anilin;8;11.04.2016 04:00;0,554571;
Anilin;2;11.04.2016 04:00;0,545069;
Anilin;6;11.04.2016 04:00;0,282092;
Anilin;4;11.04.2016 04:00;0,26204;
Anilin;5;11.04.2016 04:00;0,236415;
Anilin;7;11.04.2016 04:00;0,107163;
Anilin;9;11.04.2016 04:00;0,103386;
Anilin;1;11.04.2016 04:00;0,083164;
Natriumchlorid;5;11.04.2016 05:00;0,921549;
Natriumchlorid;8;11.04.2016 05:00;0,738501;
Natriumchlorid;4;11.04.2016 05:00;0,706494;
Natriumchlorid;6;11.04.2016 05:00;0,671728;
Natriumchlorid;7;11.04.2016 05:00;0,447497;
Natriumchlorid;9;11.04.2016 05:00;0,347818;
Natriumchlorid;1;11.04.2016 05:00;0,249167;
Natriumchlorid;2;11.04.2016 05:00;0,112073;
Natriumchlorid;3;11.04.2016 05:00;0,00277628;
Arsen;2;11.04.2016 05:00;0,775083;
Arsen;8;11.04.2016 05:00;0,448296;
Arsen;7;11.04.2016 05:00;0,426984;
Arsen;6;11.04.2016 05:00;0,393213;
Arsen;4;11.04.2016 05:00;0,341147;
Arsen;9;11.04.2016 05:00;0,229474;
Arsen;1;11.04.2016 05:00;0,0876892;
Arsen;3;11.04.2016 05:00;0,0450478;
Arsen;5;11.04.2016 05:00;0,0219787;
Benzol;3;11.04.2016 05:00;3,39079;
Benzol;9;11.04.2016 05:00;0,658378;
Benzol;8;11.04.2016 05:00;0,57823;
Benzol;7;11.04.2016 05:00;0,500371;
Benzol;2;11.04.2016 05:00;0,393582;
Benzol;6;11.04.2016 05:00;0,280888;
Benzol;5;11.04.2016 05:00;0,26098;
Benzol;4;11.04.2016 05:00;0,186085;
Benzol;1;11.04.2016 05:00;0,13688;
Anilin;7;11.04.2016 05:00;1,08916;
Anilin;8;11.04.2016 05:00;0,766195;
Anilin;3;11.04.2016 05:00;0,499017;
Anilin;2;11.04.2016 05:00;0,419464;
Anilin;4;11.04.2016 05:00;0,244116;
Anilin;1;11.04.2016 05:00;0,204858;
Anilin;9;11.04.2016 05:00;0,188824;
Anilin;5;11.04.2016 05:00;0,0576835;
Anilin;6;11.04.2016 05:00;0,0434017;
Natriumchlorid;5;11.04.2016 06:00;6,35613;
Natriumchlorid;3;11.04.2016 06:00;1,60283;
Natriumchlorid;2;11.04.2016 06:00;0,775945;
Natriumchlorid;6;11.04.2016 06:00;0,640393;
Natriumchlorid;8;11.04.2016 06:00;0,377758;
Natriumchlorid;1;11.04.2016 06:00;0,3131;
Natriumchlorid;4;11.04.2016 06:00;0,273532;
Natriumchlorid;7;11.04.2016 06:00;0,196437;
Natriumchlorid;9;11.04.2016 06:00;0,0841968;
Arsen;3;11.04.2016 06:00;1,60585;
Arsen;2;11.04.2016 06:00;0,980499;
Arsen;6;11.04.2016 06:00;0,635151;
Arsen;8;11.04.2016 06:00;0,626272;
Arsen;9;11.04.2016 06:00;0,419507;
Arsen;4;11.04.2016 06:00;0,290724;
Arsen;5;11.04.2016 06:00;0,177699;
Arsen;7;11.04.2016 06:00;0,135085;
Arsen;1;11.04.2016 06:00;0,13216;
Benzol;3;11.04.2016 06:00;3,98704;
Benzol;6;11.04.2016 06:00;0,770908;
Benzol;2;11.04.2016 06:00;0,747176;
Benzol;1;11.04.2016 06:00;0,532657;
Benzol;7;11.04.2016 06:00;0,434531;
Benzol;8;11.04.2016 06:00;0,224503;
Benzol;5;11.04.2016 06:00;0,149347;
Benzol;9;11.04.2016 06:00;0,0525841;
Benzol;4;11.04.2016 06:00;0,022202;
Anilin;3;11.04.2016 06:00;1,11184;
Anilin;6;11.04.2016 06:00;0,680619;
Anilin;5;11.04.2016 06:00;0,420122;
Anilin;9;11.04.2016 06:00;0,374384;
Anilin;7;11.04.2016 06:00;0,333569;
Anilin;1;11.04.2016 06:00;0,159178;
Anilin;4;11.04.2016 06:00;0,0900872;
Anilin;8;11.04.2016 06:00;0,0288177;
Anilin;2;11.04.2016 06:00;0,0274219;
Natriumchlorid;5;11.04.2016 07:00;3,1131;
Natriumchlorid;3;11.04.2016 07:00;1,10488;
Natriumchlorid;6;11.04.2016 07:00;0,460479;
Natriumchlorid;2;11.04.2016 07:00;0,456338;
Natriumchlorid;7;11.04.2016 07:00;0,253156;
Natriumchlorid;8;11.04.2016 07:00;0,211231;
Natriumchlorid;9;11.04.2016 07:00;0,188726;
Natriumchlorid;4;11.04.2016 07:00;0,13087;
Natriumchlorid;1;11.04.2016 07:00;0,127049;
Arsen;7;11.04.2016 07:00;0,939655;
Arsen;3;11.04.2016 07:00;0,734297;
Arsen;8;11.04.2016 07:00;0,589179;
Arsen;6;11.04.2016 07:00;0,540184;
Arsen;2;11.04.2016 07:00;0,495274;
Arsen;1;11.04.2016 07:00;0,45833;
Arsen;9;11.04.2016 07:00;0,175498;
Arsen;4;11.04.2016 07:00;0,0483368;
Arsen;5;11.04.2016 07:00;0,00718693;
Benzol;7;11.04.2016 07:00;0,862136;
Benzol;2;11.04.2016 07:00;0,43691;
Benzol;4;11.04.2016 07:00;0,368218;
Benzol;6;11.04.2016 07:00;0,367537;
Benzol;1;11.04.2016 07:00;0,224626;
Benzol;9;11.04.2016 07:00;0,20988;
Benzol;3;11.04.2016 07:00;0,208473;
Benzol;5;11.04.2016 07:00;0,193165;
Benzol;8;11.04.2016 07:00;0,109168;
Anilin;3;11.04.2016 07:00;2,30221;
Anilin;7;11.04.2016 07:00;1,63566;
Anilin;1;11.04.2016 07:00;0,412462;
Anilin;4;11.04.2016 07:00;0,311954;
Anilin;2;11.04.2016 07:00;0,24956;
Anilin;6;11.04.2016 07:00;0,230465;
Anilin;9;11.04.2016 07:00;0,1365;
Anilin;8;11.04.2016 07:00;0,0453316;
Anilin;5;11.04.2016 07:00;0,0297606;
Natriumchlorid;3;11.04.2016 08:00;1,04915;
Natriumchlorid;4;11.04.2016 08:00;0,602547;
Natriumchlorid;6;11.04.2016 08:00;0,555756;
Natriumchlorid;2;11.04.2016 08:00;0,47037;
Natriumchlorid;8;11.04.2016 08:00;0,292113;
Natriumchlorid;9;11.04.2016 08:00;0,287294;
Natriumchlorid;1;11.04.2016 08:00;0,163111;
Natriumchlorid;5;11.04.2016 08:00;0,12627;
Natriumchlorid;7;11.04.2016 08:00;0,0323656;
Arsen;3;11.04.2016 08:00;1,02901;
Arsen;5;11.04.2016 08:00;0,901759;
Arsen;2;11.04.2016 08:00;0,604448;
Arsen;4;11.04.2016 08:00;0,45905;
Arsen;8;11.04.2016 08:00;0,281091;
Arsen;7;11.04.2016 08:00;0,257107;
Arsen;9;11.04.2016 08:00;0,200482;
Arsen;6;11.04.2016 08:00;0,191741;
Arsen;1;11.04.2016 08:00;0,190046;
Benzol;6;11.04.2016 08:00;0,892517;
Benzol;2;11.04.2016 08:00;0,855829;
Benzol;7;11.04.2016 08:00;0,819152;
Benzol;8;11.04.2016 08:00;0,56069;
Benzol;4;11.04.2016 08:00;0,506578;
Benzol;3;11.04.2016 08:00;0,408633;
Benzol;9;11.04.2016 08:00;0,193366;
Benzol;1;11.04.2016 08:00;0,167382;
Benzol;5;11.04.2016 08:00;0,106404;
Anilin;2;11.04.2016 08:00;0,709417;
Anilin;3;11.04.2016 08:00;0,651169;
Anilin;9;11.04.2016 08:00;0,396764;
Anilin;4;11.04.2016 08:00;0,382254;
Anilin;5;11.04.2016 08:00;0,341131;
Anilin;8;11.04.2016 08:00;0,320768;
Anilin;1;11.04.2016 08:00;0,28689;
Anilin;6;11.04.2016 08:00;0,252564;
Anilin;7;11.04.2016 08:00;0,201344;
Natriumchlorid;8;11.04.2016 09:00;1,05133;
Natriumchlorid;3;11.04.2016 09:00;0,975554;
Natriumchlorid;6;11.04.2016 09:00;0,648564;
Natriumchlorid;7;11.04.2016 09:00;0,492429;
Natriumchlorid;1;11.04.2016 09:00;0,403709;
Natriumchlorid;2;11.04.2016 09:00;0,202157;
Natriumchlorid;5;11.04.2016 09:00;0,186364;
Natriumchlorid;4;11.04.2016 09:00;0,131837;
Natriumchlorid;9;11.04.2016 09:00;0,0618945;
Arsen;2;11.04.2016 09:00;0,728294;
Arsen;8;11.04.2016 09:00;0,57769;
Arsen;4;11.04.2016 09:00;0,468226;
Arsen;7;11.04.2016 09:00;0,450757;
Arsen;5;11.04.2016 09:00;0,380326;
Arsen;6;11.04.2016 09:00;0,249556;
Arsen;1;11.04.2016 09:00;0,149634;
Arsen;3;11.04.2016 09:00;0,116097;
Arsen;9;11.04.2016 09:00;0,0251678;
Benzol;7;11.04.2016 09:00;1,99179;
Benzol;8;11.04.2016 09:00;0,698296;
Benzol;4;11.04.2016 09:00;0,524802;
Benzol;3;11.04.2016 09:00;0,502549;
Benzol;1;11.04.2016 09:00;0,385342;
Benzol;6;11.04.2016 09:00;0,365427;
Benzol;5;11.04.2016 09:00;0,21969;
Benzol;9;11.04.2016 09:00;0,149713;
Benzol;2;11.04.2016 09:00;0,0132807;
Anilin;7;11.04.2016 09:00;0,718146;
Anilin;2;11.04.2016 09:00;0,667262;
Anilin;8;11.04.2016 09:00;0,51795;
Anilin;5;11.04.2016 09:00;0,497969;
Anilin;4;11.04.2016 09:00;0,411901;
Anilin;1;11.04.2016 09:00;0,330035;
Anilin;6;11.04.2016 09:00;0,235753;
Anilin;9;11.04.2016 09:00;0,182544;
Anilin;3;11.04.2016 09:00;0,0921168;
Natriumchlorid;3;11.04.2016 10:00;1,20489;
Natriumchlorid;7;11.04.2016 10:00;0,830202;
Natriumchlorid;1;11.04.2016 10:00;0,242976;
Natriumchlorid;6;11.04.2016 10:00;0,231994;
Natriumchlorid;5;11.04.2016 10:00;0,191042;
Natriumchlorid;8;11.04.2016 10:00;0,16502;
Natriumchlorid;4;11.04.2016 10:00;0,0712102;
Natriumchlorid;2;11.04.2016 10:00;0,0539755;
Natriumchlorid;9;11.04.2016 10:00;0,0200104;
Arsen;7;11.04.2016 10:00;0,478265;
Arsen;2;11.04.2016 10:00;0,409507;
Arsen;5;11.04.2016 10:00;0,314469;
Arsen;6;11.04.2016 10:00;0,291378;
Arsen;3;11.04.2016 10:00;0,240752;
Arsen;8;11.04.2016 10:00;0,209896;
Arsen;1;11.04.2016 10:00;0,0808335;
Arsen;4;11.04.2016 10:00;0,0564742;
Arsen;9;11.04.2016 10:00;0,0303551;
Benzol;3;11.04.2016 10:00;0,851049;
Benzol;2;11.04.2016 10:00;0,734282;
Benzol;8;11.04.2016 10:00;0,729567;
Benzol;1;11.04.2016 10:00;0,626218;
Benzol;7;11.04.2016 10:00;0,384802;
Benzol;5;11.04.2016 10:00;0,290128;
Benzol;6;11.04.2016 10:00;0,224831;
Benzol;4;11.04.2016 10:00;0,182516;
Benzol;9;11.04.2016 10:00;0,0907215;
Anilin;3;11.04.2016 10:00;1,27035;
Anilin;2;11.04.2016 10:00;0,537932;
Anilin;4;11.04.2016 10:00;0,40557;
Anilin;7;11.04.2016 10:00;0,364437;
Anilin;1;11.04.2016 10:00;0,310863;
Anilin;6;11.04.2016 10:00;0,263431;
Anilin;8;11.04.2016 10:00;0,224901;
Anilin;5;11.04.2016 10:00;0,0946223;
Anilin;9;11.04.2016 10:00;0,0036827;
Natriumchlorid;7;11.04.2016 11:00;0,919169;
Natriumchlorid;3;11.04.2016 11:00;0,754722;
Natriumchlorid;2;11.04.2016 11:00;0,56984;
Natriumchlorid;1;11.04.2016 11:00;0,470501;
Natriumchlorid;6;11.04.2016 11:00;0,401415;
Natriumchlorid;4;11.04.2016 11:00;0,320618;
Natriumchlorid;9;11.04.2016 11:00;0,285715;
Natriumchlorid;8;11.04.2016 11:00;0,111237;
Natriumchlorid;5;11.04.2016 11:00;0,0416388;
Arsen;7;11.04.2016 11:00;2,52984;
Arsen;3;11.04.2016 11:00;1,54141;
Arsen;6;11.04.2016 11:00;0,730061;
Arsen;1;11.04.2016 11:00;0,41734;
Arsen;5;11.04.2016 11:00;0,392224;
Arsen;9;11.04.2016 11:00;0,333208;
Arsen;4;11.04.2016 11:00;0,161299;
Arsen;2;11.04.2016 11:00;0,0985789;
Arsen;8;11.04.2016 11:00;0,0667781;
Benzol;3;11.04.2016 11:00;1,65806;
Benzol;6;11.04.2016 11:00;0,865654;
Benzol;7;11.04.2016 11:00;0,792508;
Benzol;8;11.04.2016 11:00;0,681465;
Benzol;4;11.04.2016 11:00;0,411731;
Benzol;1;11.04.2016 11:00;0,333762;
Benzol;5;11.04.2016 11:00;0,211922;
Benzol;9;11.04.2016 11:00;0,165272;
Benzol;2;11.04.2016 11:00;0,121205;
Anilin;3;11.04.2016 11:00;1,36229;
Anilin;8;11.04.2016 11:00;0,788396;
Anilin;4;11.04.2016 11:00;0,53364;
Anilin;7;11.04.2016 11:00;0,496395;
Anilin;2;11.04.2016 11:00;0,353451;
Anilin;9;11.04.2016 11:00;0,34456;
Anilin;6;11.04.2016 11:00;0,191741;
Anilin;5;11.04.2016 11:00;0,0889925;
Anilin;1;11.04.2016 11:00;0,0228923;
Natriumchlorid;2;11.04.2016 12:00;0,749368;
Natriumchlorid;5;11.04.2016 12:00;0,489358;
Natriumchlorid;3;11.04.2016 12:00;0,423934;
Natriumchlorid;8;11.04.2016 12:00;0,410849;
Natriumchlorid;7;11.04.2016 12:00;0,286315;
Natriumchlorid;9;11.04.2016 12:00;0,249987;
Natriumchlorid;6;11.04.2016 12:00;0,0963661;
Natriumchlorid;4;11.04.2016 12:00;0,0139302;
Natriumchlorid;1;11.04.2016 12:00;0,00736661;
Arsen;3;11.04.2016 12:00;1,62965;
Arsen;6;11.04.2016 12:00;0,772978;
Arsen;7;11.04.2016 12:00;0,670403;
Arsen;8;11.04.2016 12:00;0,588803;
Arsen;2;11.04.2016 12:00;0,341464;
Arsen;5;11.04.2016 12:00;0,249335;
Arsen;4;11.04.2016 12:00;0,24554;
Arsen;9;11.04.2016 12:00;0,0392317;
Arsen;1;11.04.2016 12:00;0,0135499;
Benzol;3;11.04.2016 12:00;2,14779;
Benzol;7;11.04.2016 12:00;0,550447;
Benzol;4;11.04.2016 12:00;0,402707;
Benzol;6;11.04.2016 12:00;0,306009;
Benzol;1;11.04.2016 12:00;0,249451;
Benzol;8;11.04.2016 12:00;0,246351;
Benzol;5;11.04.2016 12:00;0,186958;
Benzol;9;11.04.2016 12:00;0,167754;
Benzol;2;11.04.2016 12:00;0,00577513;
Anilin;7;11.04.2016 12:00;1,67781;
Anilin;8;11.04.2016 12:00;1,06703;
Anilin;2;11.04.2016 12:00;0,518203;
Anilin;6;11.04.2016 12:00;0,413344;
Anilin;1;11.04.2016 12:00;0,267678;
Anilin;3;11.04.2016 12:00;0,260742;
Anilin;9;11.04.2016 12:00;0,242945;
Anilin;5;11.04.2016 12:00;0,186694;
Anilin;4;11.04.2016 12:00;0,163412;
Natriumchlorid;3;11.04.2016 13:00;2,76659;
Natriumchlorid;7;11.04.2016 13:00;1,07673;
Natriumchlorid;5;11.04.2016 13:00;0,328576;
Natriumchlorid;1;11.04.2016 13:00;0,322712;
Natriumchlorid;6;11.04.2016 13:00;0,285299;
Natriumchlorid;8;11.04.2016 13:00;0,262503;
Natriumchlorid;4;11.04.2016 13:00;0,06544;
Natriumchlorid;2;11.04.2016 13:00;0,0411534;
Natriumchlorid;9;11.04.2016 13:00;0,0186425;
Arsen;3;11.04.2016 13:00;0,894156;
Arsen;9;11.04.2016 13:00;0,891158;
Arsen;8;11.04.2016 13:00;0,791842;
Arsen;2;11.04.2016 13:00;0,694554;
Arsen;6;11.04.2016 13:00;0,675314;
Arsen;7;11.04.2016 13:00;0,337158;
Arsen;1;11.04.2016 13:00;0,232341;
Arsen;4;11.04.2016 13:00;0,153816;
Arsen;5;11.04.2016 13:00;0,0835257;
Benzol;3;11.04.2016 13:00;1,82533;
Benzol;2;11.04.2016 13:00;0,747097;
Benzol;8;11.04.2016 13:00;0,600827;
Benzol;4;11.04.2016 13:00;0,55291;
Benzol;6;11.04.2016 13:00;0,502502;
Benzol;9;11.04.2016 13:00;0,371008;
Benzol;5;11.04.2016 13:00;0,224866;
Benzol;1;11.04.2016 13:00;0,133406;
Benzol;7;11.04.2016 13:00;0,128359;
Anilin;3;11.04.2016 13:00;1,37205;
Anilin;8;11.04.2016 13:00;0,522335;
Anilin;6;11.04.2016 13:00;0,48758;
Anilin;9;11.04.2016 13:00;0,425877;
Anilin;2;11.04.2016 13:00;0,284843;
Anilin;7;11.04.2016 13:00;0,242088;
Anilin;4;11.04.2016 13:00;0,157884;
Anilin;1;11.04.2016 13:00;0,119489;
Anilin;5;11.04.2016 13:00;0,0744989;
Natriumchlorid;7;11.04.2016 14:00;1,98108;
Natriumchlorid;8;11.04.2016 14:00;1,05422;
Natriumchlorid;3;11.04.2016 14:00;0,498889;
Natriumchlorid;1;11.04.2016 14:00;0,378927;
Natriumchlorid;9;11.04.2016 14:00;0,348986;
Natriumchlorid;4;11.04.2016 14:00;0,320618;
Natriumchlorid;5;11.04.2016 14:00;0,29436;
Natriumchlorid;6;11.04.2016 14:00;0,274804;
Natriumchlorid;2;11.04.2016 14:00;0,220189;
Arsen;5;11.04.2016 14:00;0,485222;
Arsen;3;11.04.2016 14:00;0,312966;
Arsen;9;11.04.2016 14:00;0,275344;
Arsen;8;11.04.2016 14:00;0,220518;
Arsen;2;11.04.2016 14:00;0,0869948;
Arsen;6;11.04.2016 14:00;0,0726547;
Arsen;7;11.04.2016 14:00;0,0643764;
Arsen;1;11.04.2016 14:00;0,040466;
Arsen;4;11.04.2016 14:00;0,00282634;
Benzol;3;11.04.2016 14:00;0,898161;
Benzol;7;11.04.2016 14:00;0,598805;
Benzol;2;11.04.2016 14:00;0,425088;
Benzol;8;11.04.2016 14:00;0,39209;
Benzol;5;11.04.2016 14:00;0,371929;
Benzol;4;11.04.2016 14:00;0,218746;
Benzol;6;11.04.2016 14:00;0,142022;
Benzol;1;11.04.2016 14:00;0,0375814;
Benzol;9;11.04.2016 14:00;0,0222941;
Anilin;3;11.04.2016 14:00;1,12716;
Anilin;6;11.04.2016 14:00;0,621898;
Anilin;2;11.04.2016 14:00;0,599377;
Anilin;4;11.04.2016 14:00;0,457131;
Anilin;8;11.04.2016 14:00;0,3232;
Anilin;1;11.04.2016 14:00;0,244328;
Anilin;5;11.04.2016 14:00;0,150884;
Anilin;9;11.04.2016 14:00;0,0943099;
Anilin;7;11.04.2016 14:00;0,0125795;
Natriumchlorid;5;11.04.2016 15:00;3,09551;
Natriumchlorid;2;11.04.2016 15:00;1,01008;
Natriumchlorid;8;11.04.2016 15:00;0,859067;
Natriumchlorid;6;11.04.2016 15:00;0,771594;
Natriumchlorid;3;11.04.2016 15:00;0,709409;
Natriumchlorid;7;11.04.2016 15:00;0,504185;
Natriumchlorid;9;11.04.2016 15:00;0,226693;
Natriumchlorid;4;11.04.2016 15:00;0,0904075;
Natriumchlorid;1;11.04.2016 15:00;0,0783942;
Arsen;3;11.04.2016 15:00;1,64338;
Arsen;7;11.04.2016 15:00;0,871387;
Arsen;8;11.04.2016 15:00;0,608325;
Arsen;2;11.04.2016 15:00;0,542159;
Arsen;6;11.04.2016 15:00;0,415737;
Arsen;1;11.04.2016 15:00;0,390048;
Arsen;5;11.04.2016 15:00;0,343902;
Arsen;4;11.04.2016 15:00;0,317484;
Arsen;9;11.04.2016 15:00;0,00437497;
Benzol;3;11.04.2016 15:00;0,75204;
Benzol;2;11.04.2016 15:00;0,685226;
Benzol;7;11.04.2016 15:00;0,541886;
Benzol;5;11.04.2016 15:00;0,395807;
Benzol;9;11.04.2016 15:00;0,389736;
Benzol;6;11.04.2016 15:00;0,389431;
Benzol;8;11.04.2016 15:00;0,356971;
Benzol;4;11.04.2016 15:00;0,233711;
Benzol;1;11.04.2016 15:00;0,00676498;
Anilin;8;11.04.2016 15:00;0,621405;
Anilin;9;11.04.2016 15:00;0,615177;
Anilin;3;11.04.2016 15:00;0,584801;
Anilin;5;11.04.2016 15:00;0,484786;
Anilin;6;11.04.2016 15:00;0,398034;
Anilin;1;11.04.2016 15:00;0,321992;
Anilin;7;11.04.2016 15:00;0,321623;
Anilin;2;11.04.2016 15:00;0,233868;
Anilin;4;11.04.2016 15:00;0,160445;
Natriumchlorid;3;11.04.2016 16:00;4,71645;
Natriumchlorid;5;11.04.2016 16:00;4,70404;
Natriumchlorid;7;11.04.2016 16:00;0,545933;
Natriumchlorid;2;11.04.2016 16:00;0,383994;
Natriumchlorid;4;11.04.2016 16:00;0,335547;
Natriumchlorid;9;11.04.2016 16:00;0,288322;
Natriumchlorid;1;11.04.2016 16:00;0,0887979;
Natriumchlorid;6;11.04.2016 16:00;0,0856695;
Natriumchlorid;8;11.04.2016 16:00;0,0639881;
Arsen;8;11.04.2016 16:00;1,23598;
Arsen;9;11.04.2016 16:00;0,461894;
Arsen;7;11.04.2016 16:00;0,427561;
Arsen;6;11.04.2016 16:00;0,376499;
Arsen;4;11.04.2016 16:00;0,174623;
Arsen;1;11.04.2016 16:00;0,173292;
Arsen;3;11.04.2016 16:00;0,131247;
Arsen;5;11.04.2016 16:00;0,112987;
Arsen;2;11.04.2016 16:00;0,0274625;
Benzol;7;11.04.2016 16:00;1,25497;
Benzol;3;11.04.2016 16:00;1,09312;
Benzol;6;11.04.2016 16:00;0,54138;
Benzol;1;11.04.2016 16:00;0,359492;
Benzol;2;11.04.2016 16:00;0,307379;
Benzol;8;11.04.2016 16:00;0,279843;
Benzol;9;11.04.2016 16:00;0,231471;
Benzol;4;11.04.2016 16:00;0,155513;
Benzol;5;11.04.2016 16:00;0,0135854;
Anilin;8;11.04.2016 16:00;1,03908;
Anilin;6;11.04.2016 16:00;0,4794;
Anilin;7;11.04.2016 16:00;0,447839;
Anilin;1;11.04.2016 16:00;0,400143;
Anilin;2;11.04.2016 16:00;0,395706;
Anilin;5;11.04.2016 16:00;0,224319;
Anilin;4;11.04.2016 16:00;0,215054;
Anilin;3;11.04.2016 16:00;0,148012;
Anilin;9;11.04.2016 16:00;0,0326462;
Natriumchlorid;3;11.04.2016 17:00;1,17209;
Natriumchlorid;7;11.04.2016 17:00;0,449614;
Natriumchlorid;9;11.04.2016 17:00;0,425617;
Natriumchlorid;8;11.04.2016 17:00;0,377697;
Natriumchlorid;6;11.04.2016 17:00;0,192371;
Natriumchlorid;1;11.04.2016 17:00;0,149776;
Natriumchlorid;4;11.04.2016 17:00;0,142812;
Natriumchlorid;5;11.04.2016 17:00;0,0938797;
Natriumchlorid;2;11.04.2016 17:00;0,0294757;
Arsen;3;11.04.2016 17:00;1,43403;
Arsen;7;11.04.2016 17:00;1,19724;
Arsen;6;11.04.2016 17:00;0,543134;
Arsen;4;11.04.2016 17:00;0,523783;
Arsen;2;11.04.2016 17:00;0,287018;
Arsen;5;11.04.2016 17:00;0,178344;
Arsen;9;11.04.2016 17:00;0,118991;
Arsen;1;11.04.2016 17:00;0,0397288;
Arsen;8;11.04.2016 17:00;0,0253482;
Benzol;3;11.04.2016 17:00;1,18414;
Benzol;8;11.04.2016 17:00;0,762028;
Benzol;1;11.04.2016 17:00;0,409235;
Benzol;6;11.04.2016 17:00;0,251236;
Benzol;2;11.04.2016 17:00;0,233743;
Benzol;5;11.04.2016 17:00;0,229077;
Benzol;4;11.04.2016 17:00;0,224927;
Benzol;9;11.04.2016 17:00;0,083436;
Benzol;7;11.04.2016 17:00;0,022905;
Anilin;6;11.04.2016 17:00;0,453817;
Anilin;3;11.04.2016 17:00;0,443463;
Anilin;2;11.04.2016 17:00;0,386344;
Anilin;1;11.04.2016 17:00;0,248836;
Anilin;8;11.04.2016 17:00;0,22847;
Anilin;9;11.04.2016 17:00;0,21365;
Anilin;5;11.04.2016 17:00;0,204137;
Anilin;4;11.04.2016 17:00;0,0511864;
Anilin;7;11.04.2016 17:00;0,0255198;
Natriumchlorid;3;11.04.2016 18:00;0,989128;
Natriumchlorid;7;11.04.2016 18:00;0,740815;
Natriumchlorid;4;11.04.2016 18:00;0,467396;
Natriumchlorid;8;11.04.2016 18:00;0,45542;
Natriumchlorid;6;11.04.2016 18:00;0,439117;
Natriumchlorid;5;11.04.2016 18:00;0,434772;
Natriumchlorid;9;11.04.2016 18:00;0,329166;
Natriumchlorid;2;11.04.2016 18:00;0,306428;
Natriumchlorid;1;11.04.2016 18:00;0,0397498;
Arsen;3;11.04.2016 18:00;1,40645;
Arsen;5;11.04.2016 18:00;0,450634;
Arsen;6;11.04.2016 18:00;0,434682;
Arsen;1;11.04.2016 18:00;0,355735;
Arsen;8;11.04.2016 18:00;0,194411;
Arsen;7;11.04.2016 18:00;0,142459;
Arsen;9;11.04.2016 18:00;0,116243;
Arsen;2;11.04.2016 18:00;0,0605611;
Arsen;4;11.04.2016 18:00;0,00432456;
Benzol;3;11.04.2016 18:00;2,05893;
Benzol;7;11.04.2016 18:00;1,08484;
Benzol;8;11.04.2016 18:00;0,639248;
Benzol;6;11.04.2016 18:00;0,5184;
Benzol;5;11.04.2016 18:00;0,47646;
Benzol;9;11.04.2016 18:00;0,192325;
Benzol;1;11.04.2016 18:00;0,174033;
Benzol;4;11.04.2016 18:00;0,127436;
Benzol;2;11.04.2016 18:00;0,109435;
Anilin;6;11.04.2016 18:00;0,59906;
Anilin;1;11.04.2016 18:00;0,515387;
Anilin;2;11.04.2016 18:00;0,45694;
Anilin;3;11.04.2016 18:00;0,402609;
Anilin;8;11.04.2016 18:00;0,382109;
Anilin;7;11.04.2016 18:00;0,347298;
Anilin;9;11.04.2016 18:00;0,178209;
Anilin;4;11.04.2016 18:00;0,0425024;
Anilin;5;11.04.2016 18:00;0,0150976;
Natriumchlorid;3;11.04.2016 19:00;0,957345;
Natriumchlorid;8;11.04.2016 19:00;0,35722;
Natriumchlorid;4;11.04.2016 19:00;0,355602;
Natriumchlorid;6;11.04.2016 19:00;0,326329;
Natriumchlorid;7;11.04.2016 19:00;0,309885;
Natriumchlorid;5;11.04.2016 19:00;0,256603;
Natriumchlorid;1;11.04.2016 19:00;0,250603;
Natriumchlorid;9;11.04.2016 19:00;0,149176;
Natriumchlorid;2;11.04.2016 19:00;0,0566454;
Arsen;3;11.04.2016 19:00;2,43902;
Arsen;7;11.04.2016 19:00;0,729552;
Arsen;6;11.04.2016 19:00;0,63989;
Arsen;1;11.04.2016 19:00;0,404249;
Arsen;8;11.04.2016 19:00;0,340433;
Arsen;5;11.04.2016 19:00;0,235848;
Arsen;2;11.04.2016 19:00;0,0621518;
Arsen;4;11.04.2016 19:00;0,0473937;
Arsen;9;11.04.2016 19:00;0,0324288;
Benzol;3;11.04.2016 19:00;1,47175;
Benzol;7;11.04.2016 19:00;0,993681;
Benzol;5;11.04.2016 19:00;0,679417;
Benzol;4;11.04.2016 19:00;0,535111;
Benzol;6;11.04.2016 19:00;0,41566;
Benzol;8;11.04.2016 19:00;0,37724;
Benzol;1;11.04.2016 19:00;0,15773;
Benzol;9;11.04.2016 19:00;0,133374;
Benzol;2;11.04.2016 19:00;0,00566677;
Anilin;3;11.04.2016 19:00;2,04904;
Anilin;5;11.04.2016 19:00;0,296508;
Anilin;8;11.04.2016 19:00;0,273747;
Anilin;7;11.04.2016 19:00;0,234469;
Anilin;4;11.04.2016 19:00;0,17842;
Anilin;1;11.04.2016 19:00;0,159057;
Anilin;2;11.04.2016 19:00;0,131475;
Anilin;6;11.04.2016 19:00;0,073603;
Anilin;9;11.04.2016 19:00;0,0673266;
Natriumchlorid;8;11.04.2016 20:00;0,752137;
Natriumchlorid;4;11.04.2016 20:00;0,558721;
Natriumchlorid;6;11.04.2016 20:00;0,39329;
Natriumchlorid;5;11.04.2016 20:00;0,381827;
Natriumchlorid;1;11.04.2016 20:00;0,294607;
Natriumchlorid;9;11.04.2016 20:00;0,257092;
Natriumchlorid;3;11.04.2016 20:00;0,165;
Natriumchlorid;7;11.04.2016 20:00;0,0717443;
Natriumchlorid;2;11.04.2016 20:00;0,009272;
Arsen;3;11.04.2016 20:00;1,06791;
Arsen;7;11.04.2016 20:00;0,458596;
Arsen;4;11.04.2016 20:00;0,358515;
Arsen;6;11.04.2016 20:00;0,315374;
Arsen;9;11.04.2016 20:00;0,18279;
Arsen;1;11.04.2016 20:00;0,127425;
Arsen;2;11.04.2016 20:00;0,087494;
Arsen;5;11.04.2016 20:00;0,0620969;
Arsen;8;11.04.2016 20:00;0,0221902;
Benzol;4;11.04.2016 20:00;0,479563;
Benzol;6;11.04.2016 20:00;0,346627;
Benzol;8;11.04.2016 20:00;0,345225;
Benzol;9;11.04.2016 20:00;0,32214;
Benzol;5;11.04.2016 20:00;0,281101;
Benzol;3;11.04.2016 20:00;0,187414;
Benzol;7;11.04.2016 20:00;0,149764;
Benzol;1;11.04.2016 20:00;0,125034;
Benzol;2;11.04.2016 20:00;0,0976559;
Anilin;3;11.04.2016 20:00;1,80266;
Anilin;7;11.04.2016 20:00;1,19606;
Anilin;2;11.04.2016 20:00;0,43389;
Anilin;6;11.04.2016 20:00;0,416872;
Anilin;5;11.04.2016 20:00;0,388789;
Anilin;8;11.04.2016 20:00;0,370644;
Anilin;4;11.04.2016 20:00;0,258333;
Anilin;1;11.04.2016 20:00;0,214172;
Anilin;9;11.04.2016 20:00;0,0260504;
Natriumchlorid;4;11.04.2016 21:00;0,62634;
Natriumchlorid;3;11.04.2016 21:00;0,61919;
Natriumchlorid;8;11.04.2016 21:00;0,503672;
Natriumchlorid;9;11.04.2016 21:00;0,427769;
Natriumchlorid;2;11.04.2016 21:00;0,370089;
Natriumchlorid;5;11.04.2016 21:00;0,362823;
Natriumchlorid;7;11.04.2016 21:00;0,293711;
Natriumchlorid;6;11.04.2016 21:00;0,273629;
Natriumchlorid;1;11.04.2016 21:00;0,103524;
Arsen;3;11.04.2016 21:00;0,944572;
Arsen;6;11.04.2016 21:00;0,615828;
Arsen;5;11.04.2016 21:00;0,503303;
Arsen;7;11.04.2016 21:00;0,37261;
Arsen;9;11.04.2016 21:00;0,346174;
Arsen;2;11.04.2016 21:00;0,289024;
Arsen;4;11.04.2016 21:00;0,255333;
Arsen;8;11.04.2016 21:00;0,0314916;
Arsen;1;11.04.2016 21:00;0,00810148;
Benzol;7;11.04.2016 21:00;0,466334;
Benzol;8;11.04.2016 21:00;0,46598;
Benzol;6;11.04.2016 21:00;0,417257;
Benzol;2;11.04.2016 21:00;0,30703;
Benzol;4;11.04.2016 21:00;0,282509;
Benzol;5;11.04.2016 21:00;0,211856;
Benzol;3;11.04.2016 21:00;0,161164;
Benzol;9;11.04.2016 21:00;0,11934;
Benzol;1;11.04.2016 21:00;0,0295425;
Anilin;3;11.04.2016 21:00;0,58637;
Anilin;4;11.04.2016 21:00;0,379035;
Anilin;5;11.04.2016 21:00;0,265824;
Anilin;2;11.04.2016 21:00;0,227822;
Anilin;7;11.04.2016 21:00;0,216896;
Anilin;1;11.04.2016 21:00;0,201813;
Anilin;6;11.04.2016 21:00;0,198896;
Anilin;9;11.04.2016 21:00;0,162255;
Anilin;8;11.04.2016 21:00;0,00147761;
Natriumchlorid;7;11.04.2016 22:00;2,86638;
Natriumchlorid;3;11.04.2016 22:00;2,74084;
Natriumchlorid;6;11.04.2016 22:00;0,531038;
Natriumchlorid;4;11.04.2016 22:00;0,30323;
Natriumchlorid;8;11.04.2016 22:00;0,196809;
Natriumchlorid;9;11.04.2016 22:00;0,189155;
Natriumchlorid;1;11.04.2016 22:00;0,161226;
Natriumchlorid;5;11.04.2016 22:00;0,0630653;
Natriumchlorid;2;11.04.2016 22:00;0,0187568;
Arsen;7;11.04.2016 22:00;1,44347;
Arsen;8;11.04.2016 22:00;1,16641;
Arsen;3;11.04.2016 22:00;0,76161;
Arsen;6;11.04.2016 22:00;0,695645;
Arsen;9;11.04.2016 22:00;0,331588;
Arsen;1;11.04.2016 22:00;0,0894467;
Arsen;5;11.04.2016 22:00;0,0749996;
Arsen;2;11.04.2016 22:00;0,0372744;
Arsen;4;11.04.2016 22:00;0,0122017;
Benzol;7;11.04.2016 22:00;2,86195;
Benzol;4;11.04.2016 22:00;0,736809;
Benzol;2;11.04.2016 22:00;0,51056;
Benzol;8;11.04.2016 22:00;0,386794;
Benzol;1;11.04.2016 22:00;0,256757;
Benzol;3;11.04.2016 22:00;0,200838;
Benzol;6;11.04.2016 22:00;0,140218;
Benzol;5;11.04.2016 22:00;0,112994;
Benzol;9;11.04.2016 22:00;0,0334265;
Anilin;3;11.04.2016 22:00;2,3877;
Anilin;7;11.04.2016 22:00;0,775892;
Anilin;9;11.04.2016 22:00;0,53892;
Anilin;5;11.04.2016 22:00;0,429848;
Anilin;1;11.04.2016 22:00;0,428267;
Anilin;8;11.04.2016 22:00;0,31085;
Anilin;6;11.04.2016 22:00;0,249921;
Anilin;2;11.04.2016 22:00;0,221169;
Anilin;4;11.04.2016 22:00;0,0654928;
Natriumchlorid;3;11.04.2016 23:00;1,30383;
Natriumchlorid;8;11.04.2016 23:00;0,606785;
Natriumchlorid;1;11.04.2016 23:00;0,493652;
Natriumchlorid;4;11.04.2016 23:00;0,492326;
Natriumchlorid;2;11.04.2016 23:00;0,454923;
Natriumchlorid;5;11.04.2016 23:00;0,149803;
Natriumchlorid;7;11.04.2016 23:00;0,089915;
Natriumchlorid;9;11.04.2016 23:00;0,0231477;
Natriumchlorid;6;11.04.2016 23:00;0,00725472;
Arsen;3;11.04.2016 23:00;2,46515;
Arsen;8;11.04.2016 23:00;0,682799;
Arsen;9;11.04.2016 23:00;0,656139;
Arsen;7;11.04.2016 23:00;0,530844;
Arsen;6;11.04.2016 23:00;0,318726;
Arsen;4;11.04.2016 23:00;0,267902;
Arsen;5;11.04.2016 23:00;0,208547;
Arsen;2;11.04.2016 23:00;0,166242;
Arsen;1;11.04.2016 23:00;0,121939;
Benzol;5;11.04.2016 23:00;0,828204;
Benzol;6;11.04.2016 23:00;0,701568;
Benzol;4;11.04.2016 23:00;0,64837;
Benzol;8;11.04.2016 23:00;0,534087;
Benzol;9;11.04.2016 23:00;0,307931;
Benzol;3;11.04.2016 23:00;0,228013;
Benzol;7;11.04.2016 23:00;0,206548;
Benzol;1;11.04.2016 23:00;0,204858;
Benzol;2;11.04.2016 23:00;0,0839001;
Anilin;3;11.04.2016 23:00;2,55386;
Anilin;9;11.04.2016 23:00;0,864316;
Anilin;8;11.04.2016 23:00;0,826002;
Anilin;6;11.04.2016 23:00;0,819359;
Anilin;1;11.04.2016 23:00;0,322712;
Anilin;4;11.04.2016 23:00;0,296931;
Anilin;7;11.04.2016 23:00;0,265241;
Anilin;5;11.04.2016 23:00;0,134348;
Anilin;2;11.04.2016 23:00;0,118738;
Natriumchlorid;3;12.04.2016 00:00;0,497156;
Natriumchlorid;4;12.04.2016 00:00;0,446365;
Natriumchlorid;6;12.04.2016 00:00;0,399044;
Natriumchlorid;7;12.04.2016 00:00;0,328744;
Natriumchlorid;1;12.04.2016 00:00;0,233269;
Natriumchlorid;5;12.04.2016 00:00;0,199614;
Natriumchlorid;8;12.04.2016 00:00;0,191149;
Natriumchlorid;2;12.04.2016 00:00;0,115715;
Natriumchlorid;9;12.04.2016 00:00;0,057487;
Arsen;3;12.04.2016 00:00;3,04091;
Arsen;2;12.04.2016 00:00;0,341308;
Arsen;5;12.04.2016 00:00;0,25067;
Arsen;9;12.04.2016 00:00;0,227419;
Arsen;7;12.04.2016 00:00;0,187855;
Arsen;4;12.04.2016 00:00;0,120287;
Arsen;6;12.04.2016 00:00;0,119135;
Arsen;8;12.04.2016 00:00;0,0655097;
Arsen;1;12.04.2016 00:00;0,0507915;
Benzol;7;12.04.2016 00:00;1,18932;
Benzol;4;12.04.2016 00:00;0,767338;
Benzol;8;12.04.2016 00:00;0,654987;
Benzol;5;12.04.2016 00:00;0,325326;
Benzol;3;12.04.2016 00:00;0,25301;
Benzol;6;12.04.2016 00:00;0,161237;
Benzol;9;12.04.2016 00:00;0,108955;
Benzol;2;12.04.2016 00:00;0,0752896;
Benzol;1;12.04.2016 00:00;0,065126;
Anilin;4;12.04.2016 00:00;4,37604;
Anilin;6;12.04.2016 00:00;0,472265;
Anilin;3;12.04.2016 00:00;0,405779;
Anilin;7;12.04.2016 00:00;0,157533;
Anilin;8;12.04.2016 00:00;0,123717;
Anilin;2;12.04.2016 00:00;0,106686;
Anilin;5;12.04.2016 00:00;0,102035;
Anilin;9;12.04.2016 00:00;0,0555986;
Anilin;1;12.04.2016 00:00;0,0398897;
Natriumchlorid;7;12.04.2016 01:00;1,26861;
Natriumchlorid;4;12.04.2016 01:00;1,13124;
Natriumchlorid;3;12.04.2016 01:00;0,527081;
Natriumchlorid;6;12.04.2016 01:00;0,520779;
Natriumchlorid;8;12.04.2016 01:00;0,474525;
Natriumchlorid;2;12.04.2016 01:00;0,450132;
Natriumchlorid;9;12.04.2016 01:00;0,175066;
Natriumchlorid;5;12.04.2016 01:00;0,159507;
Natriumchlorid;1;12.04.2016 01:00;0,128632;
Arsen;7;12.04.2016 01:00;0,755857;
Arsen;2;12.04.2016 01:00;0,681235;
Arsen;8;12.04.2016 01:00;0,538731;
Arsen;9;12.04.2016 01:00;0,533574;
Arsen;1;12.04.2016 01:00;0,301004;
Arsen;6;12.04.2016 01:00;0,299673;
Arsen;4;12.04.2016 01:00;0,275258;
Arsen;3;12.04.2016 01:00;0,14283;
Arsen;5;12.04.2016 01:00;0,0713651;
Benzol;4;12.04.2016 01:00;2,93721;
Benzol;3;12.04.2016 01:00;1,39976;
Benzol;8;12.04.2016 01:00;0,48902;
Benzol;7;12.04.2016 01:00;0,354288;
Benzol;6;12.04.2016 01:00;0,13083;
Benzol;9;12.04.2016 01:00;0,104314;
Benzol;5;12.04.2016 01:00;0,0925221;
Benzol;2;12.04.2016 01:00;0,068558;
Benzol;1;12.04.2016 01:00;0,0419758;
Anilin;4;12.04.2016 01:00;10,77297;
Anilin;3;12.04.2016 01:00;1,79553;
Anilin;9;12.04.2016 01:00;0,439764;
Anilin;6;12.04.2016 01:00;0,426168;
Anilin;8;12.04.2016 01:00;0,42405;
Anilin;5;12.04.2016 01:00;0,263055;
Anilin;1;12.04.2016 01:00;0,156554;
Anilin;2;12.04.2016 01:00;0,0506158;
Anilin;7;12.04.2016 01:00;0,0361206;
Natriumchlorid;3;12.04.2016 02:00;1,9903;
Natriumchlorid;8;12.04.2016 02:00;0,467407;
Natriumchlorid;4;12.04.2016 02:00;0,266704;
Natriumchlorid;2;12.04.2016 02:00;0,214707;
Natriumchlorid;5;12.04.2016 02:00;0,198429;
Natriumchlorid;7;12.04.2016 02:00;0,166888;
Natriumchlorid;9;12.04.2016 02:00;0,164821;
Natriumchlorid;6;12.04.2016 02:00;0,153248;
Natriumchlorid;1;12.04.2016 02:00;0,112191;
Arsen;2;12.04.2016 02:00;0,996961;
Arsen;3;12.04.2016 02:00;0,990955;
Arsen;7;12.04.2016 02:00;0,796473;
Arsen;8;12.04.2016 02:00;0,604864;
Arsen;5;12.04.2016 02:00;0,439792;
Arsen;4;12.04.2016 02:00;0,205817;
Arsen;9;12.04.2016 02:00;0,102112;
Arsen;1;12.04.2016 02:00;0,0894582;
Arsen;6;12.04.2016 02:00;0,0730973;
Benzol;7;12.04.2016 02:00;1,26597;
Benzol;3;12.04.2016 02:00;1,23948;
Benzol;9;12.04.2016 02:00;0,655671;
Benzol;6;12.04.2016 02:00;0,635121;
Benzol;5;12.04.2016 02:00;0,567417;
Benzol;1;12.04.2016 02:00;0,467029;
Benzol;4;12.04.2016 02:00;0,338963;
Benzol;8;12.04.2016 02:00;0,149997;
Benzol;2;12.04.2016 02:00;0,144885;
Anilin;7;12.04.2016 02:00;0,421004;
Anilin;5;12.04.2016 02:00;0,419956;
Anilin;9;12.04.2016 02:00;0,412839;
Anilin;8;12.04.2016 02:00;0,346892;
Anilin;6;12.04.2016 02:00;0,233188;
Anilin;2;12.04.2016 02:00;0,223897;
Anilin;3;12.04.2016 02:00;0,221076;
Anilin;4;12.04.2016 02:00;0,0929148;
Anilin;1;12.04.2016 02:00;0,0180624;
Natriumchlorid;7;12.04.2016 03:00;2,84014;
Natriumchlorid;6;12.04.2016 03:00;0,791386;
Natriumchlorid;8;12.04.2016 03:00;0,617954;
Natriumchlorid;5;12.04.2016 03:00;0,52352;
Natriumchlorid;3;12.04.2016 03:00;0,285526;
Natriumchlorid;9;12.04.2016 03:00;0,184125;
Natriumchlorid;2;12.04.2016 03:00;0,148903;
Natriumchlorid;1;12.04.2016 03:00;0,0865769;
Natriumchlorid;4;12.04.2016 03:00;0,0337651;
Arsen;3;12.04.2016 03:00;2,61483;
Arsen;2;12.04.2016 03:00;0,742686;
Arsen;7;12.04.2016 03:00;0,657558;
Arsen;8;12.04.2016 03:00;0,479856;
Arsen;1;12.04.2016 03:00;0,358715;
Arsen;9;12.04.2016 03:00;0,347476;
Arsen;6;12.04.2016 03:00;0,299274;
Arsen;5;12.04.2016 03:00;0,0285459;
Arsen;4;12.04.2016 03:00;0,0210274;
Benzol;7;12.04.2016 03:00;1,68879;
Benzol;2;12.04.2016 03:00;0,498094;
Benzol;5;12.04.2016 03:00;0,388379;
Benzol;8;12.04.2016 03:00;0,322639;
Benzol;6;12.04.2016 03:00;0,270287;
Benzol;1;12.04.2016 03:00;0,260687;
Benzol;9;12.04.2016 03:00;0,253975;
Benzol;3;12.04.2016 03:00;0,177713;
Benzol;4;12.04.2016 03:00;0,0983959;
Anilin;3;12.04.2016 03:00;0,69947;
Anilin;8;12.04.2016 03:00;0,686504;
Anilin;2;12.04.2016 03:00;0,489844;
Anilin;9;12.04.2016 03:00;0,479884;
Anilin;6;12.04.2016 03:00;0,328339;
Anilin;7;12.04.2016 03:00;0,240085;
Anilin;5;12.04.2016 03:00;0,131119;
Anilin;4;12.04.2016 03:00;0,127639;
Anilin;1;12.04.2016 03:00;0,0917324;
Natriumchlorid;8;12.04.2016 04:00;0,844135;
Natriumchlorid;7;12.04.2016 04:00;0,482551;
Natriumchlorid;9;12.04.2016 04:00;0,432876;
Natriumchlorid;1;12.04.2016 04:00;0,307648;
Natriumchlorid;6;12.04.2016 04:00;0,288834;
Natriumchlorid;3;12.04.2016 04:00;0,288072;
Natriumchlorid;5;12.04.2016 04:00;0,280677;
Natriumchlorid;4;12.04.2016 04:00;0,203101;
Natriumchlorid;2;12.04.2016 04:00;0,138514;
Arsen;3;12.04.2016 04:00;0,974043;
Arsen;2;12.04.2016 04:00;0,642325;
Arsen;5;12.04.2016 04:00;0,573067;
Arsen;4;12.04.2016 04:00;0,4053;
Arsen;8;12.04.2016 04:00;0,368312;
Arsen;1;12.04.2016 04:00;0,366119;
Arsen;7;12.04.2016 04:00;0,358896;
Arsen;9;12.04.2016 04:00;0,31097;
Arsen;6;12.04.2016 04:00;0,192496;
Benzol;4;12.04.2016 04:00;0,633016;
Benzol;8;12.04.2016 04:00;0,484388;
Benzol;3;12.04.2016 04:00;0,323573;
Benzol;6;12.04.2016 04:00;0,269663;
Benzol;2;12.04.2016 04:00;0,217003;
Benzol;9;12.04.2016 04:00;0,142414;
Benzol;5;12.04.2016 04:00;0,141574;
Benzol;7;12.04.2016 04:00;0,105987;
Benzol;1;12.04.2016 04:00;0,00112975;
Anilin;7;12.04.2016 04:00;3,14883;
Anilin;2;12.04.2016 04:00;0,779854;
Anilin;8;12.04.2016 04:00;0,703588;
Anilin;4;12.04.2016 04:00;0,596353;
Anilin;3;12.04.2016 04:00;0,585846;
Anilin;1;12.04.2016 04:00;0,398283;
Anilin;5;12.04.2016 04:00;0,180673;
Anilin;6;12.04.2016 04:00;0,179316;
Anilin;9;12.04.2016 04:00;0,167088;
Natriumchlorid;3;12.04.2016 05:00;0,63531;
Natriumchlorid;1;12.04.2016 05:00;0,627863;
Natriumchlorid;6;12.04.2016 05:00;0,448647;
Natriumchlorid;9;12.04.2016 05:00;0,343648;
Natriumchlorid;2;12.04.2016 05:00;0,337172;
Natriumchlorid;8;12.04.2016 05:00;0,267395;
Natriumchlorid;7;12.04.2016 05:00;0,20453;
Natriumchlorid;4;12.04.2016 05:00;0,162319;
Natriumchlorid;5;12.04.2016 05:00;0,0381851;
Arsen;3;12.04.2016 05:00;0,395066;
Arsen;4;12.04.2016 05:00;0,355145;
Arsen;9;12.04.2016 05:00;0,334951;
Arsen;6;12.04.2016 05:00;0,319804;
Arsen;7;12.04.2016 05:00;0,279385;
Arsen;2;12.04.2016 05:00;0,265932;
Arsen;1;12.04.2016 05:00;0,152115;
Arsen;8;12.04.2016 05:00;0,0426638;
Arsen;5;12.04.2016 05:00;0,0344713;
Benzol;3;12.04.2016 05:00;2,44126;
Benzol;6;12.04.2016 05:00;0,760879;
Benzol;7;12.04.2016 05:00;0,753926;
Benzol;8;12.04.2016 05:00;0,419821;
Benzol;2;12.04.2016 05:00;0,400761;
Benzol;1;12.04.2016 05:00;0,320137;
Benzol;4;12.04.2016 05:00;0,0795207;
Benzol;9;12.04.2016 05:00;0,0274434;
Benzol;5;12.04.2016 05:00;0,00585578;
Anilin;7;12.04.2016 05:00;0,813219;
Anilin;8;12.04.2016 05:00;0,631891;
Anilin;2;12.04.2016 05:00;0,513505;
Anilin;3;12.04.2016 05:00;0,324097;
Anilin;1;12.04.2016 05:00;0,275492;
Anilin;6;12.04.2016 05:00;0,253666;
Anilin;5;12.04.2016 05:00;0,251279;
Anilin;4;12.04.2016 05:00;0,0749887;
Anilin;9;12.04.2016 05:00;0,0177382;
Natriumchlorid;4;12.04.2016 06:00;7,97074;
Natriumchlorid;3;12.04.2016 06:00;1,5474;
Natriumchlorid;4;12.04.2016 06:00;0,965963;
Natriumchlorid;7;12.04.2016 06:00;0,888814;
Natriumchlorid;1;12.04.2016 06:00;0,381337;
Natriumchlorid;6;12.04.2016 06:00;0,337613;
Natriumchlorid;5;12.04.2016 06:00;0,224154;
Natriumchlorid;2;12.04.2016 06:00;0,202665;
Natriumchlorid;8;12.04.2016 06:00;0,117154;
Natriumchlorid;9;12.04.2016 06:00;0,0142812;
Arsen;9;12.04.2016 06:00;1,92721;
Arsen;7;12.04.2016 06:00;1,3949;
Arsen;3;12.04.2016 06:00;0,481834;
Arsen;6;12.04.2016 06:00;0,448017;
Arsen;5;12.04.2016 06:00;0,147959;
Arsen;2;12.04.2016 06:00;0,137337;
Arsen;1;12.04.2016 06:00;0,132921;
Arsen;8;12.04.2016 06:00;0,130828;
Arsen;4;12.04.2016 06:00;0,0506383;
Benzol;4;12.04.2016 06:00;3,62038;
Benzol;2;12.04.2016 06:00;0,942672;
Benzol;7;12.04.2016 06:00;0,918018;
Benzol;3;12.04.2016 06:00;0,876109;
Benzol;6;12.04.2016 06:00;0,829842;
Benzol;8;12.04.2016 06:00;0,689081;
Benzol;9;12.04.2016 06:00;0,479802;
Benzol;1;12.04.2016 06:00;0,16625;
Benzol;5;12.04.2016 06:00;0,15031;
Anilin;5;12.04.2016 06:00;0,799326;
Anilin;3;12.04.2016 06:00;0,773842;
Anilin;8;12.04.2016 06:00;0,649964;
Anilin;2;12.04.2016 06:00;0,578662;
Anilin;1;12.04.2016 06:00;0,426486;
Anilin;7;12.04.2016 06:00;0,379493;
Anilin;9;12.04.2016 06:00;0,243055;
Anilin;6;12.04.2016 06:00;0,22287;
Natriumchlorid;3;12.04.2016 07:00;1,71009;
Natriumchlorid;5;12.04.2016 07:00;0,445861;
Natriumchlorid;6;12.04.2016 07:00;0,387331;
Natriumchlorid;1;12.04.2016 07:00;0,378881;
Natriumchlorid;2;12.04.2016 07:00;0,302336;
Natriumchlorid;8;12.04.2016 07:00;0,236454;
Natriumchlorid;7;12.04.2016 07:00;0,190641;
Natriumchlorid;9;12.04.2016 07:00;0,146696;
Natriumchlorid;4;12.04.2016 07:00;0,0424435;
Arsen;3;12.04.2016 07:00;1,46961;
Arsen;7;12.04.2016 07:00;1,39742;
Arsen;2;12.04.2016 07:00;0,636797;
Arsen;9;12.04.2016 07:00;0,375663;
Arsen;8;12.04.2016 07:00;0,354231;
Arsen;6;12.04.2016 07:00;0,339265;
Arsen;5;12.04.2016 07:00;0,187765;
Arsen;4;12.04.2016 07:00;0,153008;
Arsen;1;12.04.2016 07:00;0,0684875;
Benzol;5;12.04.2016 07:00;0,698619;
Benzol;6;12.04.2016 07:00;0,3911;
Benzol;2;12.04.2016 07:00;0,317726;
Benzol;8;12.04.2016 07:00;0,274711;
Benzol;3;12.04.2016 07:00;0,241572;
Benzol;7;12.04.2016 07:00;0,2029;
Benzol;1;12.04.2016 07:00;0,193872;
Benzol;9;12.04.2016 07:00;0,071305;
Benzol;4;12.04.2016 07:00;0,0518416;
Anilin;7;12.04.2016 07:00;0,908769;
Anilin;2;12.04.2016 07:00;0,829398;
Anilin;6;12.04.2016 07:00;0,619144;
Anilin;4;12.04.2016 07:00;0,556474;
Anilin;5;12.04.2016 07:00;0,499784;
Anilin;3;12.04.2016 07:00;0,411742;
Anilin;8;12.04.2016 07:00;0,319707;
Anilin;9;12.04.2016 07:00;0,214651;
Anilin;1;12.04.2016 07:00;0,212424;
Natriumchlorid;3;12.04.2016 08:00;1,14617;
Natriumchlorid;6;12.04.2016 08:00;0,522767;
Natriumchlorid;5;12.04.2016 08:00;0,506995;
Natriumchlorid;8;12.04.2016 08:00;0,465515;
Natriumchlorid;9;12.04.2016 08:00;0,449128;
Natriumchlorid;2;12.04.2016 08:00;0,41353;
Natriumchlorid;7;12.04.2016 08:00;0,367607;
Natriumchlorid;1;12.04.2016 08:00;0,205884;
Natriumchlorid;4;12.04.2016 08:00;0,0873862;
Arsen;3;12.04.2016 08:00;1,69793;
Arsen;8;12.04.2016 08:00;0,588837;
Arsen;9;12.04.2016 08:00;0,436039;
Arsen;1;12.04.2016 08:00;0,412489;
Arsen;7;12.04.2016 08:00;0,411705;
Arsen;4;12.04.2016 08:00;0,376707;
Arsen;6;12.04.2016 08:00;0,34677;
Arsen;5;12.04.2016 08:00;0,183463;
Arsen;2;12.04.2016 08:00;0,106076;
Benzol;3;12.04.2016 08:00;2,24672;
Benzol;5;12.04.2016 08:00;0,422244;
Benzol;9;12.04.2016 08:00;0,322546;
Benzol;1;12.04.2016 08:00;0,256168;
Benzol;6;12.04.2016 08:00;0,242164;
Benzol;8;12.04.2016 08:00;0,229716;
Benzol;2;12.04.2016 08:00;0,124736;
Benzol;7;12.04.2016 08:00;0,0913306;
Benzol;4;12.04.2016 08:00;0,0201411;
Anilin;2;12.04.2016 08:00;0,828872;
Anilin;6;12.04.2016 08:00;0,811299;
Anilin;3;12.04.2016 08:00;0,622598;
Anilin;4;12.04.2016 08:00;0,271299;
Anilin;5;12.04.2016 08:00;0,147391;
Anilin;1;12.04.2016 08:00;0,137275;
Anilin;9;12.04.2016 08:00;0,10476;
Anilin;8;12.04.2016 08:00;0,0647891;
Anilin;7;12.04.2016 08:00;0,0298961;
Natriumchlorid;3;12.04.2016 09:00;2,29136;
Natriumchlorid;5;12.04.2016 09:00;1,11497;
Natriumchlorid;8;12.04.2016 09:00;0,652406;
Natriumchlorid;9;12.04.2016 09:00;0,53078;
Natriumchlorid;6;12.04.2016 09:00;0,403741;
Natriumchlorid;7;12.04.2016 09:00;0,389761;
Natriumchlorid;2;12.04.2016 09:00;0,136928;
Natriumchlorid;1;12.04.2016 09:00;0,101508;
Natriumchlorid;4;12.04.2016 09:00;0,037914;
Arsen;2;12.04.2016 09:00;0,818855;
Arsen;8;12.04.2016 09:00;0,74716;
Arsen;9;12.04.2016 09:00;0,59222;
Arsen;6;12.04.2016 09:00;0,382375;
Arsen;3;12.04.2016 09:00;0,265725;
Arsen;7;12.04.2016 09:00;0,25067;
Arsen;4;12.04.2016 09:00;0,236994;
Arsen;5;12.04.2016 09:00;0,190597;
Arsen;1;12.04.2016 09:00;0,115993;
Benzol;7;12.04.2016 09:00;1,49938;
Benzol;3;12.04.2016 09:00;1,29757;
Benzol;2;12.04.2016 09:00;0,631147;
Benzol;6;12.04.2016 09:00;0,375945;
Benzol;1;12.04.2016 09:00;0,29694;
Benzol;5;12.04.2016 09:00;0,294638;
Benzol;8;12.04.2016 09:00;0,24918;
Benzol;4;12.04.2016 09:00;0,243749;
Benzol;9;12.04.2016 09:00;0,0905969;
Anilin;3;12.04.2016 09:00;0,834819;
Anilin;6;12.04.2016 09:00;0,801074;
Anilin;2;12.04.2016 09:00;0,670914;
Anilin;5;12.04.2016 09:00;0,460158;
Anilin;4;12.04.2016 09:00;0,361524;
Anilin;8;12.04.2016 09:00;0,355339;
Anilin;7;12.04.2016 09:00;0,0875456;
Anilin;1;12.04.2016 09:00;0,0370243;
Anilin;9;12.04.2016 09:00;0,00891607;
Natriumchlorid;3;12.04.2016 10:00;3,73266;
Natriumchlorid;5;12.04.2016 10:00;0,838496;
Natriumchlorid;4;12.04.2016 10:00;0,550996;
Natriumchlorid;8;12.04.2016 10:00;0,268493;
Natriumchlorid;6;12.04.2016 10:00;0,260187;
Natriumchlorid;1;12.04.2016 10:00;0,255405;
Natriumchlorid;9;12.04.2016 10:00;0,228979;
Natriumchlorid;2;12.04.2016 10:00;0,211767;
Natriumchlorid;7;12.04.2016 10:00;0,119836;
Arsen;3;12.04.2016 10:00;0,931507;
Arsen;2;12.04.2016 10:00;0,742994;
Arsen;5;12.04.2016 10:00;0,717066;
Arsen;7;12.04.2016 10:00;0,541623;
Arsen;6;12.04.2016 10:00;0,409344;
Arsen;1;12.04.2016 10:00;0,255055;
Arsen;4;12.04.2016 10:00;0,147373;
Arsen;9;12.04.2016 10:00;0,101162;
Arsen;8;12.04.2016 10:00;0,0571211;
Benzol;3;12.04.2016 10:00;1,75573;
Benzol;4;12.04.2016 10:00;1,12824;
Benzol;7;12.04.2016 10:00;0,791307;
Benzol;9;12.04.2016 10:00;0,422863;
Benzol;8;12.04.2016 10:00;0,234456;
Benzol;6;12.04.2016 10:00;0,230224;
Benzol;2;12.04.2016 10:00;0,196802;
Benzol;5;12.04.2016 10:00;0,0555999;
Benzol;1;12.04.2016 10:00;0,0259063;
Anilin;3;12.04.2016 10:00;1,63879;
Anilin;6;12.04.2016 10:00;0,78862;
Anilin;8;12.04.2016 10:00;0,745247;
Anilin;2;12.04.2016 10:00;0,649503;
Anilin;4;12.04.2016 10:00;0,576472;
Anilin;5;12.04.2016 10:00;0,284555;
Anilin;9;12.04.2016 10:00;0,226137;
Anilin;1;12.04.2016 10:00;0,0301798;
Anilin;7;12.04.2016 10:00;0,0150648;
Natriumchlorid;4;12.04.2016 11:00;15,89812;
Natriumchlorid;7;12.04.2016 11:00;2,64308;
Natriumchlorid;4;12.04.2016 11:00;1,59304;
Natriumchlorid;3;12.04.2016 11:00;1,26893;
Natriumchlorid;8;12.04.2016 11:00;1,11652;
Natriumchlorid;5;12.04.2016 11:00;0,626233;
Natriumchlorid;6;12.04.2016 11:00;0,496734;
Natriumchlorid;1;12.04.2016 11:00;0,463307;
Natriumchlorid;9;12.04.2016 11:00;0,213221;
Natriumchlorid;2;12.04.2016 11:00;0,118051;
Arsen;3;12.04.2016 11:00;1,35551;
Arsen;9;12.04.2016 11:00;1,11987;
Arsen;8;12.04.2016 11:00;0,613071;
Arsen;7;12.04.2016 11:00;0,507337;
Arsen;6;12.04.2016 11:00;0,392815;
Arsen;5;12.04.2016 11:00;0,32445;
Arsen;2;12.04.2016 11:00;0,229416;
Arsen;4;12.04.2016 11:00;0,0374033;
Arsen;1;12.04.2016 11:00;0,0372717;
Benzol;3;12.04.2016 11:00;1,63627;
Benzol;4;12.04.2016 11:00;0,941421;
Benzol;7;12.04.2016 11:00;0,855236;
Benzol;8;12.04.2016 11:00;0,612402;
Benzol;6;12.04.2016 11:00;0,459998;
Benzol;9;12.04.2016 11:00;0,216289;
Benzol;1;12.04.2016 11:00;0,167243;
Benzol;5;12.04.2016 11:00;0,113701;
Benzol;2;12.04.2016 11:00;0,0783381;
Anilin;3;12.04.2016 11:00;1,67974;
Anilin;8;12.04.2016 11:00;1,35181;
Anilin;7;12.04.2016 11:00;0,458981;
Anilin;9;12.04.2016 11:00;0,398308;
Anilin;2;12.04.2016 11:00;0,181527;
Anilin;5;12.04.2016 11:00;0,168016;
Anilin;6;12.04.2016 11:00;0,157419;
Anilin;1;12.04.2016 11:00;0,0616681;
Natriumchlorid;7;12.04.2016 12:00;1,86376;
Natriumchlorid;8;12.04.2016 12:00;1,02048;
Natriumchlorid;6;12.04.2016 12:00;0,872348;
Natriumchlorid;2;12.04.2016 12:00;0,277579;
Natriumchlorid;4;12.04.2016 12:00;0,273439;
Natriumchlorid;9;12.04.2016 12:00;0,156021;
Natriumchlorid;3;12.04.2016 12:00;0,131185;
Natriumchlorid;5;12.04.2016 12:00;0,0334329;
Natriumchlorid;1;12.04.2016 12:00;0,0137623;
Arsen;3;12.04.2016 12:00;1,42829;
Arsen;2;12.04.2016 12:00;0,512598;
Arsen;4;12.04.2016 12:00;0,507312;
Arsen;6;12.04.2016 12:00;0,481873;
Arsen;5;12.04.2016 12:00;0,429266;
Arsen;1;12.04.2016 12:00;0,424694;
Arsen;7;12.04.2016 12:00;0,418577;
Arsen;9;12.04.2016 12:00;0,135497;
Arsen;8;12.04.2016 12:00;0,0760313;
Benzol;3;12.04.2016 12:00;1,52771;
Benzol;8;12.04.2016 12:00;0,515268;
Benzol;4;12.04.2016 12:00;0,395316;
Benzol;5;12.04.2016 12:00;0,165752;
Benzol;6;12.04.2016 12:00;0,113402;
Benzol;9;12.04.2016 12:00;0,0972511;
Benzol;2;12.04.2016 12:00;0,0824978;
Benzol;7;12.04.2016 12:00;0,0322364;
Benzol;1;12.04.2016 12:00;0,0317047;
Anilin;3;12.04.2016 12:00;2,23509;
Anilin;2;12.04.2016 12:00;0,473022;
Anilin;4;12.04.2016 12:00;0,433843;
Anilin;9;12.04.2016 12:00;0,347878;
Anilin;7;12.04.2016 12:00;0,272476;
Anilin;5;12.04.2016 12:00;0,192918;
Anilin;1;12.04.2016 12:00;0,184463;
Anilin;8;12.04.2016 12:00;0,132935;
Anilin;6;12.04.2016 12:00;0,109327;
Natriumchlorid;5;12.04.2016 13:00;3,51935;
Natriumchlorid;7;12.04.2016 13:00;2,38276;
Natriumchlorid;9;12.04.2016 13:00;0,771432;
Natriumchlorid;8;12.04.2016 13:00;0,749709;
Natriumchlorid;5;12.04.2016 13:00;0,547615;
Natriumchlorid;4;12.04.2016 13:00;0,505019;
Natriumchlorid;3;12.04.2016 13:00;0,438369;
Natriumchlorid;6;12.04.2016 13:00;0,296765;
Natriumchlorid;2;12.04.2016 13:00;0,240862;
Natriumchlorid;1;12.04.2016 13:00;0,0813628;
Arsen;2;12.04.2016 13:00;0,677526;
Arsen;8;12.04.2016 13:00;0,5522;
Arsen;5;12.04.2016 13:00;0,525473;
Arsen;4;12.04.2016 13:00;0,461362;
Arsen;6;12.04.2016 13:00;0,42569;
Arsen;9;12.04.2016 13:00;0,421926;
Arsen;7;12.04.2016 13:00;0,407038;
Arsen;3;12.04.2016 13:00;0,234612;
Arsen;1;12.04.2016 13:00;0,105222;
Benzol;3;12.04.2016 13:00;0,755823;
Benzol;5;12.04.2016 13:00;0,564408;
Benzol;6;12.04.2016 13:00;0,499339;
Benzol;9;12.04.2016 13:00;0,40601;
Benzol;8;12.04.2016 13:00;0,206188;
Benzol;7;12.04.2016 13:00;0,191795;
Benzol;1;12.04.2016 13:00;0,100903;
Benzol;2;12.04.2016 13:00;0,0755466;
Benzol;4;12.04.2016 13:00;0,0611025;
Anilin;3;12.04.2016 13:00;3,28388;
Anilin;2;12.04.2016 13:00;0,688113;
Anilin;1;12.04.2016 13:00;0,556674;
Anilin;4;12.04.2016 13:00;0,509711;
Anilin;9;12.04.2016 13:00;0,469436;
Anilin;7;12.04.2016 13:00;0,292543;
Anilin;8;12.04.2016 13:00;0,0520434;
Anilin;6;12.04.2016 13:00;0,0261486;
Natriumchlorid;3;12.04.2016 14:00;1,02707;
Natriumchlorid;7;12.04.2016 14:00;0,667187;
Natriumchlorid;8;12.04.2016 14:00;0,561951;
Natriumchlorid;9;12.04.2016 14:00;0,367093;
Natriumchlorid;1;12.04.2016 14:00;0,294675;
Natriumchlorid;4;12.04.2016 14:00;0,220186;
Natriumchlorid;6;12.04.2016 14:00;0,102645;
Natriumchlorid;2;12.04.2016 14:00;0,08453;
Natriumchlorid;5;12.04.2016 14:00;0,00649765;
Arsen;3;12.04.2016 14:00;0,748607;
Arsen;6;12.04.2016 14:00;0,552564;
Arsen;4;12.04.2016 14:00;0,416422;
Arsen;8;12.04.2016 14:00;0,316676;
Arsen;7;12.04.2016 14:00;0,164067;
Arsen;2;12.04.2016 14:00;0,153491;
Arsen;1;12.04.2016 14:00;0,0923342;
Arsen;5;12.04.2016 14:00;0,0841152;
Arsen;9;12.04.2016 14:00;0,0465558;
Benzol;3;12.04.2016 14:00;2,48021;
Benzol;9;12.04.2016 14:00;1,76818;
Benzol;5;12.04.2016 14:00;1,44533;
Benzol;8;12.04.2016 14:00;0,748903;
Benzol;6;12.04.2016 14:00;0,577198;
Benzol;2;12.04.2016 14:00;0,509609;
Benzol;7;12.04.2016 14:00;0,497282;
Benzol;4;12.04.2016 14:00;0,45253;
Benzol;1;12.04.2016 14:00;0,0560152;
Anilin;3;12.04.2016 14:00;0,737473;
Anilin;6;12.04.2016 14:00;0,602658;
Anilin;8;12.04.2016 14:00;0,596195;
Anilin;7;12.04.2016 14:00;0,571114;
Anilin;4;12.04.2016 14:00;0,39935;
Anilin;5;12.04.2016 14:00;0,37521;
Anilin;9;12.04.2016 14:00;0,353507;
Anilin;2;12.04.2016 14:00;0,344614;
Anilin;1;12.04.2016 14:00;0,0916085;
Natriumchlorid;6;12.04.2016 15:00;18,12727;
Natriumchlorid;6;12.04.2016 15:00;2,04613;
Natriumchlorid;3;12.04.2016 15:00;0,996446;
Natriumchlorid;8;12.04.2016 15:00;0,544955;
Natriumchlorid;9;12.04.2016 15:00;0,34349;
Natriumchlorid;7;12.04.2016 15:00;0,225474;
Natriumchlorid;4;12.04.2016 15:00;0,150847;
Natriumchlorid;2;12.04.2016 15:00;0,144094;
Natriumchlorid;1;12.04.2016 15:00;0,105804;
Natriumchlorid;5;12.04.2016 15:00;0,0926467;
Arsen;6;12.04.2016 15:00;0,887591;
Arsen;4;12.04.2016 15:00;0,568774;
Arsen;8;12.04.2016 15:00;0,42589;
Arsen;2;12.04.2016 15:00;0,334741;
Arsen;7;12.04.2016 15:00;0,292247;
Arsen;1;12.04.2016 15:00;0,265366;
Arsen;3;12.04.2016 15:00;0,207038;
Arsen;5;12.04.2016 15:00;0,13751;
Arsen;9;12.04.2016 15:00;0,104314;
Benzol;3;12.04.2016 15:00;2,01351;
Benzol;2;12.04.2016 15:00;0,699832;
Benzol;8;12.04.2016 15:00;0,476519;
Benzol;9;12.04.2016 15:00;0,382494;
Benzol;6;12.04.2016 15:00;0,314922;
Benzol;7;12.04.2016 15:00;0,263666;
Benzol;5;12.04.2016 15:00;0,220946;
Benzol;4;12.04.2016 15:00;0,165625;
Benzol;1;12.04.2016 15:00;0,0533034;
Anilin;3;12.04.2016 15:00;0,937584;
Anilin;8;12.04.2016 15:00;0,502566;
Anilin;4;12.04.2016 15:00;0,332889;
Anilin;5;12.04.2016 15:00;0,219574;
Anilin;7;12.04.2016 15:00;0,2165;
Anilin;1;12.04.2016 15:00;0,100367;
Anilin;9;12.04.2016 15:00;0,0817093;
Anilin;2;12.04.2016 15:00;0,0658095;
Natriumchlorid;3;12.04.2016 16:00;1,93156;
Natriumchlorid;7;12.04.2016 16:00;0,886415;
Natriumchlorid;8;12.04.2016 16:00;0,548522;
Natriumchlorid;5;12.04.2016 16:00;0,425526;
Natriumchlorid;4;12.04.2016 16:00;0,394501;
Natriumchlorid;1;12.04.2016 16:00;0,358946;
Natriumchlorid;2;12.04.2016 16:00;0,292667;
Natriumchlorid;6;12.04.2016 16:00;0,204449;
Natriumchlorid;9;12.04.2016 16:00;0,00705238;
Arsen;3;12.04.2016 16:00;2,44962;
Arsen;7;12.04.2016 16:00;1,61492;
Arsen;4;12.04.2016 16:00;0,708167;
Arsen;8;12.04.2016 16:00;0,629583;
Arsen;9;12.04.2016 16:00;0,404275;
Arsen;6;12.04.2016 16:00;0,359479;
Arsen;5;12.04.2016 16:00;0,252634;
Arsen;1;12.04.2016 16:00;0,250729;
Arsen;2;12.04.2016 16:00;0,14783;
Benzol;8;12.04.2016 16:00;0,615933;
Benzol;4;12.04.2016 16:00;0,512328;
Benzol;5;12.04.2016 16:00;0,50586;
Benzol;7;12.04.2016 16:00;0,410087;
Benzol;2;12.04.2016 16:00;0,347146;
Benzol;6;12.04.2016 16:00;0,259483;
Benzol;1;12.04.2016 16:00;0,102267;
Benzol;9;12.04.2016 16:00;0,0138659;
Benzol;3;12.04.2016 16:00;0,0103756;
Anilin;3;12.04.2016 16:00;0,833897;
Anilin;2;12.04.2016 16:00;0,604294;
Anilin;5;12.04.2016 16:00;0,43084;
Anilin;6;12.04.2016 16:00;0,332014;
Anilin;9;12.04.2016 16:00;0,25388;
Anilin;1;12.04.2016 16:00;0,223085;
Anilin;4;12.04.2016 16:00;0,142776;
Anilin;7;12.04.2016 16:00;0,0937783;
Anilin;8;12.04.2016 16:00;0,0393526;
Natriumchlorid;3;12.04.2016 17:00;1,57118;
Natriumchlorid;8;12.04.2016 17:00;0,662873;
Natriumchlorid;6;12.04.2016 17:00;0,479301;
Natriumchlorid;1;12.04.2016 17:00;0,331779;
Natriumchlorid;7;12.04.2016 17:00;0,305303;
Natriumchlorid;4;12.04.2016 17:00;0,247131;
Natriumchlorid;2;12.04.2016 17:00;0,23468;
Natriumchlorid;5;12.04.2016 17:00;0,146123;
Natriumchlorid;9;12.04.2016 17:00;0,0128659;
Arsen;3;12.04.2016 17:00;1,59893;
Arsen;7;12.04.2016 17:00;0,919021;
Arsen;6;12.04.2016 17:00;0,899123;
Arsen;4;12.04.2016 17:00;0,533098;
Arsen;8;12.04.2016 17:00;0,499028;
Arsen;1;12.04.2016 17:00;0,476105;
Arsen;5;12.04.2016 17:00;0,33035;
Arsen;9;12.04.2016 17:00;0,0916614;
Arsen;2;12.04.2016 17:00;0,0907797;
Benzol;7;12.04.2016 17:00;0,415976;
Benzol;4;12.04.2016 17:00;0,338136;
Benzol;6;12.04.2016 17:00;0,287761;
Benzol;5;12.04.2016 17:00;0,265256;
Benzol;8;12.04.2016 17:00;0,258438;
Benzol;9;12.04.2016 17:00;0,154452;
Benzol;3;12.04.2016 17:00;0,153371;
Benzol;2;12.04.2016 17:00;0,0818961;
Benzol;1;12.04.2016 17:00;0,0302897;
Anilin;3;12.04.2016 17:00;1,31606;
Anilin;8;12.04.2016 17:00;0,743606;
Anilin;7;12.04.2016 17:00;0,356198;
Anilin;4;12.04.2016 17:00;0,270638;
Anilin;5;12.04.2016 17:00;0,268622;
Anilin;6;12.04.2016 17:00;0,247293;
Anilin;9;12.04.2016 17:00;0,0925819;
Anilin;2;12.04.2016 17:00;0,0110287;
Anilin;1;12.04.2016 17:00;0,00338544;
Natriumchlorid;7;12.04.2016 18:00;0,64172;
Natriumchlorid;8;12.04.2016 18:00;0,555133;
Natriumchlorid;3;12.04.2016 18:00;0,535349;
Natriumchlorid;5;12.04.2016 18:00;0,382863;
Natriumchlorid;1;12.04.2016 18:00;0,33359;
Natriumchlorid;9;12.04.2016 18:00;0,268018;
Natriumchlorid;6;12.04.2016 18:00;0,237419;
Natriumchlorid;4;12.04.2016 18:00;0,225883;
Natriumchlorid;2;12.04.2016 18:00;0,222303;
Arsen;3;12.04.2016 18:00;4,93719;
Arsen;8;12.04.2016 18:00;1,04062;
Arsen;7;12.04.2016 18:00;0,849641;
Arsen;6;12.04.2016 18:00;0,48164;
Arsen;2;12.04.2016 18:00;0,237063;
Arsen;5;12.04.2016 18:00;0,187996;
Arsen;4;12.04.2016 18:00;0,140046;
Arsen;9;12.04.2016 18:00;0,124004;
Arsen;1;12.04.2016 18:00;0,109633;
Benzol;8;12.04.2016 18:00;1,29231;
Benzol;5;12.04.2016 18:00;0,560928;
Benzol;3;12.04.2016 18:00;0,449578;
Benzol;7;12.04.2016 18:00;0,391375;
Benzol;1;12.04.2016 18:00;0,354371;
Benzol;9;12.04.2016 18:00;0,33572;
Benzol;6;12.04.2016 18:00;0,261532;
Benzol;4;12.04.2016 18:00;0,11917;
Benzol;2;12.04.2016 18:00;0,0123661;
Anilin;7;12.04.2016 18:00;0,536749;
Anilin;6;12.04.2016 18:00;0,506571;
Anilin;3;12.04.2016 18:00;0,370631;
Anilin;1;12.04.2016 18:00;0,363926;
Anilin;4;12.04.2016 18:00;0,299025;
Anilin;2;12.04.2016 18:00;0,223897;
Anilin;9;12.04.2016 18:00;0,211657;
Anilin;8;12.04.2016 18:00;0,209073;
Anilin;5;12.04.2016 18:00;0,0188484;
Natriumchlorid;7;12.04.2016 19:00;1,27487;
Natriumchlorid;8;12.04.2016 19:00;0,700766;
Natriumchlorid;2;12.04.2016 19:00;0,458456;
Natriumchlorid;9;12.04.2016 19:00;0,439545;
Natriumchlorid;5;12.04.2016 19:00;0,35925;
Natriumchlorid;3;12.04.2016 19:00;0,253428;
Natriumchlorid;4;12.04.2016 19:00;0,151922;
Natriumchlorid;6;12.04.2016 19:00;0,140963;
Natriumchlorid;1;12.04.2016 19:00;0,0984913;
Arsen;7;12.04.2016 19:00;0,633979;
Arsen;6;12.04.2016 19:00;0,6023;
Arsen;4;12.04.2016 19:00;0,58333;
Arsen;1;12.04.2016 19:00;0,229598;
Arsen;2;12.04.2016 19:00;0,183425;
Arsen;5;12.04.2016 19:00;0,176045;
Arsen;9;12.04.2016 19:00;0,163453;
Arsen;3;12.04.2016 19:00;0,159592;
Arsen;8;12.04.2016 19:00;0,0421563;
Benzol;3;12.04.2016 19:00;1,20857;
Benzol;7;12.04.2016 19:00;0,74751;
Benzol;6;12.04.2016 19:00;0,44434;
Benzol;5;12.04.2016 19:00;0,32964;
Benzol;1;12.04.2016 19:00;0,240412;
Benzol;9;12.04.2016 19:00;0,172288;
Benzol;4;12.04.2016 19:00;0,0771546;
Benzol;8;12.04.2016 19:00;0,0226185;
Benzol;2;12.04.2016 19:00;0,0212264;
Anilin;3;12.04.2016 19:00;1,45869;
Anilin;7;12.04.2016 19:00;0,543024;
Anilin;4;12.04.2016 19:00;0,537972;
Anilin;6;12.04.2016 19:00;0,442038;
Anilin;8;12.04.2016 19:00;0,363336;
Anilin;5;12.04.2016 19:00;0,28436;
Anilin;9;12.04.2016 19:00;0,134973;
Anilin;1;12.04.2016 19:00;0,053826;
Anilin;2;12.04.2016 19:00;0,030486;
Natriumchlorid;6;12.04.2016 20:00;0,647343;
Natriumchlorid;5;12.04.2016 20:00;0,398529;
Natriumchlorid;8;12.04.2016 20:00;0,184976;
Natriumchlorid;1;12.04.2016 20:00;0,179255;
Natriumchlorid;3;12.04.2016 20:00;0,175006;
Natriumchlorid;7;12.04.2016 20:00;0,162807;
Natriumchlorid;9;12.04.2016 20:00;0,145104;
Natriumchlorid;4;12.04.2016 20:00;0,113321;
Natriumchlorid;2;12.04.2016 20:00;0,0640606;
Arsen;3;12.04.2016 20:00;1,67737;
Arsen;2;12.04.2016 20:00;0,482516;
Arsen;6;12.04.2016 20:00;0,481324;
Arsen;1;12.04.2016 20:00;0,325718;
Arsen;5;12.04.2016 20:00;0,193343;
Arsen;4;12.04.2016 20:00;0,134088;
Arsen;7;12.04.2016 20:00;0,102917;
Arsen;8;12.04.2016 20:00;0,0838678;
Arsen;9;12.04.2016 20:00;0,0332319;
Benzol;7;12.04.2016 20:00;0,59701;
Benzol;4;12.04.2016 20:00;0,464599;
Benzol;9;12.04.2016 20:00;0,400269;
Benzol;5;12.04.2016 20:00;0,383905;
Benzol;8;12.04.2016 20:00;0,314329;
Benzol;3;12.04.2016 20:00;0,21931;
Benzol;1;12.04.2016 20:00;0,196605;
Benzol;6;12.04.2016 20:00;0,0731794;
Benzol;2;12.04.2016 20:00;0,0724597;
Anilin;6;12.04.2016 20:00;0,942146;
Anilin;7;12.04.2016 20:00;0,78624;
Anilin;8;12.04.2016 20:00;0,778753;
Anilin;3;12.04.2016 20:00;0,324577;
Anilin;4;12.04.2016 20:00;0,274734;
Anilin;1;12.04.2016 20:00;0,124229;
Anilin;5;12.04.2016 20:00;0,0972835;
Anilin;2;12.04.2016 20:00;0,0230869;
Anilin;9;12.04.2016 20:00;0,0213016;
Natriumchlorid;7;12.04.2016 21:00;1,90172;
Natriumchlorid;3;12.04.2016 21:00;1,44616;
Natriumchlorid;2;12.04.2016 21:00;0,568341;
Natriumchlorid;6;12.04.2016 21:00;0,498078;
Natriumchlorid;4;12.04.2016 21:00;0,296145;
Natriumchlorid;1;12.04.2016 21:00;0,270944;
Natriumchlorid;8;12.04.2016 21:00;0,235089;
Natriumchlorid;9;12.04.2016 21:00;0,171593;
Natriumchlorid;5;12.04.2016 21:00;0,165969;
Arsen;6;12.04.2016 21:00;0,581891;
Arsen;8;12.04.2016 21:00;0,574756;
Arsen;1;12.04.2016 21:00;0,454296;
Arsen;3;12.04.2016 21:00;0,425269;
Arsen;2;12.04.2016 21:00;0,244383;
Arsen;7;12.04.2016 21:00;0,237666;
Arsen;4;12.04.2016 21:00;0,237239;
Arsen;5;12.04.2016 21:00;0,151897;
Arsen;9;12.04.2016 21:00;0,099674;
Benzol;3;12.04.2016 21:00;1,28404;
Benzol;6;12.04.2016 21:00;0,72446;
Benzol;2;12.04.2016 21:00;0,503453;
Benzol;9;12.04.2016 21:00;0,307825;
Benzol;1;12.04.2016 21:00;0,17967;
Benzol;5;12.04.2016 21:00;0,168484;
Benzol;7;12.04.2016 21:00;0,124132;
Benzol;8;12.04.2016 21:00;0,115588;
Benzol;4;12.04.2016 21:00;0,107005;
Anilin;3;12.04.2016 21:00;1,101;
Anilin;8;12.04.2016 21:00;0,940163;
Anilin;5;12.04.2016 21:00;0,828204;
Anilin;7;12.04.2016 21:00;0,533572;
Anilin;4;12.04.2016 21:00;0,493221;
Anilin;9;12.04.2016 21:00;0,287446;
Anilin;6;12.04.2016 21:00;0,139505;
Anilin;2;12.04.2016 21:00;0,0822741;
Anilin;1;12.04.2016 21:00;0,00956727;
Natriumchlorid;6;12.04.2016 22:00;0,2648;
Natriumchlorid;5;12.04.2016 22:00;0,219905;
Natriumchlorid;3;12.04.2016 22:00;0,200392;
Natriumchlorid;9;12.04.2016 22:00;0,165536;
Natriumchlorid;7;12.04.2016 22:00;0,14841;
Natriumchlorid;2;12.04.2016 22:00;0,138719;
Natriumchlorid;8;12.04.2016 22:00;0,122278;
Natriumchlorid;1;12.04.2016 22:00;0,0494608;
Natriumchlorid;4;12.04.2016 22:00;0,0213432;
Arsen;6;12.04.2016 22:00;0,621784;
Arsen;7;12.04.2016 22:00;0,539252;
Arsen;2;12.04.2016 22:00;0,394983;
Arsen;1;12.04.2016 22:00;0,393415;
Arsen;9;12.04.2016 22:00;0,379315;
Arsen;4;12.04.2016 22:00;0,316254;
Arsen;8;12.04.2016 22:00;0,283775;
Arsen;5;12.04.2016 22:00;0,115285;
Arsen;3;12.04.2016 22:00;0,0240923;
Benzol;3;12.04.2016 22:00;2,86845;
Benzol;6;12.04.2016 22:00;0,484793;
Benzol;7;12.04.2016 22:00;0,24792;
Benzol;4;12.04.2016 22:00;0,142369;
Benzol;1;12.04.2016 22:00;0,112521;
Benzol;2;12.04.2016 22:00;0,0780813;
Benzol;9;12.04.2016 22:00;0,0641451;
Benzol;8;12.04.2016 22:00;0,0505973;
Benzol;5;12.04.2016 22:00;0,0419161;
Anilin;3;12.04.2016 22:00;0,759542;
Anilin;9;12.04.2016 22:00;0,462618;
Anilin;4;12.04.2016 22:00;0,403364;
Anilin;7;12.04.2016 22:00;0,332675;
Anilin;6;12.04.2016 22:00;0,229256;
Anilin;1;12.04.2016 22:00;0,179301;
Anilin;2;12.04.2016 22:00;0,166562;
Anilin;5;12.04.2016 22:00;0,124138;
Anilin;8;12.04.2016 22:00;0,0522171;
Natriumchlorid;3;12.04.2016 23:00;3,53887;
Natriumchlorid;7;12.04.2016 23:00;1,49777;
Natriumchlorid;8;12.04.2016 23:00;0,626343;
Natriumchlorid;5;12.04.2016 23:00;0,532526;
Natriumchlorid;6;12.04.2016 23:00;0,509883;
Natriumchlorid;1;12.04.2016 23:00;0,328226;
Natriumchlorid;9;12.04.2016 23:00;0,168297;
Natriumchlorid;4;12.04.2016 23:00;0,156197;
Natriumchlorid;2;12.04.2016 23:00;0,0298721;
Arsen;8;12.04.2016 23:00;0,860013;
Arsen;4;12.04.2016 23:00;0,555439;
Arsen;6;12.04.2016 23:00;0,493632;
Arsen;5;12.04.2016 23:00;0,407869;
Arsen;1;12.04.2016 23:00;0,386828;
Arsen;9;12.04.2016 23:00;0,31156;
Arsen;3;12.04.2016 23:00;0,173433;
Arsen;7;12.04.2016 23:00;0,105019;
Arsen;2;12.04.2016 23:00;0,0854337;
Benzol;3;12.04.2016 23:00;5,51301;
Benzol;2;12.04.2016 23:00;0,279825;
Benzol;9;12.04.2016 23:00;0,277467;
Benzol;6;12.04.2016 23:00;0,25657;
Benzol;1;12.04.2016 23:00;0,214295;
Benzol;7;12.04.2016 23:00;0,125797;
Benzol;4;12.04.2016 23:00;0,100002;
Benzol;8;12.04.2016 23:00;0,00741725;
Benzol;5;12.04.2016 23:00;0,00352776;
Anilin;8;12.04.2016 23:00;0,646166;
Anilin;9;12.04.2016 23:00;0,499862;
Anilin;6;12.04.2016 23:00;0,489572;
Anilin;5;12.04.2016 23:00;0,480378;
Anilin;4;12.04.2016 23:00;0,45253;
Anilin;1;12.04.2016 23:00;0,376542;
Anilin;2;12.04.2016 23:00;0,196925;
Anilin;7;12.04.2016 23:00;0,15152;
Anilin;3;12.04.2016 23:00;0,133374;
Natriumchlorid;3;13.04.2016 00:00;1,56911;
Natriumchlorid;8;13.04.2016 00:00;1,17048;
Natriumchlorid;6;13.04.2016 00:00;0,866345;
Natriumchlorid;2;13.04.2016 00:00;0,452032;
Natriumchlorid;7;13.04.2016 00:00;0,329252;
Natriumchlorid;5;13.04.2016 00:00;0,214789;
Natriumchlorid;1;13.04.2016 00:00;0,178547;
Natriumchlorid;4;13.04.2016 00:00;0,141005;
Natriumchlorid;9;13.04.2016 00:00;0,0336615;
Arsen;3;13.04.2016 00:00;0,758232;
Arsen;6;13.04.2016 00:00;0,592489;
Arsen;9;13.04.2016 00:00;0,518284;
Arsen;7;13.04.2016 00:00;0,26528;
Arsen;2;13.04.2016 00:00;0,257886;
Arsen;1;13.04.2016 00:00;0,205164;
Arsen;5;13.04.2016 00:00;0,203594;
Arsen;8;13.04.2016 00:00;0,141704;
Arsen;4;13.04.2016 00:00;0,112967;
Benzol;3;13.04.2016 00:00;1,75186;
Benzol;2;13.04.2016 00:00;0,678463;
Benzol;6;13.04.2016 00:00;0,354892;
Benzol;5;13.04.2016 00:00;0,251753;
Benzol;7;13.04.2016 00:00;0,20007;
Benzol;4;13.04.2016 00:00;0,185715;
Benzol;1;13.04.2016 00:00;0,177808;
Benzol;8;13.04.2016 00:00;0,17107;
Benzol;9;13.04.2016 00:00;0,112992;
Anilin;4;13.04.2016 00:00;0,473205;
Anilin;6;13.04.2016 00:00;0,351133;
Anilin;2;13.04.2016 00:00;0,273685;
Anilin;3;13.04.2016 00:00;0,259418;
Anilin;7;13.04.2016 00:00;0,253358;
Anilin;1;13.04.2016 00:00;0,236625;
Anilin;8;13.04.2016 00:00;0,236121;
Anilin;5;13.04.2016 00:00;0,225066;
Anilin;9;13.04.2016 00:00;0,142246;
Natriumchlorid;3;13.04.2016 01:00;1,18786;
Natriumchlorid;7;13.04.2016 01:00;0,722037;
Natriumchlorid;2;13.04.2016 01:00;0,637898;
Natriumchlorid;8;13.04.2016 01:00;0,566278;
Natriumchlorid;6;13.04.2016 01:00;0,456725;
Natriumchlorid;5;13.04.2016 01:00;0,410085;
Natriumchlorid;4;13.04.2016 01:00;0,375531;
Natriumchlorid;9;13.04.2016 01:00;0,178101;
Natriumchlorid;1;13.04.2016 01:00;0,109681;
Arsen;3;13.04.2016 01:00;1,7398;
Arsen;6;13.04.2016 01:00;0,576069;
Arsen;2;13.04.2016 01:00;0,393365;
Arsen;4;13.04.2016 01:00;0,332206;
Arsen;9;13.04.2016 01:00;0,229783;
Arsen;1;13.04.2016 01:00;0,192096;
Arsen;8;13.04.2016 01:00;0,184887;
Arsen;5;13.04.2016 01:00;0,131334;
Arsen;7;13.04.2016 01:00;0,105448;
Benzol;7;13.04.2016 01:00;1,01552;
Benzol;3;13.04.2016 01:00;0,593043;
Benzol;1;13.04.2016 01:00;0,398008;
Benzol;9;13.04.2016 01:00;0,347195;
Benzol;5;13.04.2016 01:00;0,200764;
Benzol;6;13.04.2016 01:00;0,139076;
Benzol;8;13.04.2016 01:00;0,124295;
Benzol;2;13.04.2016 01:00;0,0466806;
Benzol;4;13.04.2016 01:00;0,0146602;
Anilin;2;13.04.2016 01:00;0,576554;
Anilin;8;13.04.2016 01:00;0,558503;
Anilin;5;13.04.2016 01:00;0,373086;
Anilin;1;13.04.2016 01:00;0,217041;
Anilin;7;13.04.2016 01:00;0,214296;
Anilin;9;13.04.2016 01:00;0,178378;
Anilin;4;13.04.2016 01:00;0,154845;
Anilin;3;13.04.2016 01:00;0,0914907;
Anilin;6;13.04.2016 01:00;0,0338538;
Natriumchlorid;7;13.04.2016 02:00;2,65255;
Natriumchlorid;3;13.04.2016 02:00;2,19944;
Natriumchlorid;2;13.04.2016 02:00;0,666718;
Natriumchlorid;1;13.04.2016 02:00;0,347075;
Natriumchlorid;8;13.04.2016 02:00;0,308307;
Natriumchlorid;9;13.04.2016 02:00;0,108088;
Natriumchlorid;4;13.04.2016 02:00;0,0275071;
Natriumchlorid;6;13.04.2016 02:00;0,0228677;
Natriumchlorid;5;13.04.2016 02:00;0,00865789;
Arsen;7;13.04.2016 02:00;1,2416;
Arsen;6;13.04.2016 02:00;0,474655;
Arsen;1;13.04.2016 02:00;0,377312;
Arsen;9;13.04.2016 02:00;0,361053;
Arsen;2;13.04.2016 02:00;0,30647;
Arsen;8;13.04.2016 02:00;0,29097;
Arsen;4;13.04.2016 02:00;0,266765;
Arsen;3;13.04.2016 02:00;0,199577;
Arsen;5;13.04.2016 02:00;0,177401;
Benzol;6;13.04.2016 02:00;0,460126;
Benzol;8;13.04.2016 02:00;0,456413;
Benzol;1;13.04.2016 02:00;0,376723;
Benzol;3;13.04.2016 02:00;0,2294;
Benzol;4;13.04.2016 02:00;0,170914;
Benzol;7;13.04.2016 02:00;0,148552;
Benzol;5;13.04.2016 02:00;0,0967131;
Benzol;2;13.04.2016 02:00;0,0332878;
Benzol;9;13.04.2016 02:00;0,01906;
Anilin;3;13.04.2016 02:00;2,2812;
Anilin;7;13.04.2016 02:00;1,30131;
Anilin;6;13.04.2016 02:00;0,6008;
Anilin;8;13.04.2016 02:00;0,546983;
Anilin;1;13.04.2016 02:00;0,369996;
Anilin;4;13.04.2016 02:00;0,349737;
Anilin;9;13.04.2016 02:00;0,215583;
Anilin;5;13.04.2016 02:00;0,156431;
Anilin;2;13.04.2016 02:00;0,0505785;
Natriumchlorid;2;13.04.2016 03:00;1,44268;
Natriumchlorid;3;13.04.2016 03:00;1,11371;
Natriumchlorid;7;13.04.2016 03:00;0,404256;
Natriumchlorid;8;13.04.2016 03:00;0,294364;
Natriumchlorid;9;13.04.2016 03:00;0,204889;
Natriumchlorid;5;13.04.2016 03:00;0,186018;
Natriumchlorid;4;13.04.2016 03:00;0,161897;
Natriumchlorid;6;13.04.2016 03:00;0,14429;
Natriumchlorid;1;13.04.2016 03:00;0,0556582;
Arsen;3;13.04.2016 03:00;1,10157;
Arsen;6;13.04.2016 03:00;0,7572;
Arsen;4;13.04.2016 03:00;0,437469;
Arsen;8;13.04.2016 03:00;0,248917;
Arsen;7;13.04.2016 03:00;0,230115;
Arsen;2;13.04.2016 03:00;0,201759;
Arsen;1;13.04.2016 03:00;0,0466213;
Arsen;5;13.04.2016 03:00;0,0199546;
Arsen;9;13.04.2016 03:00;0,0195617;
Benzol;3;13.04.2016 03:00;0,775852;
Benzol;7;13.04.2016 03:00;0,716086;
Benzol;6;13.04.2016 03:00;0,491759;
Benzol;8;13.04.2016 03:00;0,466848;
Benzol;5;13.04.2016 03:00;0,447067;
Benzol;2;13.04.2016 03:00;0,344661;
Benzol;9;13.04.2016 03:00;0,22367;
Benzol;4;13.04.2016 03:00;0,149586;
Benzol;1;13.04.2016 03:00;0,0989438;
Anilin;8;13.04.2016 03:00;1,30769;
Anilin;3;13.04.2016 03:00;0,746959;
Anilin;4;13.04.2016 03:00;0,442611;
Anilin;6;13.04.2016 03:00;0,397422;
Anilin;1;13.04.2016 03:00;0,335547;
Anilin;2;13.04.2016 03:00;0,208064;
Anilin;9;13.04.2016 03:00;0,184924;
Anilin;7;13.04.2016 03:00;0,118406;
Anilin;5;13.04.2016 03:00;0,0153356;
Natriumchlorid;3;13.04.2016 04:00;1,74886;
Natriumchlorid;7;13.04.2016 04:00;1,46878;
Natriumchlorid;5;13.04.2016 04:00;0,729111;
Natriumchlorid;2;13.04.2016 04:00;0,646866;
Natriumchlorid;8;13.04.2016 04:00;0,144151;
Natriumchlorid;6;13.04.2016 04:00;0,109854;
Natriumchlorid;1;13.04.2016 04:00;0,108122;
Natriumchlorid;4;13.04.2016 04:00;0,0855811;
Natriumchlorid;9;13.04.2016 04:00;0,0118445;
Arsen;2;13.04.2016 04:00;0,894494;
Arsen;3;13.04.2016 04:00;0,630851;
Arsen;8;13.04.2016 04:00;0,441091;
Arsen;5;13.04.2016 04:00;0,185837;
Arsen;9;13.04.2016 04:00;0,167739;
Arsen;6;13.04.2016 04:00;0,119882;
Arsen;1;13.04.2016 04:00;0,114805;
Arsen;7;13.04.2016 04:00;0,101351;
Arsen;4;13.04.2016 04:00;0,0586505;
Benzol;3;13.04.2016 04:00;1,24298;
Benzol;8;13.04.2016 04:00;0,913505;
Benzol;4;13.04.2016 04:00;0,389091;
Benzol;6;13.04.2016 04:00;0,356804;
Benzol;2;13.04.2016 04:00;0,217799;
Benzol;5;13.04.2016 04:00;0,174902;
Benzol;7;13.04.2016 04:00;0,167172;
Benzol;1;13.04.2016 04:00;0,0872049;
Benzol;9;13.04.2016 04:00;0,0159697;
Anilin;7;13.04.2016 04:00;1,10403;
Anilin;2;13.04.2016 04:00;0,562535;
Anilin;4;13.04.2016 04:00;0,474148;
Anilin;6;13.04.2016 04:00;0,380208;
Anilin;3;13.04.2016 04:00;0,286472;
Anilin;5;13.04.2016 04:00;0,263055;
Anilin;9;13.04.2016 04:00;0,206435;
Anilin;1;13.04.2016 04:00;0,177593;
Anilin;8;13.04.2016 04:00;0,125973;
Natriumchlorid;3;13.04.2016 05:00;0,872719;
Natriumchlorid;7;13.04.2016 05:00;0,844128;
Natriumchlorid;8;13.04.2016 05:00;0,571195;
Natriumchlorid;2;13.04.2016 05:00;0,371325;
Natriumchlorid;6;13.04.2016 05:00;0,315792;
Natriumchlorid;4;13.04.2016 05:00;0,240059;
Natriumchlorid;1;13.04.2016 05:00;0,160524;
Natriumchlorid;9;13.04.2016 05:00;0,0703482;
Natriumchlorid;5;13.04.2016 05:00;0,0385127;
Arsen;3;13.04.2016 05:00;1,15089;
Arsen;1;13.04.2016 05:00;0,59222;
Arsen;6;13.04.2016 05:00;0,472037;
Arsen;2;13.04.2016 05:00;0,436352;
Arsen;4;13.04.2016 05:00;0,296836;
Arsen;8;13.04.2016 05:00;0,234022;
Arsen;5;13.04.2016 05:00;0,14801;
Arsen;7;13.04.2016 05:00;0,121202;
Arsen;9;13.04.2016 05:00;0,114017;
Benzol;3;13.04.2016 05:00;3,0535;
Benzol;7;13.04.2016 05:00;1,50286;
Benzol;6;13.04.2016 05:00;0,401629;
Benzol;1;13.04.2016 05:00;0,399261;
Benzol;2;13.04.2016 05:00;0,358072;
Benzol;4;13.04.2016 05:00;0,272146;
Benzol;5;13.04.2016 05:00;0,165286;
Benzol;9;13.04.2016 05:00;0,0968827;
Benzol;8;13.04.2016 05:00;0,0804715;
Anilin;3;13.04.2016 05:00;1,82507;
Anilin;4;13.04.2016 05:00;0,558068;
Anilin;9;13.04.2016 05:00;0,361455;
Anilin;6;13.04.2016 05:00;0,338078;
Anilin;7;13.04.2016 05:00;0,264886;
Anilin;1;13.04.2016 05:00;0,210891;
Anilin;5;13.04.2016 05:00;0,115232;
Anilin;8;13.04.2016 05:00;0,0370631;
Anilin;2;13.04.2016 05:00;0,0364201;
Natriumchlorid;3;13.04.2016 06:00;1,71663;
Natriumchlorid;5;13.04.2016 06:00;0,708853;
Natriumchlorid;7;13.04.2016 06:00;0,527555;
Natriumchlorid;6;13.04.2016 06:00;0,404889;
Natriumchlorid;2;13.04.2016 06:00;0,382138;
Natriumchlorid;1;13.04.2016 06:00;0,243681;
Natriumchlorid;8;13.04.2016 06:00;0,198999;
Natriumchlorid;9;13.04.2016 06:00;0,106999;
Natriumchlorid;4;13.04.2016 06:00;0,0556546;
Arsen;7;13.04.2016 06:00;0,893635;
Arsen;6;13.04.2016 06:00;0,664697;
Arsen;8;13.04.2016 06:00;0,637494;
Arsen;1;13.04.2016 06:00;0,331038;
Arsen;9;13.04.2016 06:00;0,314179;
Arsen;3;13.04.2016 06:00;0,272707;
Arsen;4;13.04.2016 06:00;0,13751;
Arsen;5;13.04.2016 06:00;0,0558973;
Arsen;2;13.04.2016 06:00;0,0314255;
Benzol;7;13.04.2016 06:00;0,614668;
Benzol;4;13.04.2016 06:00;0,523901;
Benzol;6;13.04.2016 06:00;0,479632;
Benzol;9;13.04.2016 06:00;0,410695;
Benzol;1;13.04.2016 06:00;0,296579;
Benzol;2;13.04.2016 06:00;0,287018;
Benzol;8;13.04.2016 06:00;0,159507;
Benzol;5;13.04.2016 06:00;0,156221;
Benzol;3;13.04.2016 06:00;0,155319;
Anilin;7;13.04.2016 06:00;1,8049;
Anilin;8;13.04.2016 06:00;1,33131;
Anilin;2;13.04.2016 06:00;0,900511;
Anilin;5;13.04.2016 06:00;0,650957;
Anilin;3;13.04.2016 06:00;0,387465;
Anilin;1;13.04.2016 06:00;0,313423;
Anilin;6;13.04.2016 06:00;0,193313;
Anilin;4;13.04.2016 06:00;0,173571;
Anilin;9;13.04.2016 06:00;0,0377365;
Natriumchlorid;7;13.04.2016 07:00;1,69524;
Natriumchlorid;8;13.04.2016 07:00;1,08849;
Natriumchlorid;3;13.04.2016 07:00;0,867678;
Natriumchlorid;5;13.04.2016 07:00;0,426068;
Natriumchlorid;9;13.04.2016 07:00;0,413731;
Natriumchlorid;4;13.04.2016 07:00;0,354531;
Natriumchlorid;6;13.04.2016 07:00;0,278854;
Natriumchlorid;2;13.04.2016 07:00;0,0879697;
Natriumchlorid;1;13.04.2016 07:00;0,082928;
Arsen;2;13.04.2016 07:00;0,796914;
Arsen;7;13.04.2016 07:00;0,632457;
Arsen;8;13.04.2016 07:00;0,459072;
Arsen;9;13.04.2016 07:00;0,416651;
Arsen;5;13.04.2016 07:00;0,368084;
Arsen;3;13.04.2016 07:00;0,266481;
Arsen;1;13.04.2016 07:00;0,192815;
Arsen;4;13.04.2016 07:00;0,162285;
Arsen;6;13.04.2016 07:00;0,145807;
Benzol;6;13.04.2016 07:00;4,02144;
Benzol;7;13.04.2016 07:00;0,819661;
Benzol;4;13.04.2016 07:00;0,600825;
Benzol;2;13.04.2016 07:00;0,325546;
Benzol;3;13.04.2016 07:00;0,322242;
Benzol;1;13.04.2016 07:00;0,0614624;
Benzol;9;13.04.2016 07:00;0,0577741;
Benzol;8;13.04.2016 07:00;0,0510523;
Benzol;5;13.04.2016 07:00;0,0167113;
Anilin;8;13.04.2016 07:00;0,545805;
Anilin;2;13.04.2016 07:00;0,361121;
Anilin;7;13.04.2016 07:00;0,198614;
Anilin;4;13.04.2016 07:00;0,17339;
Anilin;5;13.04.2016 07:00;0,115782;
Anilin;1;13.04.2016 07:00;0,0893691;
Anilin;9;13.04.2016 07:00;0,0759556;
Anilin;6;13.04.2016 07:00;0,0645656;
Anilin;3;13.04.2016 07:00;0,0303336;
Natriumchlorid;3;13.04.2016 08:00;2,06166;
Natriumchlorid;1;13.04.2016 08:00;0,743354;
Natriumchlorid;8;13.04.2016 08:00;0,687177;
Natriumchlorid;7;13.04.2016 08:00;0,226034;
Natriumchlorid;6;13.04.2016 08:00;0,217158;
Natriumchlorid;4;13.04.2016 08:00;0,140419;
Natriumchlorid;2;13.04.2016 08:00;0,0960111;
Natriumchlorid;9;13.04.2016 08:00;0,04231;
Natriumchlorid;5;13.04.2016 08:00;0,0322727;
Arsen;7;13.04.2016 08:00;2,38694;
Arsen;8;13.04.2016 08:00;0,951339;
Arsen;6;13.04.2016 08:00;0,766146;
Arsen;4;13.04.2016 08:00;0,399492;
Arsen;2;13.04.2016 08:00;0,379211;
Arsen;5;13.04.2016 08:00;0,275372;
Arsen;1;13.04.2016 08:00;0,158525;
Arsen;3;13.04.2016 08:00;0,138919;
Arsen;9;13.04.2016 08:00;0,0309463;
Benzol;6;13.04.2016 08:00;3,62881;
Benzol;7;13.04.2016 08:00;2,1457;
Benzol;4;13.04.2016 08:00;0,738792;
Benzol;2;13.04.2016 08:00;0,519994;
Benzol;8;13.04.2016 08:00;0,500101;
Benzol;5;13.04.2016 08:00;0,383881;
Benzol;1;13.04.2016 08:00;0,365839;
Benzol;3;13.04.2016 08:00;0,240941;
Benzol;9;13.04.2016 08:00;0,186917;
Anilin;3;13.04.2016 08:00;0,727038;
Anilin;5;13.04.2016 08:00;0,695291;
Anilin;2;13.04.2016 08:00;0,546046;
Anilin;8;13.04.2016 08:00;0,464181;
Anilin;6;13.04.2016 08:00;0,449467;
Anilin;1;13.04.2016 08:00;0,169195;
Anilin;7;13.04.2016 08:00;0,165458;
Anilin;9;13.04.2016 08:00;0,123423;
Anilin;4;13.04.2016 08:00;0,0193399;
Natriumchlorid;3;13.04.2016 09:00;1,00732;
Natriumchlorid;8;13.04.2016 09:00;0,78024;
Natriumchlorid;5;13.04.2016 09:00;0,737301;
Natriumchlorid;9;13.04.2016 09:00;0,587316;
Natriumchlorid;2;13.04.2016 09:00;0,293672;
Natriumchlorid;4;13.04.2016 09:00;0,258486;
Natriumchlorid;1;13.04.2016 09:00;0,231936;
Natriumchlorid;6;13.04.2016 09:00;0,150206;
Natriumchlorid;7;13.04.2016 09:00;0,0273364;
Arsen;7;13.04.2016 09:00;1,05515;
Arsen;3;13.04.2016 09:00;0,897869;
Arsen;6;13.04.2016 09:00;0,853241;
Arsen;4;13.04.2016 09:00;0,689413;
Arsen;5;13.04.2016 09:00;0,536779;
Arsen;8;13.04.2016 09:00;0,350193;
Arsen;9;13.04.2016 09:00;0,346414;
Arsen;1;13.04.2016 09:00;0,137002;
Arsen;2;13.04.2016 09:00;0,110662;
Benzol;3;13.04.2016 09:00;3,26743;
Benzol;6;13.04.2016 09:00;0,668944;
Benzol;2;13.04.2016 09:00;0,567127;
Benzol;1;13.04.2016 09:00;0,409897;
Benzol;7;13.04.2016 09:00;0,403903;
Benzol;5;13.04.2016 09:00;0,369024;
Benzol;9;13.04.2016 09:00;0,265204;
Benzol;8;13.04.2016 09:00;0,0320391;
Benzol;4;13.04.2016 09:00;0,00581431;
Anilin;3;13.04.2016 09:00;2,16452;
Anilin;7;13.04.2016 09:00;0,766858;
Anilin;5;13.04.2016 09:00;0,762314;
Anilin;6;13.04.2016 09:00;0,431765;
Anilin;8;13.04.2016 09:00;0,391692;
Anilin;1;13.04.2016 09:00;0,333839;
Anilin;4;13.04.2016 09:00;0,0971903;
Anilin;9;13.04.2016 09:00;0,0256456;
Anilin;2;13.04.2016 09:00;0,00846574;
Natriumchlorid;3;13.04.2016 10:00;0,807445;
Natriumchlorid;6;13.04.2016 10:00;0,380839;
Natriumchlorid;4;13.04.2016 10:00;0,342542;
Natriumchlorid;8;13.04.2016 10:00;0,330326;
Natriumchlorid;9;13.04.2016 10:00;0,174634;
Natriumchlorid;1;13.04.2016 10:00;0,134489;
Natriumchlorid;7;13.04.2016 10:00;0,129813;
Natriumchlorid;5;13.04.2016 10:00;0,057048;
Natriumchlorid;2;13.04.2016 10:00;0,0114022;
Arsen;3;13.04.2016 10:00;1,35795;
Arsen;5;13.04.2016 10:00;0,612567;
Arsen;4;13.04.2016 10:00;0,350709;
Arsen;2;13.04.2016 10:00;0,348228;
Arsen;6;13.04.2016 10:00;0,324623;
Arsen;7;13.04.2016 10:00;0,267888;
Arsen;8;13.04.2016 10:00;0,261919;
Arsen;9;13.04.2016 10:00;0,0974458;
Arsen;1;13.04.2016 10:00;0,045505;
Benzol;3;13.04.2016 10:00;0,939217;
Benzol;6;13.04.2016 10:00;0,727872;
Benzol;7;13.04.2016 10:00;0,708804;
Benzol;8;13.04.2016 10:00;0,50776;
Benzol;2;13.04.2016 10:00;0,489836;
Benzol;9;13.04.2016 10:00;0,489534;
Benzol;4;13.04.2016 10:00;0,384375;
Benzol;5;13.04.2016 10:00;0,108703;
Benzol;1;13.04.2016 10:00;0,0781435;
Anilin;3;13.04.2016 10:00;1,57249;
Anilin;2;13.04.2016 10:00;0,722781;
Anilin;6;13.04.2016 10:00;0,536009;
Anilin;8;13.04.2016 10:00;0,253181;
Anilin;7;13.04.2016 10:00;0,0934564;
Anilin;4;13.04.2016 10:00;0,0934425;
Anilin;1;13.04.2016 10:00;0,0705392;
Anilin;9;13.04.2016 10:00;0,0373336;
Anilin;5;13.04.2016 10:00;0,0109687;
Natriumchlorid;3;13.04.2016 11:00;1,66412;
Natriumchlorid;4;13.04.2016 11:00;0,671169;
Natriumchlorid;6;13.04.2016 11:00;0,621106;
Natriumchlorid;5;13.04.2016 11:00;0,362843;
Natriumchlorid;2;13.04.2016 11:00;0,344227;
Natriumchlorid;7;13.04.2016 11:00;0,309071;
Natriumchlorid;8;13.04.2016 11:00;0,264546;
Natriumchlorid;9;13.04.2016 11:00;0,19025;
Natriumchlorid;1;13.04.2016 11:00;0,123225;
Arsen;7;13.04.2016 11:00;1,50448;
Arsen;8;13.04.2016 11:00;1,38003;
Arsen;2;13.04.2016 11:00;0,78578;
Arsen;6;13.04.2016 11:00;0,439725;
Arsen;3;13.04.2016 11:00;0,436079;
Arsen;4;13.04.2016 11:00;0,285427;
Arsen;9;13.04.2016 11:00;0,142653;
Arsen;1;13.04.2016 11:00;0,132596;
Arsen;5;13.04.2016 11:00;0,0331366;
Benzol;3;13.04.2016 11:00;0,77405;
Benzol;6;13.04.2016 11:00;0,688577;
Benzol;9;13.04.2016 11:00;0,526414;
Benzol;7;13.04.2016 11:00;0,41387;
Benzol;4;13.04.2016 11:00;0,241162;
Benzol;8;13.04.2016 11:00;0,201807;
Benzol;1;13.04.2016 11:00;0,198035;
Benzol;5;13.04.2016 11:00;0,19277;
Benzol;2;13.04.2016 11:00;0,163782;
Anilin;3;13.04.2016 11:00;1,08278;
Anilin;7;13.04.2016 11:00;0,876853;
Anilin;6;13.04.2016 11:00;0,797704;
Anilin;8;13.04.2016 11:00;0,710353;
Anilin;2;13.04.2016 11:00;0,474763;
Anilin;1;13.04.2016 11:00;0,386994;
Anilin;4;13.04.2016 11:00;0,268286;
Anilin;5;13.04.2016 11:00;0,0363236;
Anilin;9;13.04.2016 11:00;0,0356101;
Natriumchlorid;3;13.04.2016 12:00;0,684387;
Natriumchlorid;7;13.04.2016 12:00;0,642676;
Natriumchlorid;1;13.04.2016 12:00;0,519265;
Natriumchlorid;8;13.04.2016 12:00;0,490467;
Natriumchlorid;5;13.04.2016 12:00;0,470986;
Natriumchlorid;6;13.04.2016 12:00;0,348338;
Natriumchlorid;9;13.04.2016 12:00;0,319391;
Natriumchlorid;2;13.04.2016 12:00;0,245338;
Natriumchlorid;4;13.04.2016 12:00;0,0794062;
Arsen;3;13.04.2016 12:00;1,62046;
Arsen;7;13.04.2016 12:00;0,602312;
Arsen;4;13.04.2016 12:00;0,452326;
Arsen;8;13.04.2016 12:00;0,431658;
Arsen;2;13.04.2016 12:00;0,339511;
Arsen;6;13.04.2016 12:00;0,329187;
Arsen;9;13.04.2016 12:00;0,219192;
Arsen;1;13.04.2016 12:00;0,144611;
Arsen;5;13.04.2016 12:00;0,120742;
Benzol;1;13.04.2016 12:00;0,725462;
Benzol;5;13.04.2016 12:00;0,584722;
Benzol;9;13.04.2016 12:00;0,547871;
Benzol;8;13.04.2016 12:00;0,509706;
Benzol;4;13.04.2016 12:00;0,480363;
Benzol;7;13.04.2016 12:00;0,471976;
Benzol;6;13.04.2016 12:00;0,364262;
Benzol;3;13.04.2016 12:00;0,350972;
Benzol;2;13.04.2016 12:00;0,198822;
Anilin;7;13.04.2016 12:00;1,67641;
Anilin;8;13.04.2016 12:00;0,990016;
Anilin;3;13.04.2016 12:00;0,948373;
Anilin;6;13.04.2016 12:00;0,68949;
Anilin;4;13.04.2016 12:00;0,409114;
Anilin;1;13.04.2016 12:00;0,351359;
Anilin;5;13.04.2016 12:00;0,254755;
Anilin;9;13.04.2016 12:00;0,130342;
Anilin;2;13.04.2016 12:00;0,109533;
Natriumchlorid;3;13.04.2016 13:00;1,93994;
Natriumchlorid;2;13.04.2016 13:00;0,878097;
Natriumchlorid;8;13.04.2016 13:00;0,694872;
Natriumchlorid;1;13.04.2016 13:00;0,4392;
Natriumchlorid;4;13.04.2016 13:00;0,41444;
Natriumchlorid;9;13.04.2016 13:00;0,250935;
Natriumchlorid;5;13.04.2016 13:00;0,230372;
Natriumchlorid;7;13.04.2016 13:00;0,1666;
Natriumchlorid;6;13.04.2016 13:00;0,160675;
Arsen;3;13.04.2016 13:00;1,61246;
Arsen;8;13.04.2016 13:00;1,09093;
Arsen;6;13.04.2016 13:00;0,487058;
Arsen;4;13.04.2016 13:00;0,39939;
Arsen;2;13.04.2016 13:00;0,356651;
Arsen;9;13.04.2016 13:00;0,293053;
Arsen;7;13.04.2016 13:00;0,260258;
Arsen;1;13.04.2016 13:00;0,195086;
Arsen;5;13.04.2016 13:00;0,110687;
Benzol;3;13.04.2016 13:00;0,65057;
Benzol;6;13.04.2016 13:00;0,479914;
Benzol;5;13.04.2016 13:00;0,477365;
Benzol;4;13.04.2016 13:00;0,327979;
Benzol;7;13.04.2016 13:00;0,298769;
Benzol;2;13.04.2016 13:00;0,260402;
Benzol;8;13.04.2016 13:00;0,18534;
Benzol;1;13.04.2016 13:00;0,0806506;
Benzol;9;13.04.2016 13:00;0,00642619;
Anilin;3;13.04.2016 13:00;3,25327;
Anilin;8;13.04.2016 13:00;1,55825;
Anilin;9;13.04.2016 13:00;0,44649;
Anilin;1;13.04.2016 13:00;0,367463;
Anilin;4;13.04.2016 13:00;0,314834;
Anilin;6;13.04.2016 13:00;0,253946;
Anilin;7;13.04.2016 13:00;0,0859242;
Anilin;2;13.04.2016 13:00;0,0594476;
Anilin;5;13.04.2016 13:00;0,00900047;
Natriumchlorid;3;13.04.2016 14:00;2,06472;
Natriumchlorid;8;13.04.2016 14:00;1,13978;
Natriumchlorid;6;13.04.2016 14:00;0,77491;
Natriumchlorid;5;13.04.2016 14:00;0,591689;
Natriumchlorid;7;13.04.2016 14:00;0,587749;
Natriumchlorid;9;13.04.2016 14:00;0,422522;
Natriumchlorid;1;13.04.2016 14:00;0,190455;
Natriumchlorid;4;13.04.2016 14:00;0,0850659;
Natriumchlorid;2;13.04.2016 14:00;0,00650532;
Arsen;7;13.04.2016 14:00;1,09728;
Arsen;8;13.04.2016 14:00;0,560889;
Arsen;6;13.04.2016 14:00;0,451378;
Arsen;9;13.04.2016 14:00;0,415882;
Arsen;5;13.04.2016 14:00;0,380466;
Arsen;1;13.04.2016 14:00;0,234852;
Arsen;4;13.04.2016 14:00;0,21479;
Arsen;3;13.04.2016 14:00;0,203714;
Arsen;2;13.04.2016 14:00;0,194471;
Benzol;8;13.04.2016 14:00;0,759271;
Benzol;6;13.04.2016 14:00;0,694554;
Benzol;2;13.04.2016 14:00;0,656123;
Benzol;4;13.04.2016 14:00;0,62125;
Benzol;1;13.04.2016 14:00;0,484479;
Benzol;7;13.04.2016 14:00;0,181513;
Benzol;5;13.04.2016 14:00;0,130527;
Benzol;9;13.04.2016 14:00;0,0656179;
Benzol;3;13.04.2016 14:00;0,0271413;
Anilin;4;13.04.2016 14:00;0,566345;
Anilin;6;13.04.2016 14:00;0,409773;
Anilin;1;13.04.2016 14:00;0,170696;
Anilin;7;13.04.2016 14:00;0,144206;
Anilin;9;13.04.2016 14:00;0,121361;
Anilin;5;13.04.2016 14:00;0,0964299;
Anilin;2;13.04.2016 14:00;0,0905255;
Anilin;8;13.04.2016 14:00;0,0847798;
Anilin;3;13.04.2016 14:00;0,0557168;
Natriumchlorid;3;13.04.2016 15:00;1,15879;
Natriumchlorid;2;13.04.2016 15:00;0,577891;
Natriumchlorid;6;13.04.2016 15:00;0,560735;
Natriumchlorid;5;13.04.2016 15:00;0,369337;
Natriumchlorid;8;13.04.2016 15:00;0,258812;
Natriumchlorid;9;13.04.2016 15:00;0,187929;
Natriumchlorid;7;13.04.2016 15:00;0,158551;
Natriumchlorid;1;13.04.2016 15:00;0,132779;
Natriumchlorid;4;13.04.2016 15:00;0,0697038;
Arsen;3;13.04.2016 15:00;1,27723;
Arsen;8;13.04.2016 15:00;0,722952;
Arsen;7;13.04.2016 15:00;0,453012;
Arsen;4;13.04.2016 15:00;0,353515;
Arsen;9;13.04.2016 15:00;0,282089;
Arsen;1;13.04.2016 15:00;0,215844;
Arsen;2;13.04.2016 15:00;0,143076;
Arsen;6;13.04.2016 15:00;0,108356;
Arsen;5;13.04.2016 15:00;0,0835742;
Benzol;7;13.04.2016 15:00;0,776586;
Benzol;3;13.04.2016 15:00;0,691718;
Benzol;6;13.04.2016 15:00;0,578813;
Benzol;5;13.04.2016 15:00;0,31464;
Benzol;2;13.04.2016 15:00;0,309252;
Benzol;8;13.04.2016 15:00;0,188338;
Benzol;1;13.04.2016 15:00;0,0895651;
Benzol;4;13.04.2016 15:00;0,0409374;
Benzol;9;13.04.2016 15:00;0,0113625;
Anilin;7;13.04.2016 15:00;2,81701;
Anilin;3;13.04.2016 15:00;1,19312;
Anilin;8;13.04.2016 15:00;0,998691;
Anilin;6;13.04.2016 15:00;0,50935;
Anilin;4;13.04.2016 15:00;0,436073;
Anilin;5;13.04.2016 15:00;0,423004;
Anilin;2;13.04.2016 15:00;0,418771;
Anilin;9;13.04.2016 15:00;0,40075;
Anilin;1;13.04.2016 15:00;0,217994;
Natriumchlorid;3;13.04.2016 16:00;0,825048;
Natriumchlorid;9;13.04.2016 16:00;0,741542;
Natriumchlorid;8;13.04.2016 16:00;0,50176;
Natriumchlorid;7;13.04.2016 16:00;0,449179;
Natriumchlorid;6;13.04.2016 16:00;0,393918;
Natriumchlorid;1;13.04.2016 16:00;0,0857852;
Natriumchlorid;2;13.04.2016 16:00;0,0759261;
Natriumchlorid;5;13.04.2016 16:00;0,0380541;
Natriumchlorid;4;13.04.2016 16:00;0,0302508;
Arsen;8;13.04.2016 16:00;1,06192;
Arsen;6;13.04.2016 16:00;0,577924;
Arsen;1;13.04.2016 16:00;0,503296;
Arsen;4;13.04.2016 16:00;0,467092;
Arsen;2;13.04.2016 16:00;0,367614;
Arsen;7;13.04.2016 16:00;0,207337;
Arsen;5;13.04.2016 16:00;0,106448;
Arsen;3;13.04.2016 16:00;0,0964138;
Arsen;9;13.04.2016 16:00;0,00651182;
Benzol;3;13.04.2016 16:00;0,916608;
Benzol;7;13.04.2016 16:00;0,87508;
Benzol;2;13.04.2016 16:00;0,649272;
Benzol;8;13.04.2016 16:00;0,645018;
Benzol;5;13.04.2016 16:00;0,356493;
Benzol;1;13.04.2016 16:00;0,332998;
Benzol;6;13.04.2016 16:00;0,232364;
Benzol;4;13.04.2016 16:00;0,0236886;
Benzol;9;13.04.2016 16:00;0,00629568;
Anilin;3;13.04.2016 16:00;1,28935;
Anilin;8;13.04.2016 16:00;0,641557;
Anilin;6;13.04.2016 16:00;0,330375;
Anilin;7;13.04.2016 16:00;0,247425;
Anilin;9;13.04.2016 16:00;0,171938;
Anilin;5;13.04.2016 16:00;0,117396;
Anilin;4;13.04.2016 16:00;0,0910963;
Anilin;2;13.04.2016 16:00;0,0667593;
Anilin;1;13.04.2016 16:00;0,00115522;
Natriumchlorid;3;13.04.2016 17:00;1,98171;
Natriumchlorid;8;13.04.2016 17:00;0,855362;
Natriumchlorid;5;13.04.2016 17:00;0,699593;
Natriumchlorid;7;13.04.2016 17:00;0,612777;
Natriumchlorid;4;13.04.2016 17:00;0,32559;
Natriumchlorid;6;13.04.2016 17:00;0,187322;
Natriumchlorid;1;13.04.2016 17:00;0,181976;
Natriumchlorid;9;13.04.2016 17:00;0,167584;
Natriumchlorid;2;13.04.2016 17:00;0,151735;
Arsen;6;13.04.2016 17:00;0,538254;
Arsen;9;13.04.2016 17:00;0,52653;
Arsen;4;13.04.2016 17:00;0,372841;
Arsen;3;13.04.2016 17:00;0,334677;
Arsen;7;13.04.2016 17:00;0,169084;
Arsen;2;13.04.2016 17:00;0,144484;
Arsen;8;13.04.2016 17:00;0,0888871;
Arsen;5;13.04.2016 17:00;0,0414414;
Arsen;1;13.04.2016 17:00;0,0381204;
Benzol;8;13.04.2016 17:00;0,517279;
Benzol;7;13.04.2016 17:00;0,514775;
Benzol;3;13.04.2016 17:00;0,375819;
Benzol;6;13.04.2016 17:00;0,292175;
Benzol;1;13.04.2016 17:00;0,2722;
Benzol;4;13.04.2016 17:00;0,243382;
Benzol;5;13.04.2016 17:00;0,220202;
Benzol;2;13.04.2016 17:00;0,0363267;
Benzol;9;13.04.2016 17:00;0,00707876;
Anilin;7;13.04.2016 17:00;1,11954;
Anilin;3;13.04.2016 17:00;1,0875;
Anilin;1;13.04.2016 17:00;0,410749;
Anilin;2;13.04.2016 17:00;0,335104;
Anilin;6;13.04.2016 17:00;0,3336;
Anilin;5;13.04.2016 17:00;0,207921;
Anilin;4;13.04.2016 17:00;0,0962667;
Anilin;9;13.04.2016 17:00;0,0941933;
Anilin;8;13.04.2016 17:00;0,0810584;
Natriumchlorid;3;13.04.2016 18:00;1,50881;
Natriumchlorid;2;13.04.2016 18:00;1,10176;
Natriumchlorid;7;13.04.2016 18:00;0,95741;
Natriumchlorid;9;13.04.2016 18:00;0,679624;
Natriumchlorid;1;13.04.2016 18:00;0,283439;
Natriumchlorid;4;13.04.2016 18:00;0,222489;
Natriumchlorid;8;13.04.2016 18:00;0,168213;
Natriumchlorid;5;13.04.2016 18:00;0,165503;
Natriumchlorid;6;13.04.2016 18:00;0,160267;
Arsen;3;13.04.2016 18:00;2,42496;
Arsen;2;13.04.2016 18:00;1,00538;
Arsen;5;13.04.2016 18:00;0,593343;
Arsen;7;13.04.2016 18:00;0,506265;
Arsen;9;13.04.2016 18:00;0,467739;
Arsen;4;13.04.2016 18:00;0,34382;
Arsen;8;13.04.2016 18:00;0,314673;
Arsen;6;13.04.2016 18:00;0,301301;
Arsen;1;13.04.2016 18:00;0,190672;
Benzol;7;13.04.2016 18:00;1,31879;
Benzol;6;13.04.2016 18:00;0,655849;
Benzol;8;13.04.2016 18:00;0,643285;
Benzol;3;13.04.2016 18:00;0,583364;
Benzol;9;13.04.2016 18:00;0,163951;
Benzol;5;13.04.2016 18:00;0,160444;
Benzol;1;13.04.2016 18:00;0,142976;
Benzol;2;13.04.2016 18:00;0,0802273;
Benzol;4;13.04.2016 18:00;0,0701124;
Anilin;3;13.04.2016 18:00;1,83609;
Anilin;8;13.04.2016 18:00;1,0018;
Anilin;7;13.04.2016 18:00;0,728461;
Anilin;6;13.04.2016 18:00;0,503218;
Anilin;4;13.04.2016 18:00;0,382292;
Anilin;9;13.04.2016 18:00;0,254118;
Anilin;5;13.04.2016 18:00;0,247395;
Anilin;1;13.04.2016 18:00;0,223532;
Anilin;2;13.04.2016 18:00;0,0314255;
Natriumchlorid;3;13.04.2016 19:00;3,08127;
Natriumchlorid;6;13.04.2016 19:00;0,603042;
Natriumchlorid;7;13.04.2016 19:00;0,503889;
Natriumchlorid;2;13.04.2016 19:00;0,499947;
Natriumchlorid;5;13.04.2016 19:00;0,469608;
Natriumchlorid;8;13.04.2016 19:00;0,408308;
Natriumchlorid;9;13.04.2016 19:00;0,311434;
Natriumchlorid;4;13.04.2016 19:00;0,10917;
Natriumchlorid;1;13.04.2016 19:00;0,0418502;
Arsen;3;13.04.2016 19:00;1,76364;
Arsen;8;13.04.2016 19:00;0,807468;
Arsen;1;13.04.2016 19:00;0,508822;
Arsen;6;13.04.2016 19:00;0,442554;
Arsen;5;13.04.2016 19:00;0,431838;
Arsen;4;13.04.2016 19:00;0,261627;
Arsen;2;13.04.2016 19:00;0,218565;
Arsen;7;13.04.2016 19:00;0,179639;
Arsen;9;13.04.2016 19:00;0,174865;
Benzol;2;13.04.2016 19:00;0,867644;
Benzol;6;13.04.2016 19:00;0,6624;
Benzol;4;13.04.2016 19:00;0,591191;
Benzol;3;13.04.2016 19:00;0,586435;
Benzol;9;13.04.2016 19:00;0,285463;
Benzol;5;13.04.2016 19:00;0,171448;
Benzol;7;13.04.2016 19:00;0,167044;
Benzol;8;13.04.2016 19:00;0,133966;
Benzol;1;13.04.2016 19:00;0,091998;
Anilin;7;13.04.2016 19:00;0,569551;
Anilin;6;13.04.2016 19:00;0,432168;
Anilin;8;13.04.2016 19:00;0,362845;
Anilin;4;13.04.2016 19:00;0,286345;
Anilin;1;13.04.2016 19:00;0,262049;
Anilin;5;13.04.2016 19:00;0,225678;
Anilin;2;13.04.2016 19:00;0,221283;
Anilin;9;13.04.2016 19:00;0,178162;
Anilin;3;13.04.2016 19:00;0,126688;
Natriumchlorid;8;13.04.2016 20:00;1,1276;
Natriumchlorid;1;13.04.2016 20:00;0,463781;
Natriumchlorid;6;13.04.2016 20:00;0,404828;
Natriumchlorid;3;13.04.2016 20:00;0,306972;
Natriumchlorid;5;13.04.2016 20:00;0,216109;
Natriumchlorid;4;13.04.2016 20:00;0,0915574;
Natriumchlorid;9;13.04.2016 20:00;0,0876277;
Natriumchlorid;2;13.04.2016 20:00;0,0456454;
Natriumchlorid;7;13.04.2016 20:00;0,0205096;
Arsen;7;13.04.2016 20:00;0,722784;
Arsen;3;13.04.2016 20:00;0,590032;
Arsen;2;13.04.2016 20:00;0,424765;
Arsen;9;13.04.2016 20:00;0,391301;
Arsen;4;13.04.2016 20:00;0,308623;
Arsen;5;13.04.2016 20:00;0,261871;
Arsen;8;13.04.2016 20:00;0,165202;
Arsen;1;13.04.2016 20:00;0,152377;
Arsen;6;13.04.2016 20:00;0,0657461;
Benzol;8;13.04.2016 20:00;0,636035;
Benzol;1;13.04.2016 20:00;0,447409;
Benzol;2;13.04.2016 20:00;0,365178;
Benzol;3;13.04.2016 20:00;0,355774;
Benzol;6;13.04.2016 20:00;0,343625;
Benzol;4;13.04.2016 20:00;0,267548;
Benzol;7;13.04.2016 20:00;0,249675;
Benzol;9;13.04.2016 20:00;0,183864;
Benzol;5;13.04.2016 20:00;0,0124406;
Anilin;3;13.04.2016 20:00;1,61156;
Anilin;6;13.04.2016 20:00;0,541655;
Anilin;7;13.04.2016 20:00;0,416697;
Anilin;5;13.04.2016 20:00;0,320869;
Anilin;4;13.04.2016 20:00;0,296365;
Anilin;1;13.04.2016 20:00;0,117994;
Anilin;8;13.04.2016 20:00;0,0720626;
Anilin;2;13.04.2016 20:00;0,026051;
Anilin;9;13.04.2016 20:00;0,0228626;
Natriumchlorid;8;13.04.2016 21:00;0,952529;
Natriumchlorid;7;13.04.2016 21:00;0,618544;
Natriumchlorid;4;13.04.2016 21:00;0,529925;
Natriumchlorid;5;13.04.2016 21:00;0,285462;
Natriumchlorid;6;13.04.2016 21:00;0,211055;
Natriumchlorid;3;13.04.2016 21:00;0,151174;
Natriumchlorid;9;13.04.2016 21:00;0,130961;
Natriumchlorid;2;13.04.2016 21:00;0,0814259;
Natriumchlorid;1;13.04.2016 21:00;0,0244271;
Arsen;3;13.04.2016 21:00;1,27455;
Arsen;8;13.04.2016 21:00;1,22721;
Arsen;5;13.04.2016 21:00;0,682225;
Arsen;2;13.04.2016 21:00;0,612123;
Arsen;6;13.04.2016 21:00;0,509759;
Arsen;1;13.04.2016 21:00;0,370127;
Arsen;7;13.04.2016 21:00;0,188524;
Arsen;9;13.04.2016 21:00;0,00928792;
Arsen;4;13.04.2016 21:00;0,00377068;
Benzol;7;13.04.2016 21:00;1,15344;
Benzol;5;13.04.2016 21:00;0,701822;
Benzol;3;13.04.2016 21:00;0,667102;
Benzol;8;13.04.2016 21:00;0,570759;
Benzol;1;13.04.2016 21:00;0,330546;
Benzol;4;13.04.2016 21:00;0,262608;
Benzol;6;13.04.2016 21:00;0,254205;
Benzol;2;13.04.2016 21:00;0,136099;
Benzol;9;13.04.2016 21:00;0,0967909;
Anilin;3;13.04.2016 21:00;2,29058;
Anilin;9;13.04.2016 21:00;0,424694;
Anilin;6;13.04.2016 21:00;0,360088;
Anilin;2;13.04.2016 21:00;0,283231;
Anilin;7;13.04.2016 21:00;0,153711;
Anilin;4;13.04.2016 21:00;0,150453;
Anilin;5;13.04.2016 21:00;0,144511;
Anilin;8;13.04.2016 21:00;0,13168;
Anilin;1;13.04.2016 21:00;0,103885;
Natriumchlorid;7;13.04.2016 22:00;0,749324;
Natriumchlorid;3;13.04.2016 22:00;0,508849;
Natriumchlorid;5;13.04.2016 22:00;0,490174;
Natriumchlorid;2;13.04.2016 22:00;0,453115;
Natriumchlorid;6;13.04.2016 22:00;0,447056;
Natriumchlorid;8;13.04.2016 22:00;0,432578;
Natriumchlorid;1;13.04.2016 22:00;0,32384;
Natriumchlorid;9;13.04.2016 22:00;0,264608;
Natriumchlorid;4;13.04.2016 22:00;0,194532;
Arsen;7;13.04.2016 22:00;0,771315;
Arsen;2;13.04.2016 22:00;0,524423;
Arsen;5;13.04.2016 22:00;0,463089;
Arsen;9;13.04.2016 22:00;0,387587;
Arsen;4;13.04.2016 22:00;0,386202;
Arsen;3;13.04.2016 22:00;0,381261;
Arsen;6;13.04.2016 22:00;0,298839;
Arsen;1;13.04.2016 22:00;0,267856;
Arsen;8;13.04.2016 22:00;0,207075;
Benzol;6;13.04.2016 22:00;0,485631;
Benzol;3;13.04.2016 22:00;0,470129;
Benzol;5;13.04.2016 22:00;0,32112;
Benzol;4;13.04.2016 22:00;0,31556;
Benzol;7;13.04.2016 22:00;0,287108;
Benzol;8;13.04.2016 22:00;0,25821;
Benzol;9;13.04.2016 22:00;0,187408;
Benzol;1;13.04.2016 22:00;0,107493;
Benzol;2;13.04.2016 22:00;0,0691069;
Anilin;8;13.04.2016 22:00;0,982228;
Anilin;7;13.04.2016 22:00;0,940743;
Anilin;3;13.04.2016 22:00;0,487344;
Anilin;2;13.04.2016 22:00;0,321919;
Anilin;4;13.04.2016 22:00;0,138083;
Anilin;1;13.04.2016 22:00;0,126357;
Anilin;9;13.04.2016 22:00;0,100211;
Anilin;5;13.04.2016 22:00;0,0591951;
Anilin;6;13.04.2016 22:00;0,00303712;
Natriumchlorid;7;13.04.2016 23:00;2,81701;
Natriumchlorid;8;13.04.2016 23:00;1,06483;
Natriumchlorid;2;13.04.2016 23:00;0,454987;
Natriumchlorid;3;13.04.2016 23:00;0,328555;
Natriumchlorid;6;13.04.2016 23:00;0,324114;
Natriumchlorid;4;13.04.2016 23:00;0,217429;
Natriumchlorid;9;13.04.2016 23:00;0,149523;
Natriumchlorid;1;13.04.2016 23:00;0,107818;
Natriumchlorid;5;13.04.2016 23:00;0,0323174;
Arsen;8;13.04.2016 23:00;1,01865;
Arsen;7;13.04.2016 23:00;0,449669;
Arsen;6;13.04.2016 23:00;0,431564;
Arsen;3;13.04.2016 23:00;0,267496;
Arsen;9;13.04.2016 23:00;0,163962;
Arsen;2;13.04.2016 23:00;0,0856888;
Arsen;4;13.04.2016 23:00;0,0346921;
Arsen;5;13.04.2016 23:00;0,0136123;
Arsen;1;13.04.2016 23:00;0,00518805;
Benzol;8;13.04.2016 23:00;0,518621;
Benzol;6;13.04.2016 23:00;0,468359;
Benzol;9;13.04.2016 23:00;0,398985;
Benzol;1;13.04.2016 23:00;0,338624;
Benzol;4;13.04.2016 23:00;0,253083;
Benzol;5;13.04.2016 23:00;0,232766;
Benzol;2;13.04.2016 23:00;0,211499;
Benzol;7;13.04.2016 23:00;0,15445;
Benzol;3;13.04.2016 23:00;0,0293351;
Anilin;3;13.04.2016 23:00;0,893646;
Anilin;6;13.04.2016 23:00;0,649927;
Anilin;8;13.04.2016 23:00;0,610291;
Anilin;2;13.04.2016 23:00;0,487956;
Anilin;1;13.04.2016 23:00;0,425443;
Anilin;4;13.04.2016 23:00;0,348371;
Anilin;9;13.04.2016 23:00;0,2001;
Anilin;5;13.04.2016 23:00;0,152715;
Anilin;7;13.04.2016 23:00;0,118144;
Natriumchlorid;3;14.04.2016 00:00;1,3639;
Natriumchlorid;7;14.04.2016 00:00;0,557891;
Natriumchlorid;5;14.04.2016 00:00;0,457679;
Natriumchlorid;8;14.04.2016 00:00;0,395058;
Natriumchlorid;6;14.04.2016 00:00;0,37343;
Natriumchlorid;4;14.04.2016 00:00;0,318408;
Natriumchlorid;1;14.04.2016 00:00;0,253024;
Natriumchlorid;2;14.04.2016 00:00;0,0493777;
Natriumchlorid;9;14.04.2016 00:00;0,0217572;
Arsen;3;14.04.2016 00:00;1,00509;
Arsen;9;14.04.2016 00:00;0,501902;
Arsen;4;14.04.2016 00:00;0,446987;
Arsen;7;14.04.2016 00:00;0,426831;
Arsen;5;14.04.2016 00:00;0,414774;
Arsen;1;14.04.2016 00:00;0,178101;
Arsen;8;14.04.2016 00:00;0,172363;
Arsen;2;14.04.2016 00:00;0,0649355;
Arsen;6;14.04.2016 00:00;0,0146514;
Benzol;3;14.04.2016 00:00;2,77243;
Benzol;8;14.04.2016 00:00;1,09797;
Benzol;5;14.04.2016 00:00;0,655355;
Benzol;6;14.04.2016 00:00;0,354452;
Benzol;7;14.04.2016 00:00;0,205992;
Benzol;1;14.04.2016 00:00;0,136681;
Benzol;9;14.04.2016 00:00;0,124031;
Benzol;4;14.04.2016 00:00;0,0674191;
Benzol;2;14.04.2016 00:00;0,0122251;
Anilin;3;14.04.2016 00:00;1,05559;
Anilin;8;14.04.2016 00:00;0,514248;
Anilin;6;14.04.2016 00:00;0,505087;
Anilin;5;14.04.2016 00:00;0,43175;
Anilin;2;14.04.2016 00:00;0,354539;
Anilin;1;14.04.2016 00:00;0,349269;
Anilin;4;14.04.2016 00:00;0,282184;
Anilin;9;14.04.2016 00:00;0,133455;
Anilin;7;14.04.2016 00:00;0,1322;
Natriumchlorid;8;14.04.2016 01:00;0,606261;
Natriumchlorid;7;14.04.2016 01:00;0,44728;
Natriumchlorid;1;14.04.2016 01:00;0,435274;
Natriumchlorid;5;14.04.2016 01:00;0,394887;
Natriumchlorid;2;14.04.2016 01:00;0,172883;
Natriumchlorid;3;14.04.2016 01:00;0,0619276;
Natriumchlorid;9;14.04.2016 01:00;0,0582466;
Natriumchlorid;6;14.04.2016 01:00;0,0400972;
Natriumchlorid;4;14.04.2016 01:00;0,0193223;
Arsen;3;14.04.2016 01:00;0,89452;
Arsen;2;14.04.2016 01:00;0,824073;
Arsen;8;14.04.2016 01:00;0,487269;
Arsen;1;14.04.2016 01:00;0,435243;
Arsen;6;14.04.2016 01:00;0,398355;
Arsen;7;14.04.2016 01:00;0,257805;
Arsen;4;14.04.2016 01:00;0,117231;
Arsen;5;14.04.2016 01:00;0,0179852;
Arsen;9;14.04.2016 01:00;0,00229086;
Benzol;3;14.04.2016 01:00;2,76628;
Benzol;7;14.04.2016 01:00;0,359925;
Benzol;1;14.04.2016 01:00;0,341027;
Benzol;5;14.04.2016 01:00;0,332949;
Benzol;6;14.04.2016 01:00;0,319572;
Benzol;2;14.04.2016 01:00;0,204299;
Benzol;4;14.04.2016 01:00;0,193258;
Benzol;9;14.04.2016 01:00;0,152991;
Benzol;8;14.04.2016 01:00;0,0189417;
Anilin;7;14.04.2016 01:00;0,964293;
Anilin;6;14.04.2016 01:00;0,359244;
Anilin;2;14.04.2016 01:00;0,325524;
Anilin;1;14.04.2016 01:00;0,164899;
Anilin;3;14.04.2016 01:00;0,141638;
Anilin;9;14.04.2016 01:00;0,105564;
Anilin;8;14.04.2016 01:00;0,0743579;
Anilin;5;14.04.2016 01:00;0,0715616;
Anilin;4;14.04.2016 01:00;0,0637011;
Natriumchlorid;7;14.04.2016 02:00;0,732258;
Natriumchlorid;6;14.04.2016 02:00;0,313429;
Natriumchlorid;4;14.04.2016 02:00;0,223955;
Natriumchlorid;8;14.04.2016 02:00;0,198374;
Natriumchlorid;2;14.04.2016 02:00;0,136686;
Natriumchlorid;3;14.04.2016 02:00;0,111563;
Natriumchlorid;9;14.04.2016 02:00;0,075038;
Natriumchlorid;5;14.04.2016 02:00;0,020887;
Natriumchlorid;1;14.04.2016 02:00;0,00629568;
Arsen;3;14.04.2016 02:00;2,63031;
Arsen;8;14.04.2016 02:00;0,674182;
Arsen;6;14.04.2016 02:00;0,507418;
Arsen;2;14.04.2016 02:00;0,409764;
Arsen;4;14.04.2016 02:00;0,357772;
Arsen;7;14.04.2016 02:00;0,209186;
Arsen;9;14.04.2016 02:00;0,175528;
Arsen;1;14.04.2016 02:00;0,101301;
Arsen;5;14.04.2016 02:00;0,081895;
Benzol;3;14.04.2016 02:00;1,97856;
Benzol;8;14.04.2016 02:00;0,445461;
Benzol;1;14.04.2016 02:00;0,369974;
Benzol;2;14.04.2016 02:00;0,351641;
Benzol;6;14.04.2016 02:00;0,202141;
Benzol;7;14.04.2016 02:00;0,15153;
Benzol;4;14.04.2016 02:00;0,131436;
Benzol;9;14.04.2016 02:00;0,12767;
Benzol;5;14.04.2016 02:00;0,0774899;
Anilin;3;14.04.2016 02:00;3,38385;
Anilin;8;14.04.2016 02:00;0,67904;
Anilin;6;14.04.2016 02:00;0,60776;
Anilin;7;14.04.2016 02:00;0,158834;
Anilin;5;14.04.2016 02:00;0,149837;
Anilin;4;14.04.2016 02:00;0,0621039;
Anilin;9;14.04.2016 02:00;0,0533034;
Anilin;1;14.04.2016 02:00;0,0501615;
Anilin;2;14.04.2016 02:00;0,0463112;
Natriumchlorid;3;14.04.2016 03:00;1,67208;
Natriumchlorid;8;14.04.2016 03:00;0,95993;
Natriumchlorid;6;14.04.2016 03:00;0,549471;
Natriumchlorid;5;14.04.2016 03:00;0,245443;
Natriumchlorid;9;14.04.2016 03:00;0,201446;
Natriumchlorid;2;14.04.2016 03:00;0,191845;
Natriumchlorid;7;14.04.2016 03:00;0,187788;
Natriumchlorid;4;14.04.2016 03:00;0,103466;
Natriumchlorid;1;14.04.2016 03:00;0,0929527;
Arsen;3;14.04.2016 03:00;1,53906;
Arsen;7;14.04.2016 03:00;0,898165;
Arsen;8;14.04.2016 03:00;0,830726;
Arsen;9;14.04.2016 03:00;0,378972;
Arsen;2;14.04.2016 03:00;0,32516;
Arsen;4;14.04.2016 03:00;0,276523;
Arsen;1;14.04.2016 03:00;0,262917;
Arsen;5;14.04.2016 03:00;0,122227;
Arsen;6;14.04.2016 03:00;0,0196311;
Benzol;3;14.04.2016 03:00;0,819119;
Benzol;8;14.04.2016 03:00;0,740079;
Benzol;7;14.04.2016 03:00;0,561463;
Benzol;6;14.04.2016 03:00;0,515894;
Benzol;1;14.04.2016 03:00;0,400168;
Benzol;5;14.04.2016 03:00;0,38251;
Benzol;9;14.04.2016 03:00;0,260863;
Benzol;2;14.04.2016 03:00;0,212279;
Benzol;4;14.04.2016 03:00;0,185408;
Anilin;3;14.04.2016 03:00;1,04719;
Anilin;7;14.04.2016 03:00;0,395787;
Anilin;9;14.04.2016 03:00;0,279152;
Anilin;5;14.04.2016 03:00;0,274254;
Anilin;6;14.04.2016 03:00;0,230509;
Anilin;8;14.04.2016 03:00;0,216537;
Anilin;1;14.04.2016 03:00;0,146405;
Anilin;4;14.04.2016 03:00;0,118145;
Anilin;2;14.04.2016 03:00;0,0373182;
Natriumchlorid;7;14.04.2016 04:00;4,98399;
Natriumchlorid;6;14.04.2016 04:00;0,593318;
Natriumchlorid;4;14.04.2016 04:00;0,342496;
Natriumchlorid;5;14.04.2016 04:00;0,340194;
Natriumchlorid;9;14.04.2016 04:00;0,301839;
Natriumchlorid;3;14.04.2016 04:00;0,286662;
Natriumchlorid;8;14.04.2016 04:00;0,280291;
Natriumchlorid;1;14.04.2016 04:00;0,0290141;
Natriumchlorid;2;14.04.2016 04:00;0,0117783;
Arsen;7;14.04.2016 04:00;0,711903;
Arsen;4;14.04.2016 04:00;0,436025;
Arsen;8;14.04.2016 04:00;0,430522;
Arsen;3;14.04.2016 04:00;0,425269;
Arsen;5;14.04.2016 04:00;0,391293;
Arsen;2;14.04.2016 04:00;0,307126;
Arsen;1;14.04.2016 04:00;0,28491;
Arsen;6;14.04.2016 04:00;0,0418919;
Arsen;9;14.04.2016 04:00;0,00582652;
Benzol;3;14.04.2016 04:00;2,27384;
Benzol;2;14.04.2016 04:00;1,40374;
Benzol;4;14.04.2016 04:00;0,605925;
Benzol;6;14.04.2016 04:00;0,460975;
Benzol;7;14.04.2016 04:00;0,343903;
Benzol;8;14.04.2016 04:00;0,308154;
Benzol;9;14.04.2016 04:00;0,147752;
Benzol;1;14.04.2016 04:00;0,134699;
Benzol;5;14.04.2016 04:00;0,0736397;
Anilin;7;14.04.2016 04:00;47,92028;
Anilin;9;14.04.2016 04:00;0,7041;
Anilin;3;14.04.2016 04:00;0,678145;
Anilin;2;14.04.2016 04:00;0,592288;
Anilin;4;14.04.2016 04:00;0,459738;
Anilin;5;14.04.2016 04:00;0,36833;
Anilin;6;14.04.2016 04:00;0,257321;
Anilin;8;14.04.2016 04:00;0,201772;
Anilin;1;14.04.2016 04:00;0,0399398;
Natriumchlorid;6;14.04.2016 05:00;0,704071;
Natriumchlorid;8;14.04.2016 05:00;0,556849;
Natriumchlorid;3;14.04.2016 05:00;0,240436;
Natriumchlorid;4;14.04.2016 05:00;0,196992;
Natriumchlorid;7;14.04.2016 05:00;0,173551;
Natriumchlorid;1;14.04.2016 05:00;0,154437;
Natriumchlorid;9;14.04.2016 05:00;0,142949;
Natriumchlorid;2;14.04.2016 05:00;0,118082;
Natriumchlorid;5;14.04.2016 05:00;0,0748692;
Arsen;3;14.04.2016 05:00;0,586632;
Arsen;6;14.04.2016 05:00;0,518966;
Arsen;8;14.04.2016 05:00;0,43062;
Arsen;9;14.04.2016 05:00;0,379155;
Arsen;7;14.04.2016 05:00;0,369227;
Arsen;2;14.04.2016 05:00;0,140278;
Arsen;1;14.04.2016 05:00;0,12212;
Arsen;4;14.04.2016 05:00;0,101457;
Arsen;5;14.04.2016 05:00;0,0556997;
Benzol;3;14.04.2016 05:00;4,51473;
Benzol;8;14.04.2016 05:00;0,541985;
Benzol;6;14.04.2016 05:00;0,449183;
Benzol;9;14.04.2016 05:00;0,404197;
Benzol;4;14.04.2016 05:00;0,267978;
Benzol;5;14.04.2016 05:00;0,194577;
Benzol;1;14.04.2016 05:00;0,13811;
Benzol;2;14.04.2016 05:00;0,135912;
Benzol;7;14.04.2016 05:00;0,120104;
Anilin;7;14.04.2016 05:00;1,51701;
Anilin;3;14.04.2016 05:00;1,31817;
Anilin;1;14.04.2016 05:00;0,476543;
Anilin;9;14.04.2016 05:00;0,460924;
Anilin;2;14.04.2016 05:00;0,371362;
Anilin;8;14.04.2016 05:00;0,32214;
Anilin;6;14.04.2016 05:00;0,15633;
Anilin;5;14.04.2016 05:00;0,0681841;
Anilin;4;14.04.2016 05:00;0,0159447;
Natriumchlorid;3;14.04.2016 06:00;3,28182;
Natriumchlorid;7;14.04.2016 06:00;1,80618;
Natriumchlorid;2;14.04.2016 06:00;0,330764;
Natriumchlorid;4;14.04.2016 06:00;0,283052;
Natriumchlorid;6;14.04.2016 06:00;0,170378;
Natriumchlorid;1;14.04.2016 06:00;0,160337;
Natriumchlorid;8;14.04.2016 06:00;0,116532;
Natriumchlorid;9;14.04.2016 06:00;0,102491;
Natriumchlorid;5;14.04.2016 06:00;0,0932848;
Arsen;3;14.04.2016 06:00;0,896121;
Arsen;4;14.04.2016 06:00;0,647482;
Arsen;8;14.04.2016 06:00;0,385936;
Arsen;9;14.04.2016 06:00;0,319386;
Arsen;1;14.04.2016 06:00;0,151612;
Arsen;7;14.04.2016 06:00;0,140826;
Arsen;5;14.04.2016 06:00;0,103365;
Arsen;2;14.04.2016 06:00;0,0863259;
Arsen;6;14.04.2016 06:00;0,0414344;
Benzol;3;14.04.2016 06:00;0,878927;
Benzol;2;14.04.2016 06:00;0,650597;
Benzol;4;14.04.2016 06:00;0,637015;
Benzol;9;14.04.2016 06:00;0,481811;
Benzol;8;14.04.2016 06:00;0,450177;
Benzol;1;14.04.2016 06:00;0,382471;
Benzol;6;14.04.2016 06:00;0,106886;
Benzol;7;14.04.2016 06:00;0,100287;
Benzol;5;14.04.2016 06:00;0,0253627;
Anilin;8;14.04.2016 06:00;0,695073;
Anilin;1;14.04.2016 06:00;0,640617;
Anilin;3;14.04.2016 06:00;0,559974;
Anilin;6;14.04.2016 06:00;0,285443;
Anilin;2;14.04.2016 06:00;0,230829;
Anilin;7;14.04.2016 06:00;0,227515;
Anilin;4;14.04.2016 06:00;0,199508;
Anilin;9;14.04.2016 06:00;0,199059;
Anilin;5;14.04.2016 06:00;0,0503097;
Natriumchlorid;7;14.04.2016 07:00;2,63064;
Natriumchlorid;3;14.04.2016 07:00;1,06198;
Natriumchlorid;8;14.04.2016 07:00;0,923429;
Natriumchlorid;6;14.04.2016 07:00;0,31509;
Natriumchlorid;2;14.04.2016 07:00;0,253756;
Natriumchlorid;9;14.04.2016 07:00;0,146516;
Natriumchlorid;4;14.04.2016 07:00;0,0875135;
Natriumchlorid;1;14.04.2016 07:00;0,060519;
Natriumchlorid;5;14.04.2016 07:00;0,00523337;
Arsen;2;14.04.2016 07:00;1,56043;
Arsen;7;14.04.2016 07:00;0,758033;
Arsen;9;14.04.2016 07:00;0,518501;
Arsen;6;14.04.2016 07:00;0,504864;
Arsen;8;14.04.2016 07:00;0,430645;
Arsen;1;14.04.2016 07:00;0,424924;
Arsen;5;14.04.2016 07:00;0,243796;
Arsen;3;14.04.2016 07:00;0,180925;
Arsen;4;14.04.2016 07:00;0,141732;
Benzol;8;14.04.2016 07:00;0,76508;
Benzol;6;14.04.2016 07:00;0,55966;
Benzol;2;14.04.2016 07:00;0,544396;
Benzol;3;14.04.2016 07:00;0,37082;
Benzol;4;14.04.2016 07:00;0,304785;
Benzol;9;14.04.2016 07:00;0,303812;
Benzol;5;14.04.2016 07:00;0,157195;
Benzol;1;14.04.2016 07:00;0,0899389;
Benzol;7;14.04.2016 07:00;0,0506304;
Anilin;3;14.04.2016 07:00;2,0615;
Anilin;7;14.04.2016 07:00;0,635131;
Anilin;2;14.04.2016 07:00;0,285327;
Anilin;6;14.04.2016 07:00;0,265836;
Anilin;9;14.04.2016 07:00;0,131333;
Anilin;5;14.04.2016 07:00;0,050624;
Anilin;4;14.04.2016 07:00;0,0437302;
Anilin;8;14.04.2016 07:00;0,0277138;
Anilin;1;14.04.2016 07:00;0,0109882;
Natriumchlorid;8;14.04.2016 08:00;0,696038;
Natriumchlorid;3;14.04.2016 08:00;0,5093;
Natriumchlorid;6;14.04.2016 08:00;0,335698;
Natriumchlorid;4;14.04.2016 08:00;0,291772;
Natriumchlorid;9;14.04.2016 08:00;0,283506;
Natriumchlorid;1;14.04.2016 08:00;0,277071;
Natriumchlorid;5;14.04.2016 08:00;0,231967;
Natriumchlorid;2;14.04.2016 08:00;0,13319;
Natriumchlorid;7;14.04.2016 08:00;0,107146;
Arsen;6;14.04.2016 08:00;0,642294;
Arsen;3;14.04.2016 08:00;0,580402;
Arsen;8;14.04.2016 08:00;0,393222;
Arsen;5;14.04.2016 08:00;0,100372;
Arsen;7;14.04.2016 08:00;0,0831771;
Arsen;4;14.04.2016 08:00;0,062918;
Arsen;2;14.04.2016 08:00;0,0463181;
Arsen;9;14.04.2016 08:00;0,0343895;
Arsen;1;14.04.2016 08:00;0,00196876;
Benzol;3;14.04.2016 08:00;1,76251;
Benzol;8;14.04.2016 08:00;0,748724;
Benzol;2;14.04.2016 08:00;0,713157;
Benzol;6;14.04.2016 08:00;0,709478;
Benzol;4;14.04.2016 08:00;0,588342;
Benzol;7;14.04.2016 08:00;0,432005;
Benzol;9;14.04.2016 08:00;0,185598;
Benzol;1;14.04.2016 08:00;0,153368;
Benzol;5;14.04.2016 08:00;0,0433137;
Anilin;7;14.04.2016 08:00;1,63173;
Anilin;8;14.04.2016 08:00;0,930572;
Anilin;6;14.04.2016 08:00;0,568857;
Anilin;2;14.04.2016 08:00;0,496964;
Anilin;4;14.04.2016 08:00;0,491151;
Anilin;3;14.04.2016 08:00;0,360135;
Anilin;9;14.04.2016 08:00;0,165318;
Anilin;5;14.04.2016 08:00;0,159256;
Anilin;1;14.04.2016 08:00;0,127915;
Natriumchlorid;3;14.04.2016 09:00;0,653902;
Natriumchlorid;4;14.04.2016 09:00;0,604225;
Natriumchlorid;7;14.04.2016 09:00;0,458429;
Natriumchlorid;5;14.04.2016 09:00;0,435619;
Natriumchlorid;1;14.04.2016 09:00;0,395304;
Natriumchlorid;8;14.04.2016 09:00;0,38909;
Natriumchlorid;2;14.04.2016 09:00;0,294333;
Natriumchlorid;6;14.04.2016 09:00;0,286757;
Natriumchlorid;9;14.04.2016 09:00;0,168483;
Arsen;3;14.04.2016 09:00;2,52403;
Arsen;7;14.04.2016 09:00;0,842139;
Arsen;6;14.04.2016 09:00;0,537323;
Arsen;8;14.04.2016 09:00;0,467252;
Arsen;1;14.04.2016 09:00;0,234557;
Arsen;4;14.04.2016 09:00;0,223214;
Arsen;5;14.04.2016 09:00;0,211873;
Arsen;9;14.04.2016 09:00;0,198554;
Arsen;2;14.04.2016 09:00;0,0305138;
Benzol;8;14.04.2016 09:00;1,28193;
Benzol;3;14.04.2016 09:00;0,564265;
Benzol;7;14.04.2016 09:00;0,520715;
Benzol;6;14.04.2016 09:00;0,495532;
Benzol;1;14.04.2016 09:00;0,484017;
Benzol;5;14.04.2016 09:00;0,248474;
Benzol;4;14.04.2016 09:00;0,194166;
Benzol;2;14.04.2016 09:00;0,140835;
Benzol;9;14.04.2016 09:00;0,13631;
Anilin;3;14.04.2016 09:00;2,68071;
Anilin;8;14.04.2016 09:00;0,94788;
Anilin;2;14.04.2016 09:00;0,462228;
Anilin;5;14.04.2016 09:00;0,433255;
Anilin;1;14.04.2016 09:00;0,244449;
Anilin;7;14.04.2016 09:00;0,229822;
Anilin;6;14.04.2016 09:00;0,122058;
Anilin;4;14.04.2016 09:00;0,122;
Anilin;9;14.04.2016 09:00;0,0261969;
Natriumchlorid;3;14.04.2016 10:00;1,22877;
Natriumchlorid;7;14.04.2016 10:00;0,805169;
Natriumchlorid;8;14.04.2016 10:00;0,540129;
Natriumchlorid;1;14.04.2016 10:00;0,340086;
Natriumchlorid;2;14.04.2016 10:00;0,325996;
Natriumchlorid;6;14.04.2016 10:00;0,264761;
Natriumchlorid;9;14.04.2016 10:00;0,214129;
Natriumchlorid;4;14.04.2016 10:00;0,176738;
Natriumchlorid;5;14.04.2016 10:00;0,156236;
Arsen;3;14.04.2016 10:00;0,781056;
Arsen;6;14.04.2016 10:00;0,336745;
Arsen;5;14.04.2016 10:00;0,316369;
Arsen;4;14.04.2016 10:00;0,255577;
Arsen;2;14.04.2016 10:00;0,152949;
Arsen;7;14.04.2016 10:00;0,127643;
Arsen;8;14.04.2016 10:00;0,122947;
Arsen;9;14.04.2016 10:00;0,098178;
Arsen;1;14.04.2016 10:00;0,0342259;
Benzol;8;14.04.2016 10:00;0,621477;
Benzol;5;14.04.2016 10:00;0,456469;
Benzol;9;14.04.2016 10:00;0,397634;
Benzol;2;14.04.2016 10:00;0,383994;
Benzol;6;14.04.2016 10:00;0,37907;
Benzol;4;14.04.2016 10:00;0,279165;
Benzol;3;14.04.2016 10:00;0,186343;
Benzol;7;14.04.2016 10:00;0,0888567;
Benzol;1;14.04.2016 10:00;0,0317047;
Anilin;7;14.04.2016 10:00;0,990067;
Anilin;3;14.04.2016 10:00;0,962441;
Anilin;4;14.04.2016 10:00;0,670747;
Anilin;5;14.04.2016 10:00;0,616687;
Anilin;2;14.04.2016 10:00;0,496441;
Anilin;1;14.04.2016 10:00;0,318017;
Anilin;6;14.04.2016 10:00;0,289529;
Anilin;9;14.04.2016 10:00;0,195846;
Anilin;8;14.04.2016 10:00;0,0767153;
Natriumchlorid;3;14.04.2016 11:00;2,60692;
Natriumchlorid;7;14.04.2016 11:00;1,40225;
Natriumchlorid;8;14.04.2016 11:00;1,24149;
Natriumchlorid;2;14.04.2016 11:00;1,03409;
Natriumchlorid;9;14.04.2016 11:00;0,684655;
Natriumchlorid;1;14.04.2016 11:00;0,578794;
Natriumchlorid;6;14.04.2016 11:00;0,484241;
Natriumchlorid;4;14.04.2016 11:00;0,108384;
Natriumchlorid;5;14.04.2016 11:00;0,0484079;
Arsen;3;14.04.2016 11:00;2,56264;
Arsen;2;14.04.2016 11:00;0,657063;
Arsen;9;14.04.2016 11:00;0,538534;
Arsen;7;14.04.2016 11:00;0,275645;
Arsen;5;14.04.2016 11:00;0,177828;
Arsen;6;14.04.2016 11:00;0,162109;
Arsen;4;14.04.2016 11:00;0,0632827;
Arsen;1;14.04.2016 11:00;0,0500225;
Arsen;8;14.04.2016 11:00;0,0378417;
Benzol;3;14.04.2016 11:00;1,06561;
Benzol;8;14.04.2016 11:00;0,905857;
Benzol;4;14.04.2016 11:00;0,408233;
Benzol;5;14.04.2016 11:00;0,3878;
Benzol;9;14.04.2016 11:00;0,271368;
Benzol;6;14.04.2016 11:00;0,271018;
Benzol;2;14.04.2016 11:00;0,246695;
Benzol;1;14.04.2016 11:00;0,22073;
Benzol;7;14.04.2016 11:00;0,043258;
Anilin;3;14.04.2016 11:00;1,34054;
Anilin;7;14.04.2016 11:00;0,528473;
Anilin;8;14.04.2016 11:00;0,518029;
Anilin;4;14.04.2016 11:00;0,344504;
Anilin;5;14.04.2016 11:00;0,259611;
Anilin;6;14.04.2016 11:00;0,250872;
Anilin;1;14.04.2016 11:00;0,248174;
Anilin;2;14.04.2016 11:00;0,230736;
Anilin;9;14.04.2016 11:00;0,188128;
Natriumchlorid;8;14.04.2016 12:00;0,720374;
Natriumchlorid;9;14.04.2016 12:00;0,582157;
Natriumchlorid;6;14.04.2016 12:00;0,437745;
Natriumchlorid;4;14.04.2016 12:00;0,184295;
Natriumchlorid;5;14.04.2016 12:00;0,153969;
Natriumchlorid;3;14.04.2016 12:00;0,105801;
Natriumchlorid;7;14.04.2016 12:00;0,0958145;
Natriumchlorid;2;14.04.2016 12:00;0,0748399;
Natriumchlorid;1;14.04.2016 12:00;0,038248;
Arsen;7;14.04.2016 12:00;1,05446;
Arsen;3;14.04.2016 12:00;0,910515;
Arsen;6;14.04.2016 12:00;0,751898;
Arsen;8;14.04.2016 12:00;0,60003;
Arsen;9;14.04.2016 12:00;0,492132;
Arsen;4;14.04.2016 12:00;0,450674;
Arsen;2;14.04.2016 12:00;0,2129;
Arsen;5;14.04.2016 12:00;0,0729744;
Arsen;1;14.04.2016 12:00;0,0536659;
Benzol;8;14.04.2016 12:00;5,669;
Benzol;3;14.04.2016 12:00;0,744629;
Benzol;9;14.04.2016 12:00;0,402351;
Benzol;7;14.04.2016 12:00;0,392252;
Benzol;6;14.04.2016 12:00;0,388956;
Benzol;5;14.04.2016 12:00;0,279866;
Benzol;1;14.04.2016 12:00;0,194407;
Benzol;2;14.04.2016 12:00;0,176936;
Benzol;4;14.04.2016 12:00;0,139761;
Anilin;3;14.04.2016 12:00;2,40388;
Anilin;7;14.04.2016 12:00;1,2611;
Anilin;9;14.04.2016 12:00;0,461894;
Anilin;6;14.04.2016 12:00;0,418885;
Anilin;5;14.04.2016 12:00;0,379043;
Anilin;8;14.04.2016 12:00;0,280547;
Anilin;4;14.04.2016 12:00;0,210243;
Anilin;1;14.04.2016 12:00;0,189492;
Anilin;2;14.04.2016 12:00;0,120838;
Natriumchlorid;3;14.04.2016 13:00;2,90683;
Natriumchlorid;7;14.04.2016 13:00;0,785395;
Natriumchlorid;8;14.04.2016 13:00;0,744271;
Natriumchlorid;2;14.04.2016 13:00;0,669753;
Natriumchlorid;4;14.04.2016 13:00;0,532266;
Natriumchlorid;5;14.04.2016 13:00;0,327771;
Natriumchlorid;1;14.04.2016 13:00;0,210355;
Natriumchlorid;6;14.04.2016 13:00;0,16105;
Natriumchlorid;9;14.04.2016 13:00;0,100903;
Arsen;7;14.04.2016 13:00;0,96113;
Arsen;8;14.04.2016 13:00;0,798622;
Arsen;1;14.04.2016 13:00;0,618262;
Arsen;6;14.04.2016 13:00;0,594443;
Arsen;5;14.04.2016 13:00;0,415915;
Arsen;9;14.04.2016 13:00;0,359324;
Arsen;2;14.04.2016 13:00;0,206074;
Arsen;4;14.04.2016 13:00;0,13878;
Arsen;3;14.04.2016 13:00;0,10506;
Benzol;8;14.04.2016 13:00;2,64432;
Benzol;3;14.04.2016 13:00;2,04587;
Benzol;6;14.04.2016 13:00;0,471368;
Benzol;7;14.04.2016 13:00;0,398636;
Benzol;4;14.04.2016 13:00;0,230562;
Benzol;1;14.04.2016 13:00;0,186457;
Benzol;9;14.04.2016 13:00;0,156115;
Benzol;5;14.04.2016 13:00;0,0291789;
Benzol;2;14.04.2016 13:00;0,0264151;
Anilin;3;14.04.2016 13:00;2,07572;
Anilin;4;14.04.2016 13:00;0,657446;
Anilin;6;14.04.2016 13:00;0,633995;
Anilin;1;14.04.2016 13:00;0,605156;
Anilin;2;14.04.2016 13:00;0,550337;
Anilin;5;14.04.2016 13:00;0,327849;
Anilin;8;14.04.2016 13:00;0,299994;
Anilin;7;14.04.2016 13:00;0,208194;
Anilin;9;14.04.2016 13:00;0,177454;
Natriumchlorid;7;14.04.2016 14:00;0,728461;
Natriumchlorid;3;14.04.2016 14:00;0,708596;
Natriumchlorid;9;14.04.2016 14:00;0,36502;
Natriumchlorid;2;14.04.2016 14:00;0,341171;
Natriumchlorid;5;14.04.2016 14:00;0,296872;
Natriumchlorid;6;14.04.2016 14:00;0,136219;
Natriumchlorid;4;14.04.2016 14:00;0,10065;
Natriumchlorid;8;14.04.2016 14:00;0,097128;
Natriumchlorid;1;14.04.2016 14:00;0,0419548;
Arsen;3;14.04.2016 14:00;0,499788;
Arsen;4;14.04.2016 14:00;0,464926;
Arsen;5;14.04.2016 14:00;0,398335;
Arsen;6;14.04.2016 14:00;0,3807;
Arsen;1;14.04.2016 14:00;0,29074;
Arsen;7;14.04.2016 14:00;0,24979;
Arsen;2;14.04.2016 14:00;0,189978;
Arsen;8;14.04.2016 14:00;0,0821122;
Arsen;9;14.04.2016 14:00;0,0303992;
Benzol;4;14.04.2016 14:00;0,701662;
Benzol;2;14.04.2016 14:00;0,553085;
Benzol;3;14.04.2016 14:00;0,432516;
Benzol;6;14.04.2016 14:00;0,342111;
Benzol;9;14.04.2016 14:00;0,337168;
Benzol;1;14.04.2016 14:00;0,296417;
Benzol;5;14.04.2016 14:00;0,290703;
Benzol;8;14.04.2016 14:00;0,258338;
Benzol;7;14.04.2016 14:00;0,118024;
Anilin;8;14.04.2016 14:00;0,874853;
Anilin;7;14.04.2016 14:00;0,766124;
Anilin;3;14.04.2016 14:00;0,765198;
Anilin;6;14.04.2016 14:00;0,595058;
Anilin;5;14.04.2016 14:00;0,544213;
Anilin;2;14.04.2016 14:00;0,481337;
Anilin;1;14.04.2016 14:00;0,316618;
Anilin;4;14.04.2016 14:00;0,28868;
Anilin;9;14.04.2016 14:00;0,025392;
Natriumchlorid;7;14.04.2016 15:00;23,3641;
Natriumchlorid;3;14.04.2016 15:00;5,4476;
Natriumchlorid;7;14.04.2016 15:00;2,36006;
Natriumchlorid;2;14.04.2016 15:00;0,490513;
Natriumchlorid;9;14.04.2016 15:00;0,433782;
Natriumchlorid;6;14.04.2016 15:00;0,346691;
Natriumchlorid;8;14.04.2016 15:00;0,33073;
Natriumchlorid;1;14.04.2016 15:00;0,159135;
Natriumchlorid;4;14.04.2016 15:00;0,11374;
Natriumchlorid;5;14.04.2016 15:00;0,010605;
Arsen;3;14.04.2016 15:00;2,2488;
Arsen;6;14.04.2016 15:00;0,546234;
Arsen;2;14.04.2016 15:00;0,543208;
Arsen;7;14.04.2016 15:00;0,221775;
Arsen;4;14.04.2016 15:00;0,158054;
Arsen;1;14.04.2016 15:00;0,154641;
Arsen;9;14.04.2016 15:00;0,138143;
Arsen;8;14.04.2016 15:00;0,126127;
Arsen;5;14.04.2016 15:00;0,012725;
Benzol;7;14.04.2016 15:00;1,94017;
Benzol;3;14.04.2016 15:00;1,00801;
Benzol;6;14.04.2016 15:00;0,49113;
Benzol;9;14.04.2016 15:00;0,423288;
Benzol;1;14.04.2016 15:00;0,408364;
Benzol;5;14.04.2016 15:00;0,323731;
Benzol;2;14.04.2016 15:00;0,168856;
Benzol;8;14.04.2016 15:00;0,0888871;
Benzol;4;14.04.2016 15:00;0,0269664;
Anilin;8;14.04.2016 15:00;1,47722;
Anilin;6;14.04.2016 15:00;0,590409;
Anilin;2;14.04.2016 15:00;0,518773;
Anilin;9;14.04.2016 15:00;0,402351;
Anilin;1;14.04.2016 15:00;0,332826;
Anilin;3;14.04.2016 15:00;0,261184;
Anilin;5;14.04.2016 15:00;0,134917;
Anilin;4;14.04.2016 15:00;0,081165;
Natriumchlorid;7;14.04.2016 16:00;0,805546;
Natriumchlorid;2;14.04.2016 16:00;0,386753;
Natriumchlorid;6;14.04.2016 16:00;0,330976;
Natriumchlorid;5;14.04.2016 16:00;0,279848;
Natriumchlorid;1;14.04.2016 16:00;0,209191;
Natriumchlorid;9;14.04.2016 16:00;0,178101;
Natriumchlorid;4;14.04.2016 16:00;0,0918921;
Natriumchlorid;8;14.04.2016 16:00;0,0294091;
Natriumchlorid;3;14.04.2016 16:00;0,0130776;
Arsen;8;14.04.2016 16:00;0,750382;
Arsen;1;14.04.2016 16:00;0,674873;
Arsen;4;14.04.2016 16:00;0,521497;
Arsen;9;14.04.2016 16:00;0,430066;
Arsen;5;14.04.2016 16:00;0,410164;
Arsen;6;14.04.2016 16:00;0,337066;
Arsen;2;14.04.2016 16:00;0,316768;
Arsen;3;14.04.2016 16:00;0,179876;
Arsen;7;14.04.2016 16:00;0,178261;
Benzol;8;14.04.2016 16:00;0,779184;
Benzol;4;14.04.2016 16:00;0,518453;
Benzol;7;14.04.2016 16:00;0,484647;
Benzol;3;14.04.2016 16:00;0,474604;
Benzol;5;14.04.2016 16:00;0,242856;
Benzol;6;14.04.2016 16:00;0,201792;
Benzol;2;14.04.2016 16:00;0,199377;
Benzol;9;14.04.2016 16:00;0,100834;
Benzol;1;14.04.2016 16:00;0,0483756;
Anilin;6;14.04.2016 16:00;0,591858;
Anilin;3;14.04.2016 16:00;0,222435;
Anilin;1;14.04.2016 16:00;0,192429;
Anilin;2;14.04.2016 16:00;0,115706;
Anilin;9;14.04.2016 16:00;0,106227;
Anilin;8;14.04.2016 16:00;0,0728329;
Anilin;5;14.04.2016 16:00;0,0622224;
Anilin;4;14.04.2016 16:00;0,0600961;
Anilin;7;14.04.2016 16:00;0,0495246;
Natriumchlorid;3;14.04.2016 17:00;0,657453;
Natriumchlorid;8;14.04.2016 17:00;0,629727;
Natriumchlorid;6;14.04.2016 17:00;0,575506;
Natriumchlorid;2;14.04.2016 17:00;0,361453;
Natriumchlorid;9;14.04.2016 17:00;0,328263;
Natriumchlorid;4;14.04.2016 17:00;0,270515;
Natriumchlorid;5;14.04.2016 17:00;0,253159;
Natriumchlorid;7;14.04.2016 17:00;0,117337;
Natriumchlorid;1;14.04.2016 17:00;0,071342;
Arsen;8;14.04.2016 17:00;0,908111;
Arsen;3;14.04.2016 17:00;0,496642;
Arsen;4;14.04.2016 17:00;0,374713;
Arsen;1;14.04.2016 17:00;0,325252;
Arsen;6;14.04.2016 17:00;0,248335;
Arsen;7;14.04.2016 17:00;0,203696;
Arsen;9;14.04.2016 17:00;0,0835977;
Arsen;5;14.04.2016 17:00;0,0764829;
Arsen;2;14.04.2016 17:00;0,0443068;
Benzol;7;14.04.2016 17:00;0,852251;
Benzol;1;14.04.2016 17:00;0,776154;
Benzol;8;14.04.2016 17:00;0,70223;
Benzol;9;14.04.2016 17:00;0,506474;
Benzol;3;14.04.2016 17:00;0,447603;
Benzol;6;14.04.2016 17:00;0,385767;
Benzol;4;14.04.2016 17:00;0,236319;
Benzol;2;14.04.2016 17:00;0,160096;
Benzol;5;14.04.2016 17:00;0,0606033;
Anilin;3;14.04.2016 17:00;1,50153;
Anilin;2;14.04.2016 17:00;1,0216;
Anilin;8;14.04.2016 17:00;0,628934;
Anilin;1;14.04.2016 17:00;0,572198;
Anilin;5;14.04.2016 17:00;0,206917;
Anilin;6;14.04.2016 17:00;0,181023;
Anilin;9;14.04.2016 17:00;0,0913959;
Anilin;7;14.04.2016 17:00;0,0912071;
Anilin;4;14.04.2016 17:00;0,0311906;
Natriumchlorid;2;14.04.2016 18:00;0,738492;
Natriumchlorid;3;14.04.2016 18:00;0,73184;
Natriumchlorid;6;14.04.2016 18:00;0,556669;
Natriumchlorid;1;14.04.2016 18:00;0,373536;
Natriumchlorid;7;14.04.2016 18:00;0,289105;
Natriumchlorid;4;14.04.2016 18:00;0,249166;
Natriumchlorid;5;14.04.2016 18:00;0,202146;
Natriumchlorid;9;14.04.2016 18:00;0,0607923;
Natriumchlorid;8;14.04.2016 18:00;0,0339438;
Arsen;3;14.04.2016 18:00;1,87496;
Arsen;7;14.04.2016 18:00;0,812266;
Arsen;6;14.04.2016 18:00;0,585837;
Arsen;4;14.04.2016 18:00;0,460296;
Arsen;5;14.04.2016 18:00;0,446177;
Arsen;8;14.04.2016 18:00;0,308622;
Arsen;2;14.04.2016 18:00;0,305224;
Arsen;1;14.04.2016 18:00;0,167925;
Arsen;9;14.04.2016 18:00;0,138464;
Benzol;8;14.04.2016 18:00;0,931089;
Benzol;3;14.04.2016 18:00;0,430227;
Benzol;6;14.04.2016 18:00;0,423054;
Benzol;4;14.04.2016 18:00;0,232882;
Benzol;5;14.04.2016 18:00;0,190038;
Benzol;1;14.04.2016 18:00;0,162971;
Benzol;9;14.04.2016 18:00;0,146754;
Benzol;2;14.04.2016 18:00;0,0790403;
Benzol;7;14.04.2016 18:00;0,0289705;
Anilin;3;14.04.2016 18:00;2,45439;
Anilin;7;14.04.2016 18:00;1,43662;
Anilin;2;14.04.2016 18:00;0,434616;
Anilin;5;14.04.2016 18:00;0,354485;
Anilin;6;14.04.2016 18:00;0,206116;
Anilin;9;14.04.2016 18:00;0,17034;
Anilin;1;14.04.2016 18:00;0,142589;
Anilin;8;14.04.2016 18:00;0,0739007;
Anilin;4;14.04.2016 18:00;0,00275568;
Natriumchlorid;3;14.04.2016 19:00;1,09159;
Natriumchlorid;2;14.04.2016 19:00;0,875791;
Natriumchlorid;6;14.04.2016 19:00;0,577765;
Natriumchlorid;7;14.04.2016 19:00;0,414076;
Natriumchlorid;4;14.04.2016 19:00;0,356659;
Natriumchlorid;8;14.04.2016 19:00;0,257526;
Natriumchlorid;1;14.04.2016 19:00;0,210003;
Natriumchlorid;9;14.04.2016 19:00;0,163609;
Natriumchlorid;5;14.04.2016 19:00;0,105181;
Arsen;8;14.04.2016 19:00;1,01764;
Arsen;4;14.04.2016 19:00;0,631495;
Arsen;3;14.04.2016 19:00;0,57925;
Arsen;5;14.04.2016 19:00;0,319178;
Arsen;6;14.04.2016 19:00;0,239687;
Arsen;2;14.04.2016 19:00;0,160647;
Arsen;9;14.04.2016 19:00;0,136616;
Arsen;7;14.04.2016 19:00;0,100624;
Arsen;1;14.04.2016 19:00;0,00404286;
Benzol;3;14.04.2016 19:00;3,51869;
Benzol;6;14.04.2016 19:00;0,674645;
Benzol;8;14.04.2016 19:00;0,58694;
Benzol;5;14.04.2016 19:00;0,459067;
Benzol;4;14.04.2016 19:00;0,327006;
Benzol;9;14.04.2016 19:00;0,179686;
Benzol;1;14.04.2016 19:00;0,163344;
Benzol;7;14.04.2016 19:00;0,159187;
Benzol;2;14.04.2016 19:00;0,103368;
Anilin;3;14.04.2016 19:00;1,43244;
Anilin;7;14.04.2016 19:00;0,839818;
Anilin;9;14.04.2016 19:00;0,576429;
Anilin;4;14.04.2016 19:00;0,373026;
Anilin;6;14.04.2016 19:00;0,352833;
Anilin;1;14.04.2016 19:00;0,342896;
Anilin;2;14.04.2016 19:00;0,131103;
Anilin;5;14.04.2016 19:00;0,0545769;
Anilin;8;14.04.2016 19:00;0,0131653;
Natriumchlorid;8;14.04.2016 20:00;0,944924;
Natriumchlorid;3;14.04.2016 20:00;0,895612;
Natriumchlorid;4;14.04.2016 20:00;0,558923;
Natriumchlorid;6;14.04.2016 20:00;0,517981;
Natriumchlorid;1;14.04.2016 20:00;0,332693;
Natriumchlorid;7;14.04.2016 20:00;0,249943;
Natriumchlorid;2;14.04.2016 20:00;0,234421;
Natriumchlorid;9;14.04.2016 20:00;0,216374;
Natriumchlorid;5;14.04.2016 20:00;0,177583;
Arsen;3;14.04.2016 20:00;1,35579;
Arsen;8;14.04.2016 20:00;0,770122;
Arsen;1;14.04.2016 20:00;0,541586;
Arsen;5;14.04.2016 20:00;0,211609;
Arsen;9;14.04.2016 20:00;0,169804;
Arsen;6;14.04.2016 20:00;0,151337;
Arsen;2;14.04.2016 20:00;0,113609;
Arsen;7;14.04.2016 20:00;0,0741771;
Arsen;4;14.04.2016 20:00;0,039665;
Benzol;5;14.04.2016 20:00;0,733288;
Benzol;8;14.04.2016 20:00;0,567012;
Benzol;1;14.04.2016 20:00;0,532169;
Benzol;7;14.04.2016 20:00;0,527572;
Benzol;6;14.04.2016 20:00;0,323801;
Benzol;4;14.04.2016 20:00;0,279814;
Benzol;3;14.04.2016 20:00;0,253175;
Benzol;2;14.04.2016 20:00;0,189855;
Benzol;9;14.04.2016 20:00;0,102905;
Anilin;3;14.04.2016 20:00;1,08446;
Anilin;6;14.04.2016 20:00;0,532521;
Anilin;2;14.04.2016 20:00;0,500036;
Anilin;5;14.04.2016 20:00;0,474145;
Anilin;8;14.04.2016 20:00;0,370675;
Anilin;9;14.04.2016 20:00;0,251757;
Anilin;7;14.04.2016 20:00;0,220121;
Anilin;4;14.04.2016 20:00;0,214137;
Anilin;1;14.04.2016 20:00;0,0744129;
Natriumchlorid;3;14.04.2016 21:00;1,59006;
Natriumchlorid;7;14.04.2016 21:00;0,957538;
Natriumchlorid;2;14.04.2016 21:00;0,764698;
Natriumchlorid;6;14.04.2016 21:00;0,507648;
Natriumchlorid;5;14.04.2016 21:00;0,386144;
Natriumchlorid;8;14.04.2016 21:00;0,383273;
Natriumchlorid;9;14.04.2016 21:00;0,220715;
Natriumchlorid;4;14.04.2016 21:00;0,1725;
Natriumchlorid;1;14.04.2016 21:00;0,152062;
Arsen;7;14.04.2016 21:00;0,771584;
Arsen;4;14.04.2016 21:00;0,654918;
Arsen;5;14.04.2016 21:00;0,550523;
Arsen;3;14.04.2016 21:00;0,527469;
Arsen;6;14.04.2016 21:00;0,303971;
Arsen;8;14.04.2016 21:00;0,266684;
Arsen;2;14.04.2016 21:00;0,102108;
Arsen;1;14.04.2016 21:00;0,0968522;
Arsen;9;14.04.2016 21:00;0,0335566;
Benzol;3;14.04.2016 21:00;2,73696;
Benzol;2;14.04.2016 21:00;0,768958;
Benzol;8;14.04.2016 21:00;0,626739;
Benzol;6;14.04.2016 21:00;0,55644;
Benzol;7;14.04.2016 21:00;0,333122;
Benzol;9;14.04.2016 21:00;0,253563;
Benzol;4;14.04.2016 21:00;0,242693;
Benzol;1;14.04.2016 21:00;0,186978;
Benzol;5;14.04.2016 21:00;0,0295613;
Anilin;7;14.04.2016 21:00;1,22938;
Anilin;8;14.04.2016 21:00;0,804345;
Anilin;3;14.04.2016 21:00;0,754378;
Anilin;5;14.04.2016 21:00;0,668054;
Anilin;6;14.04.2016 21:00;0,507136;
Anilin;2;14.04.2016 21:00;0,458635;
Anilin;4;14.04.2016 21:00;0,291662;
Anilin;1;14.04.2016 21:00;0,153871;
Anilin;9;14.04.2016 21:00;0,0739465;
Natriumchlorid;3;14.04.2016 22:00;2,92604;
Natriumchlorid;8;14.04.2016 22:00;1,00785;
Natriumchlorid;7;14.04.2016 22:00;0,612346;
Natriumchlorid;2;14.04.2016 22:00;0,585806;
Natriumchlorid;6;14.04.2016 22:00;0,572113;
Natriumchlorid;1;14.04.2016 22:00;0,271498;
Natriumchlorid;4;14.04.2016 22:00;0,265706;
Natriumchlorid;5;14.04.2016 22:00;0,225744;
Natriumchlorid;9;14.04.2016 22:00;0,0569968;
Arsen;3;14.04.2016 22:00;2,45942;
Arsen;8;14.04.2016 22:00;0,734838;
Arsen;5;14.04.2016 22:00;0,726436;
Arsen;6;14.04.2016 22:00;0,665803;
Arsen;7;14.04.2016 22:00;0,661635;
Arsen;9;14.04.2016 22:00;0,159385;
Arsen;2;14.04.2016 22:00;0,0890635;
Arsen;4;14.04.2016 22:00;0,0706849;
Arsen;1;14.04.2016 22:00;0,0364378;
Benzol;7;14.04.2016 22:00;1,50745;
Benzol;3;14.04.2016 22:00;0,645321;
Benzol;6;14.04.2016 22:00;0,635671;
Benzol;8;14.04.2016 22:00;0,462322;
Benzol;9;14.04.2016 22:00;0,307577;
Benzol;4;14.04.2016 22:00;0,281657;
Benzol;5;14.04.2016 22:00;0,187271;
Benzol;1;14.04.2016 22:00;0,0232332;
Benzol;2;14.04.2016 22:00;0,0150132;
Anilin;3;14.04.2016 22:00;1,69232;
Anilin;7;14.04.2016 22:00;1,00757;
Anilin;1;14.04.2016 22:00;0,340067;
Anilin;8;14.04.2016 22:00;0,313296;
Anilin;2;14.04.2016 22:00;0,288822;
Anilin;4;14.04.2016 22:00;0,196326;
Anilin;9;14.04.2016 22:00;0,173045;
Anilin;6;14.04.2016 22:00;0,160299;
Anilin;5;14.04.2016 22:00;0,156372;
Natriumchlorid;7;14.04.2016 23:00;0,879011;
Natriumchlorid;3;14.04.2016 23:00;0,642666;
Natriumchlorid;2;14.04.2016 23:00;0,501945;
Natriumchlorid;9;14.04.2016 23:00;0,494148;
Natriumchlorid;6;14.04.2016 23:00;0,383404;
Natriumchlorid;4;14.04.2016 23:00;0,279923;
Natriumchlorid;8;14.04.2016 23:00;0,230045;
Natriumchlorid;5;14.04.2016 23:00;0,120011;
Natriumchlorid;1;14.04.2016 23:00;0,109429;
Arsen;8;14.04.2016 23:00;0,978197;
Arsen;2;14.04.2016 23:00;0,625463;
Arsen;4;14.04.2016 23:00;0,53579;
Arsen;5;14.04.2016 23:00;0,493354;
Arsen;1;14.04.2016 23:00;0,393366;
Arsen;3;14.04.2016 23:00;0,349582;
Arsen;6;14.04.2016 23:00;0,235538;
Arsen;7;14.04.2016 23:00;0,160988;
Arsen;9;14.04.2016 23:00;0,12713;
Benzol;3;14.04.2016 23:00;4,70871;
Benzol;7;14.04.2016 23:00;0,568423;
Benzol;9;14.04.2016 23:00;0,504753;
Benzol;2;14.04.2016 23:00;0,387607;
Benzol;5;14.04.2016 23:00;0,290973;
Benzol;6;14.04.2016 23:00;0,251417;
Benzol;1;14.04.2016 23:00;0,224148;
Benzol;4;14.04.2016 23:00;0,108699;
Benzol;8;14.04.2016 23:00;0,100166;
Anilin;3;14.04.2016 23:00;0,915285;
Anilin;7;14.04.2016 23:00;0,435692;
Anilin;2;14.04.2016 23:00;0,339901;
Anilin;4;14.04.2016 23:00;0,301536;
Anilin;9;14.04.2016 23:00;0,262403;
Anilin;1;14.04.2016 23:00;0,24459;
Anilin;6;14.04.2016 23:00;0,127345;
Anilin;5;14.04.2016 23:00;0,116549;
Anilin;8;14.04.2016 23:00;0,0703896;
Natriumchlorid;8;15.04.2016 00:00;0,790756;
Natriumchlorid;3;15.04.2016 00:00;0,517153;
Natriumchlorid;7;15.04.2016 00:00;0,42531;
Natriumchlorid;2;15.04.2016 00:00;0,366863;
Natriumchlorid;9;15.04.2016 00:00;0,341085;
Natriumchlorid;1;15.04.2016 00:00;0,312795;
Natriumchlorid;6;15.04.2016 00:00;0,294345;
Natriumchlorid;5;15.04.2016 00:00;0,237249;
Natriumchlorid;4;15.04.2016 00:00;0,236519;
Arsen;3;15.04.2016 00:00;0,781751;
Arsen;7;15.04.2016 00:00;0,517677;
Arsen;9;15.04.2016 00:00;0,433389;
Arsen;4;15.04.2016 00:00;0,431776;
Arsen;1;15.04.2016 00:00;0,304145;
Arsen;2;15.04.2016 00:00;0,231565;
Arsen;6;15.04.2016 00:00;0,146799;
Arsen;5;15.04.2016 00:00;0,118882;
Arsen;8;15.04.2016 00:00;0,0655712;
Benzol;3;15.04.2016 00:00;2,03404;
Benzol;4;15.04.2016 00:00;0,525117;
Benzol;8;15.04.2016 00:00;0,504464;
Benzol;1;15.04.2016 00:00;0,418115;
Benzol;6;15.04.2016 00:00;0,389308;
Benzol;7;15.04.2016 00:00;0,357679;
Benzol;5;15.04.2016 00:00;0,125013;
Benzol;2;15.04.2016 00:00;0,118144;
Benzol;9;15.04.2016 00:00;0,0873267;
Anilin;8;15.04.2016 00:00;0,533622;
Anilin;3;15.04.2016 00:00;0,5296;
Anilin;1;15.04.2016 00:00;0,46466;
Anilin;9;15.04.2016 00:00;0,44853;
Anilin;4;15.04.2016 00:00;0,350396;
Anilin;7;15.04.2016 00:00;0,228994;
Anilin;6;15.04.2016 00:00;0,195725;
Anilin;2;15.04.2016 00:00;0,119301;
Anilin;5;15.04.2016 00:00;0,0324273;
Natriumchlorid;7;15.04.2016 01:00;1,56911;
Natriumchlorid;3;15.04.2016 01:00;0,890447;
Natriumchlorid;1;15.04.2016 01:00;0,663384;
Natriumchlorid;6;15.04.2016 01:00;0,515803;
Natriumchlorid;9;15.04.2016 01:00;0,205302;
Natriumchlorid;4;15.04.2016 01:00;0,120305;
Natriumchlorid;2;15.04.2016 01:00;0,112888;
Natriumchlorid;8;15.04.2016 01:00;0,0502517;
Natriumchlorid;5;15.04.2016 01:00;0,0135929;
Arsen;3;15.04.2016 01:00;1,30138;
Arsen;2;15.04.2016 01:00;1,00514;
Arsen;5;15.04.2016 01:00;0,603316;
Arsen;6;15.04.2016 01:00;0,542167;
Arsen;8;15.04.2016 01:00;0,483074;
Arsen;7;15.04.2016 01:00;0,255248;
Arsen;9;15.04.2016 01:00;0,114489;
Arsen;4;15.04.2016 01:00;0,0479923;
Arsen;1;15.04.2016 01:00;0,0358247;
Benzol;2;15.04.2016 01:00;1,06724;
Benzol;8;15.04.2016 01:00;0,709073;
Benzol;7;15.04.2016 01:00;0,442318;
Benzol;9;15.04.2016 01:00;0,438016;
Benzol;6;15.04.2016 01:00;0,347641;
Benzol;1;15.04.2016 01:00;0,246893;
Benzol;4;15.04.2016 01:00;0,148035;
Benzol;3;15.04.2016 01:00;0,133436;
Benzol;5;15.04.2016 01:00;0,0924389;
Anilin;7;15.04.2016 01:00;13,41638;
Anilin;3;15.04.2016 01:00;1,26893;
Anilin;6;15.04.2016 01:00;0,545436;
Anilin;4;15.04.2016 01:00;0,401176;
Anilin;1;15.04.2016 01:00;0,332102;
Anilin;8;15.04.2016 01:00;0,286352;
Anilin;9;15.04.2016 01:00;0,201951;
Anilin;2;15.04.2016 01:00;0,0559597;
Anilin;5;15.04.2016 01:00;0,0449459;
Natriumchlorid;8;15.04.2016 02:00;0,529731;
Natriumchlorid;6;15.04.2016 02:00;0,467711;
Natriumchlorid;4;15.04.2016 02:00;0,461309;
Natriumchlorid;2;15.04.2016 02:00;0,394318;
Natriumchlorid;7;15.04.2016 02:00;0,384286;
Natriumchlorid;3;15.04.2016 02:00;0,232932;
Natriumchlorid;1;15.04.2016 02:00;0,179347;
Natriumchlorid;9;15.04.2016 02:00;0,128486;
Natriumchlorid;5;15.04.2016 02:00;0,0444428;
Arsen;3;15.04.2016 02:00;4,91724;
Arsen;2;15.04.2016 02:00;0,681354;
Arsen;8;15.04.2016 02:00;0,326968;
Arsen;4;15.04.2016 02:00;0,275227;
Arsen;7;15.04.2016 02:00;0,260714;
Arsen;6;15.04.2016 02:00;0,233123;
Arsen;5;15.04.2016 02:00;0,126462;
Arsen;1;15.04.2016 02:00;0,10005;
Arsen;9;15.04.2016 02:00;0,0437346;
Benzol;3;15.04.2016 02:00;1,30192;
Benzol;7;15.04.2016 02:00;1,08256;
Benzol;8;15.04.2016 02:00;0,822458;
Benzol;9;15.04.2016 02:00;0,555776;
Benzol;2;15.04.2016 02:00;0,498296;
Benzol;1;15.04.2016 02:00;0,360124;
Benzol;5;15.04.2016 02:00;0,263811;
Benzol;6;15.04.2016 02:00;0,238969;
Benzol;4;15.04.2016 02:00;0,169937;
Anilin;3;15.04.2016 02:00;3,18075;
Anilin;6;15.04.2016 02:00;0,62912;
Anilin;7;15.04.2016 02:00;0,617422;
Anilin;4;15.04.2016 02:00;0,397476;
Anilin;2;15.04.2016 02:00;0,344382;
Anilin;5;15.04.2016 02:00;0,152773;
Anilin;9;15.04.2016 02:00;0,148891;
Anilin;8;15.04.2016 02:00;0,0477233;
Anilin;1;15.04.2016 02:00;0,0348766;
Natriumchlorid;8;15.04.2016 03:00;1,71887;
Natriumchlorid;6;15.04.2016 03:00;0,567789;
Natriumchlorid;2;15.04.2016 03:00;0,485871;
Natriumchlorid;7;15.04.2016 03:00;0,429452;
Natriumchlorid;9;15.04.2016 03:00;0,313046;
Natriumchlorid;5;15.04.2016 03:00;0,224618;
Natriumchlorid;4;15.04.2016 03:00;0,0946583;
Natriumchlorid;3;15.04.2016 03:00;0,0444637;
Natriumchlorid;1;15.04.2016 03:00;0,0241768;
Arsen;6;15.04.2016 03:00;0,590216;
Arsen;8;15.04.2016 03:00;0,588256;
Arsen;2;15.04.2016 03:00;0,467371;
Arsen;4;15.04.2016 03:00;0,387614;
Arsen;9;15.04.2016 03:00;0,257809;
Arsen;5;15.04.2016 03:00;0,247008;
Arsen;3;15.04.2016 03:00;0,140197;
Arsen;1;15.04.2016 03:00;0,0660249;
Arsen;7;15.04.2016 03:00;0,0121111;
Benzol;8;15.04.2016 03:00;1,62776;
Benzol;3;15.04.2016 03:00;1,25802;
Benzol;4;15.04.2016 03:00;0,440698;
Benzol;2;15.04.2016 03:00;0,338211;
Benzol;9;15.04.2016 03:00;0,317127;
Benzol;1;15.04.2016 03:00;0,298786;
Benzol;5;15.04.2016 03:00;0,275897;
Benzol;6;15.04.2016 03:00;0,200789;
Benzol;7;15.04.2016 03:00;0,128583;
Anilin;5;15.04.2016 03:00;0,713288;
Anilin;6;15.04.2016 03:00;0,651;
Anilin;8;15.04.2016 03:00;0,642439;
Anilin;3;15.04.2016 03:00;0,441616;
Anilin;1;15.04.2016 03:00;0,239055;
Anilin;9;15.04.2016 03:00;0,181161;
Anilin;4;15.04.2016 03:00;0,0585197;
Anilin;2;15.04.2016 03:00;0,0140241;
Anilin;7;15.04.2016 03:00;0,0133512;
Natriumchlorid;7;15.04.2016 04:00;2,96351;
Natriumchlorid;3;15.04.2016 04:00;1,26378;
Natriumchlorid;4;15.04.2016 04:00;0,644655;
Natriumchlorid;5;15.04.2016 04:00;0,392911;
Natriumchlorid;1;15.04.2016 04:00;0,234098;
Natriumchlorid;8;15.04.2016 04:00;0,152949;
Natriumchlorid;6;15.04.2016 04:00;0,0597871;
Natriumchlorid;9;15.04.2016 04:00;0,0533716;
Natriumchlorid;2;15.04.2016 04:00;0,0253387;
Arsen;5;15.04.2016 04:00;0,598085;
Arsen;4;15.04.2016 04:00;0,585998;
Arsen;8;15.04.2016 04:00;0,544236;
Arsen;9;15.04.2016 04:00;0,488274;
Arsen;2;15.04.2016 04:00;0,385869;
Arsen;6;15.04.2016 04:00;0,358947;
Arsen;7;15.04.2016 04:00;0,279385;
Arsen;3;15.04.2016 04:00;0,188198;
Arsen;1;15.04.2016 04:00;0,182145;
Benzol;3;15.04.2016 04:00;0,977218;
Benzol;2;15.04.2016 04:00;0,755885;
Benzol;6;15.04.2016 04:00;0,482439;
Benzol;4;15.04.2016 04:00;0,362705;
Benzol;9;15.04.2016 04:00;0,314143;
Benzol;7;15.04.2016 04:00;0,0928551;
Benzol;5;15.04.2016 04:00;0,0919619;
Benzol;8;15.04.2016 04:00;0,039517;
Benzol;1;15.04.2016 04:00;0,0292672;
Anilin;3;15.04.2016 04:00;1,25264;
Anilin;2;15.04.2016 04:00;0,654136;
Anilin;6;15.04.2016 04:00;0,612543;
Anilin;8;15.04.2016 04:00;0,428067;
Anilin;7;15.04.2016 04:00;0,383963;
Anilin;1;15.04.2016 04:00;0,318546;
Anilin;9;15.04.2016 04:00;0,253198;
Anilin;4;15.04.2016 04:00;0,138798;
Anilin;5;15.04.2016 04:00;0,137889;
Natriumchlorid;8;15.04.2016 05:00;3,33658;
Natriumchlorid;7;15.04.2016 05:00;2,14433;
Natriumchlorid;6;15.04.2016 05:00;1,31836;
Natriumchlorid;3;15.04.2016 05:00;0,476224;
Natriumchlorid;2;15.04.2016 05:00;0,46428;
Natriumchlorid;5;15.04.2016 05:00;0,454403;
Natriumchlorid;1;15.04.2016 05:00;0,41003;
Natriumchlorid;4;15.04.2016 05:00;0,349408;
Natriumchlorid;9;15.04.2016 05:00;0,222854;
Arsen;3;15.04.2016 05:00;0,932025;
Arsen;8;15.04.2016 05:00;0,59395;
Arsen;2;15.04.2016 05:00;0,498781;
Arsen;6;15.04.2016 05:00;0,450177;
Arsen;5;15.04.2016 05:00;0,269731;
Arsen;4;15.04.2016 05:00;0,258609;
Arsen;7;15.04.2016 05:00;0,142222;
Arsen;9;15.04.2016 05:00;0,0525641;
Arsen;1;15.04.2016 05:00;0,0276653;
Benzol;3;15.04.2016 05:00;2,81206;
Benzol;6;15.04.2016 05:00;0,81991;
Benzol;1;15.04.2016 05:00;0,636386;
Benzol;5;15.04.2016 05:00;0,50277;
Benzol;2;15.04.2016 05:00;0,383892;
Benzol;7;15.04.2016 05:00;0,22428;
Benzol;8;15.04.2016 05:00;0,194717;
Benzol;4;15.04.2016 05:00;0,0804211;
Benzol;9;15.04.2016 05:00;0,0059734;
Anilin;8;15.04.2016 05:00;32,82523;
Anilin;3;15.04.2016 05:00;1,76289;
Anilin;6;15.04.2016 05:00;0,786421;
Anilin;2;15.04.2016 05:00;0,432729;
Anilin;1;15.04.2016 05:00;0,274884;
Anilin;7;15.04.2016 05:00;0,246764;
Anilin;4;15.04.2016 05:00;0,204813;
Anilin;9;15.04.2016 05:00;0,125148;
Anilin;5;15.04.2016 05:00;0,0738352;
Natriumchlorid;6;15.04.2016 06:00;20,90265;
Natriumchlorid;8;15.04.2016 06:00;10,86924;
Natriumchlorid;3;15.04.2016 06:00;1,68021;
Natriumchlorid;8;15.04.2016 06:00;1,25285;
Natriumchlorid;2;15.04.2016 06:00;0,392746;
Natriumchlorid;1;15.04.2016 06:00;0,266367;
Natriumchlorid;5;15.04.2016 06:00;0,203627;
Natriumchlorid;9;15.04.2016 06:00;0,153006;
Natriumchlorid;4;15.04.2016 06:00;0,137832;
Natriumchlorid;7;15.04.2016 06:00;0,116485;
Arsen;7;15.04.2016 06:00;1,05871;
Arsen;3;15.04.2016 06:00;0,868765;
Arsen;2;15.04.2016 06:00;0,766528;
Arsen;4;15.04.2016 06:00;0,399735;
Arsen;6;15.04.2016 06:00;0,327588;
Arsen;8;15.04.2016 06:00;0,274012;
Arsen;5;15.04.2016 06:00;0,124698;
Arsen;1;15.04.2016 06:00;0,076742;
Arsen;9;15.04.2016 06:00;0,0646234;
Benzol;3;15.04.2016 06:00;0,937881;
Benzol;8;15.04.2016 06:00;0,762535;
Benzol;6;15.04.2016 06:00;0,613379;
Benzol;9;15.04.2016 06:00;0,469095;
Benzol;2;15.04.2016 06:00;0,365861;
Benzol;4;15.04.2016 06:00;0,247606;
Benzol;7;15.04.2016 06:00;0,219998;
Benzol;5;15.04.2016 06:00;0,103128;
Benzol;1;15.04.2016 06:00;0,0555021;
Anilin;3;15.04.2016 06:00;0,676805;
Anilin;7;15.04.2016 06:00;0,504898;
Anilin;5;15.04.2016 06:00;0,451773;
Anilin;2;15.04.2016 06:00;0,42387;
Anilin;6;15.04.2016 06:00;0,383741;
Anilin;4;15.04.2016 06:00;0,361631;
Anilin;1;15.04.2016 06:00;0,269967;
Anilin;9;15.04.2016 06:00;0,0535762;
Natriumchlorid;6;15.04.2016 07:00;22,17758;
Natriumchlorid;3;15.04.2016 07:00;1,23529;
Natriumchlorid;8;15.04.2016 07:00;1,14015;
Natriumchlorid;7;15.04.2016 07:00;1,07419;
Natriumchlorid;2;15.04.2016 07:00;0,679089;
Natriumchlorid;4;15.04.2016 07:00;0,329566;
Natriumchlorid;1;15.04.2016 07:00;0,251979;
Natriumchlorid;9;15.04.2016 07:00;0,0827645;
Natriumchlorid;5;15.04.2016 07:00;0,0732095;
Arsen;7;15.04.2016 07:00;3,46474;
Arsen;3;15.04.2016 07:00;0,825897;
Arsen;9;15.04.2016 07:00;0,501425;
Arsen;8;15.04.2016 07:00;0,462477;
Arsen;6;15.04.2016 07:00;0,4555;
Arsen;2;15.04.2016 07:00;0,189886;
Arsen;1;15.04.2016 07:00;0,182759;
Arsen;4;15.04.2016 07:00;0,158564;
Arsen;5;15.04.2016 07:00;0,0593581;
Benzol;6;15.04.2016 07:00;0,667029;
Benzol;3;15.04.2016 07:00;0,571165;
Benzol;2;15.04.2016 07:00;0,5123;
Benzol;8;15.04.2016 07:00;0,333493;
Benzol;7;15.04.2016 07:00;0,33063;
Benzol;1;15.04.2016 07:00;0,27666;
Benzol;9;15.04.2016 07:00;0,249608;
Benzol;4;15.04.2016 07:00;0,2486;
Benzol;5;15.04.2016 07:00;0,0587874;
Anilin;6;15.04.2016 07:00;0,640645;
Anilin;4;15.04.2016 07:00;0,51621;
Anilin;3;15.04.2016 07:00;0,503548;
Anilin;2;15.04.2016 07:00;0,353879;
Anilin;9;15.04.2016 07:00;0,287227;
Anilin;5;15.04.2016 07:00;0,241079;
Anilin;7;15.04.2016 07:00;0,186286;
Anilin;8;15.04.2016 07:00;0,13148;
Anilin;1;15.04.2016 07:00;0,0381089;
Natriumchlorid;6;15.04.2016 08:00;38,05422;
Natriumchlorid;8;15.04.2016 08:00;2,66158;
Natriumchlorid;4;15.04.2016 08:00;0,595874;
Natriumchlorid;3;15.04.2016 08:00;0,481643;
Natriumchlorid;9;15.04.2016 08:00;0,478063;
Natriumchlorid;5;15.04.2016 08:00;0,372814;
Natriumchlorid;7;15.04.2016 08:00;0,32386;
Natriumchlorid;2;15.04.2016 08:00;0,318427;
Natriumchlorid;1;15.04.2016 08:00;0,0105353;
Arsen;7;15.04.2016 08:00;3,2428;
Arsen;3;15.04.2016 08:00;1,99743;
Arsen;8;15.04.2016 08:00;1,19629;
Arsen;1;15.04.2016 08:00;0,366639;
Arsen;5;15.04.2016 08:00;0,343835;
Arsen;6;15.04.2016 08:00;0,316193;
Arsen;9;15.04.2016 08:00;0,119124;
Arsen;4;15.04.2016 08:00;0,0996778;
Arsen;2;15.04.2016 08:00;0,0674478;
Benzol;3;15.04.2016 08:00;1,62533;
Benzol;8;15.04.2016 08:00;0,665575;
Benzol;2;15.04.2016 08:00;0,628437;
Benzol;7;15.04.2016 08:00;0,581204;
Benzol;4;15.04.2016 08:00;0,474464;
Benzol;6;15.04.2016 08:00;0,310614;
Benzol;1;15.04.2016 08:00;0,230928;
Benzol;9;15.04.2016 08:00;0,139473;
Benzol;5;15.04.2016 08:00;0,0275271;
Anilin;8;15.04.2016 08:00;0,637311;
Anilin;6;15.04.2016 08:00;0,51249;
Anilin;5;15.04.2016 08:00;0,461015;
Anilin;2;15.04.2016 08:00;0,3499;
Anilin;4;15.04.2016 08:00;0,303177;
Anilin;3;15.04.2016 08:00;0,2067;
Anilin;9;15.04.2016 08:00;0,112521;
Anilin;7;15.04.2016 08:00;0,0599188;
Anilin;1;15.04.2016 08:00;0,0131952;
Natriumchlorid;8;15.04.2016 09:00;37,69717;
Natriumchlorid;6;15.04.2016 09:00;15,66241;
Natriumchlorid;8;15.04.2016 09:00;4,37399;
Natriumchlorid;3;15.04.2016 09:00;3,13483;
Natriumchlorid;7;15.04.2016 09:00;1,10772;
Natriumchlorid;5;15.04.2016 09:00;0,483095;
Natriumchlorid;4;15.04.2016 09:00;0,356236;
Natriumchlorid;9;15.04.2016 09:00;0,349613;
Natriumchlorid;1;15.04.2016 09:00;0,345895;
Natriumchlorid;2;15.04.2016 09:00;0,220924;
Arsen;3;15.04.2016 09:00;0,758283;
Arsen;8;15.04.2016 09:00;0,706152;
Arsen;4;15.04.2016 09:00;0,554655;
Arsen;6;15.04.2016 09:00;0,3366;
Arsen;1;15.04.2016 09:00;0,33214;
Arsen;9;15.04.2016 09:00;0,261842;
Arsen;2;15.04.2016 09:00;0,204544;
Arsen;5;15.04.2016 09:00;0,187699;
Arsen;7;15.04.2016 09:00;0,118302;
Benzol;3;15.04.2016 09:00;1,77034;
Benzol;8;15.04.2016 09:00;0,70382;
Benzol;7;15.04.2016 09:00;0,67251;
Benzol;6;15.04.2016 09:00;0,492899;
Benzol;9;15.04.2016 09:00;0,46547;
Benzol;4;15.04.2016 09:00;0,444837;
Benzol;5;15.04.2016 09:00;0,106041;
Benzol;2;15.04.2016 09:00;0,0668357;
Benzol;1;15.04.2016 09:00;0,00881225;
Anilin;9;15.04.2016 09:00;0,64379;
Anilin;2;15.04.2016 09:00;0,603479;
Anilin;3;15.04.2016 09:00;0,441297;
Anilin;6;15.04.2016 09:00;0,430898;
Anilin;1;15.04.2016 09:00;0,262644;
Anilin;4;15.04.2016 09:00;0,0870697;
Anilin;5;15.04.2016 09:00;0,059989;
Anilin;7;15.04.2016 09:00;0,0038766;
Natriumchlorid;8;15.04.2016 10:00;101,10558;
Natriumchlorid;8;15.04.2016 10:00;10,36989;
Natriumchlorid;6;15.04.2016 10:00;1,33656;
Natriumchlorid;3;15.04.2016 10:00;0,773634;
Natriumchlorid;1;15.04.2016 10:00;0,230403;
Natriumchlorid;5;15.04.2016 10:00;0,206095;
Natriumchlorid;7;15.04.2016 10:00;0,152049;
Natriumchlorid;4;15.04.2016 10:00;0,0529581;
Natriumchlorid;2;15.04.2016 10:00;0,0414467;
Natriumchlorid;9;15.04.2016 10:00;0,0246938;
Arsen;3;15.04.2016 10:00;1,77211;
Arsen;1;15.04.2016 10:00;0,501568;
Arsen;2;15.04.2016 10:00;0,477637;
Arsen;6;15.04.2016 10:00;0,307595;
Arsen;5;15.04.2016 10:00;0,288353;
Arsen;7;15.04.2016 10:00;0,224529;
Arsen;4;15.04.2016 10:00;0,214293;
Arsen;9;15.04.2016 10:00;0,18612;
Arsen;8;15.04.2016 10:00;0,0462381;
Benzol;7;15.04.2016 10:00;2,18051;
Benzol;3;15.04.2016 10:00;0,712457;
Benzol;1;15.04.2016 10:00;0,513178;
Benzol;9;15.04.2016 10:00;0,435518;
Benzol;6;15.04.2016 10:00;0,277029;
Benzol;4;15.04.2016 10:00;0,221778;
Benzol;8;15.04.2016 10:00;0,187352;
Benzol;5;15.04.2016 10:00;0,0653291;
Benzol;2;15.04.2016 10:00;0,0453955;
Anilin;3;15.04.2016 10:00;2,15456;
Anilin;2;15.04.2016 10:00;0,640469;
Anilin;1;15.04.2016 10:00;0,587616;
Anilin;6;15.04.2016 10:00;0,508232;
Anilin;5;15.04.2016 10:00;0,320754;
Anilin;9;15.04.2016 10:00;0,248457;
Anilin;4;15.04.2016 10:00;0,232697;
Anilin;7;15.04.2016 10:00;0,184689;
Natriumchlorid;6;15.04.2016 11:00;18,86035;
Natriumchlorid;1;15.04.2016 11:00;0,454709;
Natriumchlorid;2;15.04.2016 11:00;0,369352;
Natriumchlorid;7;15.04.2016 11:00;0,319787;
Natriumchlorid;5;15.04.2016 11:00;0,281737;
Natriumchlorid;4;15.04.2016 11:00;0,269315;
Natriumchlorid;9;15.04.2016 11:00;0,155362;
Natriumchlorid;8;15.04.2016 11:00;0,0620351;
Natriumchlorid;3;15.04.2016 11:00;0,053519;
Arsen;3;15.04.2016 11:00;1,09207;
Arsen;8;15.04.2016 11:00;1,01009;
Arsen;2;15.04.2016 11:00;0,488764;
Arsen;6;15.04.2016 11:00;0,474179;
Arsen;1;15.04.2016 11:00;0,278009;
Arsen;7;15.04.2016 11:00;0,226465;
Arsen;4;15.04.2016 11:00;0,199144;
Arsen;5;15.04.2016 11:00;0,0806689;
Arsen;9;15.04.2016 11:00;0,0564908;
Benzol;3;15.04.2016 11:00;2,20197;
Benzol;6;15.04.2016 11:00;0,754004;
Benzol;8;15.04.2016 11:00;0,748634;
Benzol;9;15.04.2016 11:00;0,578061;
Benzol;7;15.04.2016 11:00;0,522117;
Benzol;2;15.04.2016 11:00;0,35013;
Benzol;4;15.04.2016 11:00;0,298158;
Benzol;1;15.04.2016 11:00;0,289758;
Benzol;5;15.04.2016 11:00;0,17356;
Anilin;3;15.04.2016 11:00;0,923823;
Anilin;2;15.04.2016 11:00;0,729467;
Anilin;5;15.04.2016 11:00;0,513422;
Anilin;7;15.04.2016 11:00;0,494354;
Anilin;8;15.04.2016 11:00;0,292779;
Anilin;6;15.04.2016 11:00;0,271323;
Anilin;9;15.04.2016 11:00;0,2313;
Anilin;1;15.04.2016 11:00;0,0662761;
Anilin;4;15.04.2016 11:00;0,00941773;
Natriumchlorid;6;15.04.2016 12:00;45,51334;
Natriumchlorid;3;15.04.2016 12:00;1,29268;
Natriumchlorid;7;15.04.2016 12:00;0,98786;
Natriumchlorid;9;15.04.2016 12:00;0,275903;
Natriumchlorid;1;15.04.2016 12:00;0,265543;
Natriumchlorid;2;15.04.2016 12:00;0,236909;
Natriumchlorid;4;15.04.2016 12:00;0,204609;
Natriumchlorid;5;15.04.2016 12:00;0,178013;
Natriumchlorid;8;15.04.2016 12:00;0,0222438;
Arsen;7;15.04.2016 12:00;1,58927;
Arsen;3;15.04.2016 12:00;1,46465;
Arsen;2;15.04.2016 12:00;0,576839;
Arsen;4;15.04.2016 12:00;0,574061;
Arsen;5;15.04.2016 12:00;0,543446;
Arsen;8;15.04.2016 12:00;0,419454;
Arsen;6;15.04.2016 12:00;0,398003;
Arsen;9;15.04.2016 12:00;0,24282;
Arsen;1;15.04.2016 12:00;0,00634038;
Benzol;3;15.04.2016 12:00;1,81479;
Benzol;6;15.04.2016 12:00;0,610083;
Benzol;8;15.04.2016 12:00;0,448234;
Benzol;5;15.04.2016 12:00;0,425183;
Benzol;2;15.04.2016 12:00;0,362963;
Benzol;4;15.04.2016 12:00;0,303373;
Benzol;1;15.04.2016 12:00;0,167048;
Benzol;7;15.04.2016 12:00;0,141364;
Benzol;9;15.04.2016 12:00;0,132257;
Anilin;2;15.04.2016 12:00;0,684015;
Anilin;6;15.04.2016 12:00;0,544998;
Anilin;7;15.04.2016 12:00;0,44044;
Anilin;4;15.04.2016 12:00;0,352903;
Anilin;5;15.04.2016 12:00;0,322278;
Anilin;8;15.04.2016 12:00;0,312888;
Anilin;3;15.04.2016 12:00;0,29688;
Anilin;1;15.04.2016 12:00;0,1532;
Anilin;9;15.04.2016 12:00;0,0408862;
Natriumchlorid;8;15.04.2016 13:00;21,41886;
Natriumchlorid;6;15.04.2016 13:00;11,64968;
Natriumchlorid;3;15.04.2016 13:00;2,31137;
Natriumchlorid;8;15.04.2016 13:00;2,24773;
Natriumchlorid;7;15.04.2016 13:00;1,06523;
Natriumchlorid;5;15.04.2016 13:00;0,407449;
Natriumchlorid;9;15.04.2016 13:00;0,289453;
Natriumchlorid;1;15.04.2016 13:00;0,230077;
Natriumchlorid;2;15.04.2016 13:00;0,163152;
Natriumchlorid;4;15.04.2016 13:00;0,00552419;
Arsen;7;15.04.2016 13:00;1,46255;
Arsen;3;15.04.2016 13:00;0,601893;
Arsen;1;15.04.2016 13:00;0,382587;
Arsen;8;15.04.2016 13:00;0,370287;
Arsen;4;15.04.2016 13:00;0,330461;
Arsen;6;15.04.2016 13:00;0,279277;
Arsen;2;15.04.2016 13:00;0,234605;
Arsen;5;15.04.2016 13:00;0,187238;
Arsen;9;15.04.2016 13:00;0,093473;
Benzol;3;15.04.2016 13:00;4,34825;
Benzol;2;15.04.2016 13:00;0,519125;
Benzol;6;15.04.2016 13:00;0,518054;
Benzol;8;15.04.2016 13:00;0,370644;
Benzol;1;15.04.2016 13:00;0,345875;
Benzol;9;15.04.2016 13:00;0,330621;
Benzol;5;15.04.2016 13:00;0,324683;
Benzol;4;15.04.2016 13:00;0,29871;
Benzol;7;15.04.2016 13:00;0,183774;
Anilin;3;15.04.2016 13:00;1,36342;
Anilin;7;15.04.2016 13:00;0,454965;
Anilin;6;15.04.2016 13:00;0,390166;
Anilin;4;15.04.2016 13:00;0,369295;
Anilin;1;15.04.2016 13:00;0,282522;
Anilin;2;15.04.2016 13:00;0,23568;
Anilin;5;15.04.2016 13:00;0,192095;
Anilin;9;15.04.2016 13:00;0,180369;
Natriumchlorid;8;15.04.2016 14:00;4,35085;
Natriumchlorid;3;15.04.2016 14:00;1,57763;
Natriumchlorid;8;15.04.2016 14:00;0,834962;
Natriumchlorid;7;15.04.2016 14:00;0,828813;
Natriumchlorid;4;15.04.2016 14:00;0,60773;
Natriumchlorid;6;15.04.2016 14:00;0,448962;
Natriumchlorid;2;15.04.2016 14:00;0,377415;
Natriumchlorid;1;15.04.2016 14:00;0,212976;
Natriumchlorid;9;15.04.2016 14:00;0,116934;
Natriumchlorid;5;15.04.2016 14:00;0,0158058;
Arsen;7;15.04.2016 14:00;0,85449;
Arsen;3;15.04.2016 14:00;0,759127;
Arsen;8;15.04.2016 14:00;0,436251;
Arsen;2;15.04.2016 14:00;0,404306;
Arsen;6;15.04.2016 14:00;0,376037;
Arsen;4;15.04.2016 14:00;0,235705;
Arsen;1;15.04.2016 14:00;0,217149;
Arsen;9;15.04.2016 14:00;0,1769;
Arsen;5;15.04.2016 14:00;0,124436;
Benzol;8;15.04.2016 14:00;0,832399;
Benzol;7;15.04.2016 14:00;0,813206;
Benzol;3;15.04.2016 14:00;0,729794;
Benzol;6;15.04.2016 14:00;0,476166;
Benzol;9;15.04.2016 14:00;0,474566;
Benzol;2;15.04.2016 14:00;0,273654;
Benzol;4;15.04.2016 14:00;0,244162;
Benzol;1;15.04.2016 14:00;0,186411;
Benzol;5;15.04.2016 14:00;0,00268009;
Anilin;2;15.04.2016 14:00;0,634128;
Anilin;3;15.04.2016 14:00;0,525211;
Anilin;1;15.04.2016 14:00;0,485917;
Anilin;7;15.04.2016 14:00;0,359457;
Anilin;9;15.04.2016 14:00;0,354309;
Anilin;4;15.04.2016 14:00;0,337344;
Anilin;5;15.04.2016 14:00;0,308729;
Anilin;6;15.04.2016 14:00;0,185971;
Natriumchlorid;7;15.04.2016 15:00;1,49007;
Natriumchlorid;8;15.04.2016 15:00;0,909968;
Natriumchlorid;6;15.04.2016 15:00;0,570062;
Natriumchlorid;1;15.04.2016 15:00;0,366682;
Natriumchlorid;4;15.04.2016 15:00;0,180261;
Natriumchlorid;9;15.04.2016 15:00;0,104451;
Natriumchlorid;5;15.04.2016 15:00;0,0763845;
Natriumchlorid;3;15.04.2016 15:00;0,0113537;
Natriumchlorid;2;15.04.2016 15:00;0,00266907;
Arsen;3;15.04.2016 15:00;2,40802;
Arsen;7;15.04.2016 15:00;0,79605;
Arsen;6;15.04.2016 15:00;0,523433;
Arsen;1;15.04.2016 15:00;0,476224;
Arsen;5;15.04.2016 15:00;0,272921;
Arsen;8;15.04.2016 15:00;0,197296;
Arsen;4;15.04.2016 15:00;0,1351;
Arsen;9;15.04.2016 15:00;0,0248986;
Arsen;2;15.04.2016 15:00;0,0151216;
Benzol;3;15.04.2016 15:00;1,37566;
Benzol;8;15.04.2016 15:00;0,958175;
Benzol;2;15.04.2016 15:00;0,680093;
Benzol;9;15.04.2016 15:00;0,641836;
Benzol;6;15.04.2016 15:00;0,510685;
Benzol;4;15.04.2016 15:00;0,482124;
Benzol;1;15.04.2016 15:00;0,239819;
Benzol;7;15.04.2016 15:00;0,0750694;
Benzol;5;15.04.2016 15:00;0,0678463;
Anilin;3;15.04.2016 15:00;1,60428;
Anilin;8;15.04.2016 15:00;1,3355;
Anilin;2;15.04.2016 15:00;0,659007;
Anilin;6;15.04.2016 15:00;0,398309;
Anilin;5;15.04.2016 15:00;0,394466;
Anilin;7;15.04.2016 15:00;0,288906;
Anilin;4;15.04.2016 15:00;0,225235;
Anilin;1;15.04.2016 15:00;0,101145;
Anilin;9;15.04.2016 15:00;0,0534458;
Natriumchlorid;3;15.04.2016 16:00;3,60584;
Natriumchlorid;2;15.04.2016 16:00;0,603072;
Natriumchlorid;4;15.04.2016 16:00;0,428959;
Natriumchlorid;6;15.04.2016 16:00;0,35577;
Natriumchlorid;7;15.04.2016 16:00;0,341131;
Natriumchlorid;5;15.04.2016 16:00;0,309783;
Natriumchlorid;8;15.04.2016 16:00;0,185447;
Natriumchlorid;9;15.04.2016 16:00;0,16611;
Natriumchlorid;1;15.04.2016 16:00;0,0225215;
Arsen;3;15.04.2016 16:00;0,977899;
Arsen;5;15.04.2016 16:00;0,929031;
Arsen;8;15.04.2016 16:00;0,474961;
Arsen;2;15.04.2016 16:00;0,420158;
Arsen;9;15.04.2016 16:00;0,250495;
Arsen;1;15.04.2016 16:00;0,244449;
Arsen;7;15.04.2016 16:00;0,119493;
Arsen;4;15.04.2016 16:00;0,07895;
Arsen;6;15.04.2016 16:00;0,073603;
Benzol;8;15.04.2016 16:00;0,924222;
Benzol;7;15.04.2016 16:00;0,790553;
Benzol;3;15.04.2016 16:00;0,700415;
Benzol;4;15.04.2016 16:00;0,346868;
Benzol;5;15.04.2016 16:00;0,255636;
Benzol;2;15.04.2016 16:00;0,244814;
Benzol;6;15.04.2016 16:00;0,211723;
Benzol;1;15.04.2016 16:00;0,164846;
Benzol;9;15.04.2016 16:00;0,0630251;
Anilin;3;15.04.2016 16:00;1,47022;
Anilin;2;15.04.2016 16:00;1,13644;
Anilin;7;15.04.2016 16:00;0,661711;
Anilin;8;15.04.2016 16:00;0,565511;
Anilin;4;15.04.2016 16:00;0,500395;
Anilin;5;15.04.2016 16:00;0,346698;
Anilin;6;15.04.2016 16:00;0,329235;
Anilin;9;15.04.2016 16:00;0,233921;
Anilin;1;15.04.2016 16:00;0,177877;
Natriumchlorid;7;15.04.2016 17:00;1,05078;
Natriumchlorid;3;15.04.2016 17:00;1,02436;
Natriumchlorid;8;15.04.2016 17:00;0,948349;
Natriumchlorid;6;15.04.2016 17:00;0,463577;
Natriumchlorid;2;15.04.2016 17:00;0,240875;
Natriumchlorid;1;15.04.2016 17:00;0,0593264;
Natriumchlorid;9;15.04.2016 17:00;0,0344633;
Natriumchlorid;4;15.04.2016 17:00;0,0324103;
Natriumchlorid;5;15.04.2016 17:00;0,0265351;
Arsen;3;15.04.2016 17:00;1,67102;
Arsen;8;15.04.2016 17:00;0,736491;
Arsen;9;15.04.2016 17:00;0,632341;
Arsen;7;15.04.2016 17:00;0,536749;
Arsen;1;15.04.2016 17:00;0,477822;
Arsen;5;15.04.2016 17:00;0,256598;
Arsen;6;15.04.2016 17:00;0,254225;
Arsen;2;15.04.2016 17:00;0,190069;
Arsen;4;15.04.2016 17:00;0,168753;
Benzol;3;15.04.2016 17:00;1,29196;
Benzol;7;15.04.2016 17:00;0,910403;
Benzol;4;15.04.2016 17:00;0,487682;
Benzol;1;15.04.2016 17:00;0,330318;
Benzol;9;15.04.2016 17:00;0,257682;
Benzol;2;15.04.2016 17:00;0,251349;
Benzol;8;15.04.2016 17:00;0,192663;
Benzol;5;15.04.2016 17:00;0,182291;
Benzol;6;15.04.2016 17:00;0,103623;
Anilin;3;15.04.2016 17:00;1,29313;
Anilin;2;15.04.2016 17:00;0,745198;
Anilin;6;15.04.2016 17:00;0,409007;
Anilin;1;15.04.2016 17:00;0,39607;
Anilin;7;15.04.2016 17:00;0,339141;
Anilin;8;15.04.2016 17:00;0,279267;
Anilin;5;15.04.2016 17:00;0,232953;
Anilin;4;15.04.2016 17:00;0,129383;
Anilin;9;15.04.2016 17:00;0,0219619;
Natriumchlorid;8;15.04.2016 18:00;0,917648;
Natriumchlorid;3;15.04.2016 18:00;0,896049;
Natriumchlorid;6;15.04.2016 18:00;0,80039;
Natriumchlorid;5;15.04.2016 18:00;0,671689;
Natriumchlorid;4;15.04.2016 18:00;0,624688;
Natriumchlorid;1;15.04.2016 18:00;0,51932;
Natriumchlorid;7;15.04.2016 18:00;0,467499;
Natriumchlorid;2;15.04.2016 18:00;0,298589;
Natriumchlorid;9;15.04.2016 18:00;0,185077;
Arsen;3;15.04.2016 18:00;0,667369;
Arsen;9;15.04.2016 18:00;0,557125;
Arsen;6;15.04.2016 18:00;0,477401;
Arsen;8;15.04.2016 18:00;0,475771;
Arsen;2;15.04.2016 18:00;0,431643;
Arsen;4;15.04.2016 18:00;0,319746;
Arsen;1;15.04.2016 18:00;0,28189;
Arsen;7;15.04.2016 18:00;0,118247;
Arsen;5;15.04.2016 18:00;0,0606611;
Benzol;3;15.04.2016 18:00;2,10368;
Benzol;8;15.04.2016 18:00;0,465315;
Benzol;9;15.04.2016 18:00;0,45164;
Benzol;6;15.04.2016 18:00;0,436158;
Benzol;2;15.04.2016 18:00;0,427998;
Benzol;4;15.04.2016 18:00;0,263251;
Benzol;7;15.04.2016 18:00;0,177676;
Benzol;5;15.04.2016 18:00;0,114882;
Benzol;1;15.04.2016 18:00;0,0801018;
Anilin;3;15.04.2016 18:00;3,53344;
Anilin;4;15.04.2016 18:00;0,471936;
Anilin;5;15.04.2016 18:00;0,38643;
Anilin;2;15.04.2016 18:00;0,353484;
Anilin;8;15.04.2016 18:00;0,316989;
Anilin;6;15.04.2016 18:00;0,231667;
Anilin;7;15.04.2016 18:00;0,216218;
Anilin;1;15.04.2016 18:00;0,173415;
Anilin;9;15.04.2016 18:00;0,146079;
Natriumchlorid;6;15.04.2016 19:00;0,957513;
Natriumchlorid;3;15.04.2016 19:00;0,938772;
Natriumchlorid;4;15.04.2016 19:00;0,652766;
Natriumchlorid;2;15.04.2016 19:00;0,570638;
Natriumchlorid;1;15.04.2016 19:00;0,384896;
Natriumchlorid;9;15.04.2016 19:00;0,327381;
Natriumchlorid;7;15.04.2016 19:00;0,310013;
Natriumchlorid;8;15.04.2016 19:00;0,119515;
Natriumchlorid;5;15.04.2016 19:00;0,0257023;
Arsen;7;15.04.2016 19:00;0,958873;
Arsen;2;15.04.2016 19:00;0,57257;
Arsen;4;15.04.2016 19:00;0,537829;
Arsen;5;15.04.2016 19:00;0,407743;
Arsen;9;15.04.2016 19:00;0,401358;
Arsen;6;15.04.2016 19:00;0,394009;
Arsen;8;15.04.2016 19:00;0,332966;
Arsen;3;15.04.2016 19:00;0,27016;
Arsen;1;15.04.2016 19:00;0,00461039;
Benzol;3;15.04.2016 19:00;1,27812;
Benzol;7;15.04.2016 19:00;1,05296;
Benzol;1;15.04.2016 19:00;0,436254;
Benzol;4;15.04.2016 19:00;0,387883;
Benzol;9;15.04.2016 19:00;0,28359;
Benzol;5;15.04.2016 19:00;0,218079;
Benzol;8;15.04.2016 19:00;0,121704;
Benzol;6;15.04.2016 19:00;0,119176;
Benzol;2;15.04.2016 19:00;0,115925;
Anilin;3;15.04.2016 19:00;1,84855;
Anilin;4;15.04.2016 19:00;0,739413;
Anilin;5;15.04.2016 19:00;0,50704;
Anilin;6;15.04.2016 19:00;0,386917;
Anilin;9;15.04.2016 19:00;0,311343;
Anilin;2;15.04.2016 19:00;0,278639;
Anilin;1;15.04.2016 19:00;0,21477;
Anilin;7;15.04.2016 19:00;0,19945;
Anilin;8;15.04.2016 19:00;0,0764959;
Natriumchlorid;3;15.04.2016 20:00;0,684588;
Natriumchlorid;8;15.04.2016 20:00;0,520541;
Natriumchlorid;5;15.04.2016 20:00;0,333507;
Natriumchlorid;4;15.04.2016 20:00;0,30267;
Natriumchlorid;2;15.04.2016 20:00;0,294648;
Natriumchlorid;1;15.04.2016 20:00;0,254086;
Natriumchlorid;6;15.04.2016 20:00;0,227288;
Natriumchlorid;9;15.04.2016 20:00;0,0552807;
Natriumchlorid;7;15.04.2016 20:00;0,050317;
Arsen;6;15.04.2016 20:00;0,448064;
Arsen;8;15.04.2016 20:00;0,387896;
Arsen;4;15.04.2016 20:00;0,322731;
Arsen;2;15.04.2016 20:00;0,303103;
Arsen;9;15.04.2016 20:00;0,209941;
Arsen;5;15.04.2016 20:00;0,163506;
Arsen;3;15.04.2016 20:00;0,14214;
Arsen;1;15.04.2016 20:00;0,0669259;
Arsen;7;15.04.2016 20:00;0,0137218;
Benzol;7;15.04.2016 20:00;1,29834;
Benzol;9;15.04.2016 20:00;0,674873;
Benzol;3;15.04.2016 20:00;0,673455;
Benzol;6;15.04.2016 20:00;0,356178;
Benzol;8;15.04.2016 20:00;0,22397;
Benzol;5;15.04.2016 20:00;0,144691;
Benzol;1;15.04.2016 20:00;0,123916;
Benzol;4;15.04.2016 20:00;0,072202;
Benzol;2;15.04.2016 20:00;0,0629872;
Anilin;8;15.04.2016 20:00;0,899655;
Anilin;3;15.04.2016 20:00;0,616291;
Anilin;5;15.04.2016 20:00;0,555667;
Anilin;6;15.04.2016 20:00;0,283617;
Anilin;9;15.04.2016 20:00;0,204108;
Anilin;4;15.04.2016 20:00;0,188584;
Anilin;1;15.04.2016 20:00;0,163329;
Anilin;7;15.04.2016 20:00;0,128541;
Anilin;2;15.04.2016 20:00;0,0959573;
Natriumchlorid;7;15.04.2016 21:00;47,05521;
Natriumchlorid;7;15.04.2016 21:00;5,23511;
Natriumchlorid;8;15.04.2016 21:00;1,17887;
Natriumchlorid;9;15.04.2016 21:00;0,493562;
Natriumchlorid;3;15.04.2016 21:00;0,350466;
Natriumchlorid;2;15.04.2016 21:00;0,33638;
Natriumchlorid;4;15.04.2016 21:00;0,32093;
Natriumchlorid;6;15.04.2016 21:00;0,0794704;
Natriumchlorid;5;15.04.2016 21:00;0,0748288;
Natriumchlorid;1;15.04.2016 21:00;0,0281495;
Arsen;3;15.04.2016 21:00;1,6276;
Arsen;8;15.04.2016 21:00;0,715881;
Arsen;2;15.04.2016 21:00;0,69462;
Arsen;7;15.04.2016 21:00;0,569484;
Arsen;9;15.04.2016 21:00;0,54185;
Arsen;4;15.04.2016 21:00;0,399287;
Arsen;1;15.04.2016 21:00;0,262291;
Arsen;5;15.04.2016 21:00;0,181391;
Arsen;6;15.04.2016 21:00;0,121696;
Benzol;3;15.04.2016 21:00;2,08208;
Benzol;9;15.04.2016 21:00;0,447343;
Benzol;4;15.04.2016 21:00;0,386218;
Benzol;2;15.04.2016 21:00;0,345837;
Benzol;1;15.04.2016 21:00;0,32583;
Benzol;7;15.04.2016 21:00;0,289154;
Benzol;5;15.04.2016 21:00;0,260231;
Benzol;8;15.04.2016 21:00;0,174733;
Benzol;6;15.04.2016 21:00;0,00695886;
Anilin;1;15.04.2016 21:00;0,533575;
Anilin;9;15.04.2016 21:00;0,428149;
Anilin;3;15.04.2016 21:00;0,423299;
Anilin;6;15.04.2016 21:00;0,361974;
Anilin;4;15.04.2016 21:00;0,319254;
Anilin;5;15.04.2016 21:00;0,262455;
Anilin;2;15.04.2016 21:00;0,210328;
Anilin;8;15.04.2016 21:00;0,0873266;
Natriumchlorid;7;15.04.2016 22:00;5,60436;
Natriumchlorid;3;15.04.2016 22:00;1,09834;
Natriumchlorid;8;15.04.2016 22:00;0,92866;
Natriumchlorid;5;15.04.2016 22:00;0,52182;
Natriumchlorid;4;15.04.2016 22:00;0,480209;
Natriumchlorid;6;15.04.2016 22:00;0,230596;
Natriumchlorid;9;15.04.2016 22:00;0,22113;
Natriumchlorid;1;15.04.2016 22:00;0,0898832;
Natriumchlorid;2;15.04.2016 22:00;0,0258412;
Arsen;3;15.04.2016 22:00;4,31202;
Arsen;4;15.04.2016 22:00;0,57567;
Arsen;5;15.04.2016 22:00;0,438742;
Arsen;8;15.04.2016 22:00;0,434329;
Arsen;6;15.04.2016 22:00;0,39205;
Arsen;2;15.04.2016 22:00;0,300658;
Arsen;7;15.04.2016 22:00;0,243143;
Arsen;1;15.04.2016 22:00;0,235521;
Arsen;9;15.04.2016 22:00;0,0772328;
Benzol;3;15.04.2016 22:00;2,40693;
Benzol;7;15.04.2016 22:00;1,75248;
Benzol;2;15.04.2016 22:00;0,610255;
Benzol;8;15.04.2016 22:00;0,546721;
Benzol;6;15.04.2016 22:00;0,460703;
Benzol;4;15.04.2016 22:00;0,292126;
Benzol;9;15.04.2016 22:00;0,286369;
Benzol;1;15.04.2016 22:00;0,18282;
Benzol;5;15.04.2016 22:00;0,166247;
Anilin;7;15.04.2016 22:00;55,1599;
Anilin;3;15.04.2016 22:00;0,775991;
Anilin;8;15.04.2016 22:00;0,506016;
Anilin;9;15.04.2016 22:00;0,435151;
Anilin;4;15.04.2016 22:00;0,390266;
Anilin;2;15.04.2016 22:00;0,303325;
Anilin;6;15.04.2016 22:00;0,292758;
Anilin;5;15.04.2016 22:00;0,18019;
Anilin;1;15.04.2016 22:00;0,0438293;
Natriumchlorid;7;15.04.2016 23:00;2,49098;
Natriumchlorid;5;15.04.2016 23:00;0,64102;
Natriumchlorid;8;15.04.2016 23:00;0,472751;
Natriumchlorid;3;15.04.2016 23:00;0,370188;
Natriumchlorid;6;15.04.2016 23:00;0,320583;
Natriumchlorid;4;15.04.2016 23:00;0,26336;
Natriumchlorid;2;15.04.2016 23:00;0,201955;
Natriumchlorid;1;15.04.2016 23:00;0,130586;
Natriumchlorid;9;15.04.2016 23:00;0,0718434;
Arsen;4;15.04.2016 23:00;0,392235;
Arsen;6;15.04.2016 23:00;0,390089;
Arsen;5;15.04.2016 23:00;0,389575;
Arsen;8;15.04.2016 23:00;0,364873;
Arsen;7;15.04.2016 23:00;0,339593;
Arsen;3;15.04.2016 23:00;0,114089;
Arsen;1;15.04.2016 23:00;0,0876277;
Arsen;2;15.04.2016 23:00;0,069556;
Arsen;9;15.04.2016 23:00;0,0600115;
Benzol;3;15.04.2016 23:00;1,43799;
Benzol;8;15.04.2016 23:00;0,80752;
Benzol;1;15.04.2016 23:00;0,477581;
Benzol;7;15.04.2016 23:00;0,284799;
Benzol;4;15.04.2016 23:00;0,281238;
Benzol;9;15.04.2016 23:00;0,280992;
Benzol;2;15.04.2016 23:00;0,244938;
Benzol;5;15.04.2016 23:00;0,235497;
Benzol;6;15.04.2016 23:00;0,197955;
Anilin;7;15.04.2016 23:00;7,82271;
Anilin;3;15.04.2016 23:00;1,13973;
Anilin;2;15.04.2016 23:00;0,690636;
Anilin;8;15.04.2016 23:00;0,592471;
Anilin;4;15.04.2016 23:00;0,469842;
Anilin;6;15.04.2016 23:00;0,448457;
Anilin;9;15.04.2016 23:00;0,40113;
Anilin;1;15.04.2016 23:00;0,292507;
Anilin;5;15.04.2016 23:00;0,246103;
Natriumchlorid;2;16.04.2016 00:00;0,577461;
Natriumchlorid;9;16.04.2016 00:00;0,557578;
Natriumchlorid;7;16.04.2016 00:00;0,498927;
Natriumchlorid;6;16.04.2016 00:00;0,268412;
Natriumchlorid;3;16.04.2016 00:00;0,204809;
Natriumchlorid;4;16.04.2016 00:00;0,191485;
Natriumchlorid;5;16.04.2016 00:00;0,166247;
Natriumchlorid;1;16.04.2016 00:00;0,147546;
Natriumchlorid;8;16.04.2016 00:00;0,123219;
Arsen;3;16.04.2016 00:00;0,850406;
Arsen;8;16.04.2016 00:00;0,699146;
Arsen;5;16.04.2016 00:00;0,606852;
Arsen;6;16.04.2016 00:00;0,505514;
Arsen;2;16.04.2016 00:00;0,318877;
Arsen;4;16.04.2016 00:00;0,173352;
Arsen;7;16.04.2016 00:00;0,10405;
Arsen;1;16.04.2016 00:00;0,00642619;
Arsen;9;16.04.2016 00:00;0,00161647;
Benzol;8;16.04.2016 00:00;0,676236;
Benzol;1;16.04.2016 00:00;0,486214;
Benzol;6;16.04.2016 00:00;0,406695;
Benzol;4;16.04.2016 00:00;0,367581;
Benzol;3;16.04.2016 00:00;0,360957;
Benzol;5;16.04.2016 00:00;0,311605;
Benzol;2;16.04.2016 00:00;0,0787544;
Benzol;9;16.04.2016 00:00;0,0581542;
Benzol;7;16.04.2016 00:00;0,016987;
Anilin;3;16.04.2016 00:00;2,41569;
Anilin;6;16.04.2016 00:00;0,613866;
Anilin;4;16.04.2016 00:00;0,60593;
Anilin;5;16.04.2016 00:00;0,390367;
Anilin;1;16.04.2016 00:00;0,305796;
Anilin;8;16.04.2016 00:00;0,301366;
Anilin;9;16.04.2016 00:00;0,237418;
Anilin;7;16.04.2016 00:00;0,214296;
Anilin;2;16.04.2016 00:00;0,0777284;
Natriumchlorid;3;16.04.2016 01:00;0,858776;
Natriumchlorid;2;16.04.2016 01:00;0,829716;
Natriumchlorid;1;16.04.2016 01:00;0,565169;
Natriumchlorid;5;16.04.2016 01:00;0,411527;
Natriumchlorid;4;16.04.2016 01:00;0,327017;
Natriumchlorid;6;16.04.2016 01:00;0,290633;
Natriumchlorid;7;16.04.2016 01:00;0,116131;
Natriumchlorid;8;16.04.2016 01:00;0,0504703;
Natriumchlorid;9;16.04.2016 01:00;0,0175889;
Arsen;2;16.04.2016 01:00;0,505784;
Arsen;6;16.04.2016 01:00;0,480444;
Arsen;3;16.04.2016 01:00;0,345602;
Arsen;4;16.04.2016 01:00;0,274048;
Arsen;5;16.04.2016 01:00;0,23637;
Arsen;7;16.04.2016 01:00;0,152355;
Arsen;9;16.04.2016 01:00;0,146691;
Arsen;8;16.04.2016 01:00;0,0722624;
Arsen;1;16.04.2016 01:00;0,0458138;
Benzol;3;16.04.2016 01:00;1,3985;
Benzol;6;16.04.2016 01:00;0,607524;
Benzol;8;16.04.2016 01:00;0,396252;
Benzol;2;16.04.2016 01:00;0,303388;
Benzol;5;16.04.2016 01:00;0,240723;
Benzol;9;16.04.2016 01:00;0,204078;
Benzol;4;16.04.2016 01:00;0,123299;
Benzol;1;16.04.2016 01:00;0,0895471;
Benzol;7;16.04.2016 01:00;0,0460885;
Anilin;2;16.04.2016 01:00;0,8343;
Anilin;7;16.04.2016 01:00;0,675332;
Anilin;3;16.04.2016 01:00;0,459835;
Anilin;9;16.04.2016 01:00;0,390505;
Anilin;8;16.04.2016 01:00;0,363644;
Anilin;4;16.04.2016 01:00;0,345093;
Anilin;5;16.04.2016 01:00;0,0800919;
Anilin;6;16.04.2016 01:00;0,0468723;
Anilin;1;16.04.2016 01:00;0,00466177;
Natriumchlorid;5;16.04.2016 02:00;0,836153;
Natriumchlorid;3;16.04.2016 02:00;0,756855;
Natriumchlorid;6;16.04.2016 02:00;0,551869;
Natriumchlorid;8;16.04.2016 02:00;0,441774;
Natriumchlorid;7;16.04.2016 02:00;0,284186;
Natriumchlorid;4;16.04.2016 02:00;0,263702;
Natriumchlorid;2;16.04.2016 02:00;0,257278;
Natriumchlorid;9;16.04.2016 02:00;0,17579;
Natriumchlorid;1;16.04.2016 02:00;0,0238044;
Arsen;3;16.04.2016 02:00;2,06102;
Arsen;2;16.04.2016 02:00;0,429927;
Arsen;4;16.04.2016 02:00;0,338665;
Arsen;6;16.04.2016 02:00;0,301422;
Arsen;1;16.04.2016 02:00;0,273001;
Arsen;9;16.04.2016 02:00;0,258815;
Arsen;8;16.04.2016 02:00;0,0915458;
Arsen;5;16.04.2016 02:00;0,0792042;
Arsen;7;16.04.2016 02:00;0,0605952;
Benzol;6;16.04.2016 02:00;0,964556;
Benzol;8;16.04.2016 02:00;0,762674;
Benzol;3;16.04.2016 02:00;0,394876;
Benzol;1;16.04.2016 02:00;0,393098;
Benzol;4;16.04.2016 02:00;0,375278;
Benzol;7;16.04.2016 02:00;0,238488;
Benzol;5;16.04.2016 02:00;0,229472;
Benzol;2;16.04.2016 02:00;0,0486822;
Benzol;9;16.04.2016 02:00;0,00186658;
Anilin;3;16.04.2016 02:00;1,56389;
Anilin;6;16.04.2016 02:00;0,765575;
Anilin;7;16.04.2016 02:00;0,750746;
Anilin;2;16.04.2016 02:00;0,540299;
Anilin;4;16.04.2016 02:00;0,51163;
Anilin;5;16.04.2016 02:00;0,415643;
Anilin;8;16.04.2016 02:00;0,414921;
Anilin;9;16.04.2016 02:00;0,214847;
Anilin;1;16.04.2016 02:00;0,152676;
Natriumchlorid;3;16.04.2016 03:00;1,20909;
Natriumchlorid;6;16.04.2016 03:00;0,547878;
Natriumchlorid;5;16.04.2016 03:00;0,494385;
Natriumchlorid;7;16.04.2016 03:00;0,400468;
Natriumchlorid;1;16.04.2016 03:00;0,374922;
Natriumchlorid;4;16.04.2016 03:00;0,338275;
Natriumchlorid;9;16.04.2016 03:00;0,233176;
Natriumchlorid;8;16.04.2016 03:00;0,0313815;
Natriumchlorid;2;16.04.2016 03:00;0,00159828;
Arsen;7;16.04.2016 03:00;0,815414;
Arsen;3;16.04.2016 03:00;0,409649;
Arsen;6;16.04.2016 03:00;0,320749;
Arsen;2;16.04.2016 03:00;0,248239;
Arsen;8;16.04.2016 03:00;0,231093;
Arsen;5;16.04.2016 03:00;0,218026;
Arsen;1;16.04.2016 03:00;0,11715;
Arsen;9;16.04.2016 03:00;0,105783;
Arsen;4;16.04.2016 03:00;0,00848876;
Benzol;3;16.04.2016 03:00;0,689026;
Benzol;1;16.04.2016 03:00;0,581779;
Benzol;6;16.04.2016 03:00;0,572291;
Benzol;5;16.04.2016 03:00;0,541892;
Benzol;8;16.04.2016 03:00;0,492541;
Benzol;2;16.04.2016 03:00;0,35782;
Benzol;7;16.04.2016 03:00;0,239835;
Benzol;4;16.04.2016 03:00;0,136718;
Benzol;9;16.04.2016 03:00;0,00332345;
Anilin;3;16.04.2016 03:00;7,16925;
Anilin;6;16.04.2016 03:00;0,676026;
Anilin;8;16.04.2016 03:00;0,541138;
Anilin;5;16.04.2016 03:00;0,378976;
Anilin;1;16.04.2016 03:00;0,29615;
Anilin;2;16.04.2016 03:00;0,20855;
Anilin;9;16.04.2016 03:00;0,161803;
Anilin;4;16.04.2016 03:00;0,104128;
Anilin;7;16.04.2016 03:00;0,0161486;
Natriumchlorid;7;16.04.2016 04:00;1,57983;
Natriumchlorid;3;16.04.2016 04:00;1,07331;
Natriumchlorid;8;16.04.2016 04:00;0,441829;
Natriumchlorid;6;16.04.2016 04:00;0,382498;
Natriumchlorid;5;16.04.2016 04:00;0,372241;
Natriumchlorid;4;16.04.2016 04:00;0,288665;
Natriumchlorid;9;16.04.2016 04:00;0,250524;
Natriumchlorid;2;16.04.2016 04:00;0,178465;
Natriumchlorid;1;16.04.2016 04:00;0,136503;
Arsen;3;16.04.2016 04:00;1,40441;
Arsen;7;16.04.2016 04:00;0,943519;
Arsen;2;16.04.2016 04:00;0,719919;
Arsen;6;16.04.2016 04:00;0,465269;
Arsen;4;16.04.2016 04:00;0,400032;
Arsen;9;16.04.2016 04:00;0,34822;
Arsen;1;16.04.2016 04:00;0,302432;
Arsen;5;16.04.2016 04:00;0,250972;
Arsen;8;16.04.2016 04:00;0,107332;
Benzol;8;16.04.2016 04:00;3,47523;
Benzol;3;16.04.2016 04:00;1,73351;
Benzol;7;16.04.2016 04:00;0,806519;
Benzol;6;16.04.2016 04:00;0,609924;
Benzol;4;16.04.2016 04:00;0,445536;
Benzol;9;16.04.2016 04:00;0,314413;
Benzol;5;16.04.2016 04:00;0,227134;
Benzol;1;16.04.2016 04:00;0,157462;
Benzol;2;16.04.2016 04:00;0,0785943;
Anilin;3;16.04.2016 04:00;5,54775;
Anilin;7;16.04.2016 04:00;0,648738;
Anilin;8;16.04.2016 04:00;0,544661;
Anilin;5;16.04.2016 04:00;0,374274;
Anilin;4;16.04.2016 04:00;0,217478;
Anilin;6;16.04.2016 04:00;0,155653;
Anilin;9;16.04.2016 04:00;0,124344;
Anilin;2;16.04.2016 04:00;0,0383146;
Anilin;1;16.04.2016 04:00;0,0194511;
Natriumchlorid;7;16.04.2016 05:00;3,00471;
Natriumchlorid;6;16.04.2016 05:00;1,108;
Natriumchlorid;3;16.04.2016 05:00;1,10593;
Natriumchlorid;9;16.04.2016 05:00;0,597482;
Natriumchlorid;4;16.04.2016 05:00;0,527214;
Natriumchlorid;8;16.04.2016 05:00;0,364627;
Natriumchlorid;5;16.04.2016 05:00;0,256252;
Natriumchlorid;2;16.04.2016 05:00;0,248019;
Natriumchlorid;1;16.04.2016 05:00;0,106326;
Arsen;3;16.04.2016 05:00;1,35833;
Arsen;6;16.04.2016 05:00;0,69019;
Arsen;8;16.04.2016 05:00;0,40941;
Arsen;5;16.04.2016 05:00;0,277942;
Arsen;1;16.04.2016 05:00;0,111493;
Arsen;7;16.04.2016 05:00;0,109191;
Arsen;2;16.04.2016 05:00;0,0220401;
Arsen;4;16.04.2016 05:00;0,0126306;
Arsen;9;16.04.2016 05:00;0,0082852;
Benzol;8;16.04.2016 05:00;1,83363;
Benzol;3;16.04.2016 05:00;1,3093;
Benzol;1;16.04.2016 05:00;0,556674;
Benzol;4;16.04.2016 05:00;0,554227;
Benzol;6;16.04.2016 05:00;0,362442;
Benzol;5;16.04.2016 05:00;0,231744;
Benzol;7;16.04.2016 05:00;0,120841;
Benzol;9;16.04.2016 05:00;0,0901024;
Benzol;2;16.04.2016 05:00;0,0158977;
Anilin;8;16.04.2016 05:00;0,748366;
Anilin;6;16.04.2016 05:00;0,355362;
Anilin;9;16.04.2016 05:00;0,337226;
Anilin;5;16.04.2016 05:00;0,268189;
Anilin;3;16.04.2016 05:00;0,26749;
Anilin;1;16.04.2016 05:00;0,227758;
Anilin;2;16.04.2016 05:00;0,196618;
Anilin;7;16.04.2016 05:00;0,136174;
Anilin;4;16.04.2016 05:00;0,0808563;
Natriumchlorid;6;16.04.2016 06:00;12,58436;
Natriumchlorid;8;16.04.2016 06:00;10,87364;
Natriumchlorid;3;16.04.2016 06:00;1,70924;
Natriumchlorid;8;16.04.2016 06:00;1,12526;
Natriumchlorid;2;16.04.2016 06:00;0,704503;
Natriumchlorid;7;16.04.2016 06:00;0,524196;
Natriumchlorid;4;16.04.2016 06:00;0,457774;
Natriumchlorid;5;16.04.2016 06:00;0,31265;
Natriumchlorid;9;16.04.2016 06:00;0,207185;
Natriumchlorid;1;16.04.2016 06:00;0,162597;
Arsen;3;16.04.2016 06:00;1,41513;
Arsen;5;16.04.2016 06:00;0,672122;
Arsen;1;16.04.2016 06:00;0,631397;
Arsen;4;16.04.2016 06:00;0,46653;
Arsen;9;16.04.2016 06:00;0,397211;
Arsen;6;16.04.2016 06:00;0,35222;
Arsen;8;16.04.2016 06:00;0,19478;
Arsen;7;16.04.2016 06:00;0,128001;
Arsen;2;16.04.2016 06:00;0,0207213;
Benzol;3;16.04.2016 06:00;1,71154;
Benzol;8;16.04.2016 06:00;0,785757;
Benzol;1;16.04.2016 06:00;0,534192;
Benzol;2;16.04.2016 06:00;0,329183;
Benzol;7;16.04.2016 06:00;0,30727;
Benzol;9;16.04.2016 06:00;0,211274;
Benzol;6;16.04.2016 06:00;0,205557;
Benzol;4;16.04.2016 06:00;0,160285;
Benzol;5;16.04.2016 06:00;0,0528863;
Anilin;3;16.04.2016 06:00;1,00816;
Anilin;6;16.04.2016 06:00;0,874618;
Anilin;2;16.04.2016 06:00;0,730842;
Anilin;4;16.04.2016 06:00;0,550128;
Anilin;7;16.04.2016 06:00;0,46866;
Anilin;9;16.04.2016 06:00;0,243587;
Anilin;5;16.04.2016 06:00;0,153059;
Anilin;1;16.04.2016 06:00;0,00857487;
Natriumchlorid;7;16.04.2016 07:00;1,14101;
Natriumchlorid;8;16.04.2016 07:00;0,55566;
Natriumchlorid;6;16.04.2016 07:00;0,380485;
Natriumchlorid;5;16.04.2016 07:00;0,28402;
Natriumchlorid;1;16.04.2016 07:00;0,283489;
Natriumchlorid;2;16.04.2016 07:00;0,161831;
Natriumchlorid;3;16.04.2016 07:00;0,142449;
Natriumchlorid;4;16.04.2016 07:00;0,111222;
Natriumchlorid;9;16.04.2016 07:00;0,0906326;
Arsen;3;16.04.2016 07:00;1,32148;
Arsen;6;16.04.2016 07:00;0,681646;
Arsen;8;16.04.2016 07:00;0,401698;
Arsen;4;16.04.2016 07:00;0,325582;
Arsen;7;16.04.2016 07:00;0,233625;
Arsen;2;16.04.2016 07:00;0,153276;
Arsen;5;16.04.2016 07:00;0,0604498;
Arsen;9;16.04.2016 07:00;0,0547635;
Arsen;1;16.04.2016 07:00;0,0418169;
Benzol;3;16.04.2016 07:00;1,26662;
Benzol;7;16.04.2016 07:00;0,785894;
Benzol;4;16.04.2016 07:00;0,315614;
Benzol;6;16.04.2016 07:00;0,297184;
Benzol;9;16.04.2016 07:00;0,187837;
Benzol;2;16.04.2016 07:00;0,174846;
Benzol;5;16.04.2016 07:00;0,162208;
Benzol;1;16.04.2016 07:00;0,149997;
Benzol;8;16.04.2016 07:00;0,117986;
Anilin;8;16.04.2016 07:00;0,712086;
Anilin;2;16.04.2016 07:00;0,547027;
Anilin;4;16.04.2016 07:00;0,292586;
Anilin;3;16.04.2016 07:00;0,292401;
Anilin;6;16.04.2016 07:00;0,274432;
Anilin;5;16.04.2016 07:00;0,176178;
Anilin;9;16.04.2016 07:00;0,102474;
Anilin;1;16.04.2016 07:00;0,0713231;
Anilin;7;16.04.2016 07:00;0,0150143;
Natriumchlorid;7;16.04.2016 08:00;1,13697;
Natriumchlorid;2;16.04.2016 08:00;0,941475;
Natriumchlorid;8;16.04.2016 08:00;0,655925;
Natriumchlorid;3;16.04.2016 08:00;0,627901;
Natriumchlorid;4;16.04.2016 08:00;0,416183;
Natriumchlorid;6;16.04.2016 08:00;0,331414;
Natriumchlorid;9;16.04.2016 08:00;0,108411;
Natriumchlorid;1;16.04.2016 08:00;0,100902;
Natriumchlorid;5;16.04.2016 08:00;0,0591785;
Arsen;4;16.04.2016 08:00;0,540519;
Arsen;6;16.04.2016 08:00;0,4795;
Arsen;3;16.04.2016 08:00;0,411299;
Arsen;7;16.04.2016 08:00;0,370651;
Arsen;9;16.04.2016 08:00;0,247702;
Arsen;2;16.04.2016 08:00;0,170736;
Arsen;5;16.04.2016 08:00;0,157076;
Arsen;8;16.04.2016 08:00;0,146786;
Arsen;1;16.04.2016 08:00;0,122599;
Benzol;1;16.04.2016 08:00;2,23236;
Benzol;3;16.04.2016 08:00;1,52159;
Benzol;6;16.04.2016 08:00;0,631376;
Benzol;8;16.04.2016 08:00;0,624397;
Benzol;4;16.04.2016 08:00;0,474586;
Benzol;5;16.04.2016 08:00;0,381896;
Benzol;9;16.04.2016 08:00;0,346734;
Benzol;2;16.04.2016 08:00;0,249215;
Benzol;7;16.04.2016 08:00;0,0714691;
Anilin;3;16.04.2016 08:00;1,39396;
Anilin;8;16.04.2016 08:00;1,2858;
Anilin;6;16.04.2016 08:00;0,620403;
Anilin;5;16.04.2016 08:00;0,547958;
Anilin;2;16.04.2016 08:00;0,499509;
Anilin;1;16.04.2016 08:00;0,177208;
Anilin;4;16.04.2016 08:00;0,127377;
Anilin;7;16.04.2016 08:00;0,0665656;
Anilin;9;16.04.2016 08:00;0,0511342;
Natriumchlorid;3;16.04.2016 09:00;0,520116;
Natriumchlorid;6;16.04.2016 09:00;0,496476;
Natriumchlorid;4;16.04.2016 09:00;0,478721;
Natriumchlorid;8;16.04.2016 09:00;0,361923;
Natriumchlorid;2;16.04.2016 09:00;0,310728;
Natriumchlorid;9;16.04.2016 09:00;0,233424;
Natriumchlorid;1;16.04.2016 09:00;0,151227;
Natriumchlorid;7;16.04.2016 09:00;0,131307;
Natriumchlorid;5;16.04.2016 09:00;0,0126039;
Arsen;7;16.04.2016 09:00;2,77316;
Arsen;6;16.04.2016 09:00;0,696533;
Arsen;5;16.04.2016 09:00;0,357343;
Arsen;8;16.04.2016 09:00;0,258959;
Arsen;4;16.04.2016 09:00;0,249112;
Arsen;1;16.04.2016 09:00;0,210248;
Arsen;2;16.04.2016 09:00;0,191539;
Arsen;3;16.04.2016 09:00;0,162647;
Arsen;9;16.04.2016 09:00;0,0245215;
Benzol;3;16.04.2016 09:00;0,620706;
Benzol;6;16.04.2016 09:00;0,595428;
Benzol;7;16.04.2016 09:00;0,37757;
Benzol;8;16.04.2016 09:00;0,325101;
Benzol;9;16.04.2016 09:00;0,302645;
Benzol;4;16.04.2016 09:00;0,290549;
Benzol;5;16.04.2016 09:00;0,191843;
Benzol;1;16.04.2016 09:00;0,170851;
Benzol;2;16.04.2016 09:00;0,030486;
Anilin;7;16.04.2016 09:00;1,17851;
Anilin;3;16.04.2016 09:00;0,749636;
Anilin;6;16.04.2016 09:00;0,699111;
Anilin;9;16.04.2016 09:00;0,484437;
Anilin;1;16.04.2016 09:00;0,425964;
Anilin;4;16.04.2016 09:00;0,403515;
Anilin;8;16.04.2016 09:00;0,0810584;
Anilin;5;16.04.2016 09:00;0,078436;
Anilin;2;16.04.2016 09:00;0,0508395;
Natriumchlorid;7;16.04.2016 10:00;0,867077;
Natriumchlorid;2;16.04.2016 10:00;0,623868;
Natriumchlorid;8;16.04.2016 10:00;0,514216;
Natriumchlorid;6;16.04.2016 10:00;0,398432;
Natriumchlorid;1;16.04.2016 10:00;0,188174;
Natriumchlorid;4;16.04.2016 10:00;0,160089;
Natriumchlorid;3;16.04.2016 10:00;0,118771;
Natriumchlorid;9;16.04.2016 10:00;0,0974458;
Natriumchlorid;5;16.04.2016 10:00;0,0264493;
Arsen;6;16.04.2016 10:00;3,81686;
Arsen;7;16.04.2016 10:00;1,91018;
Arsen;3;16.04.2016 10:00;1,73943;
Arsen;9;16.04.2016 10:00;0,706327;
Arsen;2;16.04.2016 10:00;0,595567;
Arsen;4;16.04.2016 10:00;0,464033;
Arsen;8;16.04.2016 10:00;0,453602;
Arsen;1;16.04.2016 10:00;0,0985971;
Arsen;5;16.04.2016 10:00;0,029961;
Benzol;3;16.04.2016 10:00;3,29431;
Benzol;7;16.04.2016 10:00;0,492079;
Benzol;4;16.04.2016 10:00;0,455363;
Benzol;8;16.04.2016 10:00;0,446046;
Benzol;2;16.04.2016 10:00;0,433012;
Benzol;6;16.04.2016 10:00;0,379116;
Benzol;5;16.04.2016 10:00;0,156754;
Benzol;1;16.04.2016 10:00;0,105342;
Benzol;9;16.04.2016 10:00;0,0552807;
Anilin;8;16.04.2016 10:00;0,948662;
Anilin;7;16.04.2016 10:00;0,552427;
Anilin;3;16.04.2016 10:00;0,47857;
Anilin;4;16.04.2016 10:00;0,464312;
Anilin;6;16.04.2016 10:00;0,410171;
Anilin;2;16.04.2016 10:00;0,283125;
Anilin;9;16.04.2016 10:00;0,267743;
Anilin;5;16.04.2016 10:00;0,0803134;
Anilin;1;16.04.2016 10:00;0,0625412;
Natriumchlorid;3;16.04.2016 11:00;2,256;
Natriumchlorid;7;16.04.2016 11:00;1,67466;
Natriumchlorid;8;16.04.2016 11:00;0,89096;
Natriumchlorid;5;16.04.2016 11:00;0,407398;
Natriumchlorid;6;16.04.2016 11:00;0,400788;
Natriumchlorid;4;16.04.2016 11:00;0,360207;
Natriumchlorid;2;16.04.2016 11:00;0,308317;
Natriumchlorid;1;16.04.2016 11:00;0,288794;
Natriumchlorid;9;16.04.2016 11:00;0,16227;
Arsen;3;16.04.2016 11:00;2,32788;
Arsen;1;16.04.2016 11:00;1,27005;
Arsen;8;16.04.2016 11:00;0,813217;
Arsen;5;16.04.2016 11:00;0,418224;
Arsen;4;16.04.2016 11:00;0,400344;
Arsen;6;16.04.2016 11:00;0,328942;
Arsen;7;16.04.2016 11:00;0,301125;
Arsen;9;16.04.2016 11:00;0,229428;
Arsen;2;16.04.2016 11:00;0,0291863;
Benzol;1;16.04.2016 11:00;5,09007;
Benzol;7;16.04.2016 11:00;1,49192;
Benzol;2;16.04.2016 11:00;0,796448;
Benzol;6;16.04.2016 11:00;0,748357;
Benzol;4;16.04.2016 11:00;0,596514;
Benzol;8;16.04.2016 11:00;0,319956;
Benzol;9;16.04.2016 11:00;0,313351;
Benzol;5;16.04.2016 11:00;0,296589;
Benzol;3;16.04.2016 11:00;0,16758;
Anilin;7;16.04.2016 11:00;1,61047;
Anilin;3;16.04.2016 11:00;0,867894;
Anilin;2;16.04.2016 11:00;0,727212;
Anilin;8;16.04.2016 11:00;0,451596;
Anilin;9;16.04.2016 11:00;0,375776;
Anilin;6;16.04.2016 11:00;0,334812;
Anilin;1;16.04.2016 11:00;0,211795;
Anilin;5;16.04.2016 11:00;0,153795;
Anilin;4;16.04.2016 11:00;0,0446521;
Natriumchlorid;3;16.04.2016 12:00;1,10229;
Natriumchlorid;7;16.04.2016 12:00;0,92557;
Natriumchlorid;6;16.04.2016 12:00;0,567332;
Natriumchlorid;8;16.04.2016 12:00;0,451565;
Natriumchlorid;1;16.04.2016 12:00;0,346014;
Natriumchlorid;9;16.04.2016 12:00;0,26943;
Natriumchlorid;2;16.04.2016 12:00;0,0920812;
Natriumchlorid;5;16.04.2016 12:00;0,0447182;
Natriumchlorid;4;16.04.2016 12:00;0,0418108;
Arsen;8;16.04.2016 12:00;4,87418;
Arsen;2;16.04.2016 12:00;0,560647;
Arsen;9;16.04.2016 12:00;0,466805;
Arsen;7;16.04.2016 12:00;0,371845;
Arsen;4;16.04.2016 12:00;0,369171;
Arsen;3;16.04.2016 12:00;0,345476;
Arsen;6;16.04.2016 12:00;0,203906;
Arsen;5;16.04.2016 12:00;0,0843645;
Arsen;1;16.04.2016 12:00;0,0638943;
Benzol;7;16.04.2016 12:00;2,84014;
Benzol;3;16.04.2016 12:00;0,657693;
Benzol;6;16.04.2016 12:00;0,514611;
Benzol;2;16.04.2016 12:00;0,467274;
Benzol;4;16.04.2016 12:00;0,455094;
Benzol;5;16.04.2016 12:00;0,163612;
Benzol;9;16.04.2016 12:00;0,0833058;
Benzol;1;16.04.2016 12:00;0,0425601;
Benzol;8;16.04.2016 12:00;0,036957;
Anilin;7;16.04.2016 12:00;0,802707;
Anilin;4;16.04.2016 12:00;0,6572;
Anilin;6;16.04.2016 12:00;0,630037;
Anilin;2;16.04.2016 12:00;0,410642;
Anilin;5;16.04.2016 12:00;0,407848;
Anilin;1;16.04.2016 12:00;0,172025;
Anilin;9;16.04.2016 12:00;0,14423;
Anilin;8;16.04.2016 12:00;0,10869;
Anilin;3;16.04.2016 12:00;0,00309145;
Natriumchlorid;6;16.04.2016 13:00;2,84119;
Natriumchlorid;8;16.04.2016 13:00;1,70377;
Natriumchlorid;3;16.04.2016 13:00;1,1221;
Natriumchlorid;5;16.04.2016 13:00;0,429122;
Natriumchlorid;2;16.04.2016 13:00;0,370491;
Natriumchlorid;1;16.04.2016 13:00;0,355528;
Natriumchlorid;4;16.04.2016 13:00;0,246865;
Natriumchlorid;7;16.04.2016 13:00;0,0709223;
Natriumchlorid;9;16.04.2016 13:00;0,0213883;
Arsen;8;16.04.2016 13:00;0,924584;
Arsen;7;16.04.2016 13:00;0,675719;
Arsen;6;16.04.2016 13:00;0,619339;
Arsen;1;16.04.2016 13:00;0,522929;
Arsen;9;16.04.2016 13:00;0,516131;
Arsen;3;16.04.2016 13:00;0,447857;
Arsen;2;16.04.2016 13:00;0,31011;
Arsen;5;16.04.2016 13:00;0,12783;
Arsen;4;16.04.2016 13:00;0,0989212;
Benzol;2;16.04.2016 13:00;0,853061;
Benzol;8;16.04.2016 13:00;0,748321;
Benzol;7;16.04.2016 13:00;0,553773;
Benzol;1;16.04.2016 13:00;0,292371;
Benzol;9;16.04.2016 13:00;0,279947;
Benzol;3;16.04.2016 13:00;0,211997;
Benzol;4;16.04.2016 13:00;0,14076;
Benzol;6;16.04.2016 13:00;0,0307731;
Benzol;5;16.04.2016 13:00;0,0277096;
Anilin;3;16.04.2016 13:00;0,767132;
Anilin;2;16.04.2016 13:00;0,667323;
Anilin;4;16.04.2016 13:00;0,657502;
Anilin;7;16.04.2016 13:00;0,483525;
Anilin;9;16.04.2016 13:00;0,381845;
Anilin;6;16.04.2016 13:00;0,376669;
Anilin;8;16.04.2016 13:00;0,299663;
Anilin;5;16.04.2016 13:00;0,191156;
Anilin;1;16.04.2016 13:00;0,169298;
Natriumchlorid;6;16.04.2016 14:00;31,05504;
Natriumchlorid;3;16.04.2016 14:00;1,0867;
Natriumchlorid;8;16.04.2016 14:00;0,565748;
Natriumchlorid;4;16.04.2016 14:00;0,368213;
Natriumchlorid;9;16.04.2016 14:00;0,354619;
Natriumchlorid;5;16.04.2016 14:00;0,150181;
Natriumchlorid;7;16.04.2016 14:00;0,128269;
Natriumchlorid;2;16.04.2016 14:00;0,0453295;
Natriumchlorid;1;16.04.2016 14:00;0,014899;
Arsen;7;16.04.2016 14:00;3,28082;
Arsen;3;16.04.2016 14:00;2,34238;
Arsen;8;16.04.2016 14:00;0,672906;
Arsen;9;16.04.2016 14:00;0,652845;
Arsen;6;16.04.2016 14:00;0,586379;
Arsen;5;16.04.2016 14:00;0,280593;
Arsen;4;16.04.2016 14:00;0,220732;
Arsen;1;16.04.2016 14:00;0,122731;
Arsen;2;16.04.2016 14:00;0,00903931;
Benzol;3;16.04.2016 14:00;2,20016;
Benzol;7;16.04.2016 14:00;1,44915;
Benzol;8;16.04.2016 14:00;0,631891;
Benzol;6;16.04.2016 14:00;0,513028;
Benzol;1;16.04.2016 14:00;0,181422;
Benzol;5;16.04.2016 14:00;0,0774638;
Benzol;9;16.04.2016 14:00;0,0608309;
Benzol;2;16.04.2016 14:00;0,0193747;
Benzol;4;16.04.2016 14:00;0,0188479;
Anilin;8;16.04.2016 14:00;0,970907;
Anilin;3;16.04.2016 14:00;0,515671;
Anilin;9;16.04.2016 14:00;0,418143;
Anilin;4;16.04.2016 14:00;0,369869;
Anilin;5;16.04.2016 14:00;0,350432;
Anilin;6;16.04.2016 14:00;0,229587;
Anilin;2;16.04.2016 14:00;0,148187;
Anilin;1;16.04.2016 14:00;0,137934;
Anilin;7;16.04.2016 14:00;0,00106857;
Natriumchlorid;6;16.04.2016 15:00;12,00595;
Natriumchlorid;3;16.04.2016 15:00;1,34763;
Natriumchlorid;1;16.04.2016 15:00;0,541784;
Natriumchlorid;8;16.04.2016 15:00;0,242424;
Natriumchlorid;2;16.04.2016 15:00;0,215152;
Natriumchlorid;5;16.04.2016 15:00;0,135333;
Natriumchlorid;9;16.04.2016 15:00;0,0891012;
Natriumchlorid;4;16.04.2016 15:00;0,00959107;
Natriumchlorid;7;16.04.2016 15:00;0,00173574;
Arsen;7;16.04.2016 15:00;1,08496;
Arsen;3;16.04.2016 15:00;0,847624;
Arsen;4;16.04.2016 15:00;0,465515;
Arsen;8;16.04.2016 15:00;0,321604;
Arsen;6;16.04.2016 15:00;0,27924;
Arsen;1;16.04.2016 15:00;0,191529;
Arsen;9;16.04.2016 15:00;0,119307;
Arsen;2;16.04.2016 15:00;0,0904618;
Arsen;5;16.04.2016 15:00;0,00779253;
Benzol;4;16.04.2016 15:00;0,67688;
Benzol;6;16.04.2016 15:00;0,528263;
Benzol;5;16.04.2016 15:00;0,49611;
Benzol;1;16.04.2016 15:00;0,48562;
Benzol;3;16.04.2016 15:00;0,391455;
Benzol;2;16.04.2016 15:00;0,245153;
Benzol;7;16.04.2016 15:00;0,104413;
Benzol;8;16.04.2016 15:00;0,0989215;
Benzol;9;16.04.2016 15:00;0,0470474;
Anilin;3;16.04.2016 15:00;1,1357;
Anilin;6;16.04.2016 15:00;0,89347;
Anilin;8;16.04.2016 15:00;0,434087;
Anilin;4;16.04.2016 15:00;0,349372;
Anilin;5;16.04.2016 15:00;0,344404;
Anilin;9;16.04.2016 15:00;0,325923;
Anilin;1;16.04.2016 15:00;0,265124;
Anilin;2;16.04.2016 15:00;0,0478291;
Anilin;7;16.04.2016 15:00;0,0331591;
Natriumchlorid;8;16.04.2016 16:00;7,46658;
Natriumchlorid;3;16.04.2016 16:00;2,70961;
Natriumchlorid;8;16.04.2016 16:00;1,44811;
Natriumchlorid;5;16.04.2016 16:00;0,513153;
Natriumchlorid;6;16.04.2016 16:00;0,41431;
Natriumchlorid;7;16.04.2016 16:00;0,363401;
Natriumchlorid;1;16.04.2016 16:00;0,292099;
Natriumchlorid;2;16.04.2016 16:00;0,290939;
Natriumchlorid;9;16.04.2016 16:00;0,192463;
Natriumchlorid;4;16.04.2016 16:00;0,155122;
Arsen;8;16.04.2016 16:00;0,591372;
Arsen;6;16.04.2016 16:00;0,545077;
Arsen;1;16.04.2016 16:00;0,388349;
Arsen;7;16.04.2016 16:00;0,310013;
Arsen;9;16.04.2016 16:00;0,277187;
Arsen;2;16.04.2016 16:00;0,247834;
Arsen;4;16.04.2016 16:00;0,229708;
Arsen;3;16.04.2016 16:00;0,216851;
Arsen;5;16.04.2016 16:00;0,147313;
Benzol;6;16.04.2016 16:00;0,584591;
Benzol;3;16.04.2016 16:00;0,452064;
Benzol;7;16.04.2016 16:00;0,399252;
Benzol;4;16.04.2016 16:00;0,337917;
Benzol;8;16.04.2016 16:00;0,293318;
Benzol;1;16.04.2016 16:00;0,262468;
Benzol;9;16.04.2016 16:00;0,197621;
Benzol;2;16.04.2016 16:00;0,116676;
Benzol;5;16.04.2016 16:00;0,0794465;
Anilin;3;16.04.2016 16:00;1,98984;
Anilin;6;16.04.2016 16:00;0,737006;
Anilin;7;16.04.2016 16:00;0,4168;
Anilin;4;16.04.2016 16:00;0,301522;
Anilin;9;16.04.2016 16:00;0,300917;
Anilin;1;16.04.2016 16:00;0,241772;
Anilin;2;16.04.2016 16:00;0,199226;
Anilin;5;16.04.2016 16:00;0,128512;
Natriumchlorid;3;16.04.2016 17:00;2,5634;
Natriumchlorid;8;16.04.2016 17:00;0,876528;
Natriumchlorid;1;16.04.2016 17:00;0,482681;
Natriumchlorid;6;16.04.2016 17:00;0,318559;
Natriumchlorid;4;16.04.2016 17:00;0,276006;
Natriumchlorid;5;16.04.2016 17:00;0,21561;
Natriumchlorid;7;16.04.2016 17:00;0,108549;
Natriumchlorid;9;16.04.2016 17:00;0,0207685;
Natriumchlorid;2;16.04.2016 17:00;0,0121901;
Arsen;3;16.04.2016 17:00;3,82356;
Arsen;5;16.04.2016 17:00;0,599413;
Arsen;1;16.04.2016 17:00;0,563641;
Arsen;2;16.04.2016 17:00;0,513797;
Arsen;4;16.04.2016 17:00;0,360302;
Arsen;6;16.04.2016 17:00;0,278063;
Arsen;8;16.04.2016 17:00;0,205362;
Arsen;9;16.04.2016 17:00;0,201048;
Arsen;7;16.04.2016 17:00;0,155757;
Benzol;3;16.04.2016 17:00;1,60831;
Benzol;8;16.04.2016 17:00;0,679118;
Benzol;4;16.04.2016 17:00;0,612347;
Benzol;7;16.04.2016 17:00;0,391345;
Benzol;6;16.04.2016 17:00;0,333956;
Benzol;2;16.04.2016 17:00;0,327862;
Benzol;1;16.04.2016 17:00;0,322159;
Benzol;9;16.04.2016 17:00;0,163547;
Benzol;5;16.04.2016 17:00;0,125237;
Anilin;3;16.04.2016 17:00;2,10235;
Anilin;7;16.04.2016 17:00;0,965307;
Anilin;1;16.04.2016 17:00;0,382146;
Anilin;6;16.04.2016 17:00;0,356851;
Anilin;9;16.04.2016 17:00;0,337265;
Anilin;2;16.04.2016 17:00;0,262333;
Anilin;4;16.04.2016 17:00;0,26093;
Anilin;5;16.04.2016 17:00;0,0988178;
Anilin;8;16.04.2016 17:00;0,0322194;
Natriumchlorid;7;16.04.2016 18:00;0,930665;
Natriumchlorid;6;16.04.2016 18:00;0,531228;
Natriumchlorid;3;16.04.2016 18:00;0,339286;
Natriumchlorid;1;16.04.2016 18:00;0,329487;
Natriumchlorid;4;16.04.2016 18:00;0,247388;
Natriumchlorid;8;16.04.2016 18:00;0,170561;
Natriumchlorid;9;16.04.2016 18:00;0,155488;
Natriumchlorid;5;16.04.2016 18:00;0,132197;
Natriumchlorid;2;16.04.2016 18:00;0,0147308;
Arsen;3;16.04.2016 18:00;0,860137;
Arsen;2;16.04.2016 18:00;0,732866;
Arsen;1;16.04.2016 18:00;0,455088;
Arsen;8;16.04.2016 18:00;0,372362;
Arsen;6;16.04.2016 18:00;0,35036;
Arsen;4;16.04.2016 18:00;0,261101;
Arsen;7;16.04.2016 18:00;0,15152;
Arsen;5;16.04.2016 18:00;0,126035;
Arsen;9;16.04.2016 18:00;0,027221;
Benzol;7;16.04.2016 18:00;0,672631;
Benzol;6;16.04.2016 18:00;0,652656;
Benzol;3;16.04.2016 18:00;0,62995;
Benzol;2;16.04.2016 18:00;0,528238;
Benzol;5;16.04.2016 18:00;0,291786;
Benzol;4;16.04.2016 18:00;0,242111;
Benzol;8;16.04.2016 18:00;0,184532;
Benzol;9;16.04.2016 18:00;0,0783045;
Benzol;1;16.04.2016 18:00;0,0712286;
Anilin;3;16.04.2016 18:00;2,29294;
Anilin;1;16.04.2016 18:00;0,320412;
Anilin;9;16.04.2016 18:00;0,308073;
Anilin;6;16.04.2016 18:00;0,286019;
Anilin;2;16.04.2016 18:00;0,234625;
Anilin;5;16.04.2016 18:00;0,165286;
Anilin;4;16.04.2016 18:00;0,137461;
Anilin;7;16.04.2016 18:00;0,133039;
Anilin;8;16.04.2016 18:00;0,131403;
Natriumchlorid;8;16.04.2016 19:00;0,800488;
Natriumchlorid;7;16.04.2016 19:00;0,494403;
Natriumchlorid;2;16.04.2016 19:00;0,357173;
Natriumchlorid;4;16.04.2016 19:00;0,341787;
Natriumchlorid;3;16.04.2016 19:00;0,246028;
Natriumchlorid;5;16.04.2016 19:00;0,23386;
Natriumchlorid;6;16.04.2016 19:00;0,21329;
Natriumchlorid;9;16.04.2016 19:00;0,200803;
Natriumchlorid;1;16.04.2016 19:00;0,0267184;
Arsen;3;16.04.2016 19:00;2,06407;
Arsen;2;16.04.2016 19:00;0,672632;
Arsen;6;16.04.2016 19:00;0,593122;
Arsen;8;16.04.2016 19:00;0,591509;
Arsen;4;16.04.2016 19:00;0,3042;
Arsen;1;16.04.2016 19:00;0,286269;
Arsen;9;16.04.2016 19:00;0,204445;
Arsen;7;16.04.2016 19:00;0,071457;
Arsen;5;16.04.2016 19:00;0,0115097;
Benzol;3;16.04.2016 19:00;0,724617;
Benzol;6;16.04.2016 19:00;0,649727;
Benzol;7;16.04.2016 19:00;0,404322;
Benzol;4;16.04.2016 19:00;0,232775;
Benzol;9;16.04.2016 19:00;0,206879;
Benzol;5;16.04.2016 19:00;0,190435;
Benzol;8;16.04.2016 19:00;0,119044;
Benzol;2;16.04.2016 19:00;0,114673;
Benzol;1;16.04.2016 19:00;0,0426647;
Anilin;3;16.04.2016 19:00;1,91197;
Anilin;7;16.04.2016 19:00;0,675952;
Anilin;2;16.04.2016 19:00;0,437549;
Anilin;5;16.04.2016 19:00;0,39421;
Anilin;1;16.04.2016 19:00;0,140545;
Anilin;9;16.04.2016 19:00;0,127872;
Anilin;8;16.04.2016 19:00;0,100733;
Anilin;4;16.04.2016 19:00;0,0962778;
Anilin;6;16.04.2016 19:00;0,0340175;
Natriumchlorid;7;16.04.2016 20:00;29,58638;
Natriumchlorid;7;16.04.2016 20:00;2,99395;
Natriumchlorid;3;16.04.2016 20:00;1,32895;
Natriumchlorid;6;16.04.2016 20:00;0,624752;
Natriumchlorid;2;16.04.2016 20:00;0,516928;
Natriumchlorid;4;16.04.2016 20:00;0,25624;
Natriumchlorid;1;16.04.2016 20:00;0,208058;
Natriumchlorid;8;16.04.2016 20:00;0,206979;
Natriumchlorid;5;16.04.2016 20:00;0,183826;
Natriumchlorid;9;16.04.2016 20:00;0,14512;
Arsen;7;16.04.2016 20:00;1,45488;
Arsen;2;16.04.2016 20:00;0,752859;
Arsen;3;16.04.2016 20:00;0,700145;
Arsen;5;16.04.2016 20:00;0,469234;
Arsen;6;16.04.2016 20:00;0,362893;
Arsen;4;16.04.2016 20:00;0,295494;
Arsen;8;16.04.2016 20:00;0,183643;
Arsen;1;16.04.2016 20:00;0,172025;
Arsen;9;16.04.2016 20:00;0,156824;
Benzol;3;16.04.2016 20:00;1,61212;
Benzol;6;16.04.2016 20:00;0,440194;
Benzol;7;16.04.2016 20:00;0,432035;
Benzol;5;16.04.2016 20:00;0,254596;
Benzol;9;16.04.2016 20:00;0,216239;
Benzol;2;16.04.2016 20:00;0,204452;
Benzol;8;16.04.2016 20:00;0,157598;
Benzol;1;16.04.2016 20:00;0,14829;
Benzol;4;16.04.2016 20:00;0,0148889;
Anilin;2;16.04.2016 20:00;0,548187;
Anilin;4;16.04.2016 20:00;0,398164;
Anilin;1;16.04.2016 20:00;0,283222;
Anilin;3;16.04.2016 20:00;0,269886;
Anilin;6;16.04.2016 20:00;0,139183;
Anilin;9;16.04.2016 20:00;0,137132;
Anilin;5;16.04.2016 20:00;0,0884179;
Anilin;8;16.04.2016 20:00;0,0063395;
Natriumchlorid;7;16.04.2016 21:00;21,14355;
Natriumchlorid;7;16.04.2016 21:00;2,98008;
Natriumchlorid;5;16.04.2016 21:00;0,635295;
Natriumchlorid;6;16.04.2016 21:00;0,549189;
Natriumchlorid;4;16.04.2016 21:00;0,447617;
Natriumchlorid;3;16.04.2016 21:00;0,338087;
Natriumchlorid;1;16.04.2016 21:00;0,252675;
Natriumchlorid;2;16.04.2016 21:00;0,171768;
Natriumchlorid;9;16.04.2016 21:00;0,137163;
Natriumchlorid;8;16.04.2016 21:00;0,104295;
Arsen;3;16.04.2016 21:00;2,74264;
Arsen;7;16.04.2016 21:00;0,8101;
Arsen;8;16.04.2016 21:00;0,788004;
Arsen;2;16.04.2016 21:00;0,507138;
Arsen;1;16.04.2016 21:00;0,343747;
Arsen;9;16.04.2016 21:00;0,284793;
Arsen;5;16.04.2016 21:00;0,246743;
Arsen;6;16.04.2016 21:00;0,150606;
Arsen;4;16.04.2016 21:00;0,139265;
Benzol;7;16.04.2016 21:00;2,51622;
Benzol;3;16.04.2016 21:00;1,50506;
Benzol;9;16.04.2016 21:00;0,469511;
Benzol;2;16.04.2016 21:00;0,42825;
Benzol;6;16.04.2016 21:00;0,350281;
Benzol;5;16.04.2016 21:00;0,227729;
Benzol;8;16.04.2016 21:00;0,20488;
Benzol;1;16.04.2016 21:00;0,07499;
Benzol;4;16.04.2016 21:00;0,0567493;
Anilin;6;16.04.2016 21:00;0,771938;
Anilin;4;16.04.2016 21:00;0,762715;
Anilin;3;16.04.2016 21:00;0,65057;
Anilin;5;16.04.2016 21:00;0,277793;
Anilin;2;16.04.2016 21:00;0,272129;
Anilin;9;16.04.2016 21:00;0,198034;
Anilin;1;16.04.2016 21:00;0,189446;
Anilin;8;16.04.2016 21:00;0,0144379;
Natriumchlorid;3;16.04.2016 22:00;4,68844;
Natriumchlorid;2;16.04.2016 22:00;0,541179;
Natriumchlorid;7;16.04.2016 22:00;0,421283;
Natriumchlorid;4;16.04.2016 22:00;0,402711;
Natriumchlorid;6;16.04.2016 22:00;0,331657;
Natriumchlorid;8;16.04.2016 22:00;0,222344;
Natriumchlorid;5;16.04.2016 22:00;0,115841;
Natriumchlorid;9;16.04.2016 22:00;0,0967996;
Natriumchlorid;1;16.04.2016 22:00;0,0208223;
Arsen;3;16.04.2016 22:00;1,71215;
Arsen;2;16.04.2016 22:00;0,55331;
Arsen;4;16.04.2016 22:00;0,474586;
Arsen;8;16.04.2016 22:00;0,27072;
Arsen;1;16.04.2016 22:00;0,208179;
Arsen;7;16.04.2016 22:00;0,13694;
Arsen;6;16.04.2016 22:00;0,126925;
Arsen;5;16.04.2016 22:00;0,0799622;
Arsen;9;16.04.2016 22:00;0,0795996;
Benzol;7;16.04.2016 22:00;1,19285;
Benzol;9;16.04.2016 22:00;0,764556;
Benzol;2;16.04.2016 22:00;0,670058;
Benzol;5;16.04.2016 22:00;0,536978;
Benzol;6;16.04.2016 22:00;0,518418;
Benzol;3;16.04.2016 22:00;0,327273;
Benzol;4;16.04.2016 22:00;0,302379;
Benzol;8;16.04.2016 22:00;0,264826;
Benzol;1;16.04.2016 22:00;0,0189401;
Anilin;8;16.04.2016 22:00;0,958712;
Anilin;3;16.04.2016 22:00;0,684857;
Anilin;6;16.04.2016 22:00;0,560567;
Anilin;4;16.04.2016 22:00;0,36443;
Anilin;1;16.04.2016 22:00;0,250145;
Anilin;7;16.04.2016 22:00;0,2419;
Anilin;9;16.04.2016 22:00;0,1767;
Anilin;5;16.04.2016 22:00;0,0540453;
Anilin;2;16.04.2016 22:00;0,0260203;
Natriumchlorid;7;16.04.2016 23:00;1,43493;
Natriumchlorid;5;16.04.2016 23:00;0,971671;
Natriumchlorid;3;16.04.2016 23:00;0,760782;
Natriumchlorid;2;16.04.2016 23:00;0,433332;
Natriumchlorid;1;16.04.2016 23:00;0,159447;
Natriumchlorid;4;16.04.2016 23:00;0,132907;
Natriumchlorid;6;16.04.2016 23:00;0,0927818;
Natriumchlorid;9;16.04.2016 23:00;0,0643665;
Natriumchlorid;8;16.04.2016 23:00;0,0148378;
Arsen;3;16.04.2016 23:00;0,954949;
Arsen;7;16.04.2016 23:00;0,883074;
Arsen;8;16.04.2016 23:00;0,801854;
Arsen;6;16.04.2016 23:00;0,674606;
Arsen;2;16.04.2016 23:00;0,547428;
Arsen;1;16.04.2016 23:00;0,478627;
Arsen;9;16.04.2016 23:00;0,353446;
Arsen;4;16.04.2016 23:00;0,272612;
Arsen;5;16.04.2016 23:00;0,0988305;
Benzol;3;16.04.2016 23:00;2,17633;
Benzol;4;16.04.2016 23:00;0,599017;
Benzol;2;16.04.2016 23:00;0,509486;
Benzol;6;16.04.2016 23:00;0,441318;
Benzol;5;16.04.2016 23:00;0,395697;
Benzol;8;16.04.2016 23:00;0,26312;
Benzol;1;16.04.2016 23:00;0,216412;
Benzol;9;16.04.2016 23:00;0,21566;
Benzol;7;16.04.2016 23:00;0,101659;
Anilin;7;16.04.2016 23:00;5,97646;
Anilin;5;16.04.2016 23:00;0,637102;
Anilin;4;16.04.2016 23:00;0,596883;
Anilin;6;16.04.2016 23:00;0,490672;
Anilin;1;16.04.2016 23:00;0,438887;
Anilin;3;16.04.2016 23:00;0,351267;
Anilin;9;16.04.2016 23:00;0,192371;
Anilin;2;16.04.2016 23:00;0,144545;
Anilin;8;16.04.2016 23:00;0,0814786;
Natriumchlorid;3;17.04.2016 00:00;3,12775;
Natriumchlorid;7;17.04.2016 00:00;1,73924;
Natriumchlorid;4;17.04.2016 00:00;0,411989;
Natriumchlorid;6;17.04.2016 00:00;0,30028;
Natriumchlorid;9;17.04.2016 00:00;0,237636;
Natriumchlorid;8;17.04.2016 00:00;0,133355;
Natriumchlorid;2;17.04.2016 00:00;0,122888;
Natriumchlorid;5;17.04.2016 00:00;0,060238;
Natriumchlorid;1;17.04.2016 00:00;0,0104799;
Arsen;2;17.04.2016 00:00;0,72415;
Arsen;3;17.04.2016 00:00;0,659238;
Arsen;6;17.04.2016 00:00;0,44459;
Arsen;8;17.04.2016 00:00;0,29151;
Arsen;1;17.04.2016 00:00;0,278278;
Arsen;5;17.04.2016 00:00;0,176868;
Arsen;7;17.04.2016 00:00;0,126109;
Arsen;9;17.04.2016 00:00;0,0294766;
Arsen;4;17.04.2016 00:00;0,00603221;
Benzol;3;17.04.2016 00:00;0,888705;
Benzol;6;17.04.2016 00:00;0,713335;
Benzol;8;17.04.2016 00:00;0,603783;
Benzol;9;17.04.2016 00:00;0,486087;
Benzol;2;17.04.2016 00:00;0,418948;
Benzol;1;17.04.2016 00:00;0,31966;
Benzol;5;17.04.2016 00:00;0,257667;
Benzol;4;17.04.2016 00:00;0,190153;
Benzol;7;17.04.2016 00:00;0,00737453;
Anilin;8;17.04.2016 00:00;0,517087;
Anilin;6;17.04.2016 00:00;0,451741;
Anilin;5;17.04.2016 00:00;0,291291;
Anilin;9;17.04.2016 00:00;0,279897;
Anilin;2;17.04.2016 00:00;0,259412;
Anilin;7;17.04.2016 00:00;0,213335;
Anilin;1;17.04.2016 00:00;0,155159;
Anilin;3;17.04.2016 00:00;0,112078;
Anilin;4;17.04.2016 00:00;0,0622908;
Natriumchlorid;6;17.04.2016 01:00;5,39857;
Natriumchlorid;7;17.04.2016 01:00;2,34138;
Natriumchlorid;8;17.04.2016 01:00;0,893308;
Natriumchlorid;3;17.04.2016 01:00;0,648443;
Natriumchlorid;2;17.04.2016 01:00;0,43458;
Natriumchlorid;5;17.04.2016 01:00;0,411205;
Natriumchlorid;1;17.04.2016 01:00;0,362965;
Natriumchlorid;4;17.04.2016 01:00;0,134829;
Natriumchlorid;9;17.04.2016 01:00;0,0101629;
Arsen;3;17.04.2016 01:00;2,69177;
Arsen;8;17.04.2016 01:00;0,940773;
Arsen;7;17.04.2016 01:00;0,906025;
Arsen;6;17.04.2016 01:00;0,644186;
Arsen;1;17.04.2016 01:00;0,630928;
Arsen;9;17.04.2016 01:00;0,407209;
Arsen;2;17.04.2016 01:00;0,309486;
Arsen;5;17.04.2016 01:00;0,243927;
Arsen;4;17.04.2016 01:00;0,0887176;
Benzol;9;17.04.2016 01:00;1,70735;
Benzol;8;17.04.2016 01:00;0,967446;
Benzol;2;17.04.2016 01:00;0,567733;
Benzol;3;17.04.2016 01:00;0,535736;
Benzol;1;17.04.2016 01:00;0,512606;
Benzol;4;17.04.2016 01:00;0,312684;
Benzol;6;17.04.2016 01:00;0,312639;
Benzol;7;17.04.2016 01:00;0,236474;
Benzol;5;17.04.2016 01:00;0,0747993;
Anilin;3;17.04.2016 01:00;3,00604;
Anilin;9;17.04.2016 01:00;0,448464;
Anilin;4;17.04.2016 01:00;0,364543;
Anilin;8;17.04.2016 01:00;0,212905;
Anilin;5;17.04.2016 01:00;0,175258;
Anilin;6;17.04.2016 01:00;0,15044;
Anilin;7;17.04.2016 01:00;0,14942;
Anilin;2;17.04.2016 01:00;0,13623;
Anilin;1;17.04.2016 01:00;0,127163;
Natriumchlorid;6;17.04.2016 02:00;0,660924;
Natriumchlorid;7;17.04.2016 02:00;0,6486;
Natriumchlorid;5;17.04.2016 02:00;0,338727;
Natriumchlorid;4;17.04.2016 02:00;0,326508;
Natriumchlorid;8;17.04.2016 02:00;0,307082;
Natriumchlorid;2;17.04.2016 02:00;0,293201;
Natriumchlorid;3;17.04.2016 02:00;0,233878;
Natriumchlorid;9;17.04.2016 02:00;0,104639;
Natriumchlorid;1;17.04.2016 02:00;0,0627262;
Arsen;6;17.04.2016 02:00;4,54947;
Arsen;3;17.04.2016 02:00;2,4585;
Arsen;2;17.04.2016 02:00;0,702943;
Arsen;5;17.04.2016 02:00;0,498774;
Arsen;1;17.04.2016 02:00;0,436285;
Arsen;4;17.04.2016 02:00;0,420448;
Arsen;9;17.04.2016 02:00;0,399286;
Arsen;7;17.04.2016 02:00;0,147705;
Arsen;8;17.04.2016 02:00;0,12822;
Benzol;3;17.04.2016 02:00;2,01351;
Benzol;7;17.04.2016 02:00;0,929643;
Benzol;2;17.04.2016 02:00;0,604958;
Benzol;4;17.04.2016 02:00;0,583933;
Benzol;6;17.04.2016 02:00;0,287241;
Benzol;8;17.04.2016 02:00;0,189885;
Benzol;5;17.04.2016 02:00;0,0937927;
Benzol;9;17.04.2016 02:00;0,0886641;
Benzol;1;17.04.2016 02:00;0,00273455;
Anilin;3;17.04.2016 02:00;0,981458;
Anilin;4;17.04.2016 02:00;0,657653;
Anilin;2;17.04.2016 02:00;0,544913;
Anilin;6;17.04.2016 02:00;0,443885;
Anilin;9;17.04.2016 02:00;0,43945;
Anilin;8;17.04.2016 02:00;0,214238;
Anilin;7;17.04.2016 02:00;0,180329;
Anilin;1;17.04.2016 02:00;0,117688;
Anilin;5;17.04.2016 02:00;0,0410969;
Natriumchlorid;2;17.04.2016 03:00;2,61581;
Natriumchlorid;4;17.04.2016 03:00;1,12091;
Natriumchlorid;8;17.04.2016 03:00;0,529441;
Natriumchlorid;3;17.04.2016 03:00;0,442125;
Natriumchlorid;1;17.04.2016 03:00;0,372224;
Natriumchlorid;7;17.04.2016 03:00;0,357589;
Natriumchlorid;9;17.04.2016 03:00;0,270211;
Natriumchlorid;5;17.04.2016 03:00;0,121592;
Natriumchlorid;6;17.04.2016 03:00;0,0823117;
Arsen;7;17.04.2016 03:00;2,57331;
Arsen;3;17.04.2016 03:00;2,37698;
Arsen;4;17.04.2016 03:00;1,01053;
Arsen;8;17.04.2016 03:00;0,876715;
Arsen;2;17.04.2016 03:00;0,547071;
Arsen;1;17.04.2016 03:00;0,400042;
Arsen;5;17.04.2016 03:00;0,357091;
Arsen;6;17.04.2016 03:00;0,243019;
Arsen;9;17.04.2016 03:00;0,0140925;
Benzol;3;17.04.2016 03:00;1,42391;
Benzol;6;17.04.2016 03:00;0,397055;
Benzol;4;17.04.2016 03:00;0,395069;
Benzol;9;17.04.2016 03:00;0,266675;
Benzol;2;17.04.2016 03:00;0,239461;
Benzol;1;17.04.2016 03:00;0,183542;
Benzol;7;17.04.2016 03:00;0,182371;
Benzol;5;17.04.2016 03:00;0,162087;
Benzol;8;17.04.2016 03:00;0,11971;
Anilin;2;17.04.2016 03:00;21,55277;
Anilin;3;17.04.2016 03:00;0,86693;
Anilin;6;17.04.2016 03:00;0,399181;
Anilin;7;17.04.2016 03:00;0,268503;
Anilin;8;17.04.2016 03:00;0,245165;
Anilin;4;17.04.2016 03:00;0,18969;
Anilin;1;17.04.2016 03:00;0,0234901;
Anilin;5;17.04.2016 03:00;0,0105356;
Anilin;9;17.04.2016 03:00;0,00124085;
Natriumchlorid;3;17.04.2016 04:00;1,88769;
Natriumchlorid;4;17.04.2016 04:00;0,596633;
Natriumchlorid;5;17.04.2016 04:00;0,520607;
Natriumchlorid;1;17.04.2016 04:00;0,354681;
Natriumchlorid;6;17.04.2016 04:00;0,178329;
Natriumchlorid;8;17.04.2016 04:00;0,166836;
Natriumchlorid;7;17.04.2016 04:00;0,14392;
Natriumchlorid;9;17.04.2016 04:00;0,0901461;
Natriumchlorid;2;17.04.2016 04:00;0,0299803;
Arsen;2;17.04.2016 04:00;0,785602;
Arsen;8;17.04.2016 04:00;0,767593;
Arsen;3;17.04.2016 04:00;0,732113;
Arsen;5;17.04.2016 04:00;0,602737;
Arsen;9;17.04.2016 04:00;0,361095;
Arsen;6;17.04.2016 04:00;0,293922;
Arsen;4;17.04.2016 04:00;0,251637;
Arsen;1;17.04.2016 04:00;0,25084;
Arsen;7;17.04.2016 04:00;0,197638;
Benzol;3;17.04.2016 04:00;2,17585;
Benzol;9;17.04.2016 04:00;0,44055;
Benzol;2;17.04.2016 04:00;0,360225;
Benzol;7;17.04.2016 04:00;0,320457;
Benzol;8;17.04.2016 04:00;0,319082;
Benzol;4;17.04.2016 04:00;0,283665;
Benzol;5;17.04.2016 04:00;0,258975;
Benzol;1;17.04.2016 04:00;0,07499;
Benzol;6;17.04.2016 04:00;0,0681945;
Anilin;8;17.04.2016 04:00;0,732411;
Anilin;7;17.04.2016 04:00;0,488077;
Anilin;6;17.04.2016 04:00;0,234743;
Anilin;9;17.04.2016 04:00;0,213144;
Anilin;4;17.04.2016 04:00;0,210665;
Anilin;5;17.04.2016 04:00;0,178795;
Anilin;2;17.04.2016 04:00;0,135185;
Anilin;3;17.04.2016 04:00;0,127562;
Anilin;1;17.04.2016 04:00;0,0270094;
Natriumchlorid;3;17.04.2016 05:00;3,41602;
Natriumchlorid;4;17.04.2016 05:00;0,475821;
Natriumchlorid;6;17.04.2016 05:00;0,45342;
Natriumchlorid;2;17.04.2016 05:00;0,436254;
Natriumchlorid;5;17.04.2016 05:00;0,367847;
Natriumchlorid;1;17.04.2016 05:00;0,338974;
Natriumchlorid;7;17.04.2016 05:00;0,253743;
Natriumchlorid;9;17.04.2016 05:00;0,114855;
Natriumchlorid;8;17.04.2016 05:00;0,0589483;
Arsen;5;17.04.2016 05:00;2,1445;
Arsen;3;17.04.2016 05:00;0,529372;
Arsen;7;17.04.2016 05:00;0,521378;
Arsen;9;17.04.2016 05:00;0,28753;
Arsen;8;17.04.2016 05:00;0,205809;
Arsen;2;17.04.2016 05:00;0,187466;
Arsen;1;17.04.2016 05:00;0,12278;
Arsen;4;17.04.2016 05:00;0,0465584;
Arsen;6;17.04.2016 05:00;0,00372224;
Benzol;7;17.04.2016 05:00;1,28835;
Benzol;2;17.04.2016 05:00;0,639405;
Benzol;6;17.04.2016 05:00;0,520155;
Benzol;5;17.04.2016 05:00;0,308817;
Benzol;9;17.04.2016 05:00;0,207934;
Benzol;8;17.04.2016 05:00;0,20457;
Benzol;4;17.04.2016 05:00;0,133989;
Benzol;1;17.04.2016 05:00;0,0763078;
Benzol;3;17.04.2016 05:00;0,0465247;
Anilin;3;17.04.2016 05:00;17,94623;
Anilin;8;17.04.2016 05:00;0,815782;
Anilin;4;17.04.2016 05:00;0,674645;
Anilin;2;17.04.2016 05:00;0,606074;
Anilin;6;17.04.2016 05:00;0,555073;
Anilin;7;17.04.2016 05:00;0,534443;
Anilin;5;17.04.2016 05:00;0,364104;
Anilin;1;17.04.2016 05:00;0,210554;
Anilin;9;17.04.2016 05:00;0,198462;
Natriumchlorid;3;17.04.2016 06:00;11,00977;
Natriumchlorid;3;17.04.2016 06:00;3,98816;
Natriumchlorid;8;17.04.2016 06:00;0,937133;
Natriumchlorid;4;17.04.2016 06:00;0,658718;
Natriumchlorid;1;17.04.2016 06:00;0,493338;
Natriumchlorid;5;17.04.2016 06:00;0,431066;
Natriumchlorid;6;17.04.2016 06:00;0,413819;
Natriumchlorid;7;17.04.2016 06:00;0,241185;
Natriumchlorid;9;17.04.2016 06:00;0,0329281;
Natriumchlorid;2;17.04.2016 06:00;0,0293309;
Arsen;7;17.04.2016 06:00;0,656971;
Arsen;6;17.04.2016 06:00;0,621078;
Arsen;3;17.04.2016 06:00;0,39307;
Arsen;4;17.04.2016 06:00;0,281991;
Arsen;9;17.04.2016 06:00;0,278809;
Arsen;8;17.04.2016 06:00;0,272138;
Arsen;5;17.04.2016 06:00;0,0269192;
Arsen;2;17.04.2016 06:00;0,0246712;
Arsen;1;17.04.2016 06:00;0,0219822;
Benzol;8;17.04.2016 06:00;0,873308;
Benzol;4;17.04.2016 06:00;0,597113;
Benzol;5;17.04.2016 06:00;0,559378;
Benzol;1;17.04.2016 06:00;0,536438;
Benzol;3;17.04.2016 06:00;0,534509;
Benzol;6;17.04.2016 06:00;0,494795;
Benzol;2;17.04.2016 06:00;0,348505;
Benzol;9;17.04.2016 06:00;0,128306;
Benzol;7;17.04.2016 06:00;0,110076;
Anilin;8;17.04.2016 06:00;0,578129;
Anilin;4;17.04.2016 06:00;0,526022;
Anilin;9;17.04.2016 06:00;0,441976;
Anilin;6;17.04.2016 06:00;0,42421;
Anilin;1;17.04.2016 06:00;0,217518;
Anilin;5;17.04.2016 06:00;0,192319;
Anilin;2;17.04.2016 06:00;0,160908;
Anilin;7;17.04.2016 06:00;0,152357;
Natriumchlorid;3;17.04.2016 07:00;22,02191;
Natriumchlorid;3;17.04.2016 07:00;2,61512;
Natriumchlorid;8;17.04.2016 07:00;0,786782;
Natriumchlorid;2;17.04.2016 07:00;0,777154;
Natriumchlorid;4;17.04.2016 07:00;0,459093;
Natriumchlorid;5;17.04.2016 07:00;0,151873;
Natriumchlorid;9;17.04.2016 07:00;0,135166;
Natriumchlorid;6;17.04.2016 07:00;0,115773;
Natriumchlorid;7;17.04.2016 07:00;0,115498;
Natriumchlorid;1;17.04.2016 07:00;0,0248662;
Arsen;3;17.04.2016 07:00;2,64602;
Arsen;7;17.04.2016 07:00;1,26222;
Arsen;8;17.04.2016 07:00;0,821604;
Arsen;2;17.04.2016 07:00;0,435817;
Arsen;9;17.04.2016 07:00;0,353795;
Arsen;6;17.04.2016 07:00;0,339009;
Arsen;5;17.04.2016 07:00;0,201153;
Arsen;1;17.04.2016 07:00;0,166498;
Arsen;4;17.04.2016 07:00;0,00578303;
Benzol;4;17.04.2016 07:00;0,698702;
Benzol;3;17.04.2016 07:00;0,390569;
Benzol;6;17.04.2016 07:00;0,39035;
Benzol;8;17.04.2016 07:00;0,374601;
Benzol;7;17.04.2016 07:00;0,322456;
Benzol;1;17.04.2016 07:00;0,167088;
Benzol;5;17.04.2016 07:00;0,129602;
Benzol;9;17.04.2016 07:00;0,0808698;
Benzol;2;17.04.2016 07:00;0,0600988;
Anilin;7;17.04.2016 07:00;0,499556;
Anilin;2;17.04.2016 07:00;0,487554;
Anilin;6;17.04.2016 07:00;0,456455;
Anilin;8;17.04.2016 07:00;0,372822;
Anilin;1;17.04.2016 07:00;0,28394;
Anilin;5;17.04.2016 07:00;0,237938;
Anilin;9;17.04.2016 07:00;0,0430187;
Anilin;4;17.04.2016 07:00;0,0114692;
Natriumchlorid;5;17.04.2016 08:00;3,31008;
Natriumchlorid;3;17.04.2016 08:00;0,631934;
Natriumchlorid;8;17.04.2016 08:00;0,574655;
Natriumchlorid;1;17.04.2016 08:00;0,452962;
Natriumchlorid;9;17.04.2016 08:00;0,430988;
Natriumchlorid;4;17.04.2016 08:00;0,394846;
Natriumchlorid;2;17.04.2016 08:00;0,307538;
Natriumchlorid;7;17.04.2016 08:00;0,121064;
Natriumchlorid;6;17.04.2016 08:00;0,079083;
Arsen;7;17.04.2016 08:00;1,64261;
Arsen;3;17.04.2016 08:00;1,22071;
Arsen;8;17.04.2016 08:00;0,605562;
Arsen;4;17.04.2016 08:00;0,38871;
Arsen;6;17.04.2016 08:00;0,312437;
Arsen;5;17.04.2016 08:00;0,29295;
Arsen;9;17.04.2016 08:00;0,268521;
Arsen;2;17.04.2016 08:00;0,0799394;
Arsen;1;17.04.2016 08:00;0,0558486;
Benzol;3;17.04.2016 08:00;2,11758;
Benzol;8;17.04.2016 08:00;0,617811;
Benzol;6;17.04.2016 08:00;0,613298;
Benzol;4;17.04.2016 08:00;0,147784;
Benzol;1;17.04.2016 08:00;0,0869;
Benzol;7;17.04.2016 08:00;0,075493;
Benzol;9;17.04.2016 08:00;0,0509996;
Benzol;5;17.04.2016 08:00;0,0504383;
Benzol;2;17.04.2016 08:00;0,0397748;
Anilin;3;17.04.2016 08:00;4,4293;
Anilin;2;17.04.2016 08:00;0,586124;
Anilin;5;17.04.2016 08:00;0,472472;
Anilin;7;17.04.2016 08:00;0,387878;
Anilin;6;17.04.2016 08:00;0,225884;
Anilin;8;17.04.2016 08:00;0,165944;
Anilin;4;17.04.2016 08:00;0,160324;
Anilin;1;17.04.2016 08:00;0,0934115;
Anilin;9;17.04.2016 08:00;0,070692;
Natriumchlorid;4;17.04.2016 09:00;21,74568;
Natriumchlorid;4;17.04.2016 09:00;2,76979;
Natriumchlorid;5;17.04.2016 09:00;1,35492;
Natriumchlorid;3;17.04.2016 09:00;0,799506;
Natriumchlorid;7;17.04.2016 09:00;0,765084;
Natriumchlorid;9;17.04.2016 09:00;0,230774;
Natriumchlorid;2;17.04.2016 09:00;0,164627;
Natriumchlorid;6;17.04.2016 09:00;0,101219;
Natriumchlorid;8;17.04.2016 09:00;0,0693141;
Natriumchlorid;1;17.04.2016 09:00;0,0296089;
Arsen;9;17.04.2016 09:00;3,39036;
Arsen;3;17.04.2016 09:00;2,53086;
Arsen;7;17.04.2016 09:00;2,20771;
Arsen;6;17.04.2016 09:00;0,688102;
Arsen;2;17.04.2016 09:00;0,356486;
Arsen;4;17.04.2016 09:00;0,326076;
Arsen;5;17.04.2016 09:00;0,229528;
Arsen;8;17.04.2016 09:00;0,134882;
Arsen;1;17.04.2016 09:00;0,0878325;
Benzol;8;17.04.2016 09:00;0,873618;
Benzol;4;17.04.2016 09:00;0,447777;
Benzol;9;17.04.2016 09:00;0,412489;
Benzol;3;17.04.2016 09:00;0,315616;
Benzol;7;17.04.2016 09:00;0,237339;
Benzol;6;17.04.2016 09:00;0,169637;
Benzol;1;17.04.2016 09:00;0,134037;
Benzol;2;17.04.2016 09:00;0,115464;
Benzol;5;17.04.2016 09:00;0,0196632;
Anilin;3;17.04.2016 09:00;1,76793;
Anilin;8;17.04.2016 09:00;1,68802;
Anilin;7;17.04.2016 09:00;1,0983;
Anilin;2;17.04.2016 09:00;0,417421;
Anilin;5;17.04.2016 09:00;0,258765;
Anilin;1;17.04.2016 09:00;0,1388;
Anilin;6;17.04.2016 09:00;0,0365987;
Anilin;9;17.04.2016 09:00;0,0250332;
Natriumchlorid;9;17.04.2016 10:00;0,314215;
Natriumchlorid;3;17.04.2016 10:00;0,244724;
Natriumchlorid;2;17.04.2016 10:00;0,222579;
Natriumchlorid;6;17.04.2016 10:00;0,187134;
Natriumchlorid;7;17.04.2016 10:00;0,174582;
Natriumchlorid;5;17.04.2016 10:00;0,148595;
Natriumchlorid;4;17.04.2016 10:00;0,0758905;
Natriumchlorid;1;17.04.2016 10:00;0,044896;
Natriumchlorid;8;17.04.2016 10:00;0,0200065;
Arsen;3;17.04.2016 10:00;1,37461;
Arsen;4;17.04.2016 10:00;0,910802;
Arsen;6;17.04.2016 10:00;0,508445;
Arsen;5;17.04.2016 10:00;0,274985;
Arsen;1;17.04.2016 10:00;0,220837;
Arsen;7;17.04.2016 10:00;0,16574;
Arsen;2;17.04.2016 10:00;0,123504;
Arsen;9;17.04.2016 10:00;0,0660991;
Arsen;8;17.04.2016 10:00;0,0453316;
Benzol;4;17.04.2016 10:00;3,60623;
Benzol;3;17.04.2016 10:00;1,79864;
Benzol;9;17.04.2016 10:00;0,661827;
Benzol;5;17.04.2016 10:00;0,515932;
Benzol;6;17.04.2016 10:00;0,467808;
Benzol;7;17.04.2016 10:00;0,411333;
Benzol;2;17.04.2016 10:00;0,0964407;
Benzol;1;17.04.2016 10:00;0,0256608;
Benzol;8;17.04.2016 10:00;0,00850346;
Anilin;7;17.04.2016 10:00;2,2572;
Anilin;2;17.04.2016 10:00;0,993865;
Anilin;8;17.04.2016 10:00;0,728966;
Anilin;6;17.04.2016 10:00;0,48374;
Anilin;3;17.04.2016 10:00;0,275689;
Anilin;5;17.04.2016 10:00;0,200132;
Anilin;1;17.04.2016 10:00;0,187224;
Anilin;4;17.04.2016 10:00;0,136416;
Anilin;9;17.04.2016 10:00;0,0726551;
Natriumchlorid;3;17.04.2016 11:00;2,02841;
Natriumchlorid;9;17.04.2016 11:00;1,16817;
Natriumchlorid;6;17.04.2016 11:00;0,499322;
Natriumchlorid;7;17.04.2016 11:00;0,404104;
Natriumchlorid;2;17.04.2016 11:00;0,374959;
Natriumchlorid;4;17.04.2016 11:00;0,0581845;
Natriumchlorid;1;17.04.2016 11:00;0,0546441;
Natriumchlorid;5;17.04.2016 11:00;0,0512789;
Natriumchlorid;8;17.04.2016 11:00;0,00102468;
Arsen;7;17.04.2016 11:00;2,7751;
Arsen;8;17.04.2016 11:00;1,32061;
Arsen;9;17.04.2016 11:00;0,352953;
Arsen;1;17.04.2016 11:00;0,310114;
Arsen;4;17.04.2016 11:00;0,277316;
Arsen;3;17.04.2016 11:00;0,226499;
Arsen;6;17.04.2016 11:00;0,167966;
Arsen;5;17.04.2016 11:00;0,109983;
Arsen;2;17.04.2016 11:00;0,103004;
Benzol;2;17.04.2016 11:00;0,620219;
Benzol;5;17.04.2016 11:00;0,593051;
Benzol;4;17.04.2016 11:00;0,369479;
Benzol;1;17.04.2016 11:00;0,366573;
Benzol;3;17.04.2016 11:00;0,343392;
Benzol;6;17.04.2016 11:00;0,212792;
Benzol;7;17.04.2016 11:00;0,132442;
Benzol;9;17.04.2016 11:00;0,129645;
Benzol;8;17.04.2016 11:00;0,0281665;
Anilin;3;17.04.2016 11:00;2,22616;
Anilin;2;17.04.2016 11:00;1,34113;
Anilin;8;17.04.2016 11:00;0,565323;
Anilin;6;17.04.2016 11:00;0,548119;
Anilin;4;17.04.2016 11:00;0,473469;
Anilin;9;17.04.2016 11:00;0,167351;
Anilin;5;17.04.2016 11:00;0,0995276;
Anilin;7;17.04.2016 11:00;0,0491465;
Anilin;1;17.04.2016 11:00;0,00879556;
Natriumchlorid;3;17.04.2016 12:00;1,93199;
Natriumchlorid;6;17.04.2016 12:00;0,590457;
Natriumchlorid;4;17.04.2016 12:00;0,344246;
Natriumchlorid;9;17.04.2016 12:00;0,14567;
Natriumchlorid;2;17.04.2016 12:00;0,103453;
Natriumchlorid;7;17.04.2016 12:00;0,102864;
Natriumchlorid;1;17.04.2016 12:00;0,0593551;
Natriumchlorid;8;17.04.2016 12:00;0,0295974;
Natriumchlorid;5;17.04.2016 12:00;0,0253739;
Arsen;7;17.04.2016 12:00;1,01449;
Arsen;8;17.04.2016 12:00;0,555198;
Arsen;2;17.04.2016 12:00;0,544404;
Arsen;1;17.04.2016 12:00;0,377652;
Arsen;4;17.04.2016 12:00;0,326461;
Arsen;6;17.04.2016 12:00;0,30385;
Arsen;3;17.04.2016 12:00;0,221076;
Arsen;5;17.04.2016 12:00;0,119519;
Arsen;9;17.04.2016 12:00;0,112925;
Benzol;3;17.04.2016 12:00;1,85368;
Benzol;8;17.04.2016 12:00;1,03024;
Benzol;6;17.04.2016 12:00;0,542226;
Benzol;2;17.04.2016 12:00;0,415135;
Benzol;4;17.04.2016 12:00;0,38871;
Benzol;1;17.04.2016 12:00;0,35361;
Benzol;9;17.04.2016 12:00;0,166079;
Benzol;5;17.04.2016 12:00;0,13194;
Benzol;7;17.04.2016 12:00;0,10696;
Anilin;7;17.04.2016 12:00;1,02175;
Anilin;3;17.04.2016 12:00;0,730612;
Anilin;4;17.04.2016 12:00;0,68862;
Anilin;6;17.04.2016 12:00;0,417978;
Anilin;9;17.04.2016 12:00;0,381938;
Anilin;8;17.04.2016 12:00;0,356602;
Anilin;5;17.04.2016 12:00;0,198038;
Anilin;2;17.04.2016 12:00;0,147355;
Anilin;1;17.04.2016 12:00;0,0437256;
Natriumchlorid;6;17.04.2016 13:00;58,20655;
Natriumchlorid;6;17.04.2016 13:00;6,46435;
Natriumchlorid;3;17.04.2016 13:00;1,84425;
Natriumchlorid;2;17.04.2016 13:00;0,616255;
Natriumchlorid;8;17.04.2016 13:00;0,572638;
Natriumchlorid;7;17.04.2016 13:00;0,389107;
Natriumchlorid;5;17.04.2016 13:00;0,298379;
Natriumchlorid;4;17.04.2016 13:00;0,293887;
Natriumchlorid;1;17.04.2016 13:00;0,134876;
Natriumchlorid;9;17.04.2016 13:00;0,0933763;
Arsen;4;17.04.2016 13:00;0,744692;
Arsen;3;17.04.2016 13:00;0,671046;
Arsen;7;17.04.2016 13:00;0,500969;
Arsen;8;17.04.2016 13:00;0,418443;
Arsen;1;17.04.2016 13:00;0,22782;
Arsen;5;17.04.2016 13:00;0,194959;
Arsen;6;17.04.2016 13:00;0,185727;
Arsen;9;17.04.2016 13:00;0,120649;
Arsen;2;17.04.2016 13:00;0,0778567;
Benzol;3;17.04.2016 13:00;1,14055;
Benzol;8;17.04.2016 13:00;0,72721;
Benzol;4;17.04.2016 13:00;0,628166;
Benzol;2;17.04.2016 13:00;0,56189;
Benzol;6;17.04.2016 13:00;0,483139;
Benzol;5;17.04.2016 13:00;0,219969;
Benzol;1;17.04.2016 13:00;0,139922;
Benzol;9;17.04.2016 13:00;0,0946454;
Benzol;7;17.04.2016 13:00;0,0403679;
Anilin;5;17.04.2016 13:00;0,446133;
Anilin;7;17.04.2016 13:00;0,390142;
Anilin;9;17.04.2016 13:00;0,377402;
Anilin;4;17.04.2016 13:00;0,268281;
Anilin;2;17.04.2016 13:00;0,125929;
Anilin;1;17.04.2016 13:00;0,10428;
Anilin;3;17.04.2016 13:00;0,0125585;
Anilin;8;17.04.2016 13:00;0,00409031;
Natriumchlorid;3;17.04.2016 14:00;3,11418;
Natriumchlorid;8;17.04.2016 14:00;1,20984;
Natriumchlorid;5;17.04.2016 14:00;0,70671;
Natriumchlorid;9;17.04.2016 14:00;0,336414;
Natriumchlorid;2;17.04.2016 14:00;0,298389;
Natriumchlorid;7;17.04.2016 14:00;0,147222;
Natriumchlorid;4;17.04.2016 14:00;0,0219775;
Natriumchlorid;6;17.04.2016 14:00;0,0100384;
Natriumchlorid;1;17.04.2016 14:00;0,00760217;
Arsen;6;17.04.2016 14:00;0,831868;
Arsen;8;17.04.2016 14:00;0,825624;
Arsen;7;17.04.2016 14:00;0,596248;
Arsen;3;17.04.2016 14:00;0,461442;
Arsen;4;17.04.2016 14:00;0,362275;
Arsen;1;17.04.2016 14:00;0,253531;
Arsen;2;17.04.2016 14:00;0,175507;
Arsen;5;17.04.2016 14:00;0,100134;
Arsen;9;17.04.2016 14:00;0,0267317;
Benzol;7;17.04.2016 14:00;1,22037;
Benzol;3;17.04.2016 14:00;1,02459;
Benzol;4;17.04.2016 14:00;0,393582;
Benzol;8;17.04.2016 14:00;0,355339;
Benzol;5;17.04.2016 14:00;0,214904;
Benzol;6;17.04.2016 14:00;0,157003;
Benzol;9;17.04.2016 14:00;0,101491;
Benzol;1;17.04.2016 14:00;0,0800834;
Benzol;2;17.04.2016 14:00;0,0610154;
Anilin;2;17.04.2016 14:00;0,755965;
Anilin;3;17.04.2016 14:00;0,714356;
Anilin;8;17.04.2016 14:00;0,563546;
Anilin;1;17.04.2016 14:00;0,51271;
Anilin;4;17.04.2016 14:00;0,381557;
Anilin;7;17.04.2016 14:00;0,377734;
Anilin;6;17.04.2016 14:00;0,203187;
Anilin;5;17.04.2016 14:00;0,185237;
Anilin;9;17.04.2016 14:00;0,184846;
Natriumchlorid;7;17.04.2016 15:00;1,27373;
Natriumchlorid;3;17.04.2016 15:00;1,25123;
Natriumchlorid;6;17.04.2016 15:00;0,519496;
Natriumchlorid;5;17.04.2016 15:00;0,455638;
Natriumchlorid;8;17.04.2016 15:00;0,350533;
Natriumchlorid;9;17.04.2016 15:00;0,177593;
Natriumchlorid;4;17.04.2016 15:00;0,141117;
Natriumchlorid;2;17.04.2016 15:00;0,103494;
Natriumchlorid;1;17.04.2016 15:00;0,0905408;
Arsen;3;17.04.2016 15:00;3,93615;
Arsen;5;17.04.2016 15:00;0,757684;
Arsen;7;17.04.2016 15:00;0,550281;
Arsen;4;17.04.2016 15:00;0,431038;
Arsen;6;17.04.2016 15:00;0,327228;
Arsen;9;17.04.2016 15:00;0,258783;
Arsen;8;17.04.2016 15:00;0,234967;
Arsen;2;17.04.2016 15:00;0,140062;
Arsen;1;17.04.2016 15:00;0,109311;
Benzol;3;17.04.2016 15:00;1,88671;
Benzol;6;17.04.2016 15:00;0,987218;
Benzol;7;17.04.2016 15:00;0,708804;
Benzol;1;17.04.2016 15:00;0,671358;
Benzol;9;17.04.2016 15:00;0,354207;
Benzol;2;17.04.2016 15:00;0,334417;
Benzol;8;17.04.2016 15:00;0,316582;
Benzol;5;17.04.2016 15:00;0,0322641;
Benzol;4;17.04.2016 15:00;0,00233239;
Anilin;3;17.04.2016 15:00;4,10737;
Anilin;9;17.04.2016 15:00;0,422152;
Anilin;6;17.04.2016 15:00;0,404644;
Anilin;4;17.04.2016 15:00;0,21636;
Anilin;7;17.04.2016 15:00;0,166028;
Anilin;8;17.04.2016 15:00;0,132273;
Anilin;1;17.04.2016 15:00;0,0259349;
Anilin;2;17.04.2016 15:00;0,0129655;
Anilin;5;17.04.2016 15:00;0,00354348;
Natriumchlorid;3;17.04.2016 16:00;1,94911;
Natriumchlorid;6;17.04.2016 16:00;0,648002;
Natriumchlorid;7;17.04.2016 16:00;0,618343;
Natriumchlorid;9;17.04.2016 16:00;0,38976;
Natriumchlorid;2;17.04.2016 16:00;0,38747;
Natriumchlorid;8;17.04.2016 16:00;0,324135;
Natriumchlorid;1;17.04.2016 16:00;0,254563;
Natriumchlorid;4;17.04.2016 16:00;0,212285;
Natriumchlorid;5;17.04.2016 16:00;0,210446;
Arsen;3;17.04.2016 16:00;2,79963;
Arsen;7;17.04.2016 16:00;0,744841;
Arsen;8;17.04.2016 16:00;0,648126;
Arsen;6;17.04.2016 16:00;0,615144;
Arsen;4;17.04.2016 16:00;0,513163;
Arsen;9;17.04.2016 16:00;0,447936;
Arsen;2;17.04.2016 16:00;0,300511;
Arsen;5;17.04.2016 16:00;0,264813;
Arsen;1;17.04.2016 16:00;0,0676643;
Benzol;3;17.04.2016 16:00;2,9515;
Benzol;7;17.04.2016 16:00;1,33759;
Benzol;4;17.04.2016 16:00;0,321561;
Benzol;6;17.04.2016 16:00;0,246903;
Benzol;1;17.04.2016 16:00;0,246585;
Benzol;2;17.04.2016 16:00;0,212563;
Benzol;5;17.04.2016 16:00;0,203897;
Benzol;9;17.04.2016 16:00;0,19785;
Benzol;8;17.04.2016 16:00;0,148341;
Anilin;7;17.04.2016 16:00;0,618627;
Anilin;8;17.04.2016 16:00;0,579312;
Anilin;4;17.04.2016 16:00;0,515144;
Anilin;9;17.04.2016 16:00;0,424838;
Anilin;5;17.04.2016 16:00;0,358724;
Anilin;2;17.04.2016 16:00;0,342768;
Anilin;3;17.04.2016 16:00;0,266166;
Anilin;1;17.04.2016 16:00;0,265253;
Anilin;6;17.04.2016 16:00;0,0445101;
Natriumchlorid;3;17.04.2016 17:00;1,77173;
Natriumchlorid;7;17.04.2016 17:00;0,905241;
Natriumchlorid;8;17.04.2016 17:00;0,768294;
Natriumchlorid;9;17.04.2016 17:00;0,698781;
Natriumchlorid;4;17.04.2016 17:00;0,45359;
Natriumchlorid;6;17.04.2016 17:00;0,398248;
Natriumchlorid;2;17.04.2016 17:00;0,228865;
Natriumchlorid;5;17.04.2016 17:00;0,0975177;
Natriumchlorid;1;17.04.2016 17:00;0,046616;
Arsen;2;17.04.2016 17:00;0,817945;
Arsen;9;17.04.2016 17:00;0,721701;
Arsen;4;17.04.2016 17:00;0,612037;
Arsen;8;17.04.2016 17:00;0,492321;
Arsen;1;17.04.2016 17:00;0,421615;
Arsen;6;17.04.2016 17:00;0,391636;
Arsen;5;17.04.2016 17:00;0,379668;
Arsen;3;17.04.2016 17:00;0,189241;
Arsen;7;17.04.2016 17:00;0,0141908;
Benzol;3;17.04.2016 17:00;6,04298;
Benzol;6;17.04.2016 17:00;0,499218;
Benzol;4;17.04.2016 17:00;0,359295;
Benzol;5;17.04.2016 17:00;0,282263;
Benzol;7;17.04.2016 17:00;0,257355;
Benzol;1;17.04.2016 17:00;0,235023;
Benzol;9;17.04.2016 17:00;0,162606;
Benzol;8;17.04.2016 17:00;0,0501935;
Benzol;2;17.04.2016 17:00;0,00163329;
Anilin;3;17.04.2016 17:00;1,53236;
Anilin;7;17.04.2016 17:00;1,45965;
Anilin;8;17.04.2016 17:00;1,28794;
Anilin;4;17.04.2016 17:00;0,489305;
Anilin;6;17.04.2016 17:00;0,468537;
Anilin;9;17.04.2016 17:00;0,354186;
Anilin;5;17.04.2016 17:00;0,289808;
Anilin;1;17.04.2016 17:00;0,0995343;
Anilin;2;17.04.2016 17:00;0,0844451;
Natriumchlorid;7;17.04.2016 18:00;0,791198;
Natriumchlorid;4;17.04.2016 18:00;0,470721;
Natriumchlorid;5;17.04.2016 18:00;0,406713;
Natriumchlorid;3;17.04.2016 18:00;0,362284;
Natriumchlorid;6;17.04.2016 18:00;0,355284;
Natriumchlorid;1;17.04.2016 18:00;0,347597;
Natriumchlorid;8;17.04.2016 18:00;0,339505;
Natriumchlorid;2;17.04.2016 18:00;0,29779;
Natriumchlorid;9;17.04.2016 18:00;0,181668;
Arsen;3;17.04.2016 18:00;5,22417;
Arsen;7;17.04.2016 18:00;0,797402;
Arsen;6;17.04.2016 18:00;0,602274;
Arsen;2;17.04.2016 18:00;0,49924;
Arsen;4;17.04.2016 18:00;0,332959;
Arsen;9;17.04.2016 18:00;0,269658;
Arsen;5;17.04.2016 18:00;0,124941;
Arsen;8;17.04.2016 18:00;0,0388469;
Arsen;1;17.04.2016 18:00;0,0224616;
Benzol;3;17.04.2016 18:00;1,45076;
Benzol;6;17.04.2016 18:00;0,781873;
Benzol;7;17.04.2016 18:00;0,687745;
Benzol;8;17.04.2016 18:00;0,53322;
Benzol;2;17.04.2016 18:00;0,329635;
Benzol;9;17.04.2016 18:00;0,257956;
Benzol;1;17.04.2016 18:00;0,211489;
Benzol;4;17.04.2016 18:00;0,104276;
Benzol;5;17.04.2016 18:00;0,0981777;
Anilin;3;17.04.2016 18:00;1,82652;
Anilin;8;17.04.2016 18:00;0,735969;
Anilin;7;17.04.2016 18:00;0,652561;
Anilin;6;17.04.2016 18:00;0,477929;
Anilin;5;17.04.2016 18:00;0,371381;
Anilin;9;17.04.2016 18:00;0,264737;
Anilin;4;17.04.2016 18:00;0,232549;
Anilin;2;17.04.2016 18:00;0,151236;
Anilin;1;17.04.2016 18:00;0,0666203;
Natriumchlorid;6;17.04.2016 19:00;0,662256;
Natriumchlorid;7;17.04.2016 19:00;0,595297;
Natriumchlorid;3;17.04.2016 19:00;0,59049;
Natriumchlorid;8;17.04.2016 19:00;0,536361;
Natriumchlorid;1;17.04.2016 19:00;0,408233;
Natriumchlorid;9;17.04.2016 19:00;0,325811;
Natriumchlorid;2;17.04.2016 19:00;0,27437;
Natriumchlorid;4;17.04.2016 19:00;0,192864;
Natriumchlorid;5;17.04.2016 19:00;0,155751;
Arsen;8;17.04.2016 19:00;1,3447;
Arsen;4;17.04.2016 19:00;0,451033;
Arsen;6;17.04.2016 19:00;0,30693;
Arsen;2;17.04.2016 19:00;0,278109;
Arsen;9;17.04.2016 19:00;0,257124;
Arsen;3;17.04.2016 19:00;0,188106;
Arsen;7;17.04.2016 19:00;0,134024;
Arsen;5;17.04.2016 19:00;0,0538132;
Arsen;1;17.04.2016 19:00;0,0362882;
Benzol;3;17.04.2016 19:00;0,916387;
Benzol;7;17.04.2016 19:00;0,677968;
Benzol;6;17.04.2016 19:00;0,637179;
Benzol;5;17.04.2016 19:00;0,292225;
Benzol;9;17.04.2016 19:00;0,283556;
Benzol;1;17.04.2016 19:00;0,275131;
Benzol;4;17.04.2016 19:00;0,247261;
Benzol;2;17.04.2016 19:00;0,18364;
Benzol;8;17.04.2016 19:00;0,0545757;
Anilin;3;17.04.2016 19:00;3,28337;
Anilin;7;17.04.2016 19:00;1,34412;
Anilin;8;17.04.2016 19:00;0,608851;
Anilin;6;17.04.2016 19:00;0,271643;
Anilin;4;17.04.2016 19:00;0,205633;
Anilin;9;17.04.2016 19:00;0,176361;
Anilin;1;17.04.2016 19:00;0,163158;
Anilin;5;17.04.2016 19:00;0,123417;
Anilin;2;17.04.2016 19:00;0,0630547;
Natriumchlorid;7;17.04.2016 20:00;2,45675;
Natriumchlorid;6;17.04.2016 20:00;0,792429;
Natriumchlorid;4;17.04.2016 20:00;0,481729;
Natriumchlorid;8;17.04.2016 20:00;0,41737;
Natriumchlorid;9;17.04.2016 20:00;0,379521;
Natriumchlorid;3;17.04.2016 20:00;0,36513;
Natriumchlorid;1;17.04.2016 20:00;0,164184;
Natriumchlorid;2;17.04.2016 20:00;0,0526573;
Natriumchlorid;5;17.04.2016 20:00;0,0106695;
Arsen;7;17.04.2016 20:00;1,9975;
Arsen;1;17.04.2016 20:00;0,550185;
Arsen;6;17.04.2016 20:00;0,48925;
Arsen;8;17.04.2016 20:00;0,42957;
Arsen;2;17.04.2016 20:00;0,354802;
Arsen;3;17.04.2016 20:00;0,335182;
Arsen;5;17.04.2016 20:00;0,198249;
Arsen;9;17.04.2016 20:00;0,128078;
Arsen;4;17.04.2016 20:00;0,0873224;
Benzol;3;17.04.2016 20:00;1,33952;
Benzol;2;17.04.2016 20:00;0,824383;
Benzol;5;17.04.2016 20:00;0,763165;
Benzol;7;17.04.2016 20:00;0,457712;
Benzol;9;17.04.2016 20:00;0,38368;
Benzol;6;17.04.2016 20:00;0,342828;
Benzol;1;17.04.2016 20:00;0,22606;
Benzol;4;17.04.2016 20:00;0,202974;
Benzol;8;17.04.2016 20:00;0,0471415;
Anilin;7;17.04.2016 20:00;2,04508;
Anilin;3;17.04.2016 20:00;1,01116;
Anilin;6;17.04.2016 20:00;0,313648;
Anilin;9;17.04.2016 20:00;0,300101;
Anilin;4;17.04.2016 20:00;0,283299;
Anilin;5;17.04.2016 20:00;0,252904;
Anilin;8;17.04.2016 20:00;0,232353;
Anilin;2;17.04.2016 20:00;0,220485;
Anilin;1;17.04.2016 20:00;0,113227;
Natriumchlorid;7;17.04.2016 21:00;1,5159;
Natriumchlorid;2;17.04.2016 21:00;0,670798;
Natriumchlorid;4;17.04.2016 21:00;0,594373;
Natriumchlorid;5;17.04.2016 21:00;0,360875;
Natriumchlorid;8;17.04.2016 21:00;0,264709;
Natriumchlorid;6;17.04.2016 21:00;0,223976;
Natriumchlorid;1;17.04.2016 21:00;0,195463;
Natriumchlorid;9;17.04.2016 21:00;0,0357098;
Natriumchlorid;3;17.04.2016 21:00;0,0240863;
Arsen;3;17.04.2016 21:00;1,23338;
Arsen;8;17.04.2016 21:00;0,706686;
Arsen;7;17.04.2016 21:00;0,638496;
Arsen;4;17.04.2016 21:00;0,574645;
Arsen;1;17.04.2016 21:00;0,206343;
Arsen;6;17.04.2016 21:00;0,186351;
Arsen;9;17.04.2016 21:00;0,0418487;
Arsen;5;17.04.2016 21:00;0,0210715;
Arsen;2;17.04.2016 21:00;0,00132179;
Benzol;7;17.04.2016 21:00;0,717156;
Benzol;8;17.04.2016 21:00;0,677169;
Benzol;4;17.04.2016 21:00;0,582266;
Benzol;5;17.04.2016 21:00;0,519818;
Benzol;6;17.04.2016 21:00;0,355394;
Benzol;2;17.04.2016 21:00;0,204906;
Benzol;1;17.04.2016 21:00;0,180485;
Benzol;3;17.04.2016 21:00;0,16953;
Benzol;9;17.04.2016 21:00;0,124231;
Anilin;3;17.04.2016 21:00;1,23329;
Anilin;6;17.04.2016 21:00;0,464979;
Anilin;8;17.04.2016 21:00;0,45734;
Anilin;4;17.04.2016 21:00;0,409474;
Anilin;2;17.04.2016 21:00;0,340715;
Anilin;9;17.04.2016 21:00;0,313783;
Anilin;1;17.04.2016 21:00;0,226616;
Anilin;7;17.04.2016 21:00;0,193493;
Anilin;5;17.04.2016 21:00;0,00721379;
Natriumchlorid;2;17.04.2016 22:00;1,24711;
Natriumchlorid;3;17.04.2016 22:00;0,804219;
Natriumchlorid;5;17.04.2016 22:00;0,637209;
Natriumchlorid;7;17.04.2016 22:00;0,451138;
Natriumchlorid;8;17.04.2016 22:00;0,261301;
Natriumchlorid;4;17.04.2016 22:00;0,225772;
Natriumchlorid;6;17.04.2016 22:00;0,219447;
Natriumchlorid;1;17.04.2016 22:00;0,171336;
Natriumchlorid;9;17.04.2016 22:00;0,142414;
Arsen;3;17.04.2016 22:00;0,859492;
Arsen;8;17.04.2016 22:00;0,475179;
Arsen;6;17.04.2016 22:00;0,447607;
Arsen;4;17.04.2016 22:00;0,363223;
Arsen;9;17.04.2016 22:00;0,245422;
Arsen;2;17.04.2016 22:00;0,122172;
Arsen;5;17.04.2016 22:00;0,0887955;
Arsen;7;17.04.2016 22:00;0,0427466;
Arsen;1;17.04.2016 22:00;0,0205434;
Benzol;3;17.04.2016 22:00;1,48062;
Benzol;4;17.04.2016 22:00;0,702455;
Benzol;8;17.04.2016 22:00;0,671942;
Benzol;6;17.04.2016 22:00;0,432711;
Benzol;7;17.04.2016 22:00;0,151855;
Benzol;2;17.04.2016 22:00;0,100404;
Benzol;1;17.04.2016 22:00;0,0946964;
Benzol;5;17.04.2016 22:00;0,0668054;
Benzol;9;17.04.2016 22:00;0,057459;
Anilin;7;17.04.2016 22:00;1,73386;
Anilin;2;17.04.2016 22:00;0,685482;
Anilin;3;17.04.2016 22:00;0,564095;
Anilin;4;17.04.2016 22:00;0,329366;
Anilin;1;17.04.2016 22:00;0,252596;
Anilin;6;17.04.2016 22:00;0,249617;
Anilin;5;17.04.2016 22:00;0,231354;
Anilin;9;17.04.2016 22:00;0,0902772;
Anilin;8;17.04.2016 22:00;0,0396746;
Natriumchlorid;7;17.04.2016 23:00;2,21812;
Natriumchlorid;3;17.04.2016 23:00;0,468084;
Natriumchlorid;2;17.04.2016 23:00;0,460721;
Natriumchlorid;6;17.04.2016 23:00;0,385951;
Natriumchlorid;8;17.04.2016 23:00;0,232687;
Natriumchlorid;9;17.04.2016 23:00;0,108258;
Natriumchlorid;4;17.04.2016 23:00;0,099039;
Natriumchlorid;5;17.04.2016 23:00;0,0298478;
Natriumchlorid;1;17.04.2016 23:00;0,0172023;
Arsen;8;17.04.2016 23:00;0,970907;
Arsen;7;17.04.2016 23:00;0,871016;
Arsen;6;17.04.2016 23:00;0,501683;
Arsen;3;17.04.2016 23:00;0,291203;
Arsen;2;17.04.2016 23:00;0,247495;
Arsen;9;17.04.2016 23:00;0,245611;
Arsen;4;17.04.2016 23:00;0,0586592;
Arsen;5;17.04.2016 23:00;0,015316;
Arsen;1;17.04.2016 23:00;0,00956727;
Benzol;3;17.04.2016 23:00;0,653431;
Benzol;8;17.04.2016 23:00;0,622762;
Benzol;6;17.04.2016 23:00;0,506447;
Benzol;2;17.04.2016 23:00;0,362715;
Benzol;7;17.04.2016 23:00;0,340588;
Benzol;4;17.04.2016 23:00;0,339507;
Benzol;1;17.04.2016 23:00;0,315894;
Benzol;5;17.04.2016 23:00;0,235942;
Benzol;9;17.04.2016 23:00;0,142589;
Anilin;2;17.04.2016 23:00;0,983606;
Anilin;7;17.04.2016 23:00;0,707882;
Anilin;8;17.04.2016 23:00;0,693749;
Anilin;1;17.04.2016 23:00;0,612574;
Anilin;4;17.04.2016 23:00;0,558295;
Anilin;5;17.04.2016 23:00;0,414554;
Anilin;6;17.04.2016 23:00;0,391376;
Anilin;3;17.04.2016 23:00;0,330322;
Anilin;9;17.04.2016 23:00;0,279235;
Natriumchlorid;3;18.04.2016 00:00;1,7037;
Natriumchlorid;5;18.04.2016 00:00;0,724022;
Natriumchlorid;8;18.04.2016 00:00;0,57823;
Natriumchlorid;6;18.04.2016 00:00;0,524415;
Natriumchlorid;4;18.04.2016 00:00;0,299365;
Natriumchlorid;2;18.04.2016 00:00;0,297388;
Natriumchlorid;1;18.04.2016 00:00;0,181714;
Natriumchlorid;9;18.04.2016 00:00;0,180369;
Natriumchlorid;7;18.04.2016 00:00;0,00157365;
Arsen;3;18.04.2016 00:00;3,06336;
Arsen;7;18.04.2016 00:00;1,31717;
Arsen;2;18.04.2016 00:00;0,891613;
Arsen;6;18.04.2016 00:00;0,50177;
Arsen;1;18.04.2016 00:00;0,333131;
Arsen;4;18.04.2016 00:00;0,223472;
Arsen;8;18.04.2016 00:00;0,186329;
Arsen;5;18.04.2016 00:00;0,179113;
Arsen;9;18.04.2016 00:00;0,166933;
Benzol;3;18.04.2016 00:00;0,714492;
Benzol;7;18.04.2016 00:00;0,706205;
Benzol;9;18.04.2016 00:00;0,550469;
Benzol;6;18.04.2016 00:00;0,51749;
Benzol;1;18.04.2016 00:00;0,244183;
Benzol;4;18.04.2016 00:00;0,211257;
Benzol;8;18.04.2016 00:00;0,107532;
Benzol;2;18.04.2016 00:00;0,060372;
Benzol;5;18.04.2016 00:00;0,0190808;
Anilin;7;18.04.2016 00:00;1,58408;
Anilin;4;18.04.2016 00:00;0,555641;
Anilin;3;18.04.2016 00:00;0,513389;
Anilin;1;18.04.2016 00:00;0,385436;
Anilin;9;18.04.2016 00:00;0,282106;
Anilin;6;18.04.2016 00:00;0,271944;
Anilin;8;18.04.2016 00:00;0,239408;
Anilin;2;18.04.2016 00:00;0,217738;
Anilin;5;18.04.2016 00:00;0,178544;
Natriumchlorid;7;18.04.2016 01:00;0,611505;
Natriumchlorid;3;18.04.2016 01:00;0,586174;
Natriumchlorid;2;18.04.2016 01:00;0,565777;
Natriumchlorid;4;18.04.2016 01:00;0,511845;
Natriumchlorid;1;18.04.2016 01:00;0,414463;
Natriumchlorid;8;18.04.2016 01:00;0,396292;
Natriumchlorid;5;18.04.2016 01:00;0,337883;
Natriumchlorid;9;18.04.2016 01:00;0,314233;
Natriumchlorid;6;18.04.2016 01:00;0,243144;
Arsen;7;18.04.2016 01:00;0,699651;
Arsen;1;18.04.2016 01:00;0,691571;
Arsen;4;18.04.2016 01:00;0,621028;
Arsen;6;18.04.2016 01:00;0,585813;
Arsen;9;18.04.2016 01:00;0,267208;
Arsen;8;18.04.2016 01:00;0,227161;
Arsen;2;18.04.2016 01:00;0,191753;
Arsen;3;18.04.2016 01:00;0,124836;
Arsen;5;18.04.2016 01:00;0,0926364;
Benzol;3;18.04.2016 01:00;2,3798;
Benzol;8;18.04.2016 01:00;0,600445;
Benzol;1;18.04.2016 01:00;0,573677;
Benzol;2;18.04.2016 01:00;0,487573;
Benzol;6;18.04.2016 01:00;0,398615;
Benzol;4;18.04.2016 01:00;0,256005;
Benzol;9;18.04.2016 01:00;0,191192;
Benzol;5;18.04.2016 01:00;0,187933;
Benzol;7;18.04.2016 01:00;0,14671;
Anilin;3;18.04.2016 01:00;1,17452;
Anilin;7;18.04.2016 01:00;0,717322;
Anilin;6;18.04.2016 01:00;0,531475;
Anilin;8;18.04.2016 01:00;0,358048;
Anilin;4;18.04.2016 01:00;0,278362;
Anilin;2;18.04.2016 01:00;0,214064;
Anilin;9;18.04.2016 01:00;0,0914667;
Anilin;1;18.04.2016 01:00;0,0610313;
Anilin;5;18.04.2016 01:00;0,0443424;
Natriumchlorid;8;18.04.2016 02:00;0,542717;
Natriumchlorid;2;18.04.2016 02:00;0,49636;
Natriumchlorid;6;18.04.2016 02:00;0,368545;
Natriumchlorid;4;18.04.2016 02:00;0,301736;
Natriumchlorid;9;18.04.2016 02:00;0,234852;
Natriumchlorid;5;18.04.2016 02:00;0,184002;
Natriumchlorid;1;18.04.2016 02:00;0,179655;
Natriumchlorid;3;18.04.2016 02:00;0,125003;
Natriumchlorid;7;18.04.2016 02:00;0,123907;
Arsen;3;18.04.2016 02:00;2,46056;
Arsen;6;18.04.2016 02:00;0,594738;
Arsen;5;18.04.2016 02:00;0,474613;
Arsen;1;18.04.2016 02:00;0,465803;
Arsen;4;18.04.2016 02:00;0,456461;
Arsen;9;18.04.2016 02:00;0,301404;
Arsen;7;18.04.2016 02:00;0,169436;
Arsen;2;18.04.2016 02:00;0,0569388;
Arsen;8;18.04.2016 02:00;0,00968762;
Benzol;8;18.04.2016 02:00;0,606121;
Benzol;3;18.04.2016 02:00;0,502974;
Benzol;5;18.04.2016 02:00;0,45327;
Benzol;6;18.04.2016 02:00;0,334457;
Benzol;9;18.04.2016 02:00;0,321992;
Benzol;4;18.04.2016 02:00;0,208275;
Benzol;7;18.04.2016 02:00;0,0720266;
Benzol;2;18.04.2016 02:00;0,0690746;
Benzol;1;18.04.2016 02:00;0,0237475;
Anilin;7;18.04.2016 02:00;1,35565;
Anilin;2;18.04.2016 02:00;0,760258;
Anilin;6;18.04.2016 02:00;0,451631;
Anilin;1;18.04.2016 02:00;0,300205;
Anilin;8;18.04.2016 02:00;0,22971;
Anilin;5;18.04.2016 02:00;0,14574;
Anilin;3;18.04.2016 02:00;0,122642;
Anilin;4;18.04.2016 02:00;0,0987179;
Anilin;9;18.04.2016 02:00;0,0204874;
Natriumchlorid;3;18.04.2016 03:00;1,65295;
Natriumchlorid;7;18.04.2016 03:00;0,667263;
Natriumchlorid;6;18.04.2016 03:00;0,575056;
Natriumchlorid;8;18.04.2016 03:00;0,425154;
Natriumchlorid;1;18.04.2016 03:00;0,388901;
Natriumchlorid;9;18.04.2016 03:00;0,284241;
Natriumchlorid;5;18.04.2016 03:00;0,162347;
Natriumchlorid;4;18.04.2016 03:00;0,121169;
Natriumchlorid;2;18.04.2016 03:00;0,0560005;
Arsen;3;18.04.2016 03:00;1,40334;
Arsen;7;18.04.2016 03:00;1,11758;
Arsen;8;18.04.2016 03:00;0,621976;
Arsen;6;18.04.2016 03:00;0,524917;
Arsen;4;18.04.2016 03:00;0,388895;
Arsen;2;18.04.2016 03:00;0,293201;
Arsen;5;18.04.2016 03:00;0,234304;
Arsen;1;18.04.2016 03:00;0,226106;
Arsen;9;18.04.2016 03:00;0,198906;
Benzol;3;18.04.2016 03:00;1,4279;
Benzol;7;18.04.2016 03:00;0,365335;
Benzol;4;18.04.2016 03:00;0,3189;
Benzol;2;18.04.2016 03:00;0,313226;
Benzol;1;18.04.2016 03:00;0,255739;
Benzol;5;18.04.2016 03:00;0,222725;
Benzol;6;18.04.2016 03:00;0,137202;
Benzol;9;18.04.2016 03:00;0,0740959;
Benzol;8;18.04.2016 03:00;0,0327797;
Anilin;3;18.04.2016 03:00;1,63421;
Anilin;7;18.04.2016 03:00;0,675874;
Anilin;2;18.04.2016 03:00;0,641706;
Anilin;6;18.04.2016 03:00;0,557857;
Anilin;4;18.04.2016 03:00;0,223768;
Anilin;8;18.04.2016 03:00;0,219401;
Anilin;1;18.04.2016 03:00;0,131608;
Anilin;5;18.04.2016 03:00;0,0943456;
Anilin;9;18.04.2016 03:00;0,0919105;
Natriumchlorid;7;18.04.2016 04:00;2,46382;
Natriumchlorid;8;18.04.2016 04:00;0,801904;
Natriumchlorid;3;18.04.2016 04:00;0,798759;
Natriumchlorid;2;18.04.2016 04:00;0,585027;
Natriumchlorid;5;18.04.2016 04:00;0,343591;
Natriumchlorid;6;18.04.2016 04:00;0,334037;
Natriumchlorid;4;18.04.2016 04:00;0,293045;
Natriumchlorid;1;18.04.2016 04:00;0,270976;
Natriumchlorid;9;18.04.2016 04:00;0,0989236;
Arsen;3;18.04.2016 04:00;1,83622;
Arsen;7;18.04.2016 04:00;0,638789;
Arsen;5;18.04.2016 04:00;0,530722;
Arsen;1;18.04.2016 04:00;0,305655;
Arsen;4;18.04.2016 04:00;0,258306;
Arsen;6;18.04.2016 04:00;0,244576;
Arsen;8;18.04.2016 04:00;0,163045;
Arsen;2;18.04.2016 04:00;0,0618867;
Arsen;9;18.04.2016 04:00;0,054915;
Benzol;3;18.04.2016 04:00;1,05111;
Benzol;7;18.04.2016 04:00;0,633907;
Benzol;4;18.04.2016 04:00;0,589927;
Benzol;6;18.04.2016 04:00;0,46485;
Benzol;8;18.04.2016 04:00;0,439461;
Benzol;1;18.04.2016 04:00;0,413298;
Benzol;9;18.04.2016 04:00;0,259231;
Benzol;2;18.04.2016 04:00;0,189771;
Benzol;5;18.04.2016 04:00;0,174692;
Anilin;3;18.04.2016 04:00;2,23248;
Anilin;2;18.04.2016 04:00;0,78471;
Anilin;4;18.04.2016 04:00;0,617103;
Anilin;6;18.04.2016 04:00;0,531456;
Anilin;5;18.04.2016 04:00;0,513464;
Anilin;7;18.04.2016 04:00;0,475538;
Anilin;1;18.04.2016 04:00;0,465396;
Anilin;8;18.04.2016 04:00;0,44919;
Anilin;9;18.04.2016 04:00;0,302397;
Natriumchlorid;3;18.04.2016 05:00;1,44856;
Natriumchlorid;7;18.04.2016 05:00;1,09437;
Natriumchlorid;5;18.04.2016 05:00;0,387385;
Natriumchlorid;9;18.04.2016 05:00;0,283156;
Natriumchlorid;6;18.04.2016 05:00;0,275622;
Natriumchlorid;2;18.04.2016 05:00;0,274245;
Natriumchlorid;4;18.04.2016 05:00;0,258963;
Natriumchlorid;1;18.04.2016 05:00;0,114804;
Natriumchlorid;8;18.04.2016 05:00;0,0168869;
Arsen;3;18.04.2016 05:00;1,57653;
Arsen;6;18.04.2016 05:00;0,619758;
Arsen;8;18.04.2016 05:00;0,48098;
Arsen;5;18.04.2016 05:00;0,311501;
Arsen;7;18.04.2016 05:00;0,277848;
Arsen;1;18.04.2016 05:00;0,269089;
Arsen;2;18.04.2016 05:00;0,257357;
Arsen;9;18.04.2016 05:00;0,16068;
Arsen;4;18.04.2016 05:00;0,149556;
Benzol;7;18.04.2016 05:00;0,757258;
Benzol;8;18.04.2016 05:00;0,661205;
Benzol;6;18.04.2016 05:00;0,512615;
Benzol;9;18.04.2016 05:00;0,421332;
Benzol;2;18.04.2016 05:00;0,318237;
Benzol;1;18.04.2016 05:00;0,207874;
Benzol;3;18.04.2016 05:00;0,202413;
Benzol;5;18.04.2016 05:00;0,146146;
Benzol;4;18.04.2016 05:00;0,107851;
Anilin;7;18.04.2016 05:00;2,63218;
Anilin;3;18.04.2016 05:00;1,09368;
Anilin;8;18.04.2016 05:00;0,997101;
Anilin;4;18.04.2016 05:00;0,534147;
Anilin;9;18.04.2016 05:00;0,340909;
Anilin;6;18.04.2016 05:00;0,318343;
Anilin;1;18.04.2016 05:00;0,175606;
Anilin;5;18.04.2016 05:00;0,0704713;
Anilin;2;18.04.2016 05:00;0,0479971;
Natriumchlorid;3;18.04.2016 06:00;1,08718;
Natriumchlorid;8;18.04.2016 06:00;0,587641;
Natriumchlorid;4;18.04.2016 06:00;0,429808;
Natriumchlorid;7;18.04.2016 06:00;0,37757;
Natriumchlorid;2;18.04.2016 06:00;0,36247;
Natriumchlorid;9;18.04.2016 06:00;0,300761;
Natriumchlorid;6;18.04.2016 06:00;0,181524;
Natriumchlorid;5;18.04.2016 06:00;0,147367;
Natriumchlorid;1;18.04.2016 06:00;0,00513894;
Arsen;8;18.04.2016 06:00;1,02719;
Arsen;2;18.04.2016 06:00;0,821605;
Arsen;3;18.04.2016 06:00;0,645056;
Arsen;7;18.04.2016 06:00;0,588831;
Arsen;4;18.04.2016 06:00;0,500395;
Arsen;6;18.04.2016 06:00;0,441865;
Arsen;9;18.04.2016 06:00;0,295772;
Arsen;5;18.04.2016 06:00;0,251207;
Arsen;1;18.04.2016 06:00;0,03308;
Benzol;3;18.04.2016 06:00;1,89536;
Benzol;8;18.04.2016 06:00;0,712923;
Benzol;4;18.04.2016 06:00;0,645261;
Benzol;9;18.04.2016 06:00;0,500996;
Benzol;6;18.04.2016 06:00;0,463094;
Benzol;1;18.04.2016 06:00;0,398183;
Benzol;7;18.04.2016 06:00;0,195993;
Benzol;2;18.04.2016 06:00;0,163875;
Benzol;5;18.04.2016 06:00;0,0155668;
Anilin;3;18.04.2016 06:00;1,11705;
Anilin;7;18.04.2016 06:00;1,11055;
Anilin;5;18.04.2016 06:00;0,612879;
Anilin;8;18.04.2016 06:00;0,358417;
Anilin;2;18.04.2016 06:00;0,336523;
Anilin;4;18.04.2016 06:00;0,260602;
Anilin;6;18.04.2016 06:00;0,25807;
Anilin;1;18.04.2016 06:00;0,117844;
Anilin;9;18.04.2016 06:00;0,047354;
Natriumchlorid;3;18.04.2016 07:00;1,31946;
Natriumchlorid;7;18.04.2016 07:00;0,679911;
Natriumchlorid;4;18.04.2016 07:00;0,571843;
Natriumchlorid;9;18.04.2016 07:00;0,258672;
Natriumchlorid;5;18.04.2016 07:00;0,194345;
Natriumchlorid;6;18.04.2016 07:00;0,102147;
Natriumchlorid;8;18.04.2016 07:00;0,0887579;
Natriumchlorid;1;18.04.2016 07:00;0,0307497;
Natriumchlorid;2;18.04.2016 07:00;0,0134517;
Arsen;7;18.04.2016 07:00;2,14282;
Arsen;2;18.04.2016 07:00;0,734282;
Arsen;8;18.04.2016 07:00;0,708908;
Arsen;1;18.04.2016 07:00;0,389472;
Arsen;6;18.04.2016 07:00;0,345009;
Arsen;5;18.04.2016 07:00;0,311937;
Arsen;4;18.04.2016 07:00;0,212285;
Arsen;3;18.04.2016 07:00;0,161981;
Arsen;9;18.04.2016 07:00;0,159562;
Benzol;6;18.04.2016 07:00;0,816374;
Benzol;3;18.04.2016 07:00;0,710424;
Benzol;5;18.04.2016 07:00;0,545221;
Benzol;7;18.04.2016 07:00;0,443986;
Benzol;8;18.04.2016 07:00;0,302896;
Benzol;4;18.04.2016 07:00;0,185965;
Benzol;9;18.04.2016 07:00;0,121906;
Benzol;1;18.04.2016 07:00;0,0910764;
Benzol;2;18.04.2016 07:00;0,0549147;
Anilin;7;18.04.2016 07:00;0,741944;
Anilin;8;18.04.2016 07:00;0,511255;
Anilin;4;18.04.2016 07:00;0,387092;
Anilin;5;18.04.2016 07:00;0,314718;
Anilin;3;18.04.2016 07:00;0,172174;
Anilin;1;18.04.2016 07:00;0,171701;
Anilin;9;18.04.2016 07:00;0,0842689;
Anilin;6;18.04.2016 07:00;0,073817;
Anilin;2;18.04.2016 07:00;0,0715257;
Natriumchlorid;3;18.04.2016 08:00;0,781821;
Natriumchlorid;2;18.04.2016 08:00;0,420371;
Natriumchlorid;4;18.04.2016 08:00;0,396579;
Natriumchlorid;7;18.04.2016 08:00;0,37568;
Natriumchlorid;6;18.04.2016 08:00;0,27538;
Natriumchlorid;8;18.04.2016 08:00;0,238813;
Natriumchlorid;1;18.04.2016 08:00;0,170823;
Natriumchlorid;5;18.04.2016 08:00;0,104774;
Natriumchlorid;9;18.04.2016 08:00;0,0509934;
Arsen;8;18.04.2016 08:00;0,79817;
Arsen;4;18.04.2016 08:00;0,567215;
Arsen;5;18.04.2016 08:00;0,480554;
Arsen;2;18.04.2016 08:00;0,344988;
Arsen;3;18.04.2016 08:00;0,309434;
Arsen;1;18.04.2016 08:00;0,261505;
Arsen;7;18.04.2016 08:00;0,118024;
Arsen;9;18.04.2016 08:00;0,0670214;
Arsen;6;18.04.2016 08:00;0,031397;
Benzol;3;18.04.2016 08:00;2,11724;
Benzol;1;18.04.2016 08:00;0,426922;
Benzol;8;18.04.2016 08:00;0,40586;
Benzol;9;18.04.2016 08:00;0,346314;
Benzol;4;18.04.2016 08:00;0,332773;
Benzol;5;18.04.2016 08:00;0,18818;
Benzol;6;18.04.2016 08:00;0,107199;
Benzol;2;18.04.2016 08:00;0,0321494;
Benzol;7;18.04.2016 08:00;0,0104566;
Anilin;3;18.04.2016 08:00;2,26882;
Anilin;7;18.04.2016 08:00;1,86657;
Anilin;8;18.04.2016 08:00;0,718732;
Anilin;2;18.04.2016 08:00;0,544182;
Anilin;9;18.04.2016 08:00;0,453953;
Anilin;4;18.04.2016 08:00;0,382456;
Anilin;1;18.04.2016 08:00;0,113664;
Anilin;5;18.04.2016 08:00;0,0954732;
Anilin;6;18.04.2016 08:00;0,0436254;
Natriumchlorid;7;18.04.2016 09:00;0,389452;
Natriumchlorid;4;18.04.2016 09:00;0,327496;
Natriumchlorid;1;18.04.2016 09:00;0,306705;
Natriumchlorid;9;18.04.2016 09:00;0,280428;
Natriumchlorid;8;18.04.2016 09:00;0,26901;
Natriumchlorid;2;18.04.2016 09:00;0,213844;
Natriumchlorid;5;18.04.2016 09:00;0,162721;
Natriumchlorid;6;18.04.2016 09:00;0,155233;
Natriumchlorid;3;18.04.2016 09:00;0,125953;
Arsen;7;18.04.2016 09:00;0,717596;
Arsen;9;18.04.2016 09:00;0,482349;
Arsen;3;18.04.2016 09:00;0,467168;
Arsen;4;18.04.2016 09:00;0,424081;
Arsen;6;18.04.2016 09:00;0,329431;
Arsen;8;18.04.2016 09:00;0,286085;
Arsen;2;18.04.2016 09:00;0,264308;
Arsen;1;18.04.2016 09:00;0,0469852;
Arsen;5;18.04.2016 09:00;0,0242597;
Benzol;7;18.04.2016 09:00;1,2223;
Benzol;3;18.04.2016 09:00;0,883556;
Benzol;1;18.04.2016 09:00;0,749582;
Benzol;4;18.04.2016 09:00;0,572191;
Benzol;6;18.04.2016 09:00;0,423824;
Benzol;9;18.04.2016 09:00;0,128519;
Benzol;2;18.04.2016 09:00;0,0900171;
Benzol;5;18.04.2016 09:00;0,0710277;
Benzol;8;18.04.2016 09:00;0,0647291;
Anilin;8;18.04.2016 09:00;1,46402;
Anilin;3;18.04.2016 09:00;1,34959;
Anilin;2;18.04.2016 09:00;0,702943;
Anilin;4;18.04.2016 09:00;0,488898;
Anilin;5;18.04.2016 09:00;0,464836;
Anilin;6;18.04.2016 09:00;0,457076;
Anilin;9;18.04.2016 09:00;0,343985;
Anilin;7;18.04.2016 09:00;0,247425;
Anilin;1;18.04.2016 09:00;0,0522626;
Natriumchlorid;3;18.04.2016 10:00;0,693872;
Natriumchlorid;1;18.04.2016 10:00;0,584947;
Natriumchlorid;7;18.04.2016 10:00;0,569551;
Natriumchlorid;6;18.04.2016 10:00;0,524063;
Natriumchlorid;4;18.04.2016 10:00;0,25851;
Natriumchlorid;8;18.04.2016 10:00;0,254489;
Natriumchlorid;5;18.04.2016 10:00;0,137184;
Natriumchlorid;2;18.04.2016 10:00;0,0422254;
Natriumchlorid;9;18.04.2016 10:00;0,031165;
Arsen;3;18.04.2016 10:00;2,2623;
Arsen;8;18.04.2016 10:00;0,854369;
Arsen;2;18.04.2016 10:00;0,769547;
Arsen;7;18.04.2016 10:00;0,48387;
Arsen;6;18.04.2016 10:00;0,34704;
Arsen;1;18.04.2016 10:00;0,237278;
Arsen;9;18.04.2016 10:00;0,228165;
Arsen;5;18.04.2016 10:00;0,107413;
Arsen;4;18.04.2016 10:00;0,0516116;
Benzol;6;18.04.2016 10:00;0,696193;
Benzol;7;18.04.2016 10:00;0,644813;
Benzol;3;18.04.2016 10:00;0,584147;
Benzol;8;18.04.2016 10:00;0,28989;
Benzol;1;18.04.2016 10:00;0,280793;
Benzol;4;18.04.2016 10:00;0,207067;
Benzol;2;18.04.2016 10:00;0,153615;
Benzol;5;18.04.2016 10:00;0,029454;
Benzol;9;18.04.2016 10:00;0,0161019;
Anilin;3;18.04.2016 10:00;1,575;
Anilin;8;18.04.2016 10:00;0,466383;
Anilin;6;18.04.2016 10:00;0,383189;
Anilin;4;18.04.2016 10:00;0,333021;
Anilin;9;18.04.2016 10:00;0,318109;
Anilin;5;18.04.2016 10:00;0,219033;
Anilin;2;18.04.2016 10:00;0,142691;
Anilin;7;18.04.2016 10:00;0,123935;
Anilin;1;18.04.2016 10:00;0,029179;
Natriumchlorid;6;18.04.2016 11:00;0,563157;
Natriumchlorid;1;18.04.2016 11:00;0,503683;
Natriumchlorid;8;18.04.2016 11:00;0,492384;
Natriumchlorid;7;18.04.2016 11:00;0,290935;
Natriumchlorid;4;18.04.2016 11:00;0,288404;
Natriumchlorid;3;18.04.2016 11:00;0,277832;
Natriumchlorid;9;18.04.2016 11:00;0,240834;
Natriumchlorid;2;18.04.2016 11:00;0,222458;
Natriumchlorid;5;18.04.2016 11:00;0,212088;
Arsen;3;18.04.2016 11:00;0,72448;
Arsen;5;18.04.2016 11:00;0,484142;
Arsen;6;18.04.2016 11:00;0,371052;
Arsen;4;18.04.2016 11:00;0,334278;
Arsen;7;18.04.2016 11:00;0,229895;
Arsen;9;18.04.2016 11:00;0,0851181;
Arsen;1;18.04.2016 11:00;0,061629;
Arsen;8;18.04.2016 11:00;0,0562989;
Arsen;2;18.04.2016 11:00;0,0383699;
Benzol;3;18.04.2016 11:00;3,18823;
Benzol;2;18.04.2016 11:00;0,791108;
Benzol;6;18.04.2016 11:00;0,58347;
Benzol;7;18.04.2016 11:00;0,500164;
Benzol;5;18.04.2016 11:00;0,48997;
Benzol;8;18.04.2016 11:00;0,311101;
Benzol;9;18.04.2016 11:00;0,230542;
Benzol;1;18.04.2016 11:00;0,169706;
Benzol;4;18.04.2016 11:00;0,046834;
Anilin;3;18.04.2016 11:00;2,21035;
Anilin;7;18.04.2016 11:00;1,11503;
Anilin;1;18.04.2016 11:00;0,614129;
Anilin;6;18.04.2016 11:00;0,433704;
Anilin;2;18.04.2016 11:00;0,425108;
Anilin;5;18.04.2016 11:00;0,301648;
Anilin;9;18.04.2016 11:00;0,166141;
Anilin;4;18.04.2016 11:00;0,141452;
Anilin;8;18.04.2016 11:00;0,0583811;
Natriumchlorid;3;18.04.2016 12:00;1,03796;
Natriumchlorid;1;18.04.2016 12:00;0,735234;
Natriumchlorid;5;18.04.2016 12:00;0,730599;
Natriumchlorid;4;18.04.2016 12:00;0,577902;
Natriumchlorid;6;18.04.2016 12:00;0,449514;
Natriumchlorid;8;18.04.2016 12:00;0,376164;
Natriumchlorid;9;18.04.2016 12:00;0,265802;
Natriumchlorid;7;18.04.2016 12:00;0,19786;
Natriumchlorid;2;18.04.2016 12:00;0,122233;
Arsen;3;18.04.2016 12:00;1,57194;
Arsen;8;18.04.2016 12:00;0,481855;
Arsen;6;18.04.2016 12:00;0,380054;
Arsen;4;18.04.2016 12:00;0,374015;
Arsen;5;18.04.2016 12:00;0,249567;
Arsen;1;18.04.2016 12:00;0,188726;
Arsen;2;18.04.2016 12:00;0,142413;
Arsen;9;18.04.2016 12:00;0,104056;
Arsen;7;18.04.2016 12:00;0,0106099;
Benzol;7;18.04.2016 12:00;0,627853;
Benzol;4;18.04.2016 12:00;0,623098;
Benzol;9;18.04.2016 12:00;0,363071;
Benzol;8;18.04.2016 12:00;0,303936;
Benzol;1;18.04.2016 12:00;0,26213;
Benzol;6;18.04.2016 12:00;0,240087;
Benzol;3;18.04.2016 12:00;0,146592;
Benzol;2;18.04.2016 12:00;0,0521442;
Benzol;5;18.04.2016 12:00;0,0126644;
Anilin;3;18.04.2016 12:00;1,51246;
Anilin;6;18.04.2016 12:00;0,58716;
Anilin;7;18.04.2016 12:00;0,513328;
Anilin;1;18.04.2016 12:00;0,154468;
Anilin;2;18.04.2016 12:00;0,153214;
Anilin;5;18.04.2016 12:00;0,149352;
Anilin;8;18.04.2016 12:00;0,0975918;
Anilin;4;18.04.2016 12:00;0,0489331;
Anilin;9;18.04.2016 12:00;0,00266466;
Natriumchlorid;7;18.04.2016 13:00;0,570482;
Natriumchlorid;2;18.04.2016 13:00;0,527338;
Natriumchlorid;1;18.04.2016 13:00;0,487369;
Natriumchlorid;9;18.04.2016 13:00;0,480455;
Natriumchlorid;4;18.04.2016 13:00;0,246865;
Natriumchlorid;6;18.04.2016 13:00;0,246575;
Natriumchlorid;8;18.04.2016 13:00;0,0810157;
Natriumchlorid;3;18.04.2016 13:00;0,0692258;
Natriumchlorid;5;18.04.2016 13:00;0,0161627;
Arsen;3;18.04.2016 13:00;1,95102;
Arsen;4;18.04.2016 13:00;0,50755;
Arsen;8;18.04.2016 13:00;0,467221;
Arsen;9;18.04.2016 13:00;0,337362;
Arsen;6;18.04.2016 13:00;0,295364;
Arsen;1;18.04.2016 13:00;0,259646;
Arsen;5;18.04.2016 13:00;0,190012;
Arsen;7;18.04.2016 13:00;0,174403;
Arsen;2;18.04.2016 13:00;0,0299803;
Benzol;3;18.04.2016 13:00;1,1044;
Benzol;6;18.04.2016 13:00;0,592976;
Benzol;7;18.04.2016 13:00;0,362412;
Benzol;2;18.04.2016 13:00;0,332718;
Benzol;1;18.04.2016 13:00;0,311828;
Benzol;8;18.04.2016 13:00;0,170984;
Benzol;9;18.04.2016 13:00;0,103747;
Benzol;4;18.04.2016 13:00;0,0919249;
Benzol;5;18.04.2016 13:00;0,0695479;
Anilin;5;18.04.2016 13:00;0,773205;
Anilin;2;18.04.2016 13:00;0,769042;
Anilin;7;18.04.2016 13:00;0,623109;
Anilin;3;18.04.2016 13:00;0,554585;
Anilin;6;18.04.2016 13:00;0,512777;
Anilin;4;18.04.2016 13:00;0,489928;
Anilin;8;18.04.2016 13:00;0,467811;
Anilin;9;18.04.2016 13:00;0,354495;
Anilin;1;18.04.2016 13:00;0,343134;
Natriumchlorid;2;18.04.2016 14:00;0,700791;
Natriumchlorid;6;18.04.2016 14:00;0,557044;
Natriumchlorid;4;18.04.2016 14:00;0,513758;
Natriumchlorid;3;18.04.2016 14:00;0,403434;
Natriumchlorid;1;18.04.2016 14:00;0,223008;
Natriumchlorid;8;18.04.2016 14:00;0,213554;
Natriumchlorid;9;18.04.2016 14:00;0,157118;
Natriumchlorid;7;18.04.2016 14:00;0,155272;
Natriumchlorid;5;18.04.2016 14:00;0,142104;
Arsen;3;18.04.2016 14:00;0,717409;
Arsen;6;18.04.2016 14:00;0,398141;
Arsen;4;18.04.2016 14:00;0,393053;
Arsen;8;18.04.2016 14:00;0,37724;
Arsen;7;18.04.2016 14:00;0,215007;
Arsen;9;18.04.2016 14:00;0,196198;
Arsen;1;18.04.2016 14:00;0,099392;
Arsen;5;18.04.2016 14:00;0,095105;
Arsen;2;18.04.2016 14:00;0,0660037;
Benzol;3;18.04.2016 14:00;2,41591;
Benzol;7;18.04.2016 14:00;1,47908;
Benzol;2;18.04.2016 14:00;0,749133;
Benzol;6;18.04.2016 14:00;0,660031;
Benzol;8;18.04.2016 14:00;0,494711;
Benzol;4;18.04.2016 14:00;0,382056;
Benzol;5;18.04.2016 14:00;0,338452;
Benzol;9;18.04.2016 14:00;0,249656;
Benzol;1;18.04.2016 14:00;0,128844;
Anilin;3;18.04.2016 14:00;3,61392;
Anilin;8;18.04.2016 14:00;0,501775;
Anilin;9;18.04.2016 14:00;0,473901;
Anilin;6;18.04.2016 14:00;0,45469;
Anilin;1;18.04.2016 14:00;0,449714;
Anilin;5;18.04.2016 14:00;0,335113;
Anilin;4;18.04.2016 14:00;0,239409;
Anilin;7;18.04.2016 14:00;0,184583;
Anilin;2;18.04.2016 14:00;0,149669;
Natriumchlorid;7;18.04.2016 15:00;1,03918;
Natriumchlorid;3;18.04.2016 15:00;0,951359;
Natriumchlorid;8;18.04.2016 15:00;0,573242;
Natriumchlorid;4;18.04.2016 15:00;0,426838;
Natriumchlorid;6;18.04.2016 15:00;0,422146;
Natriumchlorid;1;18.04.2016 15:00;0,32449;
Natriumchlorid;2;18.04.2016 15:00;0,286579;
Natriumchlorid;9;18.04.2016 15:00;0,264753;
Natriumchlorid;5;18.04.2016 15:00;0,200519;
Arsen;3;18.04.2016 15:00;1,14452;
Arsen;7;18.04.2016 15:00;1,02384;
Arsen;6;18.04.2016 15:00;0,454928;
Arsen;2;18.04.2016 15:00;0,380193;
Arsen;8;18.04.2016 15:00;0,241059;
Arsen;1;18.04.2016 15:00;0,168932;
Arsen;9;18.04.2016 15:00;0,105239;
Arsen;4;18.04.2016 15:00;0,0225395;
Arsen;5;18.04.2016 15:00;0,00475727;
Benzol;3;18.04.2016 15:00;2,00231;
Benzol;9;18.04.2016 15:00;0,382563;
Benzol;6;18.04.2016 15:00;0,250549;
Benzol;4;18.04.2016 15:00;0,23373;
Benzol;1;18.04.2016 15:00;0,221899;
Benzol;5;18.04.2016 15:00;0,207136;
Benzol;8;18.04.2016 15:00;0,174568;
Benzol;7;18.04.2016 15:00;0,104518;
Benzol;2;18.04.2016 15:00;0,0397237;
Anilin;9;18.04.2016 15:00;0,478304;
Anilin;3;18.04.2016 15:00;0,25431;
Anilin;4;18.04.2016 15:00;0,215525;
Anilin;6;18.04.2016 15:00;0,185128;
Anilin;7;18.04.2016 15:00;0,0939832;
Anilin;5;18.04.2016 15:00;0,0915759;
Anilin;1;18.04.2016 15:00;0,082401;
Anilin;8;18.04.2016 15:00;0,057474;
Anilin;2;18.04.2016 15:00;0,0172298;
Natriumchlorid;3;18.04.2016 16:00;2,2562;
Natriumchlorid;6;18.04.2016 16:00;0,762845;
Natriumchlorid;2;18.04.2016 16:00;0,51056;
Natriumchlorid;7;18.04.2016 16:00;0,371736;
Natriumchlorid;9;18.04.2016 16:00;0,11509;
Natriumchlorid;1;18.04.2016 16:00;0,0865587;
Natriumchlorid;5;18.04.2016 16:00;0,0466134;
Natriumchlorid;4;18.04.2016 16:00;0,0391124;
Natriumchlorid;8;18.04.2016 16:00;0,00911709;
Arsen;3;18.04.2016 16:00;2,42186;
Arsen;6;18.04.2016 16:00;0,480378;
Arsen;9;18.04.2016 16:00;0,428502;
Arsen;8;18.04.2016 16:00;0,370859;
Arsen;2;18.04.2016 16:00;0,315459;
Arsen;4;18.04.2016 16:00;0,205205;
Arsen;7;18.04.2016 16:00;0,170974;
Arsen;1;18.04.2016 16:00;0,144517;
Arsen;5;18.04.2016 16:00;0,108548;
Benzol;3;18.04.2016 16:00;2,83314;
Benzol;7;18.04.2016 16:00;2,07799;
Benzol;2;18.04.2016 16:00;0,82222;
Benzol;8;18.04.2016 16:00;0,50176;
Benzol;1;18.04.2016 16:00;0,305514;
Benzol;9;18.04.2016 16:00;0,247891;
Benzol;5;18.04.2016 16:00;0,137856;
Benzol;4;18.04.2016 16:00;0,0867021;
Benzol;6;18.04.2016 16:00;0,0128306;
Anilin;3;18.04.2016 16:00;2,90718;
Anilin;5;18.04.2016 16:00;0,520886;
Anilin;7;18.04.2016 16:00;0,474745;
Anilin;4;18.04.2016 16:00;0,415369;
Anilin;2;18.04.2016 16:00;0,386003;
Anilin;9;18.04.2016 16:00;0,373647;
Anilin;6;18.04.2016 16:00;0,323143;
Anilin;1;18.04.2016 16:00;0,271335;
Anilin;8;18.04.2016 16:00;0,233555;
Natriumchlorid;3;18.04.2016 17:00;0,816654;
Natriumchlorid;8;18.04.2016 17:00;0,620799;
Natriumchlorid;6;18.04.2016 17:00;0,3517;
Natriumchlorid;5;18.04.2016 17:00;0,314578;
Natriumchlorid;4;18.04.2016 17:00;0,246643;
Natriumchlorid;1;18.04.2016 17:00;0,184386;
Natriumchlorid;9;18.04.2016 17:00;0,148496;
Natriumchlorid;2;18.04.2016 17:00;0,0827201;
Natriumchlorid;7;18.04.2016 17:00;0,0264493;
Arsen;3;18.04.2016 17:00;3,27511;
Arsen;4;18.04.2016 17:00;0,859783;
Arsen;2;18.04.2016 17:00;0,776203;
Arsen;6;18.04.2016 17:00;0,488794;
Arsen;5;18.04.2016 17:00;0,456882;
Arsen;8;18.04.2016 17:00;0,342846;
Arsen;7;18.04.2016 17:00;0,153427;
Arsen;1;18.04.2016 17:00;0,143466;
Arsen;9;18.04.2016 17:00;0,128795;
Benzol;3;18.04.2016 17:00;3,95315;
Benzol;7;18.04.2016 17:00;1,72626;
Benzol;1;18.04.2016 17:00;0,434755;
Benzol;8;18.04.2016 17:00;0,409808;
Benzol;6;18.04.2016 17:00;0,335231;
Benzol;5;18.04.2016 17:00;0,210347;
Benzol;9;18.04.2016 17:00;0,198233;
Benzol;2;18.04.2016 17:00;0,190954;
Benzol;4;18.04.2016 17:00;0,182146;
Anilin;7;18.04.2016 17:00;1,57561;
Anilin;3;18.04.2016 17:00;1,0018;
Anilin;2;18.04.2016 17:00;0,647551;
Anilin;6;18.04.2016 17:00;0,64535;
Anilin;8;18.04.2016 17:00;0,489777;
Anilin;4;18.04.2016 17:00;0,409901;
Anilin;9;18.04.2016 17:00;0,391204;
Anilin;1;18.04.2016 17:00;0,320705;
Anilin;5;18.04.2016 17:00;0,128458;
Natriumchlorid;8;18.04.2016 18:00;0,696441;
Natriumchlorid;3;18.04.2016 18:00;0,685797;
Natriumchlorid;6;18.04.2016 18:00;0,444841;
Natriumchlorid;7;18.04.2016 18:00;0,39818;
Natriumchlorid;2;18.04.2016 18:00;0,380994;
Natriumchlorid;4;18.04.2016 18:00;0,295019;
Natriumchlorid;9;18.04.2016 18:00;0,291555;
Natriumchlorid;1;18.04.2016 18:00;0,204659;
Natriumchlorid;5;18.04.2016 18:00;0,176161;
Arsen;6;18.04.2016 18:00;0,655744;
Arsen;8;18.04.2016 18:00;0,612331;
Arsen;9;18.04.2016 18:00;0,440456;
Arsen;4;18.04.2016 18:00;0,437323;
Arsen;1;18.04.2016 18:00;0,39607;
Arsen;3;18.04.2016 18:00;0,212942;
Arsen;5;18.04.2016 18:00;0,179201;
Arsen;7;18.04.2016 18:00;0,153857;
Arsen;2;18.04.2016 18:00;0,0549873;
Benzol;7;18.04.2016 18:00;1,66944;
Benzol;8;18.04.2016 18:00;0,701417;
Benzol;6;18.04.2016 18:00;0,55398;
Benzol;9;18.04.2016 18:00;0,275114;
Benzol;3;18.04.2016 18:00;0,222086;
Benzol;5;18.04.2016 18:00;0,221011;
Benzol;2;18.04.2016 18:00;0,220158;
Benzol;1;18.04.2016 18:00;0,146072;
Benzol;4;18.04.2016 18:00;0,0925811;
Anilin;3;18.04.2016 18:00;0,597301;
Anilin;4;18.04.2016 18:00;0,521615;
Anilin;1;18.04.2016 18:00;0,480129;
Anilin;8;18.04.2016 18:00;0,462632;
Anilin;2;18.04.2016 18:00;0,387575;
Anilin;9;18.04.2016 18:00;0,379041;
Anilin;7;18.04.2016 18:00;0,269157;
Anilin;5;18.04.2016 18:00;0,157658;
Anilin;6;18.04.2016 18:00;0,14937;
Natriumchlorid;8;18.04.2016 19:00;0,851638;
Natriumchlorid;7;18.04.2016 19:00;0,556923;
Natriumchlorid;6;18.04.2016 19:00;0,413267;
Natriumchlorid;1;18.04.2016 19:00;0,375056;
Natriumchlorid;5;18.04.2016 19:00;0,35537;
Natriumchlorid;9;18.04.2016 19:00;0,256742;
Natriumchlorid;3;18.04.2016 19:00;0,248004;
Natriumchlorid;2;18.04.2016 19:00;0,247618;
Natriumchlorid;4;18.04.2016 19:00;0,0501059;
Arsen;2;18.04.2016 19:00;0,751972;
Arsen;7;18.04.2016 19:00;0,635287;
Arsen;5;18.04.2016 19:00;0,566277;
Arsen;6;18.04.2016 19:00;0,495309;
Arsen;9;18.04.2016 19:00;0,405308;
Arsen;3;18.04.2016 19:00;0,317888;
Arsen;8;18.04.2016 19:00;0,272878;
Arsen;4;18.04.2016 19:00;0,258869;
Arsen;1;18.04.2016 19:00;0,103199;
Benzol;7;18.04.2016 19:00;0,794339;
Benzol;8;18.04.2016 19:00;0,653901;
Benzol;5;18.04.2016 19:00;0,526571;
Benzol;6;18.04.2016 19:00;0,45103;
Benzol;3;18.04.2016 19:00;0,294272;
Benzol;4;18.04.2016 19:00;0,19191;
Benzol;1;18.04.2016 19:00;0,139049;
Benzol;2;18.04.2016 19:00;0,0567755;
Benzol;9;18.04.2016 19:00;0,00121584;
Anilin;3;18.04.2016 19:00;0,836736;
Anilin;4;18.04.2016 19:00;0,815094;
Anilin;9;18.04.2016 19:00;0,54093;
Anilin;2;18.04.2016 19:00;0,488764;
Anilin;8;18.04.2016 19:00;0,373834;
Anilin;1;18.04.2016 19:00;0,36502;
Anilin;5;18.04.2016 19:00;0,350912;
Anilin;6;18.04.2016 19:00;0,255718;
Anilin;7;18.04.2016 19:00;0,113154;
Natriumchlorid;3;18.04.2016 20:00;0,810956;
Natriumchlorid;8;18.04.2016 20:00;0,423345;
Natriumchlorid;9;18.04.2016 20:00;0,19303;
Natriumchlorid;7;18.04.2016 20:00;0,174189;
Natriumchlorid;2;18.04.2016 20:00;0,155647;
Natriumchlorid;4;18.04.2016 20:00;0,0384657;
Natriumchlorid;6;18.04.2016 20:00;0,0166395;
Natriumchlorid;1;18.04.2016 20:00;0,0152443;
Natriumchlorid;5;18.04.2016 20:00;0,0119772;
Arsen;8;18.04.2016 20:00;1,15;
Arsen;3;18.04.2016 20:00;1,05174;
Arsen;5;18.04.2016 20:00;0,575177;
Arsen;2;18.04.2016 20:00;0,572853;
Arsen;6;18.04.2016 20:00;0,430108;
Arsen;1;18.04.2016 20:00;0,205241;
Arsen;9;18.04.2016 20:00;0,0912363;
Arsen;4;18.04.2016 20:00;0,0713217;
Arsen;7;18.04.2016 20:00;0,0357944;
Benzol;3;18.04.2016 20:00;0,758457;
Benzol;6;18.04.2016 20:00;0,662183;
Benzol;4;18.04.2016 20:00;0,416129;
Benzol;7;18.04.2016 20:00;0,378526;
Benzol;9;18.04.2016 20:00;0,321495;
Benzol;1;18.04.2016 20:00;0,16535;
Benzol;2;18.04.2016 20:00;0,12373;
Benzol;5;18.04.2016 20:00;0,112134;
Benzol;8;18.04.2016 20:00;0,102995;
Anilin;7;18.04.2016 20:00;2,02383;
Anilin;8;18.04.2016 20:00;1,00001;
Anilin;6;18.04.2016 20:00;0,418362;
Anilin;5;18.04.2016 20:00;0,409334;
Anilin;3;18.04.2016 20:00;0,368418;
Anilin;4;18.04.2016 20:00;0,214553;
Anilin;1;18.04.2016 20:00;0,115407;
Anilin;2;18.04.2016 20:00;0,114423;
Anilin;9;18.04.2016 20:00;0,0337078;
Natriumchlorid;3;18.04.2016 21:00;2,11371;
Natriumchlorid;5;18.04.2016 21:00;0,609486;
Natriumchlorid;2;18.04.2016 21:00;0,608188;
Natriumchlorid;7;18.04.2016 21:00;0,525177;
Natriumchlorid;9;18.04.2016 21:00;0,448763;
Natriumchlorid;1;18.04.2016 21:00;0,406895;
Natriumchlorid;6;18.04.2016 21:00;0,359291;
Natriumchlorid;8;18.04.2016 21:00;0,286752;
Natriumchlorid;4;18.04.2016 21:00;0,277423;
Arsen;7;18.04.2016 21:00;0,882651;
Arsen;6;18.04.2016 21:00;0,451931;
Arsen;8;18.04.2016 21:00;0,437186;
Arsen;5;18.04.2016 21:00;0,304878;
Arsen;9;18.04.2016 21:00;0,261954;
Arsen;2;18.04.2016 21:00;0,212074;
Arsen;3;18.04.2016 21:00;0,170348;
Arsen;1;18.04.2016 21:00;0,167212;
Arsen;4;18.04.2016 21:00;0,165261;
Benzol;3;18.04.2016 21:00;2,0416;
Benzol;8;18.04.2016 21:00;0,511191;
Benzol;6;18.04.2016 21:00;0,434262;
Benzol;4;18.04.2016 21:00;0,420595;
Benzol;2;18.04.2016 21:00;0,333349;
Benzol;1;18.04.2016 21:00;0,134876;
Benzol;7;18.04.2016 21:00;0,0727531;
Benzol;5;18.04.2016 21:00;0,0610274;
Benzol;9;18.04.2016 21:00;0,0434135;
Anilin;3;18.04.2016 21:00;1,717;
Anilin;6;18.04.2016 21:00;0,45024;
Anilin;9;18.04.2016 21:00;0,449294;
Anilin;1;18.04.2016 21:00;0,347597;
Anilin;2;18.04.2016 21:00;0,151766;
Anilin;5;18.04.2016 21:00;0,149658;
Anilin;7;18.04.2016 21:00;0,14831;
Anilin;4;18.04.2016 21:00;0,143144;
Anilin;8;18.04.2016 21:00;0,00803479;
Natriumchlorid;7;18.04.2016 22:00;0,69416;
Natriumchlorid;4;18.04.2016 22:00;0,687916;
Natriumchlorid;6;18.04.2016 22:00;0,572423;
Natriumchlorid;5;18.04.2016 22:00;0,461598;
Natriumchlorid;3;18.04.2016 22:00;0,427366;
Natriumchlorid;8;18.04.2016 22:00;0,359525;
Natriumchlorid;1;18.04.2016 22:00;0,238727;
Natriumchlorid;9;18.04.2016 22:00;0,177008;
Natriumchlorid;2;18.04.2016 22:00;0,079587;
Arsen;3;18.04.2016 22:00;1,27374;
Arsen;8;18.04.2016 22:00;0,453046;
Arsen;6;18.04.2016 22:00;0,417886;
Arsen;1;18.04.2016 22:00;0,349735;
Arsen;4;18.04.2016 22:00;0,335692;
Arsen;2;18.04.2016 22:00;0,241818;
Arsen;9;18.04.2016 22:00;0,231858;
Arsen;7;18.04.2016 22:00;0,169175;
Arsen;5;18.04.2016 22:00;0,0969733;
Benzol;1;18.04.2016 22:00;0,652845;
Benzol;9;18.04.2016 22:00;0,395897;
Benzol;7;18.04.2016 22:00;0,354086;
Benzol;5;18.04.2016 22:00;0,284402;
Benzol;2;18.04.2016 22:00;0,277953;
Benzol;3;18.04.2016 22:00;0,227275;
Benzol;8;18.04.2016 22:00;0,141403;
Benzol;4;18.04.2016 22:00;0,0837831;
Benzol;6;18.04.2016 22:00;0,0689185;
Anilin;7;18.04.2016 22:00;0,845127;
Anilin;3;18.04.2016 22:00;0,690304;
Anilin;8;18.04.2016 22:00;0,535875;
Anilin;4;18.04.2016 22:00;0,506348;
Anilin;6;18.04.2016 22:00;0,474441;
Anilin;9;18.04.2016 22:00;0,368442;
Anilin;2;18.04.2016 22:00;0,367313;
Anilin;5;18.04.2016 22:00;0,275022;
Anilin;1;18.04.2016 22:00;0,181822;
Natriumchlorid;3;18.04.2016 23:00;3,58132;
Natriumchlorid;4;18.04.2016 23:00;0,302624;
Natriumchlorid;2;18.04.2016 23:00;0,273001;
Natriumchlorid;6;18.04.2016 23:00;0,239644;
Natriumchlorid;7;18.04.2016 23:00;0,238563;
Natriumchlorid;1;18.04.2016 23:00;0,237823;
Natriumchlorid;5;18.04.2016 23:00;0,172637;
Natriumchlorid;9;18.04.2016 23:00;0,10047;
Natriumchlorid;8;18.04.2016 23:00;0,0439692;
Arsen;3;18.04.2016 23:00;0,810956;
Arsen;6;18.04.2016 23:00;0,481807;
Arsen;8;18.04.2016 23:00;0,437125;
Arsen;9;18.04.2016 23:00;0,391688;
Arsen;4;18.04.2016 23:00;0,345689;
Arsen;1;18.04.2016 23:00;0,160509;
Arsen;5;18.04.2016 23:00;0,146898;
Arsen;7;18.04.2016 23:00;0,113662;
Arsen;2;18.04.2016 23:00;0,0449069;
Benzol;7;18.04.2016 23:00;1,88656;
Benzol;8;18.04.2016 23:00;0,791151;
Benzol;6;18.04.2016 23:00;0,533055;
Benzol;2;18.04.2016 23:00;0,524056;
Benzol;9;18.04.2016 23:00;0,419227;
Benzol;4;18.04.2016 23:00;0,262706;
Benzol;1;18.04.2016 23:00;0,178455;
Benzol;5;18.04.2016 23:00;0,169924;
Benzol;3;18.04.2016 23:00;0,106173;
Anilin;1;18.04.2016 23:00;0,350627;
Anilin;4;18.04.2016 23:00;0,241776;
Anilin;5;18.04.2016 23:00;0,206608;
Anilin;3;18.04.2016 23:00;0,197812;
Anilin;2;18.04.2016 23:00;0,158585;
Anilin;6;18.04.2016 23:00;0,125159;
Anilin;7;18.04.2016 23:00;0,115252;
Anilin;8;18.04.2016 23:00;0,114049;
Anilin;9;18.04.2016 23:00;0,0566886;
Natriumchlorid;3;19.04.2016 00:00;2,18738;
Natriumchlorid;7;19.04.2016 00:00;1,28479;
Natriumchlorid;2;19.04.2016 00:00;1,02721;
Natriumchlorid;8;19.04.2016 00:00;0,497798;
Natriumchlorid;1;19.04.2016 00:00;0,252232;
Natriumchlorid;4;19.04.2016 00:00;0,243258;
Natriumchlorid;5;19.04.2016 00:00;0,238081;
Natriumchlorid;9;19.04.2016 00:00;0,157415;
Natriumchlorid;6;19.04.2016 00:00;0,121373;
Arsen;3;19.04.2016 00:00;2,13575;
Arsen;7;19.04.2016 00:00;1,59606;
Arsen;8;19.04.2016 00:00;1,06876;
Arsen;5;19.04.2016 00:00;0,396076;
Arsen;2;19.04.2016 00:00;0,321887;
Arsen;4;19.04.2016 00:00;0,246342;
Arsen;6;19.04.2016 00:00;0,151204;
Arsen;9;19.04.2016 00:00;0,123522;
Arsen;1;19.04.2016 00:00;0,0301549;
Benzol;5;19.04.2016 00:00;0,71896;
Benzol;3;19.04.2016 00:00;0,68526;
Benzol;1;19.04.2016 00:00;0,65088;
Benzol;8;19.04.2016 00:00;0,620656;
Benzol;4;19.04.2016 00:00;0,515965;
Benzol;6;19.04.2016 00:00;0,319572;
Benzol;9;19.04.2016 00:00;0,211535;
Benzol;7;19.04.2016 00:00;0,111994;
Benzol;2;19.04.2016 00:00;0,0708243;
Anilin;7;19.04.2016 00:00;10,82905;
Anilin;3;19.04.2016 00:00;0,728839;
Anilin;4;19.04.2016 00:00;0,598364;
Anilin;5;19.04.2016 00:00;0,581856;
Anilin;6;19.04.2016 00:00;0,159197;
Anilin;8;19.04.2016 00:00;0,149761;
Anilin;9;19.04.2016 00:00;0,144548;
Anilin;1;19.04.2016 00:00;0,0682592;
Anilin;2;19.04.2016 00:00;0,0430849;
Natriumchlorid;7;19.04.2016 01:00;2,91557;
Natriumchlorid;1;19.04.2016 01:00;0,548079;
Natriumchlorid;3;19.04.2016 01:00;0,503578;
Natriumchlorid;6;19.04.2016 01:00;0,45361;
Natriumchlorid;2;19.04.2016 01:00;0,425088;
Natriumchlorid;5;19.04.2016 01:00;0,129768;
Natriumchlorid;4;19.04.2016 01:00;0,0293471;
Natriumchlorid;9;19.04.2016 01:00;0,0192625;
Natriumchlorid;8;19.04.2016 01:00;0,00413334;
Arsen;3;19.04.2016 01:00;1,04499;
Arsen;4;19.04.2016 01:00;0,67125;
Arsen;6;19.04.2016 01:00;0,390166;
Arsen;5;19.04.2016 01:00;0,310977;
Arsen;8;19.04.2016 01:00;0,309061;
Arsen;7;19.04.2016 01:00;0,308926;
Arsen;1;19.04.2016 01:00;0,255452;
Arsen;9;19.04.2016 01:00;0,189967;
Arsen;2;19.04.2016 01:00;0,0417773;
Benzol;7;19.04.2016 01:00;1,08056;
Benzol;8;19.04.2016 01:00;0,371534;
Benzol;3;19.04.2016 01:00;0,26894;
Benzol;9;19.04.2016 01:00;0,192677;
Benzol;1;19.04.2016 01:00;0,160491;
Benzol;2;19.04.2016 01:00;0,124396;
Benzol;6;19.04.2016 01:00;0,0447432;
Benzol;5;19.04.2016 01:00;0,0289441;
Benzol;4;19.04.2016 01:00;0,00985391;
Anilin;7;19.04.2016 01:00;26,64194;
Anilin;8;19.04.2016 01:00;0,533996;
Anilin;6;19.04.2016 01:00;0,469821;
Anilin;3;19.04.2016 01:00;0,400581;
Anilin;4;19.04.2016 01:00;0,377269;
Anilin;9;19.04.2016 01:00;0,214218;
Anilin;5;19.04.2016 01:00;0,0630476;
Anilin;1;19.04.2016 01:00;0,0209654;
Anilin;2;19.04.2016 01:00;0,00909692;
Natriumchlorid;7;19.04.2016 02:00;1,78654;
Natriumchlorid;3;19.04.2016 02:00;0,350783;
Natriumchlorid;2;19.04.2016 02:00;0,296316;
Natriumchlorid;1;19.04.2016 02:00;0,290486;
Natriumchlorid;5;19.04.2016 02:00;0,280387;
Natriumchlorid;4;19.04.2016 02:00;0,20647;
Natriumchlorid;8;19.04.2016 02:00;0,204914;
Natriumchlorid;9;19.04.2016 02:00;0,189614;
Natriumchlorid;6;19.04.2016 02:00;0,118519;
Arsen;3;19.04.2016 02:00;1,43363;
Arsen;8;19.04.2016 02:00;0,619304;
Arsen;7;19.04.2016 02:00;0,447823;
Arsen;2;19.04.2016 02:00;0,402391;
Arsen;6;19.04.2016 02:00;0,336873;
Arsen;4;19.04.2016 02:00;0,237211;
Arsen;5;19.04.2016 02:00;0,193146;
Arsen;9;19.04.2016 02:00;0,0398583;
Arsen;1;19.04.2016 02:00;0,0264278;
Benzol;8;19.04.2016 02:00;1,01058;
Benzol;3;19.04.2016 02:00;0,684795;
Benzol;2;19.04.2016 02:00;0,657238;
Benzol;4;19.04.2016 02:00;0,409634;
Benzol;7;19.04.2016 02:00;0,358802;
Benzol;6;19.04.2016 02:00;0,117444;
Benzol;9;19.04.2016 02:00;0,116025;
Benzol;1;19.04.2016 02:00;0,0914313;
Benzol;5;19.04.2016 02:00;0,0833053;
Anilin;7;19.04.2016 02:00;16,01758;
Anilin;3;19.04.2016 02:00;0,825543;
Anilin;4;19.04.2016 02:00;0,357204;
Anilin;5;19.04.2016 02:00;0,306599;
Anilin;6;19.04.2016 02:00;0,285515;
Anilin;2;19.04.2016 02:00;0,224924;
Anilin;8;19.04.2016 02:00;0,191324;
Anilin;1;19.04.2016 02:00;0,183772;
Anilin;9;19.04.2016 02:00;0,0553603;
Natriumchlorid;7;19.04.2016 03:00;2,64778;
Natriumchlorid;3;19.04.2016 03:00;0,813064;
Natriumchlorid;6;19.04.2016 03:00;0,757275;
Natriumchlorid;8;19.04.2016 03:00;0,589693;
Natriumchlorid;2;19.04.2016 03:00;0,402495;
Natriumchlorid;5;19.04.2016 03:00;0,358122;
Natriumchlorid;1;19.04.2016 03:00;0,296717;
Natriumchlorid;4;19.04.2016 03:00;0,296167;
Natriumchlorid;9;19.04.2016 03:00;0,217656;
Arsen;3;19.04.2016 03:00;0,722426;
Arsen;8;19.04.2016 03:00;0,665728;
Arsen;6;19.04.2016 03:00;0,606217;
Arsen;4;19.04.2016 03:00;0,409901;
Arsen;2;19.04.2016 03:00;0,353006;
Arsen;7;19.04.2016 03:00;0,219331;
Arsen;5;19.04.2016 03:00;0,161491;
Arsen;1;19.04.2016 03:00;0,0886209;
Arsen;9;19.04.2016 03:00;0,0522152;
Benzol;7;19.04.2016 03:00;0,828499;
Benzol;2;19.04.2016 03:00;0,792663;
Benzol;8;19.04.2016 03:00;0,431044;
Benzol;6;19.04.2016 03:00;0,403267;
Benzol;3;19.04.2016 03:00;0,368101;
Benzol;5;19.04.2016 03:00;0,333215;
Benzol;9;19.04.2016 03:00;0,239741;
Benzol;1;19.04.2016 03:00;0,195004;
Benzol;4;19.04.2016 03:00;0,0315467;
Anilin;7;19.04.2016 03:00;1,89336;
Anilin;8;19.04.2016 03:00;1,01245;
Anilin;6;19.04.2016 03:00;0,587469;
Anilin;1;19.04.2016 03:00;0,421332;
Anilin;4;19.04.2016 03:00;0,33268;
Anilin;2;19.04.2016 03:00;0,141516;
Anilin;9;19.04.2016 03:00;0,119556;
Anilin;5;19.04.2016 03:00;0,0556174;
Anilin;3;19.04.2016 03:00;0,00329521;
Natriumchlorid;3;19.04.2016 04:00;2,15316;
Natriumchlorid;8;19.04.2016 04:00;0,849848;
Natriumchlorid;7;19.04.2016 04:00;0,831866;
Natriumchlorid;2;19.04.2016 04:00;0,822733;
Natriumchlorid;6;19.04.2016 04:00;0,552523;
Natriumchlorid;5;19.04.2016 04:00;0,395394;
Natriumchlorid;4;19.04.2016 04:00;0,381707;
Natriumchlorid;9;19.04.2016 04:00;0,355694;
Natriumchlorid;1;19.04.2016 04:00;0,0747294;
Arsen;3;19.04.2016 04:00;0,803588;
Arsen;8;19.04.2016 04:00;0,79318;
Arsen;7;19.04.2016 04:00;0,530473;
Arsen;9;19.04.2016 04:00;0,412032;
Arsen;1;19.04.2016 04:00;0,370699;
Arsen;6;19.04.2016 04:00;0,315207;
Arsen;5;19.04.2016 04:00;0,294854;
Arsen;4;19.04.2016 04:00;0,129543;
Arsen;2;19.04.2016 04:00;0,036254;
Benzol;7;19.04.2016 04:00;4,44909;
Benzol;6;19.04.2016 04:00;0,400252;
Benzol;8;19.04.2016 04:00;0,384498;
Benzol;4;19.04.2016 04:00;0,296856;
Benzol;1;19.04.2016 04:00;0,212638;
Benzol;3;19.04.2016 04:00;0,193715;
Benzol;2;19.04.2016 04:00;0,187468;
Benzol;5;19.04.2016 04:00;0,106114;
Benzol;9;19.04.2016 04:00;0,0379508;
Anilin;3;19.04.2016 04:00;1,14774;
Anilin;8;19.04.2016 04:00;0,826056;
Anilin;6;19.04.2016 04:00;0,532235;
Anilin;7;19.04.2016 04:00;0,4681;
Anilin;9;19.04.2016 04:00;0,31206;
Anilin;5;19.04.2016 04:00;0,283593;
Anilin;2;19.04.2016 04:00;0,237709;
Anilin;4;19.04.2016 04:00;0,168525;
Anilin;1;19.04.2016 04:00;0,0421217;
Natriumchlorid;7;19.04.2016 05:00;4,30123;
Natriumchlorid;3;19.04.2016 05:00;3,44146;
Natriumchlorid;2;19.04.2016 05:00;0,551866;
Natriumchlorid;5;19.04.2016 05:00;0,465602;
Natriumchlorid;6;19.04.2016 05:00;0,404154;
Natriumchlorid;8;19.04.2016 05:00;0,303589;
Natriumchlorid;4;19.04.2016 05:00;0,223093;
Natriumchlorid;1;19.04.2016 05:00;0,198417;
Natriumchlorid;9;19.04.2016 05:00;0,00673906;
Arsen;2;19.04.2016 05:00;0,580721;
Arsen;7;19.04.2016 05:00;0,431666;
Arsen;8;19.04.2016 05:00;0,346089;
Arsen;4;19.04.2016 05:00;0,259244;
Arsen;9;19.04.2016 05:00;0,235008;
Arsen;3;19.04.2016 05:00;0,156073;
Arsen;1;19.04.2016 05:00;0,120302;
Arsen;5;19.04.2016 05:00;0,120136;
Arsen;6;19.04.2016 05:00;0,114889;
Benzol;3;19.04.2016 05:00;3,00138;
Benzol;7;19.04.2016 05:00;0,976575;
Benzol;8;19.04.2016 05:00;0,63954;
Benzol;1;19.04.2016 05:00;0,594442;
Benzol;9;19.04.2016 05:00;0,428296;
Benzol;6;19.04.2016 05:00;0,264203;
Benzol;5;19.04.2016 05:00;0,196583;
Benzol;2;19.04.2016 05:00;0,138421;
Benzol;4;19.04.2016 05:00;0,109952;
Anilin;7;19.04.2016 05:00;27,33805;
Anilin;8;19.04.2016 05:00;0,722318;
Anilin;3;19.04.2016 05:00;0,612011;
Anilin;5;19.04.2016 05:00;0,549626;
Anilin;4;19.04.2016 05:00;0,291269;
Anilin;2;19.04.2016 05:00;0,275024;
Anilin;6;19.04.2016 05:00;0,271511;
Anilin;9;19.04.2016 05:00;0,198983;
Anilin;1;19.04.2016 05:00;0,0867743;
Natriumchlorid;7;19.04.2016 06:00;18,11631;
Natriumchlorid;7;19.04.2016 06:00;3,40798;
Natriumchlorid;3;19.04.2016 06:00;0,874861;
Natriumchlorid;2;19.04.2016 06:00;0,688178;
Natriumchlorid;5;19.04.2016 06:00;0,496594;
Natriumchlorid;6;19.04.2016 06:00;0,486302;
Natriumchlorid;9;19.04.2016 06:00;0,42255;
Natriumchlorid;8;19.04.2016 06:00;0,242167;
Natriumchlorid;4;19.04.2016 06:00;0,115708;
Natriumchlorid;1;19.04.2016 06:00;0,100098;
Arsen;3;19.04.2016 06:00;1,70286;
Arsen;7;19.04.2016 06:00;0,988454;
Arsen;8;19.04.2016 06:00;0,919279;
Arsen;4;19.04.2016 06:00;0,723875;
Arsen;9;19.04.2016 06:00;0,595194;
Arsen;6;19.04.2016 06:00;0,429459;
Arsen;2;19.04.2016 06:00;0,143464;
Arsen;5;19.04.2016 06:00;0,0653881;
Arsen;1;19.04.2016 06:00;0,0136221;
Benzol;7;19.04.2016 06:00;4,70666;
Benzol;8;19.04.2016 06:00;0,881985;
Benzol;4;19.04.2016 06:00;0,573978;
Benzol;3;19.04.2016 06:00;0,558806;
Benzol;2;19.04.2016 06:00;0,53549;
Benzol;6;19.04.2016 06:00;0,527437;
Benzol;9;19.04.2016 06:00;0,282872;
Benzol;1;19.04.2016 06:00;0,200115;
Benzol;5;19.04.2016 06:00;0,00663331;
Anilin;3;19.04.2016 06:00;1,62511;
Anilin;6;19.04.2016 06:00;0,435334;
Anilin;8;19.04.2016 06:00;0,38612;
Anilin;2;19.04.2016 06:00;0,329345;
Anilin;4;19.04.2016 06:00;0,310156;
Anilin;1;19.04.2016 06:00;0,272526;
Anilin;9;19.04.2016 06:00;0,0638544;
Anilin;5;19.04.2016 06:00;0,0548238;
Natriumchlorid;3;19.04.2016 07:00;0,888342;
Natriumchlorid;6;19.04.2016 07:00;0,484158;
Natriumchlorid;2;19.04.2016 07:00;0,314974;
Natriumchlorid;4;19.04.2016 07:00;0,240913;
Natriumchlorid;5;19.04.2016 07:00;0,144419;
Natriumchlorid;7;19.04.2016 07:00;0,122895;
Natriumchlorid;9;19.04.2016 07:00;0,0776389;
Natriumchlorid;8;19.04.2016 07:00;0,052972;
Natriumchlorid;1;19.04.2016 07:00;0,00570374;
Arsen;3;19.04.2016 07:00;1,98486;
Arsen;7;19.04.2016 07:00;1,08099;
Arsen;4;19.04.2016 07:00;0,353087;
Arsen;9;19.04.2016 07:00;0,351794;
Arsen;1;19.04.2016 07:00;0,190457;
Arsen;5;19.04.2016 07:00;0,176918;
Arsen;8;19.04.2016 07:00;0,120204;
Arsen;2;19.04.2016 07:00;0,107459;
Arsen;6;19.04.2016 07:00;0,038562;
Benzol;7;19.04.2016 07:00;0,846068;
Benzol;2;19.04.2016 07:00;0,567373;
Benzol;3;19.04.2016 07:00;0,463995;
Benzol;5;19.04.2016 07:00;0,389575;
Benzol;6;19.04.2016 07:00;0,337468;
Benzol;4;19.04.2016 07:00;0,273986;
Benzol;8;19.04.2016 07:00;0,220992;
Benzol;9;19.04.2016 07:00;0,174634;
Benzol;1;19.04.2016 07:00;0,0141398;
Anilin;2;19.04.2016 07:00;0,613478;
Anilin;3;19.04.2016 07:00;0,464123;
Anilin;6;19.04.2016 07:00;0,46112;
Anilin;1;19.04.2016 07:00;0,337072;
Anilin;8;19.04.2016 07:00;0,151132;
Anilin;9;19.04.2016 07:00;0,137436;
Anilin;5;19.04.2016 07:00;0,114204;
Anilin;7;19.04.2016 07:00;0,0484994;
Anilin;4;19.04.2016 07:00;0,0143377;
Natriumchlorid;7;19.04.2016 08:00;12,57634;
Natriumchlorid;3;19.04.2016 08:00;3,42508;
Natriumchlorid;7;19.04.2016 08:00;1,54653;
Natriumchlorid;8;19.04.2016 08:00;1,05869;
Natriumchlorid;2;19.04.2016 08:00;0,673802;
Natriumchlorid;6;19.04.2016 08:00;0,477599;
Natriumchlorid;1;19.04.2016 08:00;0,348039;
Natriumchlorid;9;19.04.2016 08:00;0,29882;
Natriumchlorid;4;19.04.2016 08:00;0,118733;
Natriumchlorid;5;19.04.2016 08:00;0,0616746;
Arsen;3;19.04.2016 08:00;1,15189;
Arsen;4;19.04.2016 08:00;0,748959;
Arsen;8;19.04.2016 08:00;0,616358;
Arsen;6;19.04.2016 08:00;0,407154;
Arsen;1;19.04.2016 08:00;0,342423;
Arsen;7;19.04.2016 08:00;0,195541;
Arsen;2;19.04.2016 08:00;0,15644;
Arsen;9;19.04.2016 08:00;0,0794783;
Arsen;5;19.04.2016 08:00;0,0760013;
Benzol;3;19.04.2016 08:00;2,72983;
Benzol;2;19.04.2016 08:00;0,666718;
Benzol;6;19.04.2016 08:00;0,611015;
Benzol;8;19.04.2016 08:00;0,488146;
Benzol;7;19.04.2016 08:00;0,368001;
Benzol;5;19.04.2016 08:00;0,30758;
Benzol;4;19.04.2016 08:00;0,258947;
Benzol;9;19.04.2016 08:00;0,146971;
Benzol;1;19.04.2016 08:00;0,0955218;
Anilin;3;19.04.2016 08:00;0,527081;
Anilin;2;19.04.2016 08:00;0,458694;
Anilin;1;19.04.2016 08:00;0,319167;
Anilin;4;19.04.2016 08:00;0,270974;
Anilin;8;19.04.2016 08:00;0,197818;
Anilin;6;19.04.2016 08:00;0,192424;
Anilin;9;19.04.2016 08:00;0,166064;
Anilin;5;19.04.2016 08:00;0,0959609;
Natriumchlorid;3;19.04.2016 09:00;1,57303;
Natriumchlorid;9;19.04.2016 09:00;0,46455;
Natriumchlorid;6;19.04.2016 09:00;0,401063;
Natriumchlorid;2;19.04.2016 09:00;0,30818;
Natriumchlorid;7;19.04.2016 09:00;0,231329;
Natriumchlorid;4;19.04.2016 09:00;0,222896;
Natriumchlorid;5;19.04.2016 09:00;0,181786;
Natriumchlorid;1;19.04.2016 09:00;0,063708;
Natriumchlorid;8;19.04.2016 09:00;0,0465801;
Arsen;3;19.04.2016 09:00;1,84896;
Arsen;7;19.04.2016 09:00;1,44717;
Arsen;8;19.04.2016 09:00;1,20078;
Arsen;2;19.04.2016 09:00;0,568247;
Arsen;6;19.04.2016 09:00;0,49013;
Arsen;9;19.04.2016 09:00;0,397261;
Arsen;4;19.04.2016 09:00;0,251479;
Arsen;1;19.04.2016 09:00;0,0841968;
Arsen;5;19.04.2016 09:00;0,0183921;
Benzol;2;19.04.2016 09:00;0,549127;
Benzol;3;19.04.2016 09:00;0,533087;
Benzol;7;19.04.2016 09:00;0,521568;
Benzol;1;19.04.2016 09:00;0,295035;
Benzol;9;19.04.2016 09:00;0,244277;
Benzol;6;19.04.2016 09:00;0,181051;
Benzol;4;19.04.2016 09:00;0,179185;
Benzol;5;19.04.2016 09:00;0,0575835;
Benzol;8;19.04.2016 09:00;0,00129635;
Anilin;8;19.04.2016 09:00;0,973709;
Anilin;4;19.04.2016 09:00;0,728923;
Anilin;7;19.04.2016 09:00;0,726976;
Anilin;3;19.04.2016 09:00;0,477802;
Anilin;6;19.04.2016 09:00;0,304657;
Anilin;2;19.04.2016 09:00;0,293012;
Anilin;1;19.04.2016 09:00;0,216335;
Anilin;9;19.04.2016 09:00;0,147372;
Anilin;5;19.04.2016 09:00;0,064531;
Natriumchlorid;3;19.04.2016 10:00;2,00108;
Natriumchlorid;7;19.04.2016 10:00;1,45363;
Natriumchlorid;2;19.04.2016 10:00;0,917131;
Natriumchlorid;8;19.04.2016 10:00;0,784152;
Natriumchlorid;5;19.04.2016 10:00;0,365059;
Natriumchlorid;1;19.04.2016 10:00;0,190227;
Natriumchlorid;4;19.04.2016 10:00;0,104178;
Natriumchlorid;6;19.04.2016 10:00;0,0891975;
Natriumchlorid;9;19.04.2016 10:00;0,0605972;
Arsen;3;19.04.2016 10:00;2,97764;
Arsen;8;19.04.2016 10:00;0,500637;
Arsen;6;19.04.2016 10:00;0,405685;
Arsen;1;19.04.2016 10:00;0,285128;
Arsen;4;19.04.2016 10:00;0,244102;
Arsen;9;19.04.2016 10:00;0,127579;
Arsen;7;19.04.2016 10:00;0,0649242;
Arsen;2;19.04.2016 10:00;0,00677285;
Arsen;5;19.04.2016 10:00;0,00128919;
Benzol;3;19.04.2016 10:00;1,62035;
Benzol;8;19.04.2016 10:00;1,02539;
Benzol;1;19.04.2016 10:00;0,560491;
Benzol;7;19.04.2016 10:00;0,552811;
Benzol;4;19.04.2016 10:00;0,469097;
Benzol;9;19.04.2016 10:00;0,244057;
Benzol;5;19.04.2016 10:00;0,179148;
Benzol;2;19.04.2016 10:00;0,173159;
Benzol;6;19.04.2016 10:00;0,0029207;
Anilin;3;19.04.2016 10:00;0,784183;
Anilin;8;19.04.2016 10:00;0,570625;
Anilin;2;19.04.2016 10:00;0,526166;
Anilin;6;19.04.2016 10:00;0,490147;
Anilin;5;19.04.2016 10:00;0,448832;
Anilin;7;19.04.2016 10:00;0,440923;
Anilin;4;19.04.2016 10:00;0,371808;
Anilin;9;19.04.2016 10:00;0,244355;
Anilin;1;19.04.2016 10:00;0,0302455;
Natriumchlorid;3;19.04.2016 11:00;5,36994;
Natriumchlorid;7;19.04.2016 11:00;2,13497;
Natriumchlorid;8;19.04.2016 11:00;0,530054;
Natriumchlorid;5;19.04.2016 11:00;0,472791;
Natriumchlorid;2;19.04.2016 11:00;0,430016;
Natriumchlorid;9;19.04.2016 11:00;0,359282;
Natriumchlorid;6;19.04.2016 11:00;0,315257;
Natriumchlorid;4;19.04.2016 11:00;0,239489;
Natriumchlorid;1;19.04.2016 11:00;0,216872;
Arsen;9;19.04.2016 11:00;0,695755;
Arsen;8;19.04.2016 11:00;0,596949;
Arsen;6;19.04.2016 11:00;0,394147;
Arsen;2;19.04.2016 11:00;0,330829;
Arsen;3;19.04.2016 11:00;0,298898;
Arsen;4;19.04.2016 11:00;0,277531;
Arsen;1;19.04.2016 11:00;0,259359;
Arsen;7;19.04.2016 11:00;0,195139;
Arsen;5;19.04.2016 11:00;0,0864971;
Benzol;1;19.04.2016 11:00;0,728416;
Benzol;8;19.04.2016 11:00;0,610572;
Benzol;7;19.04.2016 11:00;0,552995;
Benzol;3;19.04.2016 11:00;0,37158;
Benzol;4;19.04.2016 11:00;0,364769;
Benzol;6;19.04.2016 11:00;0,184583;
Benzol;5;19.04.2016 11:00;0,0755126;
Benzol;9;19.04.2016 11:00;0,0578137;
Benzol;2;19.04.2016 11:00;0,034522;
Anilin;3;19.04.2016 11:00;1,08742;
Anilin;6;19.04.2016 11:00;0,554227;
Anilin;8;19.04.2016 11:00;0,355617;
Anilin;1;19.04.2016 11:00;0,353918;
Anilin;4;19.04.2016 11:00;0,337995;
Anilin;7;19.04.2016 11:00;0,31436;
Anilin;9;19.04.2016 11:00;0,24049;
Anilin;5;19.04.2016 11:00;0,176603;
Anilin;2;19.04.2016 11:00;0,113609;
Natriumchlorid;6;19.04.2016 12:00;0,567202;
Natriumchlorid;4;19.04.2016 12:00;0,558612;
Natriumchlorid;7;19.04.2016 12:00;0,464439;
Natriumchlorid;9;19.04.2016 12:00;0,379521;
Natriumchlorid;1;19.04.2016 12:00;0,333647;
Natriumchlorid;3;19.04.2016 12:00;0,332405;
Natriumchlorid;2;19.04.2016 12:00;0,140588;
Natriumchlorid;5;19.04.2016 12:00;0,110153;
Natriumchlorid;8;19.04.2016 12:00;0,0375573;
Arsen;3;19.04.2016 12:00;0,379109;
Arsen;8;19.04.2016 12:00;0,3316;
Arsen;6;19.04.2016 12:00;0,273199;
Arsen;2;19.04.2016 12:00;0,172239;
Arsen;4;19.04.2016 12:00;0,145979;
Arsen;9;19.04.2016 12:00;0,125641;
Arsen;7;19.04.2016 12:00;0,106393;
Arsen;5;19.04.2016 12:00;0,0920083;
Arsen;1;19.04.2016 12:00;0,0156362;
Benzol;2;19.04.2016 12:00;0,86507;
Benzol;6;19.04.2016 12:00;0,586002;
Benzol;8;19.04.2016 12:00;0,58396;
Benzol;1;19.04.2016 12:00;0,368726;
Benzol;5;19.04.2016 12:00;0,272004;
Benzol;4;19.04.2016 12:00;0,263095;
Benzol;7;19.04.2016 12:00;0,220013;
Benzol;9;19.04.2016 12:00;0,162815;
Benzol;3;19.04.2016 12:00;0,0288446;
Anilin;7;19.04.2016 12:00;1,72777;
Anilin;3;19.04.2016 12:00;1,6208;
Anilin;8;19.04.2016 12:00;0,513387;
Anilin;4;19.04.2016 12:00;0,375854;
Anilin;2;19.04.2016 12:00;0,275989;
Anilin;1;19.04.2016 12:00;0,253833;
Anilin;6;19.04.2016 12:00;0,249921;
Anilin;9;19.04.2016 12:00;0,131219;
Anilin;5;19.04.2016 12:00;0,0151523;
Natriumchlorid;3;19.04.2016 13:00;1,50329;
Natriumchlorid;4;19.04.2016 13:00;0,761172;
Natriumchlorid;9;19.04.2016 13:00;0,476782;
Natriumchlorid;7;19.04.2016 13:00;0,396734;
Natriumchlorid;2;19.04.2016 13:00;0,376812;
Natriumchlorid;6;19.04.2016 13:00;0,358181;
Natriumchlorid;8;19.04.2016 13:00;0,239443;
Natriumchlorid;1;19.04.2016 13:00;0,168328;
Natriumchlorid;5;19.04.2016 13:00;0,0708426;
Arsen;3;19.04.2016 13:00;0,625656;
Arsen;4;19.04.2016 13:00;0,537055;
Arsen;1;19.04.2016 13:00;0,441436;
Arsen;5;19.04.2016 13:00;0,306384;
Arsen;8;19.04.2016 13:00;0,305321;
Arsen;2;19.04.2016 13:00;0,231013;
Arsen;6;19.04.2016 13:00;0,222371;
Arsen;7;19.04.2016 13:00;0,179738;
Arsen;9;19.04.2016 13:00;0,0114367;
Benzol;7;19.04.2016 13:00;2,13355;
Benzol;3;19.04.2016 13:00;0,86703;
Benzol;2;19.04.2016 13:00;0,665692;
Benzol;6;19.04.2016 13:00;0,525606;
Benzol;5;19.04.2016 13:00;0,335846;
Benzol;8;19.04.2016 13:00;0,234656;
Benzol;4;19.04.2016 13:00;0,0994278;
Benzol;9;19.04.2016 13:00;0,032154;
Benzol;1;19.04.2016 13:00;0,00140897;
Anilin;3;19.04.2016 13:00;3,47577;
Anilin;8;19.04.2016 13:00;1,21587;
Anilin;4;19.04.2016 13:00;0,506661;
Anilin;6;19.04.2016 13:00;0,331041;
Anilin;1;19.04.2016 13:00;0,280146;
Anilin;2;19.04.2016 13:00;0,154724;
Anilin;7;19.04.2016 13:00;0,150951;
Anilin;9;19.04.2016 13:00;0,0785599;
Anilin;5;19.04.2016 13:00;0,0315548;
Natriumchlorid;7;19.04.2016 14:00;1,97662;
Natriumchlorid;8;19.04.2016 14:00;0,800437;
Natriumchlorid;6;19.04.2016 14:00;0,457458;
Natriumchlorid;9;19.04.2016 14:00;0,422266;
Natriumchlorid;4;19.04.2016 14:00;0,338789;
Natriumchlorid;2;19.04.2016 14:00;0,181396;
Natriumchlorid;5;19.04.2016 14:00;0,137107;
Natriumchlorid;1;19.04.2016 14:00;0,0527646;
Natriumchlorid;3;19.04.2016 14:00;0,0410216;
Arsen;1;19.04.2016 14:00;0,355342;
Arsen;4;19.04.2016 14:00;0,255943;
Arsen;3;19.04.2016 14:00;0,20254;
Arsen;5;19.04.2016 14:00;0,19788;
Arsen;7;19.04.2016 14:00;0,196385;
Arsen;9;19.04.2016 14:00;0,117977;
Arsen;6;19.04.2016 14:00;0,117609;
Arsen;8;19.04.2016 14:00;0,0828089;
Arsen;2;19.04.2016 14:00;0,0287538;
Benzol;3;19.04.2016 14:00;2,55761;
Benzol;5;19.04.2016 14:00;0,670542;
Benzol;2;19.04.2016 14:00;0,647095;
Benzol;8;19.04.2016 14:00;0,513992;
Benzol;6;19.04.2016 14:00;0,492763;
Benzol;7;19.04.2016 14:00;0,255674;
Benzol;9;19.04.2016 14:00;0,194652;
Benzol;1;19.04.2016 14:00;0,113614;
Benzol;4;19.04.2016 14:00;0,017028;
Anilin;3;19.04.2016 14:00;2,28725;
Anilin;8;19.04.2016 14:00;1,46829;
Anilin;7;19.04.2016 14:00;0,839201;
Anilin;5;19.04.2016 14:00;0,758353;
Anilin;2;19.04.2016 14:00;0,447422;
Anilin;6;19.04.2016 14:00;0,404001;
Anilin;9;19.04.2016 14:00;0,36137;
Anilin;4;19.04.2016 14:00;0,234069;
Anilin;1;19.04.2016 14:00;0,188235;
Natriumchlorid;3;19.04.2016 15:00;1,34613;
Natriumchlorid;7;19.04.2016 15:00;0,776433;
Natriumchlorid;6;19.04.2016 15:00;0,550038;
Natriumchlorid;1;19.04.2016 15:00;0,491114;
Natriumchlorid;4;19.04.2016 15:00;0,402223;
Natriumchlorid;9;19.04.2016 15:00;0,350241;
Natriumchlorid;2;19.04.2016 15:00;0,31514;
Natriumchlorid;5;19.04.2016 15:00;0,210904;
Natriumchlorid;8;19.04.2016 15:00;0,110999;
Arsen;3;19.04.2016 15:00;2,77367;
Arsen;8;19.04.2016 15:00;0,681857;
Arsen;5;19.04.2016 15:00;0,478163;
Arsen;7;19.04.2016 15:00;0,368984;
Arsen;2;19.04.2016 15:00;0,361484;
Arsen;6;19.04.2016 15:00;0,296118;
Arsen;4;19.04.2016 15:00;0,253525;
Arsen;1;19.04.2016 15:00;0,250508;
Arsen;9;19.04.2016 15:00;0,0902058;
Benzol;3;19.04.2016 15:00;2,34609;
Benzol;8;19.04.2016 15:00;0,636254;
Benzol;4;19.04.2016 15:00;0,498359;
Benzol;1;19.04.2016 15:00;0,456;
Benzol;6;19.04.2016 15:00;0,393229;
Benzol;5;19.04.2016 15:00;0,208562;
Benzol;7;19.04.2016 15:00;0,19555;
Benzol;9;19.04.2016 15:00;0,176253;
Benzol;2;19.04.2016 15:00;0,0578809;
Anilin;8;19.04.2016 15:00;1,04217;
Anilin;6;19.04.2016 15:00;0,647606;
Anilin;9;19.04.2016 15:00;0,558414;
Anilin;2;19.04.2016 15:00;0,457316;
Anilin;3;19.04.2016 15:00;0,284581;
Anilin;4;19.04.2016 15:00;0,275898;
Anilin;1;19.04.2016 15:00;0,234433;
Anilin;7;19.04.2016 15:00;0,176698;
Anilin;5;19.04.2016 15:00;0,0180797;
Natriumchlorid;3;19.04.2016 16:00;1,20857;
Natriumchlorid;7;19.04.2016 16:00;0,899793;
Natriumchlorid;1;19.04.2016 16:00;0,607203;
Natriumchlorid;6;19.04.2016 16:00;0,394193;
Natriumchlorid;4;19.04.2016 16:00;0,325412;
Natriumchlorid;9;19.04.2016 16:00;0,217011;
Natriumchlorid;5;19.04.2016 16:00;0,21568;
Natriumchlorid;2;19.04.2016 16:00;0,165456;
Natriumchlorid;8;19.04.2016 16:00;0,157157;
Arsen;7;19.04.2016 16:00;1,40132;
Arsen;8;19.04.2016 16:00;0,745735;
Arsen;4;19.04.2016 16:00;0,702455;
Arsen;6;19.04.2016 16:00;0,494401;
Arsen;3;19.04.2016 16:00;0,414853;
Arsen;9;19.04.2016 16:00;0,340439;
Arsen;2;19.04.2016 16:00;0,324004;
Arsen;1;19.04.2016 16:00;0,26543;
Arsen;5;19.04.2016 16:00;0,119781;
Benzol;7;19.04.2016 16:00;0,758296;
Benzol;8;19.04.2016 16:00;0,571899;
Benzol;3;19.04.2016 16:00;0,529534;
Benzol;5;19.04.2016 16:00;0,437793;
Benzol;1;19.04.2016 16:00;0,420066;
Benzol;6;19.04.2016 16:00;0,345215;
Benzol;4;19.04.2016 16:00;0,264324;
Benzol;2;19.04.2016 16:00;0,20788;
Benzol;9;19.04.2016 16:00;0,139888;
Anilin;3;19.04.2016 16:00;1,27723;
Anilin;7;19.04.2016 16:00;0,515922;
Anilin;2;19.04.2016 16:00;0,43205;
Anilin;4;19.04.2016 16:00;0,387782;
Anilin;5;19.04.2016 16:00;0,336307;
Anilin;1;19.04.2016 16:00;0,262484;
Anilin;6;19.04.2016 16:00;0,219423;
Anilin;9;19.04.2016 16:00;0,199273;
Anilin;8;19.04.2016 16:00;0,0522602;
Natriumchlorid;2;19.04.2016 17:00;0,604396;
Natriumchlorid;5;19.04.2016 17:00;0,491613;
Natriumchlorid;7;19.04.2016 17:00;0,461877;
Natriumchlorid;6;19.04.2016 17:00;0,204005;
Natriumchlorid;8;19.04.2016 17:00;0,200664;
Natriumchlorid;4;19.04.2016 17:00;0,184468;
Natriumchlorid;1;19.04.2016 17:00;0,14742;
Natriumchlorid;3;19.04.2016 17:00;0,0456357;
Natriumchlorid;9;19.04.2016 17:00;0,0318843;
Arsen;3;19.04.2016 17:00;2,22376;
Arsen;7;19.04.2016 17:00;1,14304;
Arsen;4;19.04.2016 17:00;0,348221;
Arsen;6;19.04.2016 17:00;0,291183;
Arsen;8;19.04.2016 17:00;0,229107;
Arsen;2;19.04.2016 17:00;0,207696;
Arsen;9;19.04.2016 17:00;0,18862;
Arsen;1;19.04.2016 17:00;0,0758279;
Arsen;5;19.04.2016 17:00;0,0715864;
Benzol;6;19.04.2016 17:00;0,565623;
Benzol;3;19.04.2016 17:00;0,241824;
Benzol;5;19.04.2016 17:00;0,181568;
Benzol;4;19.04.2016 17:00;0,168488;
Benzol;1;19.04.2016 17:00;0,166064;
Benzol;8;19.04.2016 17:00;0,129445;
Benzol;7;19.04.2016 17:00;0,111994;
Benzol;2;19.04.2016 17:00;0,102392;
Benzol;9;19.04.2016 17:00;0,0833455;
Anilin;3;19.04.2016 17:00;0,919992;
Anilin;8;19.04.2016 17:00;0,581786;
Anilin;6;19.04.2016 17:00;0,569974;
Anilin;4;19.04.2016 17:00;0,484615;
Anilin;2;19.04.2016 17:00;0,379684;
Anilin;1;19.04.2016 17:00;0,215675;
Anilin;9;19.04.2016 17:00;0,0674029;
Anilin;5;19.04.2016 17:00;0,0439914;
Anilin;7;19.04.2016 17:00;0,0404586;
Natriumchlorid;3;19.04.2016 18:00;2,10052;
Natriumchlorid;8;19.04.2016 18:00;1,07771;
Natriumchlorid;4;19.04.2016 18:00;0,600854;
Natriumchlorid;9;19.04.2016 18:00;0,340302;
Natriumchlorid;2;19.04.2016 18:00;0,338536;
Natriumchlorid;7;19.04.2016 18:00;0,329082;
Natriumchlorid;6;19.04.2016 18:00;0,205973;
Natriumchlorid;1;19.04.2016 18:00;0,120484;
Natriumchlorid;5;19.04.2016 18:00;0,0344129;
Arsen;2;19.04.2016 18:00;0,896865;
Arsen;8;19.04.2016 18:00;0,658447;
Arsen;6;19.04.2016 18:00;0,475492;
Arsen;5;19.04.2016 18:00;0,467703;
Arsen;7;19.04.2016 18:00;0,432988;
Arsen;3;19.04.2016 18:00;0,256265;
Arsen;9;19.04.2016 18:00;0,234309;
Arsen;4;19.04.2016 18:00;0,198665;
Arsen;1;19.04.2016 18:00;0,169768;
Benzol;3;19.04.2016 18:00;1,60563;
Benzol;2;19.04.2016 18:00;0,805145;
Benzol;6;19.04.2016 18:00;0,59283;
Benzol;9;19.04.2016 18:00;0,414273;
Benzol;7;19.04.2016 18:00;0,39888;
Benzol;1;19.04.2016 18:00;0,287698;
Benzol;5;19.04.2016 18:00;0,106687;
Benzol;4;19.04.2016 18:00;0,0836239;
Benzol;8;19.04.2016 18:00;0,0721396;
Anilin;7;19.04.2016 18:00;1,66806;
Anilin;3;19.04.2016 18:00;1,22201;
Anilin;6;19.04.2016 18:00;0,611282;
Anilin;5;19.04.2016 18:00;0,447196;
Anilin;8;19.04.2016 18:00;0,343803;
Anilin;1;19.04.2016 18:00;0,234573;
Anilin;2;19.04.2016 18:00;0,220539;
Anilin;9;19.04.2016 18:00;0,0710596;
Anilin;4;19.04.2016 18:00;0,00199772;
Natriumchlorid;8;19.04.2016 19:00;0,488993;
Natriumchlorid;4;19.04.2016 19:00;0,389436;
Natriumchlorid;2;19.04.2016 19:00;0,362582;
Natriumchlorid;3;19.04.2016 19:00;0,315932;
Natriumchlorid;5;19.04.2016 19:00;0,273299;
Natriumchlorid;6;19.04.2016 19:00;0,201191;
Natriumchlorid;9;19.04.2016 19:00;0,17967;
Natriumchlorid;1;19.04.2016 19:00;0,0511753;
Natriumchlorid;7;19.04.2016 19:00;0,00849451;
Arsen;3;19.04.2016 19:00;2,2282;
Arsen;8;19.04.2016 19:00;0,744094;
Arsen;2;19.04.2016 19:00;0,389933;
Arsen;5;19.04.2016 19:00;0,349192;
Arsen;7;19.04.2016 19:00;0,306631;
Arsen;6;19.04.2016 19:00;0,299256;
Arsen;9;19.04.2016 19:00;0,195372;
Arsen;4;19.04.2016 19:00;0,136267;
Arsen;1;19.04.2016 19:00;0,104005;
Benzol;3;19.04.2016 19:00;0,673255;
Benzol;8;19.04.2016 19:00;0,592952;
Benzol;1;19.04.2016 19:00;0,510444;
Benzol;6;19.04.2016 19:00;0,470309;
Benzol;4;19.04.2016 19:00;0,305853;
Benzol;5;19.04.2016 19:00;0,236263;
Benzol;9;19.04.2016 19:00;0,183957;
Benzol;2;19.04.2016 19:00;0,139876;
Benzol;7;19.04.2016 19:00;0,103944;
Anilin;6;19.04.2016 19:00;0,719924;
Anilin;3;19.04.2016 19:00;0,537353;
Anilin;7;19.04.2016 19:00;0,522973;
Anilin;9;19.04.2016 19:00;0,49528;
Anilin;5;19.04.2016 19:00;0,423441;
Anilin;8;19.04.2016 19:00;0,416605;
Anilin;2;19.04.2016 19:00;0,353253;
Anilin;4;19.04.2016 19:00;0,27947;
Anilin;1;19.04.2016 19:00;0,279301;
Natriumchlorid;3;19.04.2016 20:00;1,99302;
Natriumchlorid;8;19.04.2016 20:00;0,937133;
Natriumchlorid;6;19.04.2016 20:00;0,560398;
Natriumchlorid;4;19.04.2016 20:00;0,452585;
Natriumchlorid;7;19.04.2016 20:00;0,408612;
Natriumchlorid;5;19.04.2016 20:00;0,242422;
Natriumchlorid;2;19.04.2016 20:00;0,228763;
Natriumchlorid;1;19.04.2016 20:00;0,210018;
Natriumchlorid;9;19.04.2016 20:00;0,146285;
Arsen;7;19.04.2016 20:00;1,36913;
Arsen;3;19.04.2016 20:00;0,808779;
Arsen;8;19.04.2016 20:00;0,563912;
Arsen;5;19.04.2016 20:00;0,527975;
Arsen;6;19.04.2016 20:00;0,386273;
Arsen;4;19.04.2016 20:00;0,347041;
Arsen;2;19.04.2016 20:00;0,295607;
Arsen;9;19.04.2016 20:00;0,291317;
Arsen;1;19.04.2016 20:00;0,0710367;
Benzol;7;19.04.2016 20:00;3,78418;
Benzol;3;19.04.2016 20:00;1,11778;
Benzol;2;19.04.2016 20:00;0,963557;
Benzol;5;19.04.2016 20:00;0,736297;
Benzol;9;19.04.2016 20:00;0,60327;
Benzol;6;19.04.2016 20:00;0,523544;
Benzol;1;19.04.2016 20:00;0,375843;
Benzol;4;19.04.2016 20:00;0,341021;
Benzol;8;19.04.2016 20:00;0,238547;
Anilin;3;19.04.2016 20:00;1,21976;
Anilin;8;19.04.2016 20:00;0,796167;
Anilin;7;19.04.2016 20:00;0,497385;
Anilin;6;19.04.2016 20:00;0,48184;
Anilin;4;19.04.2016 20:00;0,336936;
Anilin;9;19.04.2016 20:00;0,26027;
Anilin;5;19.04.2016 20:00;0,194747;
Anilin;1;19.04.2016 20:00;0,0555366;
Anilin;2;19.04.2016 20:00;0,00728853;
Natriumchlorid;3;19.04.2016 21:00;0,948523;
Natriumchlorid;7;19.04.2016 21:00;0,532206;
Natriumchlorid;6;19.04.2016 21:00;0,326345;
Natriumchlorid;4;19.04.2016 21:00;0,268359;
Natriumchlorid;9;19.04.2016 21:00;0,0911574;
Natriumchlorid;8;19.04.2016 21:00;0,046282;
Natriumchlorid;5;19.04.2016 21:00;0,0269893;
Natriumchlorid;2;19.04.2016 21:00;0,010615;
Natriumchlorid;1;19.04.2016 21:00;0,00979132;
Arsen;3;19.04.2016 21:00;1,05929;
Arsen;8;19.04.2016 21:00;0,592643;
Arsen;1;19.04.2016 21:00;0,432997;
Arsen;6;19.04.2016 21:00;0,426415;
Arsen;4;19.04.2016 21:00;0,401683;
Arsen;5;19.04.2016 21:00;0,37677;
Arsen;7;19.04.2016 21:00;0,175138;
Arsen;9;19.04.2016 21:00;0,153492;
Arsen;2;19.04.2016 21:00;0,14538;
Benzol;8;19.04.2016 21:00;0,910244;
Benzol;3;19.04.2016 21:00;0,804499;
Benzol;7;19.04.2016 21:00;0,790461;
Benzol;5;19.04.2016 21:00;0,548125;
Benzol;4;19.04.2016 21:00;0,447697;
Benzol;6;19.04.2016 21:00;0,359182;
Benzol;1;19.04.2016 21:00;0,30919;
Benzol;2;19.04.2016 21:00;0,16521;
Benzol;9;19.04.2016 21:00;0,0898679;
Anilin;3;19.04.2016 21:00;0,919256;
Anilin;6;19.04.2016 21:00;0,852645;
Anilin;8;19.04.2016 21:00;0,535616;
Anilin;2;19.04.2016 21:00;0,522911;
Anilin;1;19.04.2016 21:00;0,338702;
Anilin;4;19.04.2016 21:00;0,206231;
Anilin;7;19.04.2016 21:00;0,197775;
Anilin;5;19.04.2016 21:00;0,048017;
Anilin;9;19.04.2016 21:00;0,0135263;
Natriumchlorid;7;19.04.2016 22:00;0,897842;
Natriumchlorid;4;19.04.2016 22:00;0,543606;
Natriumchlorid;6;19.04.2016 22:00;0,488288;
Natriumchlorid;9;19.04.2016 22:00;0,385131;
Natriumchlorid;5;19.04.2016 22:00;0,346359;
Natriumchlorid;1;19.04.2016 22:00;0,299339;
Natriumchlorid;3;19.04.2016 22:00;0,275877;
Natriumchlorid;8;19.04.2016 22:00;0,235788;
Natriumchlorid;2;19.04.2016 22:00;0,0842854;
Arsen;3;19.04.2016 22:00;2,31197;
Arsen;8;19.04.2016 22:00;0,867929;
Arsen;9;19.04.2016 22:00;0,368355;
Arsen;6;19.04.2016 22:00;0,275696;
Arsen;4;19.04.2016 22:00;0,243625;
Arsen;7;19.04.2016 22:00;0,230629;
Arsen;5;19.04.2016 22:00;0,178272;
Arsen;2;19.04.2016 22:00;0,122515;
Arsen;1;19.04.2016 22:00;0,0884472;
Benzol;3;19.04.2016 22:00;2,74564;
Benzol;7;19.04.2016 22:00;0,556646;
Benzol;8;19.04.2016 22:00;0,508681;
Benzol;6;19.04.2016 22:00;0,456025;
Benzol;2;19.04.2016 22:00;0,442476;
Benzol;1;19.04.2016 22:00;0,239491;
Benzol;5;19.04.2016 22:00;0,150467;
Benzol;4;19.04.2016 22:00;0,119676;
Benzol;9;19.04.2016 22:00;0,0101096;
Anilin;3;19.04.2016 22:00;1,12708;
Anilin;8;19.04.2016 22:00;0,925452;
Anilin;5;19.04.2016 22:00;0,594729;
Anilin;1;19.04.2016 22:00;0,515493;
Anilin;6;19.04.2016 22:00;0,395081;
Anilin;7;19.04.2016 22:00;0,386358;
Anilin;4;19.04.2016 22:00;0,381291;
Anilin;9;19.04.2016 22:00;0,286034;
Anilin;2;19.04.2016 22:00;0,0951243;
Natriumchlorid;3;19.04.2016 23:00;0,830425;
Natriumchlorid;4;19.04.2016 23:00;0,579112;
Natriumchlorid;6;19.04.2016 23:00;0,503742;
Natriumchlorid;8;19.04.2016 23:00;0,428313;
Natriumchlorid;2;19.04.2016 23:00;0,358172;
Natriumchlorid;9;19.04.2016 23:00;0,328508;
Natriumchlorid;5;19.04.2016 23:00;0,266884;
Natriumchlorid;7;19.04.2016 23:00;0,198729;
Natriumchlorid;1;19.04.2016 23:00;0,0230282;
Arsen;8;19.04.2016 23:00;0,617918;
Arsen;4;19.04.2016 23:00;0,478881;
Arsen;5;19.04.2016 23:00;0,328047;
Arsen;6;19.04.2016 23:00;0,297917;
Arsen;2;19.04.2016 23:00;0,258391;
Arsen;3;19.04.2016 23:00;0,251409;
Arsen;1;19.04.2016 23:00;0,143978;
Arsen;7;19.04.2016 23:00;0,0394472;
Arsen;9;19.04.2016 23:00;0,0218027;
Benzol;3;19.04.2016 23:00;3,21054;
Benzol;6;19.04.2016 23:00;0,790046;
Benzol;2;19.04.2016 23:00;0,759443;
Benzol;8;19.04.2016 23:00;0,640713;
Benzol;7;19.04.2016 23:00;0,486806;
Benzol;9;19.04.2016 23:00;0,279566;
Benzol;4;19.04.2016 23:00;0,253557;
Benzol;5;19.04.2016 23:00;0,185413;
Benzol;1;19.04.2016 23:00;0,14144;
Anilin;3;19.04.2016 23:00;2,78298;
Anilin;7;19.04.2016 23:00;1,49405;
Anilin;2;19.04.2016 23:00;0,552949;
Anilin;9;19.04.2016 23:00;0,457417;
Anilin;6;19.04.2016 23:00;0,375883;
Anilin;5;19.04.2016 23:00;0,347179;
Anilin;8;19.04.2016 23:00;0,309909;
Anilin;4;19.04.2016 23:00;0,214905;
Anilin;1;19.04.2016 23:00;0,0527581;
Natriumchlorid;3;20.04.2016 00:00;2,26863;
Natriumchlorid;7;20.04.2016 00:00;0,502171;
Natriumchlorid;1;20.04.2016 00:00;0,38854;
Natriumchlorid;8;20.04.2016 00:00;0,29952;
Natriumchlorid;5;20.04.2016 00:00;0,278016;
Natriumchlorid;2;20.04.2016 00:00;0,272447;
Natriumchlorid;6;20.04.2016 00:00;0,225123;
Natriumchlorid;9;20.04.2016 00:00;0,191284;
Natriumchlorid;4;20.04.2016 00:00;0,178817;
Arsen;3;20.04.2016 00:00;1,52485;
Arsen;8;20.04.2016 00:00;1,29267;
Arsen;2;20.04.2016 00:00;0,672438;
Arsen;7;20.04.2016 00:00;0,58022;
Arsen;4;20.04.2016 00:00;0,181345;
Arsen;9;20.04.2016 00:00;0,178255;
Arsen;5;20.04.2016 00:00;0,104237;
Arsen;6;20.04.2016 00:00;0,101543;
Arsen;1;20.04.2016 00:00;0,0172511;
Benzol;8;20.04.2016 00:00;1,60344;
Benzol;3;20.04.2016 00:00;0,601237;
Benzol;6;20.04.2016 00:00;0,590385;
Benzol;7;20.04.2016 00:00;0,465529;
Benzol;2;20.04.2016 00:00;0,426565;
Benzol;9;20.04.2016 00:00;0,393782;
Benzol;4;20.04.2016 00:00;0,253116;
Benzol;1;20.04.2016 00:00;0,230232;
Benzol;5;20.04.2016 00:00;0,0210475;
Anilin;8;20.04.2016 00:00;0,790904;
Anilin;7;20.04.2016 00:00;0,733256;
Anilin;6;20.04.2016 00:00;0,605828;
Anilin;9;20.04.2016 00:00;0,503586;
Anilin;2;20.04.2016 00:00;0,37715;
Anilin;3;20.04.2016 00:00;0,30407;
Anilin;5;20.04.2016 00:00;0,263587;
Anilin;1;20.04.2016 00:00;0,228469;
Anilin;4;20.04.2016 00:00;0,20452;
Natriumchlorid;3;20.04.2016 01:00;3,13794;
Natriumchlorid;4;20.04.2016 01:00;0,752252;
Natriumchlorid;6;20.04.2016 01:00;0,712243;
Natriumchlorid;7;20.04.2016 01:00;0,603489;
Natriumchlorid;8;20.04.2016 01:00;0,565178;
Natriumchlorid;5;20.04.2016 01:00;0,381464;
Natriumchlorid;9;20.04.2016 01:00;0,148427;
Natriumchlorid;1;20.04.2016 01:00;0,0933586;
Natriumchlorid;2;20.04.2016 01:00;0,0294028;
Arsen;7;20.04.2016 01:00;3,15231;
Arsen;8;20.04.2016 01:00;0,778322;
Arsen;1;20.04.2016 01:00;0,60039;
Arsen;6;20.04.2016 01:00;0,418009;
Arsen;9;20.04.2016 01:00;0,285983;
Arsen;2;20.04.2016 01:00;0,24993;
Arsen;4;20.04.2016 01:00;0,230001;
Arsen;3;20.04.2016 01:00;0,207994;
Arsen;5;20.04.2016 01:00;0,142968;
Benzol;8;20.04.2016 01:00;1,09298;
Benzol;3;20.04.2016 01:00;0,827999;
Benzol;9;20.04.2016 01:00;0,520088;
Benzol;6;20.04.2016 01:00;0,489859;
Benzol;4;20.04.2016 01:00;0,472912;
Benzol;2;20.04.2016 01:00;0,290719;
Benzol;5;20.04.2016 01:00;0,182837;
Benzol;1;20.04.2016 01:00;0,178901;
Benzol;7;20.04.2016 01:00;0,173739;
Anilin;7;20.04.2016 01:00;0,894091;
Anilin;2;20.04.2016 01:00;0,783768;
Anilin;8;20.04.2016 01:00;0,39772;
Anilin;6;20.04.2016 01:00;0,333924;
Anilin;3;20.04.2016 01:00;0,109455;
Anilin;5;20.04.2016 01:00;0,0915759;
Anilin;1;20.04.2016 01:00;0,0789826;
Anilin;9;20.04.2016 01:00;0,0327548;
Anilin;4;20.04.2016 01:00;0,013963;
Natriumchlorid;3;20.04.2016 02:00;1,7019;
Natriumchlorid;7;20.04.2016 02:00;0,664386;
Natriumchlorid;9;20.04.2016 02:00;0,587516;
Natriumchlorid;6;20.04.2016 02:00;0,578995;
Natriumchlorid;2;20.04.2016 02:00;0,17454;
Natriumchlorid;8;20.04.2016 02:00;0,130792;
Natriumchlorid;4;20.04.2016 02:00;0,130552;
Natriumchlorid;5;20.04.2016 02:00;0,0654091;
Natriumchlorid;1;20.04.2016 02:00;0,0634533;
Arsen;6;20.04.2016 02:00;0,55559;
Arsen;7;20.04.2016 02:00;0,473557;
Arsen;4;20.04.2016 02:00;0,38785;
Arsen;3;20.04.2016 02:00;0,369176;
Arsen;5;20.04.2016 02:00;0,133556;
Arsen;2;20.04.2016 02:00;0,11777;
Arsen;9;20.04.2016 02:00;0,0881879;
Arsen;1;20.04.2016 02:00;0,0527246;
Arsen;8;20.04.2016 02:00;0,00659506;
Benzol;3;20.04.2016 02:00;1,72639;
Benzol;7;20.04.2016 02:00;1,69597;
Benzol;6;20.04.2016 02:00;0,544858;
Benzol;9;20.04.2016 02:00;0,453065;
Benzol;8;20.04.2016 02:00;0,377513;
Benzol;5;20.04.2016 02:00;0,307717;
Benzol;2;20.04.2016 02:00;0,230123;
Benzol;4;20.04.2016 02:00;0,21826;
Benzol;1;20.04.2016 02:00;0,111763;
Anilin;2;20.04.2016 02:00;0,747097;
Anilin;7;20.04.2016 02:00;0,359223;
Anilin;5;20.04.2016 02:00;0,326059;
Anilin;6;20.04.2016 02:00;0,300972;
Anilin;3;20.04.2016 02:00;0,27058;
Anilin;8;20.04.2016 02:00;0,227832;
Anilin;4;20.04.2016 02:00;0,187098;
Anilin;9;20.04.2016 02:00;0,158306;
Anilin;1;20.04.2016 02:00;0,0967445;
Natriumchlorid;3;20.04.2016 03:00;1,26786;
Natriumchlorid;8;20.04.2016 03:00;0,641961;
Natriumchlorid;7;20.04.2016 03:00;0,389747;
Natriumchlorid;4;20.04.2016 03:00;0,261553;
Natriumchlorid;6;20.04.2016 03:00;0,253406;
Natriumchlorid;1;20.04.2016 03:00;0,225921;
Natriumchlorid;2;20.04.2016 03:00;0,160324;
Natriumchlorid;9;20.04.2016 03:00;0,0955391;
Natriumchlorid;5;20.04.2016 03:00;0,0597916;
Arsen;3;20.04.2016 03:00;1,02289;
Arsen;8;20.04.2016 03:00;0,824978;
Arsen;7;20.04.2016 03:00;0,717981;
Arsen;2;20.04.2016 03:00;0,364745;
Arsen;9;20.04.2016 03:00;0,251156;
Arsen;6;20.04.2016 03:00;0,206805;
Arsen;1;20.04.2016 03:00;0,0853649;
Arsen;4;20.04.2016 03:00;0,0464211;
Arsen;5;20.04.2016 03:00;0,039256;
Benzol;3;20.04.2016 03:00;0,950388;
Benzol;6;20.04.2016 03:00;0,483473;
Benzol;4;20.04.2016 03:00;0,438643;
Benzol;1;20.04.2016 03:00;0,41155;
Benzol;8;20.04.2016 03:00;0,354292;
Benzol;9;20.04.2016 03:00;0,20088;
Benzol;7;20.04.2016 03:00;0,114881;
Benzol;5;20.04.2016 03:00;0,108137;
Benzol;2;20.04.2016 03:00;0,0787274;
Anilin;7;20.04.2016 03:00;0,7961;
Anilin;9;20.04.2016 03:00;0,510037;
Anilin;6;20.04.2016 03:00;0,438478;
Anilin;8;20.04.2016 03:00;0,359186;
Anilin;3;20.04.2016 03:00;0,310938;
Anilin;4;20.04.2016 03:00;0,264946;
Anilin;2;20.04.2016 03:00;0,0628928;
Anilin;1;20.04.2016 03:00;0,0159372;
Anilin;5;20.04.2016 03:00;0,0123074;
Natriumchlorid;3;20.04.2016 04:00;1,41738;
Natriumchlorid;4;20.04.2016 04:00;0,547409;
Natriumchlorid;1;20.04.2016 04:00;0,437457;
Natriumchlorid;2;20.04.2016 04:00;0,33607;
Natriumchlorid;6;20.04.2016 04:00;0,255896;
Natriumchlorid;7;20.04.2016 04:00;0,240772;
Natriumchlorid;8;20.04.2016 04:00;0,170344;
Natriumchlorid;5;20.04.2016 04:00;0,119108;
Natriumchlorid;9;20.04.2016 04:00;0,091202;
Arsen;7;20.04.2016 04:00;1,16303;
Arsen;1;20.04.2016 04:00;0,680439;
Arsen;6;20.04.2016 04:00;0,536144;
Arsen;4;20.04.2016 04:00;0,429317;
Arsen;2;20.04.2016 04:00;0,368449;
Arsen;3;20.04.2016 04:00;0,257085;
Arsen;8;20.04.2016 04:00;0,165861;
Arsen;5;20.04.2016 04:00;0,154675;
Arsen;9;20.04.2016 04:00;0,0546639;
Benzol;3;20.04.2016 04:00;0,975932;
Benzol;4;20.04.2016 04:00;0,589403;
Benzol;5;20.04.2016 04:00;0,506184;
Benzol;9;20.04.2016 04:00;0,424034;
Benzol;1;20.04.2016 04:00;0,343687;
Benzol;8;20.04.2016 04:00;0,256921;
Benzol;7;20.04.2016 04:00;0,198215;
Benzol;6;20.04.2016 04:00;0,156683;
Benzol;2;20.04.2016 04:00;0,0549474;
Anilin;6;20.04.2016 04:00;0,465721;
Anilin;9;20.04.2016 04:00;0,310007;
Anilin;2;20.04.2016 04:00;0,274806;
Anilin;4;20.04.2016 04:00;0,236246;
Anilin;7;20.04.2016 04:00;0,182963;
Anilin;5;20.04.2016 04:00;0,168131;
Anilin;3;20.04.2016 04:00;0,149387;
Anilin;8;20.04.2016 04:00;0,146319;
Anilin;1;20.04.2016 04:00;0,10705;
Natriumchlorid;7;20.04.2016 05:00;0,631082;
Natriumchlorid;6;20.04.2016 05:00;0,580898;
Natriumchlorid;4;20.04.2016 05:00;0,573705;
Natriumchlorid;8;20.04.2016 05:00;0,446262;
Natriumchlorid;1;20.04.2016 05:00;0,265883;
Natriumchlorid;3;20.04.2016 05:00;0,250842;
Natriumchlorid;2;20.04.2016 05:00;0,249406;
Natriumchlorid;5;20.04.2016 05:00;0,128495;
Natriumchlorid;9;20.04.2016 05:00;0,0023512;
Arsen;3;20.04.2016 05:00;1,14072;
Arsen;6;20.04.2016 05:00;0,726183;
Arsen;8;20.04.2016 05:00;0,616713;
Arsen;5;20.04.2016 05:00;0,447604;
Arsen;2;20.04.2016 05:00;0,383994;
Arsen;9;20.04.2016 05:00;0,371538;
Arsen;4;20.04.2016 05:00;0,271608;
Arsen;1;20.04.2016 05:00;0,160119;
Arsen;7;20.04.2016 05:00;0,0434047;
Benzol;3;20.04.2016 05:00;0,861285;
Benzol;2;20.04.2016 05:00;0,661201;
Benzol;7;20.04.2016 05:00;0,462649;
Benzol;9;20.04.2016 05:00;0,312723;
Benzol;4;20.04.2016 05:00;0,297621;
Benzol;8;20.04.2016 05:00;0,278818;
Benzol;6;20.04.2016 05:00;0,248314;
Benzol;1;20.04.2016 05:00;0,237621;
Benzol;5;20.04.2016 05:00;0,11222;
Anilin;1;20.04.2016 05:00;0,703733;
Anilin;2;20.04.2016 05:00;0,548321;
Anilin;3;20.04.2016 05:00;0,467738;
Anilin;6;20.04.2016 05:00;0,455946;
Anilin;4;20.04.2016 05:00;0,392439;
Anilin;8;20.04.2016 05:00;0,20029;
Anilin;9;20.04.2016 05:00;0,175159;
Anilin;7;20.04.2016 05:00;0,122988;
Anilin;5;20.04.2016 05:00;0,0350324;
Natriumchlorid;8;20.04.2016 06:00;0,817308;
Natriumchlorid;3;20.04.2016 06:00;0,664697;
Natriumchlorid;4;20.04.2016 06:00;0,50734;
Natriumchlorid;6;20.04.2016 06:00;0,47564;
Natriumchlorid;2;20.04.2016 06:00;0,304837;
Natriumchlorid;7;20.04.2016 06:00;0,274627;
Natriumchlorid;5;20.04.2016 06:00;0,192424;
Natriumchlorid;1;20.04.2016 06:00;0,18635;
Natriumchlorid;9;20.04.2016 06:00;0,0716239;
Arsen;3;20.04.2016 06:00;1,15912;
Arsen;6;20.04.2016 06:00;0,727813;
Arsen;7;20.04.2016 06:00;0,695673;
Arsen;8;20.04.2016 06:00;0,448604;
Arsen;4;20.04.2016 06:00;0,285614;
Arsen;5;20.04.2016 06:00;0,224883;
Arsen;9;20.04.2016 06:00;0,187116;
Arsen;2;20.04.2016 06:00;0,111383;
Arsen;1;20.04.2016 06:00;0,024382;
Benzol;3;20.04.2016 06:00;1,16279;
Benzol;7;20.04.2016 06:00;1,03797;
Benzol;2;20.04.2016 06:00;1,00561;
Benzol;1;20.04.2016 06:00;0,632025;
Benzol;5;20.04.2016 06:00;0,468885;
Benzol;4;20.04.2016 06:00;0,468617;
Benzol;9;20.04.2016 06:00;0,419311;
Benzol;6;20.04.2016 06:00;0,297306;
Benzol;8;20.04.2016 06:00;0,187395;
Anilin;3;20.04.2016 06:00;0,965827;
Anilin;8;20.04.2016 06:00;0,837119;
Anilin;4;20.04.2016 06:00;0,580251;
Anilin;2;20.04.2016 06:00;0,386317;
Anilin;6;20.04.2016 06:00;0,377146;
Anilin;7;20.04.2016 06:00;0,174554;
Anilin;1;20.04.2016 06:00;0,139242;
Anilin;5;20.04.2016 06:00;0,119172;
Anilin;9;20.04.2016 06:00;0,0836897;
Natriumchlorid;7;20.04.2016 07:00;0,663986;
Natriumchlorid;6;20.04.2016 07:00;0,628737;
Natriumchlorid;4;20.04.2016 07:00;0,398302;
Natriumchlorid;9;20.04.2016 07:00;0,331646;
Natriumchlorid;2;20.04.2016 07:00;0,271771;
Natriumchlorid;8;20.04.2016 07:00;0,204328;
Natriumchlorid;3;20.04.2016 07:00;0,128124;
Natriumchlorid;5;20.04.2016 07:00;0,0232995;
Natriumchlorid;1;20.04.2016 07:00;0,0191706;
Arsen;7;20.04.2016 07:00;2,57191;
Arsen;6;20.04.2016 07:00;0,758033;
Arsen;8;20.04.2016 07:00;0,164002;
Arsen;1;20.04.2016 07:00;0,126312;
Arsen;3;20.04.2016 07:00;0,119331;
Arsen;5;20.04.2016 07:00;0,110932;
Arsen;4;20.04.2016 07:00;0,108045;
Arsen;2;20.04.2016 07:00;0,0943958;
Arsen;9;20.04.2016 07:00;0,0376529;
Benzol;7;20.04.2016 07:00;0,754229;
Benzol;1;20.04.2016 07:00;0,512554;
Benzol;8;20.04.2016 07:00;0,47465;
Benzol;9;20.04.2016 07:00;0,330451;
Benzol;2;20.04.2016 07:00;0,295183;
Benzol;6;20.04.2016 07:00;0,278597;
Benzol;4;20.04.2016 07:00;0,233552;
Benzol;3;20.04.2016 07:00;0,182689;
Benzol;5;20.04.2016 07:00;0,17012;
Anilin;3;20.04.2016 07:00;2,74204;
Anilin;7;20.04.2016 07:00;1,14948;
Anilin;5;20.04.2016 07:00;0,445106;
Anilin;1;20.04.2016 07:00;0,349816;
Anilin;6;20.04.2016 07:00;0,269436;
Anilin;2;20.04.2016 07:00;0,248913;
Anilin;4;20.04.2016 07:00;0,212571;
Anilin;9;20.04.2016 07:00;0,137083;
Anilin;8;20.04.2016 07:00;0,0711194;
Natriumchlorid;3;20.04.2016 08:00;1,51309;
Natriumchlorid;8;20.04.2016 08:00;1,08849;
Natriumchlorid;4;20.04.2016 08:00;0,456773;
Natriumchlorid;2;20.04.2016 08:00;0,337692;
Natriumchlorid;7;20.04.2016 08:00;0,250325;
Natriumchlorid;6;20.04.2016 08:00;0,181079;
Natriumchlorid;5;20.04.2016 08:00;0,170207;
Natriumchlorid;1;20.04.2016 08:00;0,105564;
Natriumchlorid;9;20.04.2016 08:00;0,0491089;
Arsen;3;20.04.2016 08:00;0,674326;
Arsen;6;20.04.2016 08:00;0,560313;
Arsen;8;20.04.2016 08:00;0,540455;
Arsen;4;20.04.2016 08:00;0,487777;
Arsen;1;20.04.2016 08:00;0,280345;
Arsen;9;20.04.2016 08:00;0,224256;
Arsen;7;20.04.2016 08:00;0,141153;
Arsen;5;20.04.2016 08:00;0,122665;
Arsen;2;20.04.2016 08:00;0,0884453;
Benzol;3;20.04.2016 08:00;2,18345;
Benzol;5;20.04.2016 08:00;0,788099;
Benzol;8;20.04.2016 08:00;0,57331;
Benzol;1;20.04.2016 08:00;0,488059;
Benzol;4;20.04.2016 08:00;0,451156;
Benzol;7;20.04.2016 08:00;0,338448;
Benzol;6;20.04.2016 08:00;0,104674;
Benzol;2;20.04.2016 08:00;0,0937086;
Benzol;9;20.04.2016 08:00;0,0391998;
Anilin;3;20.04.2016 08:00;2,08142;
Anilin;6;20.04.2016 08:00;0,49572;
Anilin;9;20.04.2016 08:00;0,426777;
Anilin;4;20.04.2016 08:00;0,231836;
Anilin;8;20.04.2016 08:00;0,113852;
Anilin;2;20.04.2016 08:00;0,102027;
Anilin;7;20.04.2016 08:00;0,0787033;
Anilin;5;20.04.2016 08:00;0,0283637;
Anilin;1;20.04.2016 08:00;0,00452321;
Natriumchlorid;3;20.04.2016 09:00;0,642467;
Natriumchlorid;4;20.04.2016 09:00;0,446494;
Natriumchlorid;6;20.04.2016 09:00;0,382851;
Natriumchlorid;2;20.04.2016 09:00;0,375699;
Natriumchlorid;7;20.04.2016 09:00;0,360497;
Natriumchlorid;8;20.04.2016 09:00;0,334113;
Natriumchlorid;9;20.04.2016 09:00;0,212669;
Natriumchlorid;5;20.04.2016 09:00;0,0258665;
Natriumchlorid;1;20.04.2016 09:00;0,0236043;
Arsen;3;20.04.2016 09:00;2,28276;
Arsen;8;20.04.2016 09:00;1,09699;
Arsen;6;20.04.2016 09:00;0,538487;
Arsen;5;20.04.2016 09:00;0,372078;
Arsen;7;20.04.2016 09:00;0,348795;
Arsen;9;20.04.2016 09:00;0,155817;
Arsen;2;20.04.2016 09:00;0,146367;
Arsen;1;20.04.2016 09:00;0,0337726;
Arsen;4;20.04.2016 09:00;0,00983301;
Benzol;3;20.04.2016 09:00;2,92999;
Benzol;6;20.04.2016 09:00;0,743777;
Benzol;7;20.04.2016 09:00;0,648291;
Benzol;9;20.04.2016 09:00;0,428179;
Benzol;8;20.04.2016 09:00;0,363179;
Benzol;2;20.04.2016 09:00;0,271956;
Benzol;1;20.04.2016 09:00;0,190672;
Benzol;4;20.04.2016 09:00;0,0623258;
Benzol;5;20.04.2016 09:00;0,0558014;
Anilin;3;20.04.2016 09:00;2,04729;
Anilin;6;20.04.2016 09:00;0,508037;
Anilin;8;20.04.2016 09:00;0,310505;
Anilin;5;20.04.2016 09:00;0,304429;
Anilin;2;20.04.2016 09:00;0,287143;
Anilin;9;20.04.2016 09:00;0,262066;
Anilin;4;20.04.2016 09:00;0,232451;
Anilin;7;20.04.2016 09:00;0,175271;
Anilin;1;20.04.2016 09:00;0,164526;
Natriumchlorid;3;20.04.2016 10:00;1,92839;
Natriumchlorid;9;20.04.2016 10:00;0,682381;
Natriumchlorid;1;20.04.2016 10:00;0,542179;
Natriumchlorid;2;20.04.2016 10:00;0,470747;
Natriumchlorid;5;20.04.2016 10:00;0,367068;
Natriumchlorid;8;20.04.2016 10:00;0,333958;
Natriumchlorid;6;20.04.2016 10:00;0,234765;
Natriumchlorid;4;20.04.2016 10:00;0,119032;
Natriumchlorid;7;20.04.2016 10:00;0,114787;
Arsen;3;20.04.2016 10:00;1,28215;
Arsen;2;20.04.2016 10:00;0,975504;
Arsen;6;20.04.2016 10:00;0,435132;
Arsen;8;20.04.2016 10:00;0,41878;
Arsen;1;20.04.2016 10:00;0,248174;
Arsen;9;20.04.2016 10:00;0,204812;
Arsen;5;20.04.2016 10:00;0,115841;
Arsen;7;20.04.2016 10:00;0,100028;
Arsen;4;20.04.2016 10:00;0,0177429;
Benzol;3;20.04.2016 10:00;1,02575;
Benzol;4;20.04.2016 10:00;0,595054;
Benzol;7;20.04.2016 10:00;0,40968;
Benzol;5;20.04.2016 10:00;0,271432;
Benzol;1;20.04.2016 10:00;0,210431;
Benzol;8;20.04.2016 10:00;0,181229;
Benzol;2;20.04.2016 10:00;0,156031;
Benzol;6;20.04.2016 10:00;0,152031;
Benzol;9;20.04.2016 10:00;0,0175057;
Anilin;8;20.04.2016 10:00;1,00534;
Anilin;4;20.04.2016 10:00;0,715839;
Anilin;2;20.04.2016 10:00;0,542413;
Anilin;3;20.04.2016 10:00;0,52321;
Anilin;6;20.04.2016 10:00;0,365598;
Anilin;7;20.04.2016 10:00;0,271537;
Anilin;9;20.04.2016 10:00;0,266811;
Anilin;1;20.04.2016 10:00;0,0454223;
Anilin;5;20.04.2016 10:00;0,0256553;
Natriumchlorid;7;20.04.2016 11:00;1,11204;
Natriumchlorid;2;20.04.2016 11:00;1,00056;
Natriumchlorid;4;20.04.2016 11:00;0,50536;
Natriumchlorid;6;20.04.2016 11:00;0,465463;
Natriumchlorid;8;20.04.2016 11:00;0,390039;
Natriumchlorid;9;20.04.2016 11:00;0,313765;
Natriumchlorid;3;20.04.2016 11:00;0,122384;
Natriumchlorid;1;20.04.2016 11:00;0,0249887;
Natriumchlorid;5;20.04.2016 11:00;0,00490841;
Arsen;3;20.04.2016 11:00;2,14417;
Arsen;8;20.04.2016 11:00;0,679196;
Arsen;4;20.04.2016 11:00;0,335971;
Arsen;7;20.04.2016 11:00;0,310399;
Arsen;9;20.04.2016 11:00;0,128453;
Arsen;6;20.04.2016 11:00;0,126217;
Arsen;1;20.04.2016 11:00;0,0718825;
Arsen;2;20.04.2016 11:00;0,0641277;
Arsen;5;20.04.2016 11:00;0,0197188;
Benzol;3;20.04.2016 11:00;3,25831;
Benzol;2;20.04.2016 11:00;0,746086;
Benzol;4;20.04.2016 11:00;0,452994;
Benzol;8;20.04.2016 11:00;0,409808;
Benzol;6;20.04.2016 11:00;0,354719;
Benzol;7;20.04.2016 11:00;0,262754;
Benzol;9;20.04.2016 11:00;0,190242;
Benzol;1;20.04.2016 11:00;0,165365;
Benzol;5;20.04.2016 11:00;0,122077;
Anilin;3;20.04.2016 11:00;3,12996;
Anilin;7;20.04.2016 11:00;2,75795;
Anilin;8;20.04.2016 11:00;0,348762;
Anilin;6;20.04.2016 11:00;0,313916;
Anilin;4;20.04.2016 11:00;0,292279;
Anilin;5;20.04.2016 11:00;0,234767;
Anilin;9;20.04.2016 11:00;0,167661;
Anilin;1;20.04.2016 11:00;0,158682;
Anilin;2;20.04.2016 11:00;0,00821576;
Natriumchlorid;3;20.04.2016 12:00;1,1978;
Natriumchlorid;2;20.04.2016 12:00;0,738796;
Natriumchlorid;7;20.04.2016 12:00;0,368605;
Natriumchlorid;5;20.04.2016 12:00;0,360583;
Natriumchlorid;6;20.04.2016 12:00;0,353384;
Natriumchlorid;4;20.04.2016 12:00;0,305042;
Natriumchlorid;9;20.04.2016 12:00;0,291351;
Natriumchlorid;1;20.04.2016 12:00;0,221453;
Natriumchlorid;8;20.04.2016 12:00;0,203085;
Arsen;8;20.04.2016 12:00;0,931383;
Arsen;7;20.04.2016 12:00;0,65598;
Arsen;1;20.04.2016 12:00;0,615443;
Arsen;9;20.04.2016 12:00;0,590868;
Arsen;5;20.04.2016 12:00;0,561601;
Arsen;3;20.04.2016 12:00;0,438688;
Arsen;6;20.04.2016 12:00;0,422423;
Arsen;2;20.04.2016 12:00;0,0984149;
Arsen;4;20.04.2016 12:00;0,0680857;
Benzol;3;20.04.2016 12:00;1,60977;
Benzol;6;20.04.2016 12:00;0,638856;
Benzol;7;20.04.2016 12:00;0,566272;
Benzol;8;20.04.2016 12:00;0,295758;
Benzol;2;20.04.2016 12:00;0,279357;
Benzol;4;20.04.2016 12:00;0,215541;
Benzol;1;20.04.2016 12:00;0,213175;
Benzol;9;20.04.2016 12:00;0,204185;
Benzol;5;20.04.2016 12:00;0,0442096;
Anilin;3;20.04.2016 12:00;1,57358;
Anilin;8;20.04.2016 12:00;0,745247;
Anilin;1;20.04.2016 12:00;0,482018;
Anilin;6;20.04.2016 12:00;0,465786;
Anilin;4;20.04.2016 12:00;0,391963;
Anilin;5;20.04.2016 12:00;0,302968;
Anilin;9;20.04.2016 12:00;0,280046;
Anilin;7;20.04.2016 12:00;0,248034;
Anilin;2;20.04.2016 12:00;0,134187;
Natriumchlorid;3;20.04.2016 13:00;1,93806;
Natriumchlorid;7;20.04.2016 13:00;0,935798;
Natriumchlorid;4;20.04.2016 13:00;0,46718;
Natriumchlorid;6;20.04.2016 13:00;0,436453;
Natriumchlorid;2;20.04.2016 13:00;0,397101;
Natriumchlorid;8;20.04.2016 13:00;0,198513;
Natriumchlorid;9;20.04.2016 13:00;0,128143;
Natriumchlorid;5;20.04.2016 13:00;0,115391;
Natriumchlorid;1;20.04.2016 13:00;0,103593;
Arsen;3;20.04.2016 13:00;0,930397;
Arsen;7;20.04.2016 13:00;0,581491;
Arsen;1;20.04.2016 13:00;0,453372;
Arsen;6;20.04.2016 13:00;0,299187;
Arsen;2;20.04.2016 13:00;0,268901;
Arsen;8;20.04.2016 13:00;0,258338;
Arsen;4;20.04.2016 13:00;0,163779;
Arsen;5;20.04.2016 13:00;0,0456654;
Arsen;9;20.04.2016 13:00;0,0163215;
Benzol;3;20.04.2016 13:00;1,40587;
Benzol;2;20.04.2016 13:00;0,817441;
Benzol;7;20.04.2016 13:00;0,741754;
Benzol;6;20.04.2016 13:00;0,45285;
Benzol;1;20.04.2016 13:00;0,418087;
Benzol;9;20.04.2016 13:00;0,267937;
Benzol;5;20.04.2016 13:00;0,2291;
Benzol;8;20.04.2016 13:00;0,184209;
Benzol;4;20.04.2016 13:00;0,151478;
Anilin;3;20.04.2016 13:00;1,27973;
Anilin;8;20.04.2016 13:00;0,65385;
Anilin;5;20.04.2016 13:00;0,316395;
Anilin;4;20.04.2016 13:00;0,295096;
Anilin;9;20.04.2016 13:00;0,260863;
Anilin;7;20.04.2016 13:00;0,185263;
Anilin;6;20.04.2016 13:00;0,162945;
Anilin;1;20.04.2016 13:00;0,100089;
Anilin;2;20.04.2016 13:00;0,0482743;
Natriumchlorid;9;20.04.2016 14:00;0,417893;
Natriumchlorid;3;20.04.2016 14:00;0,378476;
Natriumchlorid;8;20.04.2016 14:00;0,355278;
Natriumchlorid;1;20.04.2016 14:00;0,250687;
Natriumchlorid;6;20.04.2016 14:00;0,17708;
Natriumchlorid;4;20.04.2016 14:00;0,134909;
Natriumchlorid;5;20.04.2016 14:00;0,108271;
Natriumchlorid;7;20.04.2016 14:00;0,0190933;
Natriumchlorid;2;20.04.2016 14:00;0,0156148;
Arsen;3;20.04.2016 14:00;1,29061;
Arsen;6;20.04.2016 14:00;0,455023;
Arsen;2;20.04.2016 14:00;0,283262;
Arsen;7;20.04.2016 14:00;0,217834;
Arsen;4;20.04.2016 14:00;0,165625;
Arsen;1;20.04.2016 14:00;0,0868978;
Arsen;5;20.04.2016 14:00;0,082714;
Arsen;8;20.04.2016 14:00;0,0541944;
Arsen;9;20.04.2016 14:00;0,0486201;
Benzol;7;20.04.2016 14:00;1,19369;
Benzol;3;20.04.2016 14:00;0,854749;
Benzol;2;20.04.2016 14:00;0,659777;
Benzol;1;20.04.2016 14:00;0,542179;
Benzol;6;20.04.2016 14:00;0,43079;
Benzol;4;20.04.2016 14:00;0,252267;
Benzol;8;20.04.2016 14:00;0,111872;
Benzol;9;20.04.2016 14:00;0,0815633;
Benzol;5;20.04.2016 14:00;0,0607668;
Anilin;7;20.04.2016 14:00;2,65415;
Anilin;4;20.04.2016 14:00;0,693062;
Anilin;9;20.04.2016 14:00;0,579718;
Anilin;3;20.04.2016 14:00;0,412568;
Anilin;1;20.04.2016 14:00;0,382958;
Anilin;8;20.04.2016 14:00;0,322203;
Anilin;6;20.04.2016 14:00;0,261862;
Anilin;5;20.04.2016 14:00;0,129834;
Anilin;2;20.04.2016 14:00;0,0852794;
Natriumchlorid;2;20.04.2016 15:00;0,557625;
Natriumchlorid;4;20.04.2016 15:00;0,465709;
Natriumchlorid;3;20.04.2016 15:00;0,233184;
Natriumchlorid;9;20.04.2016 15:00;0,204681;
Natriumchlorid;7;20.04.2016 15:00;0,200276;
Natriumchlorid;1;20.04.2016 15:00;0,124118;
Natriumchlorid;5;20.04.2016 15:00;0,0822434;
Natriumchlorid;8;20.04.2016 15:00;0,022396;
Natriumchlorid;6;20.04.2016 15:00;0,0186713;
Arsen;8;20.04.2016 15:00;1,1276;
Arsen;3;20.04.2016 15:00;0,811589;
Arsen;7;20.04.2016 15:00;0,551532;
Arsen;9;20.04.2016 15:00;0,46759;
Arsen;6;20.04.2016 15:00;0,335166;
Arsen;5;20.04.2016 15:00;0,29358;
Arsen;4;20.04.2016 15:00;0,221195;
Arsen;1;20.04.2016 15:00;0,132387;
Arsen;2;20.04.2016 15:00;0,128399;
Benzol;3;20.04.2016 15:00;1,09891;
Benzol;2;20.04.2016 15:00;0,558508;
Benzol;7;20.04.2016 15:00;0,354797;
Benzol;8;20.04.2016 15:00;0,338259;
Benzol;6;20.04.2016 15:00;0,318144;
Benzol;4;20.04.2016 15:00;0,2206;
Benzol;1;20.04.2016 15:00;0,168064;
Benzol;9;20.04.2016 15:00;0,101681;
Benzol;5;20.04.2016 15:00;0,0753319;
Anilin;2;20.04.2016 15:00;0,947703;
Anilin;6;20.04.2016 15:00;0,488254;
Anilin;4;20.04.2016 15:00;0,487113;
Anilin;9;20.04.2016 15:00;0,414518;
Anilin;5;20.04.2016 15:00;0,376226;
Anilin;1;20.04.2016 15:00;0,212408;
Anilin;3;20.04.2016 15:00;0,209931;
Anilin;8;20.04.2016 15:00;0,165711;
Anilin;7;20.04.2016 15:00;0,117121;
Natriumchlorid;3;20.04.2016 16:00;1,94009;
Natriumchlorid;7;20.04.2016 16:00;0,765527;
Natriumchlorid;1;20.04.2016 16:00;0,419256;
Natriumchlorid;6;20.04.2016 16:00;0,392723;
Natriumchlorid;9;20.04.2016 16:00;0,254753;
Natriumchlorid;8;20.04.2016 16:00;0,238381;
Natriumchlorid;5;20.04.2016 16:00;0,147349;
Natriumchlorid;2;20.04.2016 16:00;0,1189;
Natriumchlorid;4;20.04.2016 16:00;0,113857;
Arsen;7;20.04.2016 16:00;1,66392;
Arsen;2;20.04.2016 16:00;0,808434;
Arsen;3;20.04.2016 16:00;0,781403;
Arsen;8;20.04.2016 16:00;0,739071;
Arsen;5;20.04.2016 16:00;0,675947;
Arsen;6;20.04.2016 16:00;0,458799;
Arsen;4;20.04.2016 16:00;0,350935;
Arsen;9;20.04.2016 16:00;0,332102;
Arsen;1;20.04.2016 16:00;0,0896213;
Benzol;3;20.04.2016 16:00;1,45708;
Benzol;2;20.04.2016 16:00;0,937253;
Benzol;8;20.04.2016 16:00;0,719194;
Benzol;4;20.04.2016 16:00;0,516926;
Benzol;7;20.04.2016 16:00;0,368272;
Benzol;9;20.04.2016 16:00;0,320333;
Benzol;5;20.04.2016 16:00;0,145595;
Benzol;6;20.04.2016 16:00;0,0677689;
Benzol;1;20.04.2016 16:00;0,00471361;
Anilin;7;20.04.2016 16:00;0,580622;
Anilin;2;20.04.2016 16:00;0,352211;
Anilin;5;20.04.2016 16:00;0,262163;
Anilin;3;20.04.2016 16:00;0,261373;
Anilin;8;20.04.2016 16:00;0,193774;
Anilin;6;20.04.2016 16:00;0,17999;
Anilin;9;20.04.2016 16:00;0,0430187;
Anilin;1;20.04.2016 16:00;0,0404558;
Anilin;4;20.04.2016 16:00;0,0253162;
Natriumchlorid;3;20.04.2016 17:00;0,908683;
Natriumchlorid;6;20.04.2016 17:00;0,478193;
Natriumchlorid;7;20.04.2016 17:00;0,308263;
Natriumchlorid;2;20.04.2016 17:00;0,197368;
Natriumchlorid;5;20.04.2016 17:00;0,133629;
Natriumchlorid;9;20.04.2016 17:00;0,0581542;
Natriumchlorid;4;20.04.2016 17:00;0,0148043;
Natriumchlorid;1;20.04.2016 17:00;0,0131897;
Natriumchlorid;8;20.04.2016 17:00;0,00687001;
Arsen;3;20.04.2016 17:00;2,41152;
Arsen;2;20.04.2016 17:00;1,01465;
Arsen;5;20.04.2016 17:00;0,634558;
Arsen;7;20.04.2016 17:00;0,538168;
Arsen;9;20.04.2016 17:00;0,527989;
Arsen;6;20.04.2016 17:00;0,381207;
Arsen;4;20.04.2016 17:00;0,336189;
Arsen;8;20.04.2016 17:00;0,285497;
Arsen;1;20.04.2016 17:00;0,0854969;
Benzol;3;20.04.2016 17:00;0,946468;
Benzol;2;20.04.2016 17:00;0,712809;
Benzol;8;20.04.2016 17:00;0,649463;
Benzol;4;20.04.2016 17:00;0,458778;
Benzol;7;20.04.2016 17:00;0,364813;
Benzol;5;20.04.2016 17:00;0,358479;
Benzol;1;20.04.2016 17:00;0,358359;
Benzol;6;20.04.2016 17:00;0,332306;
Benzol;9;20.04.2016 17:00;0,0706071;
Anilin;3;20.04.2016 17:00;1,54793;
Anilin;7;20.04.2016 17:00;1,46623;
Anilin;2;20.04.2016 17:00;0,808045;
Anilin;8;20.04.2016 17:00;0,801955;
Anilin;6;20.04.2016 17:00;0,652996;
Anilin;4;20.04.2016 17:00;0,136523;
Anilin;5;20.04.2016 17:00;0,123157;
Anilin;1;20.04.2016 17:00;0,0364378;
Anilin;9;20.04.2016 17:00;0,0153617;
Natriumchlorid;8;20.04.2016 18:00;1,07087;
Natriumchlorid;3;20.04.2016 18:00;0,509273;
Natriumchlorid;4;20.04.2016 18:00;0,446374;
Natriumchlorid;7;20.04.2016 18:00;0,338311;
Natriumchlorid;6;20.04.2016 18:00;0,303679;
Natriumchlorid;1;20.04.2016 18:00;0,235318;
Natriumchlorid;2;20.04.2016 18:00;0,232368;
Natriumchlorid;5;20.04.2016 18:00;0,140788;
Natriumchlorid;9;20.04.2016 18:00;0,0897086;
Arsen;3;20.04.2016 18:00;0,990118;
Arsen;2;20.04.2016 18:00;0,979681;
Arsen;7;20.04.2016 18:00;0,778238;
Arsen;5;20.04.2016 18:00;0,462372;
Arsen;1;20.04.2016 18:00;0,427447;
Arsen;6;20.04.2016 18:00;0,307544;
Arsen;9;20.04.2016 18:00;0,118808;
Arsen;8;20.04.2016 18:00;0,0139013;
Arsen;4;20.04.2016 18:00;0,00755653;
Benzol;3;20.04.2016 18:00;1,86975;
Benzol;7;20.04.2016 18:00;0,774993;
Benzol;8;20.04.2016 18:00;0,751416;
Benzol;5;20.04.2016 18:00;0,333132;
Benzol;4;20.04.2016 18:00;0,214872;
Benzol;6;20.04.2016 18:00;0,213904;
Benzol;2;20.04.2016 18:00;0,189182;
Benzol;1;20.04.2016 18:00;0,187929;
Benzol;9;20.04.2016 18:00;0,160633;
Anilin;3;20.04.2016 18:00;4,07602;
Anilin;8;20.04.2016 18:00;0,678065;
Anilin;5;20.04.2016 18:00;0,412423;
Anilin;6;20.04.2016 18:00;0,408088;
Anilin;9;20.04.2016 18:00;0,345475;
Anilin;1;20.04.2016 18:00;0,236889;
Anilin;4;20.04.2016 18:00;0,055395;
Anilin;7;20.04.2016 18:00;0,0510243;
Anilin;2;20.04.2016 18:00;0,00512075;
Natriumchlorid;3;20.04.2016 19:00;2,22913;
Natriumchlorid;2;20.04.2016 19:00;0,931477;
Natriumchlorid;6;20.04.2016 19:00;0,509652;
Natriumchlorid;8;20.04.2016 19:00;0,503388;
Natriumchlorid;7;20.04.2016 19:00;0,482747;
Natriumchlorid;9;20.04.2016 19:00;0,343806;
Natriumchlorid;1;20.04.2016 19:00;0,328714;
Natriumchlorid;4;20.04.2016 19:00;0,202991;
Natriumchlorid;5;20.04.2016 19:00;0,0731839;
Arsen;3;20.04.2016 19:00;1,16848;
Arsen;4;20.04.2016 19:00;0,606722;
Arsen;8;20.04.2016 19:00;0,482761;
Arsen;9;20.04.2016 19:00;0,395946;
Arsen;1;20.04.2016 19:00;0,378767;
Arsen;5;20.04.2016 19:00;0,304917;
Arsen;6;20.04.2016 19:00;0,256669;
Arsen;2;20.04.2016 19:00;0,142258;
Arsen;7;20.04.2016 19:00;0,115197;
Benzol;3;20.04.2016 19:00;1,45016;
Benzol;8;20.04.2016 19:00;0,877026;
Benzol;2;20.04.2016 19:00;0,502882;
Benzol;6;20.04.2016 19:00;0,456471;
Benzol;4;20.04.2016 19:00;0,25036;
Benzol;1;20.04.2016 19:00;0,207368;
Benzol;9;20.04.2016 19:00;0,175667;
Benzol;7;20.04.2016 19:00;0,0582987;
Benzol;5;20.04.2016 19:00;0,0545017;
Anilin;3;20.04.2016 19:00;1,0315;
Anilin;7;20.04.2016 19:00;0,897209;
Anilin;2;20.04.2016 19:00;0,510808;
Anilin;6;20.04.2016 19:00;0,285389;
Anilin;8;20.04.2016 19:00;0,280835;
Anilin;4;20.04.2016 19:00;0,248417;
Anilin;9;20.04.2016 19:00;0,213896;
Anilin;5;20.04.2016 19:00;0,09967;
Anilin;1;20.04.2016 19:00;0,0319286;
Natriumchlorid;7;20.04.2016 20:00;1,01398;
Natriumchlorid;8;20.04.2016 20:00;0,719236;
Natriumchlorid;5;20.04.2016 20:00;0,590946;
Natriumchlorid;9;20.04.2016 20:00;0,351686;
Natriumchlorid;4;20.04.2016 20:00;0,325983;
Natriumchlorid;6;20.04.2016 20:00;0,325903;
Natriumchlorid;3;20.04.2016 20:00;0,275877;
Natriumchlorid;1;20.04.2016 20:00;0,258129;
Natriumchlorid;2;20.04.2016 20:00;0,0757712;
Arsen;7;20.04.2016 20:00;1,05051;
Arsen;6;20.04.2016 20:00;0,729942;
Arsen;1;20.04.2016 20:00;0,562134;
Arsen;8;20.04.2016 20:00;0,418582;
Arsen;3;20.04.2016 20:00;0,216158;
Arsen;4;20.04.2016 20:00;0,151357;
Arsen;9;20.04.2016 20:00;0,137131;
Arsen;2;20.04.2016 20:00;0,0563517;
Arsen;5;20.04.2016 20:00;0,0475099;
Benzol;6;20.04.2016 20:00;0,970566;
Benzol;7;20.04.2016 20:00;0,966148;
Benzol;3;20.04.2016 20:00;0,505264;
Benzol;8;20.04.2016 20:00;0,477801;
Benzol;2;20.04.2016 20:00;0,477014;
Benzol;4;20.04.2016 20:00;0,347513;
Benzol;9;20.04.2016 20:00;0,312867;
Benzol;1;20.04.2016 20:00;0,260895;
Benzol;5;20.04.2016 20:00;0,0725281;
Anilin;7;20.04.2016 20:00;1,95318;
Anilin;3;20.04.2016 20:00;0,525533;
Anilin;2;20.04.2016 20:00;0,36795;
Anilin;8;20.04.2016 20:00;0,25498;
Anilin;5;20.04.2016 20:00;0,253428;
Anilin;1;20.04.2016 20:00;0,242695;
Anilin;4;20.04.2016 20:00;0,241728;
Anilin;6;20.04.2016 20:00;0,0853012;
Anilin;9;20.04.2016 20:00;0,0703429;
Natriumchlorid;3;20.04.2016 21:00;1,60607;
Natriumchlorid;8;20.04.2016 21:00;0,546622;
Natriumchlorid;6;20.04.2016 21:00;0,491198;
Natriumchlorid;7;20.04.2016 21:00;0,399781;
Natriumchlorid;4;20.04.2016 21:00;0,362435;
Natriumchlorid;9;20.04.2016 21:00;0,217134;
Natriumchlorid;2;20.04.2016 21:00;0,183334;
Natriumchlorid;5;20.04.2016 21:00;0,108861;
Natriumchlorid;1;20.04.2016 21:00;0,0697949;
Arsen;7;20.04.2016 21:00;0,967614;
Arsen;3;20.04.2016 21:00;0,934988;
Arsen;2;20.04.2016 21:00;0,839848;
Arsen;1;20.04.2016 21:00;0,577786;
Arsen;6;20.04.2016 21:00;0,514449;
Arsen;5;20.04.2016 21:00;0,475909;
Arsen;4;20.04.2016 21:00;0,439422;
Arsen;8;20.04.2016 21:00;0,35306;
Arsen;9;20.04.2016 21:00;0,331646;
Benzol;3;20.04.2016 21:00;1,52897;
Benzol;8;20.04.2016 21:00;0,587812;
Benzol;7;20.04.2016 21:00;0,493413;
Benzol;6;20.04.2016 21:00;0,422638;
Benzol;1;20.04.2016 21:00;0,391132;
Benzol;2;20.04.2016 21:00;0,344759;
Benzol;5;20.04.2016 21:00;0,291005;
Benzol;4;20.04.2016 21:00;0,178505;
Benzol;9;20.04.2016 21:00;0,0302455;
Anilin;7;20.04.2016 21:00;1,06328;
Anilin;3;20.04.2016 21:00;0,717275;
Anilin;6;20.04.2016 21:00;0,571847;
Anilin;8;20.04.2016 21:00;0,474992;
Anilin;9;20.04.2016 21:00;0,193213;
Anilin;2;20.04.2016 21:00;0,158387;
Anilin;5;20.04.2016 21:00;0,154406;
Anilin;4;20.04.2016 21:00;0,0471737;
Anilin;1;20.04.2016 21:00;0,00896428;
Natriumchlorid;7;20.04.2016 22:00;0,737577;
Natriumchlorid;8;20.04.2016 22:00;0,468524;
Natriumchlorid;6;20.04.2016 22:00;0,398233;
Natriumchlorid;4;20.04.2016 22:00;0,346569;
Natriumchlorid;3;20.04.2016 22:00;0,300349;
Natriumchlorid;9;20.04.2016 22:00;0,182651;
Natriumchlorid;2;20.04.2016 22:00;0,0347557;
Natriumchlorid;5;20.04.2016 22:00;0,0160806;
Natriumchlorid;1;20.04.2016 22:00;0,00868038;
Arsen;3;20.04.2016 22:00;4,55871;
Arsen;2;20.04.2016 22:00;0,474012;
Arsen;6;20.04.2016 22:00;0,340514;
Arsen;7;20.04.2016 22:00;0,262724;
Arsen;4;20.04.2016 22:00;0,222846;
Arsen;1;20.04.2016 22:00;0,180792;
Arsen;8;20.04.2016 22:00;0,167416;
Arsen;5;20.04.2016 22:00;0,150379;
Arsen;9;20.04.2016 22:00;0,0254142;
Benzol;3;20.04.2016 22:00;1,62806;
Benzol;8;20.04.2016 22:00;0,260911;
Benzol;6;20.04.2016 22:00;0,24256;
Benzol;4;20.04.2016 22:00;0,240226;
Benzol;7;20.04.2016 22:00;0,231955;
Benzol;1;20.04.2016 22:00;0,227465;
Benzol;5;20.04.2016 22:00;0,199428;
Benzol;9;20.04.2016 22:00;0,164604;
Benzol;2;20.04.2016 22:00;0,0246712;
Anilin;4;20.04.2016 22:00;0,589709;
Anilin;3;20.04.2016 22:00;0,515864;
Anilin;6;20.04.2016 22:00;0,456709;
Anilin;9;20.04.2016 22:00;0,415199;
Anilin;7;20.04.2016 22:00;0,31285;
Anilin;8;20.04.2016 22:00;0,269499;
Anilin;5;20.04.2016 22:00;0,155894;
Anilin;1;20.04.2016 22:00;0,114738;
Anilin;2;20.04.2016 22:00;0,108025;
Natriumchlorid;8;20.04.2016 23:00;1,18676;
Natriumchlorid;7;20.04.2016 23:00;1,09015;
Natriumchlorid;3;20.04.2016 23:00;0,714763;
Natriumchlorid;5;20.04.2016 23:00;0,408139;
Natriumchlorid;1;20.04.2016 23:00;0,4023;
Natriumchlorid;9;20.04.2016 23:00;0,179347;
Natriumchlorid;6;20.04.2016 23:00;0,175651;
Natriumchlorid;2;20.04.2016 23:00;0,150348;
Natriumchlorid;4;20.04.2016 23:00;0,124134;
Arsen;3;20.04.2016 23:00;6,92741;
Arsen;6;20.04.2016 23:00;0,558485;
Arsen;2;20.04.2016 23:00;0,500563;
Arsen;4;20.04.2016 23:00;0,439033;
Arsen;9;20.04.2016 23:00;0,428062;
Arsen;8;20.04.2016 23:00;0,320706;
Arsen;5;20.04.2016 23:00;0,214393;
Arsen;7;20.04.2016 23:00;0,151225;
Arsen;1;20.04.2016 23:00;0,021142;
Benzol;3;20.04.2016 23:00;2,27771;
Benzol;7;20.04.2016 23:00;0,491629;
Benzol;6;20.04.2016 23:00;0,49108;
Benzol;9;20.04.2016 23:00;0,416761;
Benzol;1;20.04.2016 23:00;0,365364;
Benzol;8;20.04.2016 23:00;0,298478;
Benzol;2;20.04.2016 23:00;0,261142;
Benzol;4;20.04.2016 23:00;0,230066;
Benzol;5;20.04.2016 23:00;0,152161;
Anilin;8;20.04.2016 23:00;1,29341;
Anilin;3;20.04.2016 23:00;0,952779;
Anilin;5;20.04.2016 23:00;0,789497;
Anilin;4;20.04.2016 23:00;0,735399;
Anilin;1;20.04.2016 23:00;0,395501;
Anilin;6;20.04.2016 23:00;0,38113;
Anilin;2;20.04.2016 23:00;0,323105;
Anilin;7;20.04.2016 23:00;0,311774;
Anilin;9;20.04.2016 23:00;0,0617144;
Natriumchlorid;7;21.04.2016 00:00;1,81392;
Natriumchlorid;3;21.04.2016 00:00;1,42869;
Natriumchlorid;8;21.04.2016 00:00;0,658408;
Natriumchlorid;9;21.04.2016 00:00;0,267711;
Natriumchlorid;6;21.04.2016 00:00;0,21501;
Natriumchlorid;5;21.04.2016 00:00;0,185907;
Natriumchlorid;2;21.04.2016 00:00;0,158356;
Natriumchlorid;4;21.04.2016 00:00;0,130465;
Natriumchlorid;1;21.04.2016 00:00;0,0828735;
Arsen;3;21.04.2016 00:00;1,30428;
Arsen;6;21.04.2016 00:00;0,798481;
Arsen;5;21.04.2016 00:00;0,610607;
Arsen;4;21.04.2016 00:00;0,35323;
Arsen;2;21.04.2016 00:00;0,249005;
Arsen;9;21.04.2016 00:00;0,0904727;
Arsen;1;21.04.2016 00:00;0,0547237;
Arsen;8;21.04.2016 00:00;0,0367724;
Arsen;7;21.04.2016 00:00;0,0239595;
Benzol;3;21.04.2016 00:00;1,61381;
Benzol;7;21.04.2016 00:00;1,32761;
Benzol;4;21.04.2016 00:00;0,55571;
Benzol;5;21.04.2016 00:00;0,547188;
Benzol;6;21.04.2016 00:00;0,523081;
Benzol;8;21.04.2016 00:00;0,404299;
Benzol;9;21.04.2016 00:00;0,211299;
Benzol;2;21.04.2016 00:00;0,11176;
Benzol;1;21.04.2016 00:00;0,0635625;
Anilin;3;21.04.2016 00:00;2,16698;
Anilin;8;21.04.2016 00:00;0,808086;
Anilin;7;21.04.2016 00:00;0,558594;
Anilin;6;21.04.2016 00:00;0,427897;
Anilin;2;21.04.2016 00:00;0,34623;
Anilin;9;21.04.2016 00:00;0,282639;
Anilin;5;21.04.2016 00:00;0,230644;
Anilin;4;21.04.2016 00:00;0,122868;
Anilin;1;21.04.2016 00:00;0,0470802;
Natriumchlorid;3;21.04.2016 01:00;1,92681;
Natriumchlorid;2;21.04.2016 01:00;0,562304;
Natriumchlorid;8;21.04.2016 01:00;0,561453;
Natriumchlorid;9;21.04.2016 01:00;0,507968;
Natriumchlorid;6;21.04.2016 01:00;0,501526;
Natriumchlorid;7;21.04.2016 01:00;0,421559;
Natriumchlorid;4;21.04.2016 01:00;0,313205;
Natriumchlorid;1;21.04.2016 01:00;0,189967;
Natriumchlorid;5;21.04.2016 01:00;0,0984624;
Arsen;3;21.04.2016 01:00;2,491;
Arsen;8;21.04.2016 01:00;0,980731;
Arsen;9;21.04.2016 01:00;0,69315;
Arsen;5;21.04.2016 01:00;0,366976;
Arsen;7;21.04.2016 01:00;0,344348;
Arsen;6;21.04.2016 01:00;0,308037;
Arsen;4;21.04.2016 01:00;0,201853;
Arsen;1;21.04.2016 01:00;0,199486;
Arsen;2;21.04.2016 01:00;0,124098;
Benzol;2;21.04.2016 01:00;1,32428;
Benzol;3;21.04.2016 01:00;0,954126;
Benzol;8;21.04.2016 01:00;0,870669;
Benzol;7;21.04.2016 01:00;0,53202;
Benzol;4;21.04.2016 01:00;0,481175;
Benzol;5;21.04.2016 01:00;0,438833;
Benzol;6;21.04.2016 01:00;0,197445;
Benzol;1;21.04.2016 01:00;0,0381418;
Benzol;9;21.04.2016 01:00;0,0348076;
Anilin;8;21.04.2016 01:00;0,525449;
Anilin;4;21.04.2016 01:00;0,477879;
Anilin;5;21.04.2016 01:00;0,426506;
Anilin;9;21.04.2016 01:00;0,378927;
Anilin;6;21.04.2016 01:00;0,37065;
Anilin;3;21.04.2016 01:00;0,369492;
Anilin;2;21.04.2016 01:00;0,287534;
Anilin;7;21.04.2016 01:00;0,132662;
Anilin;1;21.04.2016 01:00;0,117244;
Natriumchlorid;7;21.04.2016 02:00;1,00185;
Natriumchlorid;6;21.04.2016 02:00;0,665322;
Natriumchlorid;1;21.04.2016 02:00;0,603037;
Natriumchlorid;2;21.04.2016 02:00;0,438224;
Natriumchlorid;3;21.04.2016 02:00;0,321232;
Natriumchlorid;8;21.04.2016 02:00;0,300594;
Natriumchlorid;4;21.04.2016 02:00;0,295509;
Natriumchlorid;9;21.04.2016 02:00;0,269024;
Natriumchlorid;5;21.04.2016 02:00;0,075404;
Arsen;3;21.04.2016 02:00;1,65934;
Arsen;7;21.04.2016 02:00;0,993055;
Arsen;9;21.04.2016 02:00;0,237543;
Arsen;4;21.04.2016 02:00;0,225624;
Arsen;8;21.04.2016 02:00;0,134805;
Arsen;6;21.04.2016 02:00;0,109797;
Arsen;2;21.04.2016 02:00;0,0347557;
Arsen;1;21.04.2016 02:00;0,0187786;
Arsen;5;21.04.2016 02:00;0,00906873;
Benzol;6;21.04.2016 02:00;7,16647;
Benzol;7;21.04.2016 02:00;1,33258;
Benzol;9;21.04.2016 02:00;0,703733;
Benzol;4;21.04.2016 02:00;0,548995;
Benzol;5;21.04.2016 02:00;0,535339;
Benzol;3;21.04.2016 02:00;0,504799;
Benzol;2;21.04.2016 02:00;0,38481;
Benzol;8;21.04.2016 02:00;0,201598;
Benzol;1;21.04.2016 02:00;0,075907;
Anilin;2;21.04.2016 02:00;0,952141;
Anilin;7;21.04.2016 02:00;0,727037;
Anilin;4;21.04.2016 02:00;0,575907;
Anilin;6;21.04.2016 02:00;0,545675;
Anilin;1;21.04.2016 02:00;0,312007;
Anilin;3;21.04.2016 02:00;0,28149;
Anilin;5;21.04.2016 02:00;0,156664;
Anilin;8;21.04.2016 02:00;0,0811002;
Anilin;9;21.04.2016 02:00;0,0305525;
Natriumchlorid;6;21.04.2016 03:00;2,26736;
Natriumchlorid;7;21.04.2016 03:00;1,11174;
Natriumchlorid;3;21.04.2016 03:00;0,459718;
Natriumchlorid;2;21.04.2016 03:00;0,332273;
Natriumchlorid;1;21.04.2016 03:00;0,304689;
Natriumchlorid;4;21.04.2016 03:00;0,221724;
Natriumchlorid;5;21.04.2016 03:00;0,21293;
Natriumchlorid;8;21.04.2016 03:00;0,190016;
Natriumchlorid;9;21.04.2016 03:00;0,00415305;
Arsen;3;21.04.2016 03:00;1,49294;
Arsen;6;21.04.2016 03:00;0,731383;
Arsen;4;21.04.2016 03:00;0,477788;
Arsen;8;21.04.2016 03:00;0,458824;
Arsen;7;21.04.2016 03:00;0,340769;
Arsen;1;21.04.2016 03:00;0,283225;
Arsen;5;21.04.2016 03:00;0,241206;
Arsen;2;21.04.2016 03:00;0,181006;
Arsen;9;21.04.2016 03:00;0,0270385;
Benzol;7;21.04.2016 03:00;0,854286;
Benzol;4;21.04.2016 03:00;0,515199;
Benzol;6;21.04.2016 03:00;0,411504;
Benzol;3;21.04.2016 03:00;0,27321;
Benzol;5;21.04.2016 03:00;0,241993;
Benzol;9;21.04.2016 03:00;0,132678;
Benzol;1;21.04.2016 03:00;0,0481011;
Benzol;8;21.04.2016 03:00;0,0333569;
Benzol;2;21.04.2016 03:00;0,00214748;
Anilin;6;21.04.2016 03:00;21,76491;
Anilin;3;21.04.2016 03:00;1,70852;
Anilin;4;21.04.2016 03:00;0,422085;
Anilin;1;21.04.2016 03:00;0,322638;
Anilin;2;21.04.2016 03:00;0,277173;
Anilin;9;21.04.2016 03:00;0,253309;
Anilin;8;21.04.2016 03:00;0,175857;
Anilin;7;21.04.2016 03:00;0,138436;
Anilin;5;21.04.2016 03:00;0,0657732;
Natriumchlorid;3;21.04.2016 04:00;2,10019;
Natriumchlorid;6;21.04.2016 04:00;1,72304;
Natriumchlorid;2;21.04.2016 04:00;0,603123;
Natriumchlorid;4;21.04.2016 04:00;0,347198;
Natriumchlorid;7;21.04.2016 04:00;0,326875;
Natriumchlorid;1;21.04.2016 04:00;0,259551;
Natriumchlorid;9;21.04.2016 04:00;0,176114;
Natriumchlorid;8;21.04.2016 04:00;0,173189;
Natriumchlorid;5;21.04.2016 04:00;0,0860186;
Arsen;3;21.04.2016 04:00;3,42026;
Arsen;8;21.04.2016 04:00;1,04062;
Arsen;6;21.04.2016 04:00;0,519935;
Arsen;4;21.04.2016 04:00;0,339616;
Arsen;7;21.04.2016 04:00;0,275953;
Arsen;1;21.04.2016 04:00;0,26844;
Arsen;9;21.04.2016 04:00;0,174202;
Arsen;2;21.04.2016 04:00;0,0636063;
Arsen;5;21.04.2016 04:00;0,0124192;
Benzol;3;21.04.2016 04:00;0,90656;
Benzol;8;21.04.2016 04:00;0,462849;
Benzol;7;21.04.2016 04:00;0,441166;
Benzol;2;21.04.2016 04:00;0,375026;
Benzol;6;21.04.2016 04:00;0,367568;
Benzol;5;21.04.2016 04:00;0,330065;
Benzol;9;21.04.2016 04:00;0,309385;
Benzol;4;21.04.2016 04:00;0,242143;
Benzol;1;21.04.2016 04:00;0,0467597;
Anilin;6;21.04.2016 04:00;10,79588;
Anilin;3;21.04.2016 04:00;0,612209;
Anilin;8;21.04.2016 04:00;0,539792;
Anilin;7;21.04.2016 04:00;0,502822;
Anilin;4;21.04.2016 04:00;0,39713;
Anilin;2;21.04.2016 04:00;0,282618;
Anilin;1;21.04.2016 04:00;0,180649;
Anilin;5;21.04.2016 04:00;0,142024;
Anilin;9;21.04.2016 04:00;0,0575571;
Natriumchlorid;3;21.04.2016 05:00;1,13241;
Natriumchlorid;8;21.04.2016 05:00;0,610412;
Natriumchlorid;1;21.04.2016 05:00;0,510342;
Natriumchlorid;5;21.04.2016 05:00;0,406054;
Natriumchlorid;6;21.04.2016 05:00;0,381346;
Natriumchlorid;7;21.04.2016 05:00;0,0921429;
Natriumchlorid;9;21.04.2016 05:00;0,0209137;
Natriumchlorid;4;21.04.2016 05:00;0,0142959;
Natriumchlorid;2;21.04.2016 05:00;0,00377561;
Arsen;3;21.04.2016 05:00;2,82758;
Arsen;7;21.04.2016 05:00;1,766;
Arsen;8;21.04.2016 05:00;0,749574;
Arsen;2;21.04.2016 05:00;0,620326;
Arsen;6;21.04.2016 05:00;0,360025;
Arsen;1;21.04.2016 05:00;0,242945;
Arsen;5;21.04.2016 05:00;0,124755;
Arsen;9;21.04.2016 05:00;0,123686;
Arsen;4;21.04.2016 05:00;0,0944842;
Benzol;3;21.04.2016 05:00;1,75799;
Benzol;7;21.04.2016 05:00;0,589645;
Benzol;1;21.04.2016 05:00;0,450966;
Benzol;6;21.04.2016 05:00;0,431982;
Benzol;2;21.04.2016 05:00;0,25771;
Benzol;4;21.04.2016 05:00;0,212689;
Benzol;9;21.04.2016 05:00;0,181745;
Benzol;8;21.04.2016 05:00;0,0904405;
Benzol;5;21.04.2016 05:00;0,0479816;
Anilin;3;21.04.2016 05:00;0,706866;
Anilin;7;21.04.2016 05:00;0,428348;
Anilin;4;21.04.2016 05:00;0,374294;
Anilin;6;21.04.2016 05:00;0,333811;
Anilin;1;21.04.2016 05:00;0,239616;
Anilin;8;21.04.2016 05:00;0,2045;
Anilin;5;21.04.2016 05:00;0,198584;
Anilin;2;21.04.2016 05:00;0,132196;
Anilin;9;21.04.2016 05:00;0,0192273;
Natriumchlorid;3;21.04.2016 06:00;0,857414;
Natriumchlorid;5;21.04.2016 06:00;0,742916;
Natriumchlorid;6;21.04.2016 06:00;0,646164;
Natriumchlorid;2;21.04.2016 06:00;0,595852;
Natriumchlorid;4;21.04.2016 06:00;0,2734;
Natriumchlorid;7;21.04.2016 06:00;0,271346;
Natriumchlorid;9;21.04.2016 06:00;0,102621;
Natriumchlorid;1;21.04.2016 06:00;0,0272427;
Natriumchlorid;8;21.04.2016 06:00;0,0243978;
Arsen;7;21.04.2016 06:00;1,12135;
Arsen;3;21.04.2016 06:00;0,67118;
Arsen;1;21.04.2016 06:00;0,415144;
Arsen;2;21.04.2016 06:00;0,406156;
Arsen;5;21.04.2016 06:00;0,291672;
Arsen;9;21.04.2016 06:00;0,271115;
Arsen;4;21.04.2016 06:00;0,260602;
Arsen;8;21.04.2016 06:00;0,217468;
Arsen;6;21.04.2016 06:00;0,102794;
Benzol;3;21.04.2016 06:00;1,75348;
Benzol;2;21.04.2016 06:00;0,746242;
Benzol;8;21.04.2016 06:00;0,670094;
Benzol;9;21.04.2016 06:00;0,348946;
Benzol;7;21.04.2016 06:00;0,323998;
Benzol;1;21.04.2016 06:00;0,198049;
Benzol;6;21.04.2016 06:00;0,176224;
Benzol;4;21.04.2016 06:00;0,109789;
Benzol;5;21.04.2016 06:00;0,0214282;
Anilin;9;21.04.2016 06:00;0,40358;
Anilin;7;21.04.2016 06:00;0,331026;
Anilin;1;21.04.2016 06:00;0,298682;
Anilin;2;21.04.2016 06:00;0,252159;
Anilin;6;21.04.2016 06:00;0,239539;
Anilin;5;21.04.2016 06:00;0,139314;
Anilin;8;21.04.2016 06:00;0,106334;
Anilin;4;21.04.2016 06:00;0,0964201;
Anilin;3;21.04.2016 06:00;0,0441645;
Natriumchlorid;3;21.04.2016 07:00;2,38087;
Natriumchlorid;8;21.04.2016 07:00;0,847666;
Natriumchlorid;4;21.04.2016 07:00;0,682634;
Natriumchlorid;6;21.04.2016 07:00;0,396305;
Natriumchlorid;7;21.04.2016 07:00;0,383203;
Natriumchlorid;2;21.04.2016 07:00;0,34908;
Natriumchlorid;9;21.04.2016 07:00;0,251694;
Natriumchlorid;1;21.04.2016 07:00;0,20547;
Natriumchlorid;5;21.04.2016 07:00;0,0401948;
Arsen;3;21.04.2016 07:00;2,28608;
Arsen;2;21.04.2016 07:00;0,578561;
Arsen;7;21.04.2016 07:00;0,562295;
Arsen;5;21.04.2016 07:00;0,45863;
Arsen;6;21.04.2016 07:00;0,456295;
Arsen;8;21.04.2016 07:00;0,352012;
Arsen;9;21.04.2016 07:00;0,312508;
Arsen;4;21.04.2016 07:00;0,215592;
Arsen;1;21.04.2016 07:00;0,0316234;
Benzol;2;21.04.2016 07:00;0,813642;
Benzol;4;21.04.2016 07:00;0,512947;
Benzol;3;21.04.2016 07:00;0,427748;
Benzol;8;21.04.2016 07:00;0,405432;
Benzol;5;21.04.2016 07:00;0,379477;
Benzol;9;21.04.2016 07:00;0,366314;
Benzol;6;21.04.2016 07:00;0,294995;
Benzol;1;21.04.2016 07:00;0,0573815;
Benzol;7;21.04.2016 07:00;0,0325881;
Anilin;3;21.04.2016 07:00;3,93301;
Anilin;6;21.04.2016 07:00;0,57463;
Anilin;4;21.04.2016 07:00;0,440928;
Anilin;1;21.04.2016 07:00;0,313855;
Anilin;2;21.04.2016 07:00;0,283856;
Anilin;8;21.04.2016 07:00;0,131383;
Anilin;7;21.04.2016 07:00;0,119898;
Anilin;5;21.04.2016 07:00;0,0654091;
Anilin;9;21.04.2016 07:00;0,0366851;
Natriumchlorid;3;21.04.2016 08:00;1,12946;
Natriumchlorid;6;21.04.2016 08:00;0,702669;
Natriumchlorid;1;21.04.2016 08:00;0,359871;
Natriumchlorid;7;21.04.2016 08:00;0,316611;
Natriumchlorid;9;21.04.2016 08:00;0,178747;
Natriumchlorid;4;21.04.2016 08:00;0,168164;
Natriumchlorid;2;21.04.2016 08:00;0,0822418;
Natriumchlorid;8;21.04.2016 08:00;0,0805343;
Natriumchlorid;5;21.04.2016 08:00;0,00710816;
Arsen;3;21.04.2016 08:00;0,796103;
Arsen;6;21.04.2016 08:00;0,742246;
Arsen;7;21.04.2016 08:00;0,732244;
Arsen;9;21.04.2016 08:00;0,55533;
Arsen;4;21.04.2016 08:00;0,53072;
Arsen;1;21.04.2016 08:00;0,31499;
Arsen;5;21.04.2016 08:00;0,189096;
Arsen;8;21.04.2016 08:00;0,0401327;
Arsen;2;21.04.2016 08:00;0,0234765;
Benzol;3;21.04.2016 08:00;2,55636;
Benzol;9;21.04.2016 08:00;2,18223;
Benzol;5;21.04.2016 08:00;1,76301;
Benzol;8;21.04.2016 08:00;1,42603;
Benzol;2;21.04.2016 08:00;0,291755;
Benzol;7;21.04.2016 08:00;0,291579;
Benzol;6;21.04.2016 08:00;0,159576;
Benzol;4;21.04.2016 08:00;0,0717651;
Benzol;1;21.04.2016 08:00;0,0672504;
Anilin;4;21.04.2016 08:00;0,775906;
Anilin;3;21.04.2016 08:00;0,532247;
Anilin;8;21.04.2016 08:00;0,48636;
Anilin;1;21.04.2016 08:00;0,432034;
Anilin;7;21.04.2016 08:00;0,389176;
Anilin;5;21.04.2016 08:00;0,29253;
Anilin;9;21.04.2016 08:00;0,290994;
Anilin;6;21.04.2016 08:00;0,232603;
Anilin;2;21.04.2016 08:00;0,0227831;
Natriumchlorid;3;21.04.2016 09:00;0,757856;
Natriumchlorid;8;21.04.2016 09:00;0,541742;
Natriumchlorid;4;21.04.2016 09:00;0,539075;
Natriumchlorid;7;21.04.2016 09:00;0,461358;
Natriumchlorid;9;21.04.2016 09:00;0,433813;
Natriumchlorid;5;21.04.2016 09:00;0,42817;
Natriumchlorid;2;21.04.2016 09:00;0,31205;
Natriumchlorid;6;21.04.2016 09:00;0,101497;
Natriumchlorid;1;21.04.2016 09:00;0,0294988;
Arsen;7;21.04.2016 09:00;2,41047;
Arsen;3;21.04.2016 09:00;2,07312;
Arsen;5;21.04.2016 09:00;0,606348;
Arsen;8;21.04.2016 09:00;0,448635;
Arsen;1;21.04.2016 09:00;0,203206;
Arsen;6;21.04.2016 09:00;0,200261;
Arsen;2;21.04.2016 09:00;0,178862;
Arsen;4;21.04.2016 09:00;0,150427;
Arsen;9;21.04.2016 09:00;0,08985;
Benzol;5;21.04.2016 09:00;2,69423;
Benzol;3;21.04.2016 09:00;1,19032;
Benzol;8;21.04.2016 09:00;0,744847;
Benzol;7;21.04.2016 09:00;0,564314;
Benzol;4;21.04.2016 09:00;0,361697;
Benzol;2;21.04.2016 09:00;0,335162;
Benzol;1;21.04.2016 09:00;0,332445;
Benzol;9;21.04.2016 09:00;0,315315;
Benzol;6;21.04.2016 09:00;0,14809;
Anilin;8;21.04.2016 09:00;1,35979;
Anilin;3;21.04.2016 09:00;0,501844;
Anilin;2;21.04.2016 09:00;0,410361;
Anilin;5;21.04.2016 09:00;0,392407;
Anilin;9;21.04.2016 09:00;0,339481;
Anilin;6;21.04.2016 09:00;0,259953;
Anilin;7;21.04.2016 09:00;0,228063;
Anilin;4;21.04.2016 09:00;0,135388;
Anilin;1;21.04.2016 09:00;0,0623278;
Natriumchlorid;3;21.04.2016 10:00;3,30432;
Natriumchlorid;2;21.04.2016 10:00;1,17163;
Natriumchlorid;6;21.04.2016 10:00;0,41224;
Natriumchlorid;4;21.04.2016 10:00;0,323069;
Natriumchlorid;5;21.04.2016 10:00;0,307509;
Natriumchlorid;1;21.04.2016 10:00;0,26627;
Natriumchlorid;7;21.04.2016 10:00;0,244008;
Natriumchlorid;8;21.04.2016 10:00;0,207083;
Natriumchlorid;9;21.04.2016 10:00;0,0640292;
Arsen;3;21.04.2016 10:00;1,7976;
Arsen;8;21.04.2016 10:00;1,00795;
Arsen;2;21.04.2016 10:00;0,674729;
Arsen;5;21.04.2016 10:00;0,643365;
Arsen;4;21.04.2016 10:00;0,337683;
Arsen;9;21.04.2016 10:00;0,327569;
Arsen;6;21.04.2016 10:00;0,260929;
Arsen;1;21.04.2016 10:00;0,163329;
Arsen;7;21.04.2016 10:00;0,119493;
Benzol;5;21.04.2016 10:00;6,07162;
Benzol;3;21.04.2016 10:00;2,3042;
Benzol;6;21.04.2016 10:00;0,680414;
Benzol;7;21.04.2016 10:00;0,665356;
Benzol;4;21.04.2016 10:00;0,50474;
Benzol;1;21.04.2016 10:00;0,445058;
Benzol;2;21.04.2016 10:00;0,353814;
Benzol;9;21.04.2016 10:00;0,20371;
Benzol;8;21.04.2016 10:00;0,109417;
Anilin;3;21.04.2016 10:00;1,66073;
Anilin;7;21.04.2016 10:00;0,879697;
Anilin;4;21.04.2016 10:00;0,581358;
Anilin;8;21.04.2016 10:00;0,526253;
Anilin;6;21.04.2016 10:00;0,291307;
Anilin;5;21.04.2016 10:00;0,287307;
Anilin;9;21.04.2016 10:00;0,249561;
Anilin;1;21.04.2016 10:00;0,066104;
Anilin;2;21.04.2016 10:00;0,0290732;
Natriumchlorid;9;21.04.2016 11:00;15,94701;
Natriumchlorid;9;21.04.2016 11:00;1,67115;
Natriumchlorid;3;21.04.2016 11:00;0,891348;
Natriumchlorid;2;21.04.2016 11:00;0,773282;
Natriumchlorid;6;21.04.2016 11:00;0,540889;
Natriumchlorid;4;21.04.2016 11:00;0,367095;
Natriumchlorid;5;21.04.2016 11:00;0,298032;
Natriumchlorid;1;21.04.2016 11:00;0,188006;
Natriumchlorid;7;21.04.2016 11:00;0,152202;
Natriumchlorid;8;21.04.2016 11:00;0,0381566;
Arsen;7;21.04.2016 11:00;1,05255;
Arsen;2;21.04.2016 11:00;0,732124;
Arsen;6;21.04.2016 11:00;0,513783;
Arsen;3;21.04.2016 11:00;0,419678;
Arsen;5;21.04.2016 11:00;0,385649;
Arsen;1;21.04.2016 11:00;0,303882;
Arsen;4;21.04.2016 11:00;0,250549;
Arsen;8;21.04.2016 11:00;0,184887;
Arsen;9;21.04.2016 11:00;0,131349;
Benzol;5;21.04.2016 11:00;1,93078;
Benzol;3;21.04.2016 11:00;0,794057;
Benzol;6;21.04.2016 11:00;0,704509;
Benzol;4;21.04.2016 11:00;0,458464;
Benzol;8;21.04.2016 11:00;0,269688;
Benzol;2;21.04.2016 11:00;0,228057;
Benzol;1;21.04.2016 11:00;0,132468;
Benzol;7;21.04.2016 11:00;0,119545;
Benzol;9;21.04.2016 11:00;0,0680772;
Anilin;3;21.04.2016 11:00;3,42327;
Anilin;4;21.04.2016 11:00;0,480531;
Anilin;2;21.04.2016 11:00;0,474265;
Anilin;5;21.04.2016 11:00;0,439528;
Anilin;1;21.04.2016 11:00;0,35588;
Anilin;7;21.04.2016 11:00;0,210092;
Anilin;8;21.04.2016 11:00;0,184265;
Anilin;6;21.04.2016 11:00;0,0872903;
Natriumchlorid;5;21.04.2016 12:00;26,51551;
Natriumchlorid;5;21.04.2016 12:00;2,73886;
Natriumchlorid;3;21.04.2016 12:00;1,47898;
Natriumchlorid;7;21.04.2016 12:00;1,06536;
Natriumchlorid;9;21.04.2016 12:00;1,04292;
Natriumchlorid;4;21.04.2016 12:00;0,522948;
Natriumchlorid;6;21.04.2016 12:00;0,495532;
Natriumchlorid;2;21.04.2016 12:00;0,221568;
Natriumchlorid;1;21.04.2016 12:00;0,188404;
Natriumchlorid;8;21.04.2016 12:00;0,00107561;
Arsen;7;21.04.2016 12:00;1,45714;
Arsen;3;21.04.2016 12:00;0,90327;
Arsen;8;21.04.2016 12:00;0,848124;
Arsen;2;21.04.2016 12:00;0,584439;
Arsen;5;21.04.2016 12:00;0,449846;
Arsen;4;21.04.2016 12:00;0,419295;
Arsen;9;21.04.2016 12:00;0,323211;
Arsen;6;21.04.2016 12:00;0,284848;
Arsen;1;21.04.2016 12:00;0,179947;
Benzol;5;21.04.2016 12:00;5,01571;
Benzol;3;21.04.2016 12:00;2,26249;
Benzol;8;21.04.2016 12:00;0,650877;
Benzol;7;21.04.2016 12:00;0,636161;
Benzol;2;21.04.2016 12:00;0,475887;
Benzol;6;21.04.2016 12:00;0,238778;
Benzol;4;21.04.2016 12:00;0,199291;
Benzol;9;21.04.2016 12:00;0,0353959;
Benzol;1;21.04.2016 12:00;0,00678012;
Anilin;8;21.04.2016 12:00;0,993029;
Anilin;7;21.04.2016 12:00;0,795267;
Anilin;1;21.04.2016 12:00;0,601869;
Anilin;3;21.04.2016 12:00;0,464251;
Anilin;6;21.04.2016 12:00;0,310935;
Anilin;9;21.04.2016 12:00;0,219869;
Anilin;2;21.04.2016 12:00;0,0668739;
Anilin;4;21.04.2016 12:00;0,0326568;
Natriumchlorid;9;21.04.2016 13:00;26,89475;
Natriumchlorid;9;21.04.2016 13:00;2,82671;
Natriumchlorid;2;21.04.2016 13:00;0,986757;
Natriumchlorid;7;21.04.2016 13:00;0,720795;
Natriumchlorid;6;21.04.2016 13:00;0,425073;
Natriumchlorid;3;21.04.2016 13:00;0,417266;
Natriumchlorid;5;21.04.2016 13:00;0,395722;
Natriumchlorid;4;21.04.2016 13:00;0,197421;
Natriumchlorid;1;21.04.2016 13:00;0,133229;
Natriumchlorid;8;21.04.2016 13:00;0,0521589;
Arsen;7;21.04.2016 13:00;0,587816;
Arsen;6;21.04.2016 13:00;0,583773;
Arsen;2;21.04.2016 13:00;0,57976;
Arsen;1;21.04.2016 13:00;0,566719;
Arsen;3;21.04.2016 13:00;0,547646;
Arsen;5;21.04.2016 13:00;0,525036;
Arsen;9;21.04.2016 13:00;0,318036;
Arsen;4;21.04.2016 13:00;0,0883165;
Arsen;8;21.04.2016 13:00;0,0117513;
Benzol;5;21.04.2016 13:00;1,60516;
Benzol;3;21.04.2016 13:00;1,12226;
Benzol;9;21.04.2016 13:00;0,672443;
Benzol;8;21.04.2016 13:00;0,593778;
Benzol;6;21.04.2016 13:00;0,509314;
Benzol;7;21.04.2016 13:00;0,456612;
Benzol;2;21.04.2016 13:00;0,401348;
Benzol;4;21.04.2016 13:00;0,310416;
Benzol;1;21.04.2016 13:00;0,265996;
Anilin;3;21.04.2016 13:00;1,86373;
Anilin;7;21.04.2016 13:00;1,26993;
Anilin;6;21.04.2016 13:00;0,681152;
Anilin;2;21.04.2016 13:00;0,621177;
Anilin;1;21.04.2016 13:00;0,099111;
Anilin;4;21.04.2016 13:00;0,0924288;
Anilin;5;21.04.2016 13:00;0,0663475;
Anilin;8;21.04.2016 13:00;0,00283276;
Natriumchlorid;9;21.04.2016 14:00;10,81784;
Natriumchlorid;3;21.04.2016 14:00;3,91741;
Natriumchlorid;9;21.04.2016 14:00;1,43288;
Natriumchlorid;5;21.04.2016 14:00;0,63414;
Natriumchlorid;7;21.04.2016 14:00;0,318915;
Natriumchlorid;6;21.04.2016 14:00;0,264049;
Natriumchlorid;8;21.04.2016 14:00;0,253639;
Natriumchlorid;1;21.04.2016 14:00;0,25239;
Natriumchlorid;2;21.04.2016 14:00;0,237432;
Natriumchlorid;4;21.04.2016 14:00;0,0456353;
Arsen;7;21.04.2016 14:00;1,91471;
Arsen;9;21.04.2016 14:00;0,282939;
Arsen;5;21.04.2016 14:00;0,233664;
Arsen;1;21.04.2016 14:00;0,23;
Arsen;6;21.04.2016 14:00;0,161425;
Arsen;2;21.04.2016 14:00;0,122487;
Arsen;8;21.04.2016 14:00;0,109487;
Arsen;4;21.04.2016 14:00;0,0943282;
Arsen;3;21.04.2016 14:00;0,0310947;
Benzol;3;21.04.2016 14:00;0,981155;
Benzol;8;21.04.2016 14:00;0,632802;
Benzol;2;21.04.2016 14:00;0,614262;
Benzol;4;21.04.2016 14:00;0,307215;
Benzol;7;21.04.2016 14:00;0,276452;
Benzol;6;21.04.2016 14:00;0,235195;
Benzol;5;21.04.2016 14:00;0,199076;
Benzol;9;21.04.2016 14:00;0,0670065;
Benzol;1;21.04.2016 14:00;0,0036827;
Anilin;3;21.04.2016 14:00;1,78858;
Anilin;2;21.04.2016 14:00;0,974431;
Anilin;8;21.04.2016 14:00;0,838846;
Anilin;6;21.04.2016 14:00;0,453943;
Anilin;7;21.04.2016 14:00;0,442963;
Anilin;1;21.04.2016 14:00;0,247828;
Anilin;4;21.04.2016 14:00;0,208122;
Anilin;5;21.04.2016 14:00;0,197991;
Natriumchlorid;3;21.04.2016 15:00;3,45442;
Natriumchlorid;2;21.04.2016 15:00;0,767867;
Natriumchlorid;7;21.04.2016 15:00;0,599139;
Natriumchlorid;6;21.04.2016 15:00;0,485111;
Natriumchlorid;1;21.04.2016 15:00;0,471459;
Natriumchlorid;9;21.04.2016 15:00;0,278309;
Natriumchlorid;4;21.04.2016 15:00;0,251322;
Natriumchlorid;8;21.04.2016 15:00;0,167778;
Natriumchlorid;5;21.04.2016 15:00;0,139933;
Arsen;8;21.04.2016 15:00;0,41295;
Arsen;6;21.04.2016 15:00;0,35566;
Arsen;4;21.04.2016 15:00;0,328515;
Arsen;5;21.04.2016 15:00;0,2838;
Arsen;3;21.04.2016 15:00;0,208213;
Arsen;7;21.04.2016 15:00;0,2;
Arsen;9;21.04.2016 15:00;0,0866836;
Arsen;1;21.04.2016 15:00;0,0785864;
Arsen;2;21.04.2016 15:00;0,0443903;
Benzol;3;21.04.2016 15:00;0,90795;
Benzol;8;21.04.2016 15:00;0,621191;
Benzol;6;21.04.2016 15:00;0,547597;
Benzol;2;21.04.2016 15:00;0,38829;
Benzol;4;21.04.2016 15:00;0,38543;
Benzol;7;21.04.2016 15:00;0,324475;
Benzol;5;21.04.2016 15:00;0,303046;
Benzol;1;21.04.2016 15:00;0,24185;
Benzol;9;21.04.2016 15:00;0,166467;
Anilin;3;21.04.2016 15:00;1,15912;
Anilin;7;21.04.2016 15:00;0,903383;
Anilin;8;21.04.2016 15:00;0,684688;
Anilin;4;21.04.2016 15:00;0,532665;
Anilin;5;21.04.2016 15:00;0,311066;
Anilin;1;21.04.2016 15:00;0,307065;
Anilin;6;21.04.2016 15:00;0,290295;
Anilin;2;21.04.2016 15:00;0,166163;
Anilin;9;21.04.2016 15:00;0,0580697;
Natriumchlorid;3;21.04.2016 16:00;1,07172;
Natriumchlorid;5;21.04.2016 16:00;0,271893;
Natriumchlorid;6;21.04.2016 16:00;0,271812;
Natriumchlorid;4;21.04.2016 16:00;0,252692;
Natriumchlorid;7;21.04.2016 16:00;0,242234;
Natriumchlorid;1;21.04.2016 16:00;0,213736;
Natriumchlorid;9;21.04.2016 16:00;0,148353;
Natriumchlorid;2;21.04.2016 16:00;0,106862;
Natriumchlorid;8;21.04.2016 16:00;0,0778097;
Arsen;3;21.04.2016 16:00;2,86136;
Arsen;8;21.04.2016 16:00;0,583348;
Arsen;1;21.04.2016 16:00;0,442071;
Arsen;6;21.04.2016 16:00;0,292246;
Arsen;4;21.04.2016 16:00;0,290151;
Arsen;2;21.04.2016 16:00;0,215363;
Arsen;5;21.04.2016 16:00;0,21212;
Arsen;7;21.04.2016 16:00;0,153765;
Arsen;9;21.04.2016 16:00;0,107467;
Benzol;8;21.04.2016 16:00;0,367268;
Benzol;1;21.04.2016 16:00;0,364312;
Benzol;6;21.04.2016 16:00;0,251175;
Benzol;3;21.04.2016 16:00;0,22713;
Benzol;9;21.04.2016 16:00;0,220038;
Benzol;7;21.04.2016 16:00;0,213551;
Benzol;4;21.04.2016 16:00;0,197568;
Benzol;5;21.04.2016 16:00;0,0744521;
Benzol;2;21.04.2016 16:00;0,0455605;
Anilin;3;21.04.2016 16:00;3,59422;
Anilin;7;21.04.2016 16:00;0,674949;
Anilin;2;21.04.2016 16:00;0,302028;
Anilin;6;21.04.2016 16:00;0,257123;
Anilin;9;21.04.2016 16:00;0,207506;
Anilin;5;21.04.2016 16:00;0,0705333;
Anilin;4;21.04.2016 16:00;0,0605496;
Anilin;8;21.04.2016 16:00;0,0211233;
Anilin;1;21.04.2016 16:00;0,0195844;
Natriumchlorid;3;21.04.2016 17:00;0,74943;
Natriumchlorid;8;21.04.2016 17:00;0,495939;
Natriumchlorid;6;21.04.2016 17:00;0,415123;
Natriumchlorid;7;21.04.2016 17:00;0,382828;
Natriumchlorid;5;21.04.2016 17:00;0,356588;
Natriumchlorid;9;21.04.2016 17:00;0,154892;
Natriumchlorid;2;21.04.2016 17:00;0,113139;
Natriumchlorid;1;21.04.2016 17:00;0,0684493;
Natriumchlorid;4;21.04.2016 17:00;0,0108143;
Arsen;3;21.04.2016 17:00;1,81506;
Arsen;6;21.04.2016 17:00;0,728578;
Arsen;4;21.04.2016 17:00;0,465429;
Arsen;8;21.04.2016 17:00;0,27728;
Arsen;9;21.04.2016 17:00;0,261777;
Arsen;5;21.04.2016 17:00;0,135553;
Arsen;2;21.04.2016 17:00;0,112606;
Arsen;7;21.04.2016 17:00;0,102211;
Arsen;1;21.04.2016 17:00;0,0558486;
Benzol;7;21.04.2016 17:00;0,968549;
Benzol;3;21.04.2016 17:00;0,632;
Benzol;6;21.04.2016 17:00;0,413144;
Benzol;5;21.04.2016 17:00;0,353101;
Benzol;9;21.04.2016 17:00;0,312705;
Benzol;8;21.04.2016 17:00;0,275739;
Benzol;1;21.04.2016 17:00;0,223655;
Benzol;2;21.04.2016 17:00;0,16369;
Benzol;4;21.04.2016 17:00;0,139584;
Anilin;7;21.04.2016 17:00;1,20115;
Anilin;2;21.04.2016 17:00;0,568201;
Anilin;8;21.04.2016 17:00;0,494427;
Anilin;6;21.04.2016 17:00;0,454102;
Anilin;3;21.04.2016 17:00;0,275184;
Anilin;9;21.04.2016 17:00;0,206634;
Anilin;4;21.04.2016 17:00;0,119447;
Anilin;1;21.04.2016 17:00;0,0778785;
Anilin;5;21.04.2016 17:00;0,0457113;
Natriumchlorid;6;21.04.2016 18:00;60,83662;
Natriumchlorid;6;21.04.2016 18:00;6,46236;
Natriumchlorid;3;21.04.2016 18:00;1,38531;
Natriumchlorid;2;21.04.2016 18:00;0,596367;
Natriumchlorid;8;21.04.2016 18:00;0,570467;
Natriumchlorid;7;21.04.2016 18:00;0,470738;
Natriumchlorid;4;21.04.2016 18:00;0,456005;
Natriumchlorid;9;21.04.2016 18:00;0,273001;
Natriumchlorid;1;21.04.2016 18:00;0,139457;
Natriumchlorid;5;21.04.2016 18:00;0,108175;
Arsen;3;21.04.2016 18:00;1,73992;
Arsen;8;21.04.2016 18:00;0,619594;
Arsen;9;21.04.2016 18:00;0,453406;
Arsen;5;21.04.2016 18:00;0,348325;
Arsen;6;21.04.2016 18:00;0,303919;
Arsen;4;21.04.2016 18:00;0,265458;
Arsen;2;21.04.2016 18:00;0,18527;
Arsen;1;21.04.2016 18:00;0,0890835;
Arsen;7;21.04.2016 18:00;0,0209517;
Benzol;2;21.04.2016 18:00;0,888495;
Benzol;3;21.04.2016 18:00;0,560689;
Benzol;7;21.04.2016 18:00;0,521873;
Benzol;8;21.04.2016 18:00;0,425736;
Benzol;6;21.04.2016 18:00;0,342047;
Benzol;5;21.04.2016 18:00;0,2246;
Benzol;4;21.04.2016 18:00;0,220037;
Benzol;9;21.04.2016 18:00;0,207934;
Benzol;1;21.04.2016 18:00;0,062075;
Anilin;2;21.04.2016 18:00;1,34847;
Anilin;3;21.04.2016 18:00;0,678414;
Anilin;4;21.04.2016 18:00;0,590761;
Anilin;1;21.04.2016 18:00;0,396416;
Anilin;7;21.04.2016 18:00;0,284799;
Anilin;5;21.04.2016 18:00;0,265637;
Anilin;9;21.04.2016 18:00;0,154225;
Anilin;8;21.04.2016 18:00;0,086911;
Natriumchlorid;6;21.04.2016 19:00;44,9197;
Natriumchlorid;6;21.04.2016 19:00;5,09591;
Natriumchlorid;2;21.04.2016 19:00;0,822938;
Natriumchlorid;3;21.04.2016 19:00;0,541817;
Natriumchlorid;8;21.04.2016 19:00;0,409808;
Natriumchlorid;4;21.04.2016 19:00;0,254603;
Natriumchlorid;7;21.04.2016 19:00;0,158959;
Natriumchlorid;1;21.04.2016 19:00;0,139986;
Natriumchlorid;5;21.04.2016 19:00;0,0418097;
Natriumchlorid;9;21.04.2016 19:00;0,00619396;
Arsen;3;21.04.2016 19:00;1,06158;
Arsen;8;21.04.2016 19:00;0,56875;
Arsen;9;21.04.2016 19:00;0,310934;
Arsen;4;21.04.2016 19:00;0,270402;
Arsen;2;21.04.2016 19:00;0,244014;
Arsen;6;21.04.2016 19:00;0,2106;
Arsen;7;21.04.2016 19:00;0,113588;
Arsen;5;21.04.2016 19:00;0,0789213;
Arsen;1;21.04.2016 19:00;0,0296967;
Benzol;7;21.04.2016 19:00;1,25349;
Benzol;3;21.04.2016 19:00;0,409522;
Benzol;2;21.04.2016 19:00;0,379679;
Benzol;1;21.04.2016 19:00;0,256216;
Benzol;6;21.04.2016 19:00;0,210791;
Benzol;4;21.04.2016 19:00;0,149475;
Benzol;9;21.04.2016 19:00;0,140466;
Benzol;8;21.04.2016 19:00;0,0755187;
Benzol;5;21.04.2016 19:00;0,0735036;
Anilin;3;21.04.2016 19:00;3,4594;
Anilin;7;21.04.2016 19:00;1,21721;
Anilin;8;21.04.2016 19:00;0,664014;
Anilin;4;21.04.2016 19:00;0,455011;
Anilin;2;21.04.2016 19:00;0,402564;
Anilin;5;21.04.2016 19:00;0,32567;
Anilin;9;21.04.2016 19:00;0,294727;
Anilin;1;21.04.2016 19:00;0,283723;
Natriumchlorid;3;21.04.2016 20:00;1,47847;
Natriumchlorid;7;21.04.2016 20:00;0,540696;
Natriumchlorid;2;21.04.2016 20:00;0,528563;
Natriumchlorid;8;21.04.2016 20:00;0,445677;
Natriumchlorid;5;21.04.2016 20:00;0,31162;
Natriumchlorid;9;21.04.2016 20:00;0,270911;
Natriumchlorid;1;21.04.2016 20:00;0,213098;
Natriumchlorid;4;21.04.2016 20:00;0,173349;
Natriumchlorid;6;21.04.2016 20:00;0,105265;
Arsen;8;21.04.2016 20:00;0,535389;
Arsen;6;21.04.2016 20:00;0,498855;
Arsen;2;21.04.2016 20:00;0,434253;
Arsen;1;21.04.2016 20:00;0,302886;
Arsen;4;21.04.2016 20:00;0,165184;
Arsen;5;21.04.2016 20:00;0,113807;
Arsen;3;21.04.2016 20:00;0,100121;
Arsen;9;21.04.2016 20:00;0,0924227;
Arsen;7;21.04.2016 20:00;0,0292722;
Benzol;9;21.04.2016 20:00;0,632341;
Benzol;1;21.04.2016 20:00;0,520973;
Benzol;4;21.04.2016 20:00;0,513812;
Benzol;6;21.04.2016 20:00;0,331252;
Benzol;2;21.04.2016 20:00;0,302067;
Benzol;3;21.04.2016 20:00;0,275499;
Benzol;5;21.04.2016 20:00;0,189026;
Benzol;8;21.04.2016 20:00;0,136367;
Benzol;7;21.04.2016 20:00;0,0386455;
Anilin;3;21.04.2016 20:00;0,839932;
Anilin;7;21.04.2016 20:00;0,525115;
Anilin;6;21.04.2016 20:00;0,398998;
Anilin;9;21.04.2016 20:00;0,319039;
Anilin;2;21.04.2016 20:00;0,167145;
Anilin;4;21.04.2016 20:00;0,145546;
Anilin;5;21.04.2016 20:00;0,133868;
Anilin;1;21.04.2016 20:00;0,082019;
Anilin;8;21.04.2016 20:00;0,0651622;
Natriumchlorid;3;21.04.2016 21:00;3,59205;
Natriumchlorid;6;21.04.2016 21:00;0,594517;
Natriumchlorid;2;21.04.2016 21:00;0,539904;
Natriumchlorid;8;21.04.2016 21:00;0,364125;
Natriumchlorid;4;21.04.2016 21:00;0,256726;
Natriumchlorid;1;21.04.2016 21:00;0,180285;
Natriumchlorid;5;21.04.2016 21:00;0,0633784;
Natriumchlorid;9;21.04.2016 21:00;0,0478447;
Natriumchlorid;7;21.04.2016 21:00;0,0152893;
Arsen;4;21.04.2016 21:00;0,707446;
Arsen;8;21.04.2016 21:00;0,644538;
Arsen;3;21.04.2016 21:00;0,552574;
Arsen;5;21.04.2016 21:00;0,472578;
Arsen;6;21.04.2016 21:00;0,386779;
Arsen;9;21.04.2016 21:00;0,278226;
Arsen;1;21.04.2016 21:00;0,26242;
Arsen;2;21.04.2016 21:00;0,238678;
Arsen;7;21.04.2016 21:00;0,136293;
Benzol;3;21.04.2016 21:00;0,64479;
Benzol;2;21.04.2016 21:00;0,530686;
Benzol;6;21.04.2016 21:00;0,428577;
Benzol;9;21.04.2016 21:00;0,405153;
Benzol;1;21.04.2016 21:00;0,342167;
Benzol;8;21.04.2016 21:00;0,290387;
Benzol;7;21.04.2016 21:00;0,24872;
Benzol;4;21.04.2016 21:00;0,228388;
Benzol;5;21.04.2016 21:00;0,175382;
Anilin;3;21.04.2016 21:00;3,64086;
Anilin;6;21.04.2016 21:00;0,765169;
Anilin;4;21.04.2016 21:00;0,601139;
Anilin;7;21.04.2016 21:00;0,578352;
Anilin;8;21.04.2016 21:00;0,365702;
Anilin;1;21.04.2016 21:00;0,304987;
Anilin;9;21.04.2016 21:00;0,216642;
Anilin;5;21.04.2016 21:00;0,147909;
Anilin;2;21.04.2016 21:00;0,0158977;
Natriumchlorid;3;21.04.2016 22:00;1,1168;
Natriumchlorid;7;21.04.2016 22:00;0,956666;
Natriumchlorid;8;21.04.2016 22:00;0,697287;
Natriumchlorid;4;21.04.2016 22:00;0,424954;
Natriumchlorid;6;21.04.2016 22:00;0,285335;
Natriumchlorid;1;21.04.2016 22:00;0,268197;
Natriumchlorid;9;21.04.2016 22:00;0,250687;
Natriumchlorid;2;21.04.2016 22:00;0,179474;
Natriumchlorid;5;21.04.2016 22:00;0,166941;
Arsen;3;21.04.2016 22:00;3,69082;
Arsen;8;21.04.2016 22:00;0,544269;
Arsen;2;21.04.2016 22:00;0,491747;
Arsen;6;21.04.2016 22:00;0,468602;
Arsen;1;21.04.2016 22:00;0,270195;
Arsen;7;21.04.2016 22:00;0,231918;
Arsen;4;21.04.2016 22:00;0,168734;
Arsen;9;21.04.2016 22:00;0,156491;
Arsen;5;21.04.2016 22:00;0,13183;
Benzol;4;21.04.2016 22:00;0,667048;
Benzol;2;21.04.2016 22:00;0,628779;
Benzol;3;21.04.2016 22:00;0,567584;
Benzol;8;21.04.2016 22:00;0,531894;
Benzol;9;21.04.2016 22:00;0,409156;
Benzol;5;21.04.2016 22:00;0,402609;
Benzol;6;21.04.2016 22:00;0,329724;
Benzol;1;21.04.2016 22:00;0,229474;
Benzol;7;21.04.2016 22:00;0,017158;
Anilin;3;21.04.2016 22:00;1,47083;
Anilin;5;21.04.2016 22:00;0,459591;
Anilin;8;21.04.2016 22:00;0,409716;
Anilin;6;21.04.2016 22:00;0,275009;
Anilin;7;21.04.2016 22:00;0,271426;
Anilin;9;21.04.2016 22:00;0,265124;
Anilin;2;21.04.2016 22:00;0,249221;
Anilin;4;21.04.2016 22:00;0,237147;
Anilin;1;21.04.2016 22:00;0,18325;
Natriumchlorid;8;21.04.2016 23:00;0,968873;
Natriumchlorid;4;21.04.2016 23:00;0,557557;
Natriumchlorid;3;21.04.2016 23:00;0,556792;
Natriumchlorid;7;21.04.2016 23:00;0,442688;
Natriumchlorid;2;21.04.2016 23:00;0,422582;
Natriumchlorid;6;21.04.2016 23:00;0,395249;
Natriumchlorid;1;21.04.2016 23:00;0,379384;
Natriumchlorid;9;21.04.2016 23:00;0,183665;
Natriumchlorid;5;21.04.2016 23:00;0,0922832;
Arsen;7;21.04.2016 23:00;0,980641;
Arsen;6;21.04.2016 23:00;0,669702;
Arsen;2;21.04.2016 23:00;0,416035;
Arsen;5;21.04.2016 23:00;0,414581;
Arsen;1;21.04.2016 23:00;0,35694;
Arsen;3;21.04.2016 23:00;0,343392;
Arsen;9;21.04.2016 23:00;0,270732;
Arsen;4;21.04.2016 23:00;0,258744;
Arsen;8;21.04.2016 23:00;0,126785;
Benzol;3;21.04.2016 23:00;1,82533;
Benzol;8;21.04.2016 23:00;0,92415;
Benzol;7;21.04.2016 23:00;0,806205;
Benzol;9;21.04.2016 23:00;0,65526;
Benzol;2;21.04.2016 23:00;0,438699;
Benzol;1;21.04.2016 23:00;0,271694;
Benzol;6;21.04.2016 23:00;0,211174;
Benzol;5;21.04.2016 23:00;0,204353;
Benzol;4;21.04.2016 23:00;0,059254;
Anilin;3;21.04.2016 23:00;1,63182;
Anilin;6;21.04.2016 23:00;0,656126;
Anilin;4;21.04.2016 23:00;0,50797;
Anilin;8;21.04.2016 23:00;0,471165;
Anilin;1;21.04.2016 23:00;0,427652;
Anilin;5;21.04.2016 23:00;0,228054;
Anilin;7;21.04.2016 23:00;0,135217;
Anilin;9;21.04.2016 23:00;0,12846;
Anilin;2;21.04.2016 23:00;0,111572;
Natriumchlorid;3;22.04.2016 00:00;0,802818;
Natriumchlorid;9;22.04.2016 00:00;0,487499;
Natriumchlorid;8;22.04.2016 00:00;0,45422;
Natriumchlorid;6;22.04.2016 00:00;0,369613;
Natriumchlorid;1;22.04.2016 00:00;0,276954;
Natriumchlorid;4;22.04.2016 00:00;0,233762;
Natriumchlorid;5;22.04.2016 00:00;0,213142;
Natriumchlorid;2;22.04.2016 00:00;0,0503299;
Natriumchlorid;7;22.04.2016 00:00;0,00628601;
Arsen;3;22.04.2016 00:00;2,47277;
Arsen;2;22.04.2016 00:00;0,734954;
Arsen;7;22.04.2016 00:00;0,494003;
Arsen;1;22.04.2016 00:00;0,441499;
Arsen;8;22.04.2016 00:00;0,375153;
Arsen;6;22.04.2016 00:00;0,343736;
Arsen;4;22.04.2016 00:00;0,308992;
Arsen;5;22.04.2016 00:00;0,257939;
Arsen;9;22.04.2016 00:00;0,164169;
Benzol;6;22.04.2016 00:00;2,81445;
Benzol;3;22.04.2016 00:00;0,942414;
Benzol;7;22.04.2016 00:00;0,484157;
Benzol;4;22.04.2016 00:00;0,388558;
Benzol;1;22.04.2016 00:00;0,21761;
Benzol;2;22.04.2016 00:00;0,114235;
Benzol;5;22.04.2016 00:00;0,075404;
Benzol;9;22.04.2016 00:00;0,0395445;
Benzol;8;22.04.2016 00:00;0,00468176;
Anilin;2;22.04.2016 00:00;0,848462;
Anilin;6;22.04.2016 00:00;0,525382;
Anilin;4;22.04.2016 00:00;0,454516;
Anilin;1;22.04.2016 00:00;0,384709;
Anilin;5;22.04.2016 00:00;0,255926;
Anilin;8;22.04.2016 00:00;0,22222;
Anilin;3;22.04.2016 00:00;0,210736;
Anilin;7;22.04.2016 00:00;0,164099;
Anilin;9;22.04.2016 00:00;0,0410121;
Natriumchlorid;3;22.04.2016 01:00;0,84136;
Natriumchlorid;2;22.04.2016 01:00;0,728114;
Natriumchlorid;7;22.04.2016 01:00;0,412538;
Natriumchlorid;9;22.04.2016 01:00;0,293991;
Natriumchlorid;5;22.04.2016 01:00;0,276397;
Natriumchlorid;1;22.04.2016 01:00;0,21132;
Natriumchlorid;8;22.04.2016 01:00;0,194411;
Natriumchlorid;6;22.04.2016 01:00;0,164451;
Natriumchlorid;4;22.04.2016 01:00;0,11454;
Arsen;3;22.04.2016 01:00;3,47832;
Arsen;2;22.04.2016 01:00;0,757254;
Arsen;8;22.04.2016 01:00;0,613812;
Arsen;7;22.04.2016 01:00;0,607798;
Arsen;6;22.04.2016 01:00;0,591036;
Arsen;5;22.04.2016 01:00;0,516339;
Arsen;9;22.04.2016 01:00;0,364183;
Arsen;1;22.04.2016 01:00;0,176237;
Arsen;4;22.04.2016 01:00;0,0859277;
Benzol;6;22.04.2016 01:00;4,49686;
Benzol;8;22.04.2016 01:00;1,50085;
Benzol;5;22.04.2016 01:00;0,589609;
Benzol;3;22.04.2016 01:00;0,553547;
Benzol;1;22.04.2016 01:00;0,479721;
Benzol;9;22.04.2016 01:00;0,253045;
Benzol;2;22.04.2016 01:00;0,167781;
Benzol;4;22.04.2016 01:00;0,144824;
Benzol;7;22.04.2016 01:00;0,139969;
Anilin;7;22.04.2016 01:00;1,70725;
Anilin;3;22.04.2016 01:00;1,23704;
Anilin;9;22.04.2016 01:00;0,426138;
Anilin;8;22.04.2016 01:00;0,378647;
Anilin;6;22.04.2016 01:00;0,265644;
Anilin;2;22.04.2016 01:00;0,262931;
Anilin;4;22.04.2016 01:00;0,211307;
Anilin;5;22.04.2016 01:00;0,186171;
Anilin;1;22.04.2016 01:00;0,0292346;
Natriumchlorid;3;22.04.2016 02:00;0,791566;
Natriumchlorid;6;22.04.2016 02:00;0,662726;
Natriumchlorid;8;22.04.2016 02:00;0,478078;
Natriumchlorid;4;22.04.2016 02:00;0,408551;
Natriumchlorid;9;22.04.2016 02:00;0,306254;
Natriumchlorid;2;22.04.2016 02:00;0,265917;
Natriumchlorid;7;22.04.2016 02:00;0,215489;
Natriumchlorid;5;22.04.2016 02:00;0,210146;
Natriumchlorid;1;22.04.2016 02:00;0,196871;
Arsen;3;22.04.2016 02:00;0,928918;
Arsen;7;22.04.2016 02:00;0,740472;
Arsen;4;22.04.2016 02:00;0,380793;
Arsen;9;22.04.2016 02:00;0,275459;
Arsen;2;22.04.2016 02:00;0,24309;
Arsen;5;22.04.2016 02:00;0,205006;
Arsen;6;22.04.2016 02:00;0,198946;
Arsen;8;22.04.2016 02:00;0,141403;
Arsen;1;22.04.2016 02:00;0,0545841;
Benzol;7;22.04.2016 02:00;1,18781;
Benzol;8;22.04.2016 02:00;1,07784;
Benzol;3;22.04.2016 02:00;1,04907;
Benzol;9;22.04.2016 02:00;0,827333;
Benzol;2;22.04.2016 02:00;0,551596;
Benzol;5;22.04.2016 02:00;0,487609;
Benzol;4;22.04.2016 02:00;0,270448;
Benzol;1;22.04.2016 02:00;0,228856;
Benzol;6;22.04.2016 02:00;0,202739;
Anilin;3;22.04.2016 02:00;1,8417;
Anilin;2;22.04.2016 02:00;0,283168;
Anilin;7;22.04.2016 02:00;0,265087;
Anilin;5;22.04.2016 02:00;0,201254;
Anilin;6;22.04.2016 02:00;0,187592;
Anilin;9;22.04.2016 02:00;0,135972;
Anilin;4;22.04.2016 02:00;0,104563;
Anilin;8;22.04.2016 02:00;0,0603698;
Anilin;1;22.04.2016 02:00;0,0113356;
Natriumchlorid;8;22.04.2016 03:00;0,916519;
Natriumchlorid;6;22.04.2016 03:00;0,63445;
Natriumchlorid;3;22.04.2016 03:00;0,326723;
Natriumchlorid;4;22.04.2016 03:00;0,278116;
Natriumchlorid;1;22.04.2016 03:00;0,269886;
Natriumchlorid;2;22.04.2016 03:00;0,223499;
Natriumchlorid;9;22.04.2016 03:00;0,192142;
Natriumchlorid;5;22.04.2016 03:00;0,175711;
Natriumchlorid;7;22.04.2016 03:00;0,0682983;
Arsen;3;22.04.2016 03:00;3,02769;
Arsen;7;22.04.2016 03:00;0,509787;
Arsen;8;22.04.2016 03:00;0,34823;
Arsen;2;22.04.2016 03:00;0,188447;
Arsen;6;22.04.2016 03:00;0,164971;
Arsen;4;22.04.2016 03:00;0,12897;
Arsen;9;22.04.2016 03:00;0,125608;
Arsen;5;22.04.2016 03:00;0,100557;
Arsen;1;22.04.2016 03:00;0,058789;
Benzol;3;22.04.2016 03:00;1,13767;
Benzol;8;22.04.2016 03:00;0,74498;
Benzol;7;22.04.2016 03:00;0,741327;
Benzol;5;22.04.2016 03:00;0,61078;
Benzol;9;22.04.2016 03:00;0,479884;
Benzol;2;22.04.2016 03:00;0,464582;
Benzol;4;22.04.2016 03:00;0,365495;
Benzol;6;22.04.2016 03:00;0,123974;
Benzol;1;22.04.2016 03:00;0,0990479;
Anilin;3;22.04.2016 03:00;2,81014;
Anilin;8;22.04.2016 03:00;0,855538;
Anilin;2;22.04.2016 03:00;0,481859;
Anilin;6;22.04.2016 03:00;0,430944;
Anilin;9;22.04.2016 03:00;0,423205;
Anilin;4;22.04.2016 03:00;0,311765;
Anilin;1;22.04.2016 03:00;0,0370995;
Anilin;7;22.04.2016 03:00;0,0270819;
Anilin;5;22.04.2016 03:00;0,0203024;
Natriumchlorid;9;22.04.2016 04:00;3,2353;
Natriumchlorid;3;22.04.2016 04:00;1,09488;
Natriumchlorid;7;22.04.2016 04:00;0,912722;
Natriumchlorid;6;22.04.2016 04:00;0,262018;
Natriumchlorid;8;22.04.2016 04:00;0,257689;
Natriumchlorid;4;22.04.2016 04:00;0,209684;
Natriumchlorid;1;22.04.2016 04:00;0,201645;
Natriumchlorid;2;22.04.2016 04:00;0,108056;
Natriumchlorid;5;22.04.2016 04:00;0,00346765;
Arsen;3;22.04.2016 04:00;2,84831;
Arsen;8;22.04.2016 04:00;0,651174;
Arsen;6;22.04.2016 04:00;0,488845;
Arsen;4;22.04.2016 04:00;0,447597;
Arsen;9;22.04.2016 04:00;0,331304;
Arsen;2;22.04.2016 04:00;0,323971;
Arsen;5;22.04.2016 04:00;0,181356;
Arsen;1;22.04.2016 04:00;0,137693;
Arsen;7;22.04.2016 04:00;0,0871128;
Benzol;8;22.04.2016 04:00;0,866355;
Benzol;3;22.04.2016 04:00;0,859994;
Benzol;6;22.04.2016 04:00;0,800163;
Benzol;7;22.04.2016 04:00;0,698792;
Benzol;9;22.04.2016 04:00;0,331494;
Benzol;1;22.04.2016 04:00;0,307595;
Benzol;4;22.04.2016 04:00;0,271438;
Benzol;2;22.04.2016 04:00;0,167053;
Benzol;5;22.04.2016 04:00;0,0241742;
Anilin;7;22.04.2016 04:00;0,972048;
Anilin;8;22.04.2016 04:00;0,744182;
Anilin;6;22.04.2016 04:00;0,537439;
Anilin;2;22.04.2016 04:00;0,487335;
Anilin;5;22.04.2016 04:00;0,456718;
Anilin;1;22.04.2016 04:00;0,288608;
Anilin;9;22.04.2016 04:00;0,239195;
Anilin;4;22.04.2016 04:00;0,153806;
Anilin;3;22.04.2016 04:00;0,138944;
Natriumchlorid;8;22.04.2016 05:00;1,59791;
Natriumchlorid;2;22.04.2016 05:00;0,570091;
Natriumchlorid;9;22.04.2016 05:00;0,460745;
Natriumchlorid;5;22.04.2016 05:00;0,447635;
Natriumchlorid;6;22.04.2016 05:00;0,397988;
Natriumchlorid;3;22.04.2016 05:00;0,332278;
Natriumchlorid;4;22.04.2016 05:00;0,27927;
Natriumchlorid;7;22.04.2016 05:00;0,18702;
Natriumchlorid;1;22.04.2016 05:00;0,163401;
Arsen;3;22.04.2016 05:00;1,75912;
Arsen;8;22.04.2016 05:00;0,834625;
Arsen;9;22.04.2016 05:00;0,564766;
Arsen;7;22.04.2016 05:00;0,28484;
Arsen;5;22.04.2016 05:00;0,278949;
Arsen;4;22.04.2016 05:00;0,264386;
Arsen;6;22.04.2016 05:00;0,134456;
Arsen;1;22.04.2016 05:00;0,11801;
Arsen;2;22.04.2016 05:00;0,0154617;
Benzol;3;22.04.2016 05:00;2,94197;
Benzol;5;22.04.2016 05:00;0,611475;
Benzol;2;22.04.2016 05:00;0,469002;
Benzol;4;22.04.2016 05:00;0,451359;
Benzol;9;22.04.2016 05:00;0,254197;
Benzol;6;22.04.2016 05:00;0,246636;
Benzol;8;22.04.2016 05:00;0,239542;
Benzol;7;22.04.2016 05:00;0,224783;
Benzol;1;22.04.2016 05:00;0,0142339;
Anilin;8;22.04.2016 05:00;1,24862;
Anilin;3;22.04.2016 05:00;1,17654;
Anilin;2;22.04.2016 05:00;0,825316;
Anilin;7;22.04.2016 05:00;0,604668;
Anilin;4;22.04.2016 05:00;0,502045;
Anilin;9;22.04.2016 05:00;0,412839;
Anilin;5;22.04.2016 05:00;0,400413;
Anilin;6;22.04.2016 05:00;0,362909;
Anilin;1;22.04.2016 05:00;0,0925331;
Natriumchlorid;3;22.04.2016 06:00;1,57282;
Natriumchlorid;5;22.04.2016 06:00;1,54384;
Natriumchlorid;2;22.04.2016 06:00;0,621924;
Natriumchlorid;6;22.04.2016 06:00;0,395387;
Natriumchlorid;8;22.04.2016 06:00;0,302486;
Natriumchlorid;1;22.04.2016 06:00;0,295395;
Natriumchlorid;7;22.04.2016 06:00;0,199869;
Natriumchlorid;4;22.04.2016 06:00;0,115315;
Natriumchlorid;9;22.04.2016 06:00;0,0258189;
Arsen;3;22.04.2016 06:00;1,99636;
Arsen;8;22.04.2016 06:00;0,785417;
Arsen;5;22.04.2016 06:00;0,524797;
Arsen;1;22.04.2016 06:00;0,522255;
Arsen;6;22.04.2016 06:00;0,341951;
Arsen;4;22.04.2016 06:00;0,290472;
Arsen;7;22.04.2016 06:00;0,133995;
Arsen;2;22.04.2016 06:00;0,129363;
Arsen;9;22.04.2016 06:00;0,0261377;
Benzol;3;22.04.2016 06:00;1,20395;
Benzol;7;22.04.2016 06:00;1,03664;
Benzol;2;22.04.2016 06:00;0,897693;
Benzol;8;22.04.2016 06:00;0,844248;
Benzol;6;22.04.2016 06:00;0,431688;
Benzol;4;22.04.2016 06:00;0,241728;
Benzol;5;22.04.2016 06:00;0,216272;
Benzol;9;22.04.2016 06:00;0,210401;
Benzol;1;22.04.2016 06:00;0,146675;
Anilin;3;22.04.2016 06:00;2,51098;
Anilin;6;22.04.2016 06:00;0,433005;
Anilin;4;22.04.2016 06:00;0,32073;
Anilin;2;22.04.2016 06:00;0,193283;
Anilin;5;22.04.2016 06:00;0,177788;
Anilin;1;22.04.2016 06:00;0,0612207;
Anilin;8;22.04.2016 06:00;0,0563581;
Anilin;9;22.04.2016 06:00;0,0228626;
Anilin;7;22.04.2016 06:00;0,0215924;
Natriumchlorid;3;22.04.2016 07:00;2,17527;
Natriumchlorid;8;22.04.2016 07:00;0,715881;
Natriumchlorid;1;22.04.2016 07:00;0,445871;
Natriumchlorid;7;22.04.2016 07:00;0,239872;
Natriumchlorid;9;22.04.2016 07:00;0,230898;
Natriumchlorid;6;22.04.2016 07:00;0,136802;
Natriumchlorid;5;22.04.2016 07:00;0,0981003;
Natriumchlorid;4;22.04.2016 07:00;0,0591013;
Natriumchlorid;2;22.04.2016 07:00;0,0438775;
Arsen;9;22.04.2016 07:00;1,10305;
Arsen;3;22.04.2016 07:00;1,07633;
Arsen;6;22.04.2016 07:00;0,833456;
Arsen;8;22.04.2016 07:00;0,305447;
Arsen;4;22.04.2016 07:00;0,276792;
Arsen;1;22.04.2016 07:00;0,219638;
Arsen;5;22.04.2016 07:00;0,159187;
Arsen;2;22.04.2016 07:00;0,142629;
Arsen;7;22.04.2016 07:00;0,128598;
Benzol;3;22.04.2016 07:00;2,93942;
Benzol;4;22.04.2016 07:00;1,94602;
Benzol;7;22.04.2016 07:00;0,987462;
Benzol;8;22.04.2016 07:00;0,41388;
Benzol;1;22.04.2016 07:00;0,382749;
Benzol;2;22.04.2016 07:00;0,294963;
Benzol;9;22.04.2016 07:00;0,244387;
Benzol;6;22.04.2016 07:00;0,171528;
Benzol;5;22.04.2016 07:00;0,104233;
Anilin;4;22.04.2016 07:00;0,679532;
Anilin;3;22.04.2016 07:00;0,551212;
Anilin;8;22.04.2016 07:00;0,399526;
Anilin;1;22.04.2016 07:00;0,386355;
Anilin;2;22.04.2016 07:00;0,3248;
Anilin;7;22.04.2016 07:00;0,308686;
Anilin;5;22.04.2016 07:00;0,191421;
Anilin;9;22.04.2016 07:00;0,162955;
Anilin;6;22.04.2016 07:00;0,0176521;
Natriumchlorid;3;22.04.2016 08:00;2,18827;
Natriumchlorid;7;22.04.2016 08:00;0,834846;
Natriumchlorid;6;22.04.2016 08:00;0,418608;
Natriumchlorid;5;22.04.2016 08:00;0,41518;
Natriumchlorid;8;22.04.2016 08:00;0,353276;
Natriumchlorid;4;22.04.2016 08:00;0,309712;
Natriumchlorid;9;22.04.2016 08:00;0,285045;
Natriumchlorid;2;22.04.2016 08:00;0,153337;
Natriumchlorid;1;22.04.2016 08:00;0,0297626;
Arsen;7;22.04.2016 08:00;1,67257;
Arsen;3;22.04.2016 08:00;1,5883;
Arsen;8;22.04.2016 08:00;0,828166;
Arsen;5;22.04.2016 08:00;0,365811;
Arsen;6;22.04.2016 08:00;0,290508;
Arsen;1;22.04.2016 08:00;0,272085;
Arsen;2;22.04.2016 08:00;0,258771;
Arsen;9;22.04.2016 08:00;0,16521;
Arsen;4;22.04.2016 08:00;0,0634686;
Benzol;3;22.04.2016 08:00;2,55811;
Benzol;4;22.04.2016 08:00;0,777216;
Benzol;6;22.04.2016 08:00;0,675867;
Benzol;9;22.04.2016 08:00;0,548218;
Benzol;1;22.04.2016 08:00;0,530002;
Benzol;7;22.04.2016 08:00;0,285495;
Benzol;8;22.04.2016 08:00;0,243613;
Benzol;5;22.04.2016 08:00;0,202713;
Benzol;2;22.04.2016 08:00;0,0600988;
Anilin;7;22.04.2016 08:00;2,74494;
Anilin;2;22.04.2016 08:00;0,69096;
Anilin;8;22.04.2016 08:00;0,688128;
Anilin;6;22.04.2016 08:00;0,487681;
Anilin;4;22.04.2016 08:00;0,380262;
Anilin;1;22.04.2016 08:00;0,26019;
Anilin;9;22.04.2016 08:00;0,243525;
Anilin;5;22.04.2016 08:00;0,209812;
Anilin;3;22.04.2016 08:00;0,0800949;
Natriumchlorid;9;22.04.2016 09:00;47,95602;
Natriumchlorid;9;22.04.2016 09:00;4,94592;
Natriumchlorid;3;22.04.2016 09:00;1,75173;
Natriumchlorid;5;22.04.2016 09:00;0,531416;
Natriumchlorid;1;22.04.2016 09:00;0,349309;
Natriumchlorid;2;22.04.2016 09:00;0,345155;
Natriumchlorid;8;22.04.2016 09:00;0,264838;
Natriumchlorid;4;22.04.2016 09:00;0,264215;
Natriumchlorid;6;22.04.2016 09:00;0,197291;
Natriumchlorid;7;22.04.2016 09:00;0,0110387;
Arsen;3;22.04.2016 09:00;2,10702;
Arsen;8;22.04.2016 09:00;1,10108;
Arsen;7;22.04.2016 09:00;0,737747;
Arsen;4;22.04.2016 09:00;0,280054;
Arsen;9;22.04.2016 09:00;0,277335;
Arsen;1;22.04.2016 09:00;0,196076;
Arsen;2;22.04.2016 09:00;0,166661;
Arsen;5;22.04.2016 09:00;0,162097;
Arsen;6;22.04.2016 09:00;0,133827;
Benzol;5;22.04.2016 09:00;1,22724;
Benzol;3;22.04.2016 09:00;1,02692;
Benzol;4;22.04.2016 09:00;0,520684;
Benzol;6;22.04.2016 09:00;0,507047;
Benzol;8;22.04.2016 09:00;0,494679;
Benzol;7;22.04.2016 09:00;0,219402;
Benzol;9;22.04.2016 09:00;0,117294;
Benzol;1;22.04.2016 09:00;0,109311;
Benzol;2;22.04.2016 09:00;0,00611938;
Anilin;3;22.04.2016 09:00;1,38886;
Anilin;7;22.04.2016 09:00;0,534504;
Anilin;2;22.04.2016 09:00;0,519994;
Anilin;1;22.04.2016 09:00;0,324415;
Anilin;6;22.04.2016 09:00;0,292812;
Anilin;4;22.04.2016 09:00;0,232011;
Anilin;5;22.04.2016 09:00;0,217271;
Anilin;8;22.04.2016 09:00;0,100791;
Natriumchlorid;9;22.04.2016 10:00;5,33821;
Natriumchlorid;8;22.04.2016 10:00;0,917507;
Natriumchlorid;9;22.04.2016 10:00;0,712447;
Natriumchlorid;2;22.04.2016 10:00;0,667262;
Natriumchlorid;6;22.04.2016 10:00;0,482806;
Natriumchlorid;3;22.04.2016 10:00;0,345792;
Natriumchlorid;7;22.04.2016 10:00;0,329763;
Natriumchlorid;4;22.04.2016 10:00;0,290166;
Natriumchlorid;1;22.04.2016 10:00;0,269642;
Natriumchlorid;5;22.04.2016 10:00;0,0993221;
Arsen;7;22.04.2016 10:00;0,898165;
Arsen;3;22.04.2016 10:00;0,767684;
Arsen;5;22.04.2016 10:00;0,422709;
Arsen;6;22.04.2016 10:00;0,328958;
Arsen;2;22.04.2016 10:00;0,239461;
Arsen;8;22.04.2016 10:00;0,203776;
Arsen;1;22.04.2016 10:00;0,202287;
Arsen;4;22.04.2016 10:00;0,139755;
Arsen;9;22.04.2016 10:00;0,0418806;
Benzol;8;22.04.2016 10:00;0,726441;
Benzol;3;22.04.2016 10:00;0,718836;
Benzol;6;22.04.2016 10:00;0,517417;
Benzol;2;22.04.2016 10:00;0,379155;
Benzol;7;22.04.2016 10:00;0,364654;
Benzol;1;22.04.2016 10:00;0,361731;
Benzol;9;22.04.2016 10:00;0,103077;
Benzol;5;22.04.2016 10:00;0,0449613;
Benzol;4;22.04.2016 10:00;0,0414229;
Anilin;3;22.04.2016 10:00;0,954725;
Anilin;2;22.04.2016 10:00;0,459088;
Anilin;1;22.04.2016 10:00;0,440047;
Anilin;4;22.04.2016 10:00;0,335489;
Anilin;8;22.04.2016 10:00;0,285242;
Anilin;6;22.04.2016 10:00;0,244679;
Anilin;7;22.04.2016 10:00;0,21779;
Anilin;5;22.04.2016 10:00;0,162757;
Natriumchlorid;5;22.04.2016 11:00;11,32177;
Natriumchlorid;5;22.04.2016 11:00;1,12692;
Natriumchlorid;2;22.04.2016 11:00;0,913197;
Natriumchlorid;3;22.04.2016 11:00;0,614842;
Natriumchlorid;7;22.04.2016 11:00;0,476273;
Natriumchlorid;6;22.04.2016 11:00;0,450761;
Natriumchlorid;8;22.04.2016 11:00;0,390682;
Natriumchlorid;9;22.04.2016 11:00;0,242523;
Natriumchlorid;1;22.04.2016 11:00;0,130943;
Natriumchlorid;4;22.04.2016 11:00;0,0865129;
Arsen;7;22.04.2016 11:00;0,545489;
Arsen;6;22.04.2016 11:00;0,407522;
Arsen;8;22.04.2016 11:00;0,367955;
Arsen;4;22.04.2016 11:00;0,282759;
Arsen;2;22.04.2016 11:00;0,26138;
Arsen;9;22.04.2016 11:00;0,211611;
Arsen;1;22.04.2016 11:00;0,0800467;
Arsen;3;22.04.2016 11:00;0,0223881;
Arsen;5;22.04.2016 11:00;0,0127868;
Benzol;5;22.04.2016 11:00;1,222;
Benzol;3;22.04.2016 11:00;1,22106;
Benzol;8;22.04.2016 11:00;0,818841;
Benzol;4;22.04.2016 11:00;0,506504;
Benzol;2;22.04.2016 11:00;0,181685;
Benzol;9;22.04.2016 11:00;0,0815451;
Benzol;6;22.04.2016 11:00;0,08068;
Benzol;1;22.04.2016 11:00;0,0762245;
Benzol;7;22.04.2016 11:00;0,0381116;
Anilin;7;22.04.2016 11:00;1,60699;
Anilin;3;22.04.2016 11:00;0,766441;
Anilin;2;22.04.2016 11:00;0,759605;
Anilin;8;22.04.2016 11:00;0,540715;
Anilin;6;22.04.2016 11:00;0,501074;
Anilin;4;22.04.2016 11:00;0,420962;
Anilin;1;22.04.2016 11:00;0,359114;
Anilin;9;22.04.2016 11:00;0,155017;
Natriumchlorid;3;22.04.2016 12:00;1,92137;
Natriumchlorid;5;22.04.2016 12:00;0,429613;
Natriumchlorid;9;22.04.2016 12:00;0,382222;
Natriumchlorid;2;22.04.2016 12:00;0,36247;
Natriumchlorid;1;22.04.2016 12:00;0,226724;
Natriumchlorid;6;22.04.2016 12:00;0,204696;
Natriumchlorid;8;22.04.2016 12:00;0,195346;
Natriumchlorid;4;22.04.2016 12:00;0,169095;
Natriumchlorid;7;22.04.2016 12:00;0,124329;
Arsen;3;22.04.2016 12:00;1,5574;
Arsen;7;22.04.2016 12:00;1,50772;
Arsen;4;22.04.2016 12:00;0,593788;
Arsen;6;22.04.2016 12:00;0,455802;
Arsen;2;22.04.2016 12:00;0,382363;
Arsen;8;22.04.2016 12:00;0,224806;
Arsen;5;22.04.2016 12:00;0,20946;
Arsen;1;22.04.2016 12:00;0,106077;
Arsen;9;22.04.2016 12:00;0,0400031;
Benzol;3;22.04.2016 12:00;1,54162;
Benzol;8;22.04.2016 12:00;0,289063;
Benzol;4;22.04.2016 12:00;0,237468;
Benzol;6;22.04.2016 12:00;0,194458;
Benzol;7;22.04.2016 12:00;0,123631;
Benzol;2;22.04.2016 12:00;0,0739498;
Benzol;9;22.04.2016 12:00;0,0633152;
Benzol;1;22.04.2016 12:00;0,0631411;
Benzol;5;22.04.2016 12:00;0,0430668;
Anilin;7;22.04.2016 12:00;1,48692;
Anilin;3;22.04.2016 12:00;0,854265;
Anilin;8;22.04.2016 12:00;0,536523;
Anilin;5;22.04.2016 12:00;0,433321;
Anilin;9;22.04.2016 12:00;0,373023;
Anilin;4;22.04.2016 12:00;0,247863;
Anilin;1;22.04.2016 12:00;0,204445;
Anilin;2;22.04.2016 12:00;0,169137;
Anilin;6;22.04.2016 12:00;0,0111765;
Natriumchlorid;4;22.04.2016 13:00;31,85437;
Natriumchlorid;4;22.04.2016 13:00;3,44401;
Natriumchlorid;3;22.04.2016 13:00;1,60049;
Natriumchlorid;6;22.04.2016 13:00;0,905206;
Natriumchlorid;2;22.04.2016 13:00;0,523759;
Natriumchlorid;8;22.04.2016 13:00;0,520349;
Natriumchlorid;5;22.04.2016 13:00;0,420219;
Natriumchlorid;1;22.04.2016 13:00;0,381337;
Natriumchlorid;9;22.04.2016 13:00;0,275903;
Natriumchlorid;7;22.04.2016 13:00;0,22185;
Arsen;9;22.04.2016 13:00;3,37726;
Arsen;3;22.04.2016 13:00;1,26272;
Arsen;4;22.04.2016 13:00;0,46936;
Arsen;6;22.04.2016 13:00;0,423008;
Arsen;5;22.04.2016 13:00;0,252001;
Arsen;8;22.04.2016 13:00;0,164036;
Arsen;7;22.04.2016 13:00;0,122304;
Arsen;2;22.04.2016 13:00;0,117221;
Arsen;1;22.04.2016 13:00;0,0255039;
Benzol;4;22.04.2016 13:00;4,4413;
Benzol;3;22.04.2016 13:00;1,24561;
Benzol;1;22.04.2016 13:00;0,47563;
Benzol;5;22.04.2016 13:00;0,357299;
Benzol;6;22.04.2016 13:00;0,319622;
Benzol;7;22.04.2016 13:00;0,317436;
Benzol;8;22.04.2016 13:00;0,176703;
Benzol;9;22.04.2016 13:00;0,122335;
Benzol;2;22.04.2016 13:00;0,115965;
Anilin;3;22.04.2016 13:00;2,53699;
Anilin;8;22.04.2016 13:00;0,855128;
Anilin;6;22.04.2016 13:00;0,464108;
Anilin;2;22.04.2016 13:00;0,456527;
Anilin;7;22.04.2016 13:00;0,344002;
Anilin;5;22.04.2016 13:00;0,30521;
Anilin;1;22.04.2016 13:00;0,0999679;
Anilin;9;22.04.2016 13:00;0,0389816;
Natriumchlorid;4;22.04.2016 14:00;10,7686;
Natriumchlorid;3;22.04.2016 14:00;1,77072;
Natriumchlorid;4;22.04.2016 14:00;1,64277;
Natriumchlorid;7;22.04.2016 14:00;0,94725;
Natriumchlorid;5;22.04.2016 14:00;0,627729;
Natriumchlorid;8;22.04.2016 14:00;0,396739;
Natriumchlorid;2;22.04.2016 14:00;0,385156;
Natriumchlorid;9;22.04.2016 14:00;0,356524;
Natriumchlorid;1;22.04.2016 14:00;0,263368;
Natriumchlorid;6;22.04.2016 14:00;0,190712;
Arsen;3;22.04.2016 14:00;1,98773;
Arsen;9;22.04.2016 14:00;1,08642;
Arsen;8;22.04.2016 14:00;0,672404;
Arsen;6;22.04.2016 14:00;0,562283;
Arsen;4;22.04.2016 14:00;0,353785;
Arsen;5;22.04.2016 14:00;0,195645;
Arsen;2;22.04.2016 14:00;0,0913195;
Arsen;1;22.04.2016 14:00;0,0317347;
Arsen;7;22.04.2016 14:00;0,0189723;
Benzol;7;22.04.2016 14:00;1,73271;
Benzol;3;22.04.2016 14:00;1,60205;
Benzol;8;22.04.2016 14:00;0,81657;
Benzol;4;22.04.2016 14:00;0,74805;
Benzol;2;22.04.2016 14:00;0,639797;
Benzol;6;22.04.2016 14:00;0,564999;
Benzol;1;22.04.2016 14:00;0,313013;
Benzol;5;22.04.2016 14:00;0,175081;
Benzol;9;22.04.2016 14:00;0,0579319;
Anilin;3;22.04.2016 14:00;0,781056;
Anilin;8;22.04.2016 14:00;0,619019;
Anilin;6;22.04.2016 14:00;0,558757;
Anilin;7;22.04.2016 14:00;0,336573;
Anilin;1;22.04.2016 14:00;0,234386;
Anilin;2;22.04.2016 14:00;0,175705;
Anilin;5;22.04.2016 14:00;0,0388333;
Anilin;9;22.04.2016 14:00;0,00291327;
Natriumchlorid;3;22.04.2016 15:00;1,70081;
Natriumchlorid;6;22.04.2016 15:00;0,636008;
Natriumchlorid;2;22.04.2016 15:00;0,373025;
Natriumchlorid;4;22.04.2016 15:00;0,319208;
Natriumchlorid;1;22.04.2016 15:00;0,314882;
Natriumchlorid;5;22.04.2016 15:00;0,195927;
Natriumchlorid;7;22.04.2016 15:00;0,113752;
Natriumchlorid;9;22.04.2016 15:00;0,0515389;
Natriumchlorid;8;22.04.2016 15:00;0,0297435;
Arsen;3;22.04.2016 15:00;1,82798;
Arsen;8;22.04.2016 15:00;0,992663;
Arsen;2;22.04.2016 15:00;0,811763;
Arsen;6;22.04.2016 15:00;0,486168;
Arsen;4;22.04.2016 15:00;0,420742;
Arsen;1;22.04.2016 15:00;0,418837;
Arsen;5;22.04.2016 15:00;0,200818;
Arsen;7;22.04.2016 15:00;0,106816;
Arsen;9;22.04.2016 15:00;0,0494745;
Benzol;2;22.04.2016 15:00;0,95539;
Benzol;5;22.04.2016 15:00;0,580813;
Benzol;6;22.04.2016 15:00;0,55559;
Benzol;3;22.04.2016 15:00;0,498568;
Benzol;8;22.04.2016 15:00;0,390804;
Benzol;1;22.04.2016 15:00;0,388396;
Benzol;4;22.04.2016 15:00;0,290335;
Benzol;7;22.04.2016 15:00;0,252089;
Benzol;9;22.04.2016 15:00;0,0729559;
Anilin;3;22.04.2016 15:00;1,34278;
Anilin;8;22.04.2016 15:00;1,00707;
Anilin;7;22.04.2016 15:00;0,494822;
Anilin;2;22.04.2016 15:00;0,430089;
Anilin;6;22.04.2016 15:00;0,388511;
Anilin;1;22.04.2016 15:00;0,300987;
Anilin;9;22.04.2016 15:00;0,211673;
Anilin;4;22.04.2016 15:00;0,202026;
Anilin;5;22.04.2016 15:00;0,137454;
Natriumchlorid;8;22.04.2016 16:00;1,56875;
Natriumchlorid;4;22.04.2016 16:00;0,53842;
Natriumchlorid;6;22.04.2016 16:00;0,34935;
Natriumchlorid;7;22.04.2016 16:00;0,329252;
Natriumchlorid;3;22.04.2016 16:00;0,257653;
Natriumchlorid;5;22.04.2016 16:00;0,226884;
Natriumchlorid;1;22.04.2016 16:00;0,166529;
Natriumchlorid;9;22.04.2016 16:00;0,150076;
Natriumchlorid;2;22.04.2016 16:00;0,0384474;
Arsen;3;22.04.2016 16:00;0,901225;
Arsen;8;22.04.2016 16:00;0,746626;
Arsen;9;22.04.2016 16:00;0,570312;
Arsen;6;22.04.2016 16:00;0,512275;
Arsen;7;22.04.2016 16:00;0,448311;
Arsen;1;22.04.2016 16:00;0,412785;
Arsen;4;22.04.2016 16:00;0,2715;
Arsen;5;22.04.2016 16:00;0,255636;
Arsen;2;22.04.2016 16:00;0,236674;
Benzol;3;22.04.2016 16:00;0,798548;
Benzol;6;22.04.2016 16:00;0,506853;
Benzol;7;22.04.2016 16:00;0,351816;
Benzol;9;22.04.2016 16:00;0,26205;
Benzol;5;22.04.2016 16:00;0,245164;
Benzol;8;22.04.2016 16:00;0,222513;
Benzol;2;22.04.2016 16:00;0,126253;
Benzol;4;22.04.2016 16:00;0,072198;
Benzol;1;22.04.2016 16:00;0,0105759;
Anilin;3;22.04.2016 16:00;1,85179;
Anilin;2;22.04.2016 16:00;1,02669;
Anilin;7;22.04.2016 16:00;0,692729;
Anilin;6;22.04.2016 16:00;0,688059;
Anilin;8;22.04.2016 16:00;0,504844;
Anilin;4;22.04.2016 16:00;0,40224;
Anilin;5;22.04.2016 16:00;0,365218;
Anilin;1;22.04.2016 16:00;0,164013;
Anilin;9;22.04.2016 16:00;0,0524636;
Natriumchlorid;7;22.04.2016 17:00;0,889241;
Natriumchlorid;8;22.04.2016 17:00;0,621369;
Natriumchlorid;3;22.04.2016 17:00;0,506213;
Natriumchlorid;5;22.04.2016 17:00;0,351458;
Natriumchlorid;1;22.04.2016 17:00;0,296081;
Natriumchlorid;6;22.04.2016 17:00;0,257951;
Natriumchlorid;4;22.04.2016 17:00;0,147702;
Natriumchlorid;9;22.04.2016 17:00;0,096957;
Natriumchlorid;2;22.04.2016 17:00;0,0865045;
Arsen;3;22.04.2016 17:00;2,59308;
Arsen;8;22.04.2016 17:00;0,663975;
Arsen;7;22.04.2016 17:00;0,466981;
Arsen;5;22.04.2016 17:00;0,463386;
Arsen;2;22.04.2016 17:00;0,371597;
Arsen;6;22.04.2016 17:00;0,218016;
Arsen;1;22.04.2016 17:00;0,164231;
Arsen;4;22.04.2016 17:00;0,107414;
Arsen;9;22.04.2016 17:00;0,106523;
Benzol;7;22.04.2016 17:00;1,43541;
Benzol;3;22.04.2016 17:00;1,10092;
Benzol;4;22.04.2016 17:00;0,750687;
Benzol;8;22.04.2016 17:00;0,532541;
Benzol;6;22.04.2016 17:00;0,530356;
Benzol;5;22.04.2016 17:00;0,322212;
Benzol;1;22.04.2016 17:00;0,141361;
Benzol;2;22.04.2016 17:00;0,132096;
Benzol;9;22.04.2016 17:00;0,112032;
Anilin;3;22.04.2016 17:00;2,20998;
Anilin;7;22.04.2016 17:00;0,674869;
Anilin;9;22.04.2016 17:00;0,530181;
Anilin;5;22.04.2016 17:00;0,370453;
Anilin;6;22.04.2016 17:00;0,277214;
Anilin;8;22.04.2016 17:00;0,23125;
Anilin;2;22.04.2016 17:00;0,22727;
Anilin;4;22.04.2016 17:00;0,22441;
Anilin;1;22.04.2016 17:00;0,0785599;
Natriumchlorid;7;22.04.2016 18:00;2,17823;
Natriumchlorid;3;22.04.2016 18:00;1,70406;
Natriumchlorid;2;22.04.2016 18:00;0,695344;
Natriumchlorid;4;22.04.2016 18:00;0,585196;
Natriumchlorid;8;22.04.2016 18:00;0,544824;
Natriumchlorid;1;22.04.2016 18:00;0,437706;
Natriumchlorid;5;22.04.2016 18:00;0,395849;
Natriumchlorid;9;22.04.2016 18:00;0,367044;
Natriumchlorid;6;22.04.2016 18:00;0,360259;
Arsen;3;22.04.2016 18:00;1,3879;
Arsen;7;22.04.2016 18:00;0,699192;
Arsen;2;22.04.2016 18:00;0,625732;
Arsen;9;22.04.2016 18:00;0,536186;
Arsen;5;22.04.2016 18:00;0,395419;
Arsen;8;22.04.2016 18:00;0,335416;
Arsen;6;22.04.2016 18:00;0,213266;
Arsen;4;22.04.2016 18:00;0,193306;
Arsen;1;22.04.2016 18:00;0,0260795;
Benzol;3;22.04.2016 18:00;2,11439;
Benzol;7;22.04.2016 18:00;0,749497;
Benzol;1;22.04.2016 18:00;0,562528;
Benzol;6;22.04.2016 18:00;0,434977;
Benzol;8;22.04.2016 18:00;0,373988;
Benzol;5;22.04.2016 18:00;0,257213;
Benzol;4;22.04.2016 18:00;0,118733;
Benzol;9;22.04.2016 18:00;0,0605581;
Benzol;2;22.04.2016 18:00;0,0453871;
Anilin;3;22.04.2016 18:00;4,60508;
Anilin;8;22.04.2016 18:00;1,05446;
Anilin;7;22.04.2016 18:00;1,02659;
Anilin;1;22.04.2016 18:00;0,365041;
Anilin;2;22.04.2016 18:00;0,197919;
Anilin;4;22.04.2016 18:00;0,146431;
Anilin;5;22.04.2016 18:00;0,119772;
Anilin;9;22.04.2016 18:00;0,112502;
Anilin;6;22.04.2016 18:00;0,105083;
Natriumchlorid;5;22.04.2016 19:00;6,00185;
Natriumchlorid;3;22.04.2016 19:00;1,13882;
Natriumchlorid;5;22.04.2016 19:00;0,951894;
Natriumchlorid;8;22.04.2016 19:00;0,598505;
Natriumchlorid;9;22.04.2016 19:00;0,533906;
Natriumchlorid;1;22.04.2016 19:00;0,249924;
Natriumchlorid;4;22.04.2016 19:00;0,233164;
Natriumchlorid;2;22.04.2016 19:00;0,153491;
Natriumchlorid;7;22.04.2016 19:00;0,098963;
Natriumchlorid;6;22.04.2016 19:00;0,0931292;
Arsen;3;22.04.2016 19:00;1,06823;
Arsen;7;22.04.2016 19:00;0,788256;
Arsen;8;22.04.2016 19:00;0,568984;
Arsen;1;22.04.2016 19:00;0,437272;
Arsen;6;22.04.2016 19:00;0,384202;
Arsen;4;22.04.2016 19:00;0,339757;
Arsen;5;22.04.2016 19:00;0,317797;
Arsen;2;22.04.2016 19:00;0,280534;
Arsen;9;22.04.2016 19:00;0,185;
Benzol;3;22.04.2016 19:00;0,79317;
Benzol;9;22.04.2016 19:00;0,512243;
Benzol;8;22.04.2016 19:00;0,469208;
Benzol;2;22.04.2016 19:00;0,408291;
Benzol;1;22.04.2016 19:00;0,319203;
Benzol;5;22.04.2016 19:00;0,271838;
Benzol;6;22.04.2016 19:00;0,19008;
Benzol;4;22.04.2016 19:00;0,0927121;
Benzol;7;22.04.2016 19:00;0,0773694;
Anilin;7;22.04.2016 19:00;1,72474;
Anilin;3;22.04.2016 19:00;0,796871;
Anilin;6;22.04.2016 19:00;0,727171;
Anilin;8;22.04.2016 19:00;0,532961;
Anilin;4;22.04.2016 19:00;0,513082;
Anilin;2;22.04.2016 19:00;0,196467;
Anilin;1;22.04.2016 19:00;0,0947492;
Anilin;9;22.04.2016 19:00;0,0475404;
Natriumchlorid;3;22.04.2016 20:00;1,52485;
Natriumchlorid;8;22.04.2016 20:00;0,824226;
Natriumchlorid;2;22.04.2016 20:00;0,683444;
Natriumchlorid;4;22.04.2016 20:00;0,571651;
Natriumchlorid;6;22.04.2016 20:00;0,433052;
Natriumchlorid;5;22.04.2016 20:00;0,358613;
Natriumchlorid;7;22.04.2016 20:00;0,279344;
Natriumchlorid;9;22.04.2016 20:00;0,0560747;
Natriumchlorid;1;22.04.2016 20:00;0,050063;
Arsen;3;22.04.2016 20:00;2,05031;
Arsen;7;22.04.2016 20:00;0,863541;
Arsen;6;22.04.2016 20:00;0,420976;
Arsen;2;22.04.2016 20:00;0,314725;
Arsen;4;22.04.2016 20:00;0,251999;
Arsen;9;22.04.2016 20:00;0,130147;
Arsen;5;22.04.2016 20:00;0,108233;
Arsen;8;22.04.2016 20:00;0,105088;
Arsen;1;22.04.2016 20:00;0,0367779;
Benzol;3;22.04.2016 20:00;3,53413;
Benzol;5;22.04.2016 20:00;1,46141;
Benzol;4;22.04.2016 20:00;0,533661;
Benzol;8;22.04.2016 20:00;0,512145;
Benzol;9;22.04.2016 20:00;0,332826;
Benzol;7;22.04.2016 20:00;0,214011;
Benzol;2;22.04.2016 20:00;0,204115;
Benzol;1;22.04.2016 20:00;0,17168;
Benzol;6;22.04.2016 20:00;0,0172719;
Anilin;3;22.04.2016 20:00;1,02304;
Anilin;7;22.04.2016 20:00;0,726535;
Anilin;2;22.04.2016 20:00;0,506111;
Anilin;9;22.04.2016 20:00;0,454227;
Anilin;8;22.04.2016 20:00;0,383364;
Anilin;4;22.04.2016 20:00;0,199308;
Anilin;6;22.04.2016 20:00;0,192764;
Anilin;5;22.04.2016 20:00;0,155105;
Anilin;1;22.04.2016 20:00;0,0325811;
Natriumchlorid;9;22.04.2016 21:00;2,48196;
Natriumchlorid;3;22.04.2016 21:00;1,03095;
Natriumchlorid;8;22.04.2016 21:00;0,664204;
Natriumchlorid;4;22.04.2016 21:00;0,527068;
Natriumchlorid;9;22.04.2016 21:00;0,271658;
Natriumchlorid;2;22.04.2016 21:00;0,231162;
Natriumchlorid;1;22.04.2016 21:00;0,171361;
Natriumchlorid;6;22.04.2016 21:00;0,105942;
Natriumchlorid;7;22.04.2016 21:00;0,102476;
Natriumchlorid;5;22.04.2016 21:00;0,0623384;
Arsen;2;22.04.2016 21:00;0,761566;
Arsen;6;22.04.2016 21:00;0,616239;
Arsen;4;22.04.2016 21:00;0,599065;
Arsen;7;22.04.2016 21:00;0,40466;
Arsen;8;22.04.2016 21:00;0,231093;
Arsen;1;22.04.2016 21:00;0,212561;
Arsen;3;22.04.2016 21:00;0,140169;
Arsen;9;22.04.2016 21:00;0,0342907;
Arsen;5;22.04.2016 21:00;0,00185764;
Benzol;9;22.04.2016 21:00;0,704772;
Benzol;5;22.04.2016 21:00;0,354289;
Benzol;3;22.04.2016 21:00;0,327039;
Benzol;7;22.04.2016 21:00;0,208545;
Benzol;6;22.04.2016 21:00;0,139898;
Benzol;8;22.04.2016 21:00;0,106948;
Benzol;2;22.04.2016 21:00;0,105415;
Benzol;1;22.04.2016 21:00;0,0146809;
Benzol;4;22.04.2016 21:00;0,00316367;
Anilin;3;22.04.2016 21:00;1,3438;
Anilin;7;22.04.2016 21:00;0,9569;
Anilin;8;22.04.2016 21:00;0,610361;
Anilin;6;22.04.2016 21:00;0,292016;
Anilin;4;22.04.2016 21:00;0,280008;
Anilin;5;22.04.2016 21:00;0,199094;
Anilin;2;22.04.2016 21:00;0,185757;
Anilin;1;22.04.2016 21:00;0,0986435;
Natriumchlorid;3;22.04.2016 22:00;2,04096;
Natriumchlorid;2;22.04.2016 22:00;0,85341;
Natriumchlorid;7;22.04.2016 22:00;0,523217;
Natriumchlorid;9;22.04.2016 22:00;0,334049;
Natriumchlorid;1;22.04.2016 22:00;0,32501;
Natriumchlorid;6;22.04.2016 22:00;0,301819;
Natriumchlorid;5;22.04.2016 22:00;0,17906;
Natriumchlorid;4;22.04.2016 22:00;0,0644209;
Natriumchlorid;8;22.04.2016 22:00;0,0335719;
Arsen;3;22.04.2016 22:00;2,67284;
Arsen;8;22.04.2016 22:00;1,82539;
Arsen;6;22.04.2016 22:00;0,691511;
Arsen;5;22.04.2016 22:00;0,579433;
Arsen;2;22.04.2016 22:00;0,446274;
Arsen;4;22.04.2016 22:00;0,270139;
Arsen;1;22.04.2016 22:00;0,242976;
Arsen;9;22.04.2016 22:00;0,222346;
Arsen;7;22.04.2016 22:00;0,0375666;
Benzol;4;22.04.2016 22:00;0,396373;
Benzol;5;22.04.2016 22:00;0,368077;
Benzol;8;22.04.2016 22:00;0,334097;
Benzol;2;22.04.2016 22:00;0,284169;
Benzol;9;22.04.2016 22:00;0,193443;
Benzol;3;22.04.2016 22:00;0,189745;
Benzol;7;22.04.2016 22:00;0,183231;
Benzol;1;22.04.2016 22:00;0,142988;
Benzol;6;22.04.2016 22:00;0,119667;
Anilin;5;22.04.2016 22:00;0,326304;
Anilin;4;22.04.2016 22:00;0,306373;
Anilin;1;22.04.2016 22:00;0,301944;
Anilin;3;22.04.2016 22:00;0,283194;
Anilin;7;22.04.2016 22:00;0,231684;
Anilin;9;22.04.2016 22:00;0,20166;
Anilin;6;22.04.2016 22:00;0,161144;
Anilin;2;22.04.2016 22:00;0,141222;
Anilin;8;22.04.2016 22:00;0,0121748;
Natriumchlorid;6;22.04.2016 23:00;2,0901;
Natriumchlorid;3;22.04.2016 23:00;0,970949;
Natriumchlorid;2;22.04.2016 23:00;0,486085;
Natriumchlorid;9;22.04.2016 23:00;0,484437;
Natriumchlorid;8;22.04.2016 23:00;0,445338;
Natriumchlorid;1;22.04.2016 23:00;0,354227;
Natriumchlorid;5;22.04.2016 23:00;0,352805;
Natriumchlorid;7;22.04.2016 23:00;0,233654;
Natriumchlorid;4;22.04.2016 23:00;0,149579;
Arsen;3;22.04.2016 23:00;1,56183;
Arsen;5;22.04.2016 23:00;0,524434;
Arsen;7;22.04.2016 23:00;0,518432;
Arsen;9;22.04.2016 23:00;0,342186;
Arsen;4;22.04.2016 23:00;0,325205;
Arsen;8;22.04.2016 23:00;0,306925;
Arsen;1;22.04.2016 23:00;0,225937;
Arsen;6;22.04.2016 23:00;0,189545;
Arsen;2;22.04.2016 23:00;0,043184;
Benzol;3;22.04.2016 23:00;1,50891;
Benzol;7;22.04.2016 23:00;0,949277;
Benzol;4;22.04.2016 23:00;0,624253;
Benzol;6;22.04.2016 23:00;0,582007;
Benzol;9;22.04.2016 23:00;0,5306;
Benzol;2;22.04.2016 23:00;0,401557;
Benzol;8;22.04.2016 23:00;0,214645;
Benzol;1;22.04.2016 23:00;0,211811;
Benzol;5;22.04.2016 23:00;0,191839;
Anilin;6;22.04.2016 23:00;17,08713;
Anilin;3;22.04.2016 23:00;0,687276;
Anilin;2;22.04.2016 23:00;0,657544;
Anilin;8;22.04.2016 23:00;0,577656;
Anilin;9;22.04.2016 23:00;0,352564;
Anilin;7;22.04.2016 23:00;0,269712;
Anilin;5;22.04.2016 23:00;0,190674;
Anilin;4;22.04.2016 23:00;0,122524;
Anilin;1;22.04.2016 23:00;0,0120591;
Natriumchlorid;3;23.04.2016 00:00;1,23024;
Natriumchlorid;6;23.04.2016 00:00;1,18421;
Natriumchlorid;5;23.04.2016 00:00;0,626142;
Natriumchlorid;1;23.04.2016 00:00;0,580182;
Natriumchlorid;2;23.04.2016 00:00;0,402089;
Natriumchlorid;7;23.04.2016 00:00;0,385575;
Natriumchlorid;4;23.04.2016 00:00;0,234667;
Natriumchlorid;8;23.04.2016 00:00;0,227191;
Natriumchlorid;9;23.04.2016 00:00;0,088318;
Arsen;7;23.04.2016 00:00;2,80073;
Arsen;3;23.04.2016 00:00;2,5333;
Arsen;8;23.04.2016 00:00;1,10786;
Arsen;2;23.04.2016 00:00;0,405241;
Arsen;5;23.04.2016 00:00;0,260558;
Arsen;1;23.04.2016 00:00;0,208179;
Arsen;9;23.04.2016 00:00;0,185338;
Arsen;4;23.04.2016 00:00;0,108215;
Arsen;6;23.04.2016 00:00;0,0254798;
Benzol;7;23.04.2016 00:00;0,713947;
Benzol;1;23.04.2016 00:00;0,64079;
Benzol;5;23.04.2016 00:00;0,579422;
Benzol;6;23.04.2016 00:00;0,475673;
Benzol;8;23.04.2016 00:00;0,33647;
Benzol;3;23.04.2016 00:00;0,222526;
Benzol;2;23.04.2016 00:00;0,194813;
Benzol;4;23.04.2016 00:00;0,192935;
Benzol;9;23.04.2016 00:00;0,10963;
Anilin;6;23.04.2016 00:00;7,32478;
Anilin;8;23.04.2016 00:00;0,777557;
Anilin;3;23.04.2016 00:00;0,66196;
Anilin;2;23.04.2016 00:00;0,539728;
Anilin;7;23.04.2016 00:00;0,375295;
Anilin;9;23.04.2016 00:00;0,212102;
Anilin;4;23.04.2016 00:00;0,165362;
Anilin;5;23.04.2016 00:00;0,0847142;
Anilin;1;23.04.2016 00:00;0,0150896;
Natriumchlorid;3;23.04.2016 01:00;2,5129;
Natriumchlorid;2;23.04.2016 01:00;0,908449;
Natriumchlorid;5;23.04.2016 01:00;0,568838;
Natriumchlorid;4;23.04.2016 01:00;0,519623;
Natriumchlorid;8;23.04.2016 01:00;0,49597;
Natriumchlorid;1;23.04.2016 01:00;0,403349;
Natriumchlorid;6;23.04.2016 01:00;0,266142;
Natriumchlorid;7;23.04.2016 01:00;0,248195;
Natriumchlorid;9;23.04.2016 01:00;0,0524031;
Arsen;3;23.04.2016 01:00;2,58275;
Arsen;7;23.04.2016 01:00;1,21599;
Arsen;8;23.04.2016 01:00;0,75313;
Arsen;4;23.04.2016 01:00;0,666185;
Arsen;6;23.04.2016 01:00;0,506853;
Arsen;9;23.04.2016 01:00;0,501759;
Arsen;1;23.04.2016 01:00;0,337924;
Arsen;2;23.04.2016 01:00;0,257238;
Arsen;5;23.04.2016 01:00;0,151929;
Benzol;3;23.04.2016 01:00;1,00149;
Benzol;6;23.04.2016 01:00;0,585413;
Benzol;1;23.04.2016 01:00;0,428531;
Benzol;5;23.04.2016 01:00;0,309477;
Benzol;4;23.04.2016 01:00;0,278061;
Benzol;2;23.04.2016 01:00;0,237247;
Benzol;9;23.04.2016 01:00;0,211182;
Benzol;7;23.04.2016 01:00;0,116925;
Benzol;8;23.04.2016 01:00;0,114483;
Anilin;8;23.04.2016 01:00;0,341918;
Anilin;4;23.04.2016 01:00;0,326931;
Anilin;1;23.04.2016 01:00;0,326333;
Anilin;2;23.04.2016 01:00;0,284951;
Anilin;9;23.04.2016 01:00;0,280113;
Anilin;7;23.04.2016 01:00;0,192023;
Anilin;6;23.04.2016 01:00;0,149905;
Anilin;3;23.04.2016 01:00;0,114605;
Anilin;5;23.04.2016 01:00;0,0729019;
Natriumchlorid;3;23.04.2016 02:00;0,953004;
Natriumchlorid;7;23.04.2016 02:00;0,520959;
Natriumchlorid;6;23.04.2016 02:00;0,469544;
Natriumchlorid;1;23.04.2016 02:00;0,313046;
Natriumchlorid;2;23.04.2016 02:00;0,258358;
Natriumchlorid;5;23.04.2016 02:00;0,229808;
Natriumchlorid;8;23.04.2016 02:00;0,111912;
Natriumchlorid;9;23.04.2016 02:00;0,0936522;
Natriumchlorid;4;23.04.2016 02:00;0,00847928;
Arsen;3;23.04.2016 02:00;3,25076;
Arsen;7;23.04.2016 02:00;1,58713;
Arsen;1;23.04.2016 02:00;0,474723;
Arsen;8;23.04.2016 02:00;0,459258;
Arsen;6;23.04.2016 02:00;0,402012;
Arsen;4;23.04.2016 02:00;0,318343;
Arsen;9;23.04.2016 02:00;0,126574;
Arsen;2;23.04.2016 02:00;0,0933181;
Arsen;5;23.04.2016 02:00;0,0821219;
Benzol;3;23.04.2016 02:00;1,97169;
Benzol;4;23.04.2016 02:00;0,63318;
Benzol;1;23.04.2016 02:00;0,464513;
Benzol;5;23.04.2016 02:00;0,395816;
Benzol;7;23.04.2016 02:00;0,393179;
Benzol;8;23.04.2016 02:00;0,36475;
Benzol;2;23.04.2016 02:00;0,2768;
Benzol;6;23.04.2016 02:00;0,260246;
Benzol;9;23.04.2016 02:00;0,184724;
Anilin;3;23.04.2016 02:00;1,45357;
Anilin;8;23.04.2016 02:00;0,567915;
Anilin;4;23.04.2016 02:00;0,359987;
Anilin;6;23.04.2016 02:00;0,317194;
Anilin;1;23.04.2016 02:00;0,27559;
Anilin;2;23.04.2016 02:00;0,25425;
Anilin;5;23.04.2016 02:00;0,220481;
Anilin;9;23.04.2016 02:00;0,197926;
Anilin;7;23.04.2016 02:00;0,0171253;
Natriumchlorid;3;23.04.2016 03:00;4,1695;
Natriumchlorid;4;23.04.2016 03:00;0,655046;
Natriumchlorid;7;23.04.2016 03:00;0,641573;
Natriumchlorid;5;23.04.2016 03:00;0,462219;
Natriumchlorid;6;23.04.2016 03:00;0,44745;
Natriumchlorid;9;23.04.2016 03:00;0,353651;
Natriumchlorid;2;23.04.2016 03:00;0,316589;
Natriumchlorid;1;23.04.2016 03:00;0,0805592;
Natriumchlorid;8;23.04.2016 03:00;0,0554634;
Arsen;7;23.04.2016 03:00;0,627767;
Arsen;3;23.04.2016 03:00;0,575597;
Arsen;4;23.04.2016 03:00;0,326037;
Arsen;6;23.04.2016 03:00;0,264029;
Arsen;9;23.04.2016 03:00;0,1911;
Arsen;5;23.04.2016 03:00;0,142548;
Arsen;1;23.04.2016 03:00;0,127392;
Arsen;2;23.04.2016 03:00;0,103242;
Arsen;8;23.04.2016 03:00;0,100256;
Benzol;3;23.04.2016 03:00;1,46202;
Benzol;7;23.04.2016 03:00;1,05721;
Benzol;4;23.04.2016 03:00;0,616693;
Benzol;8;23.04.2016 03:00;0,616251;
Benzol;2;23.04.2016 03:00;0,455158;
Benzol;6;23.04.2016 03:00;0,33339;
Benzol;5;23.04.2016 03:00;0,15056;
Benzol;9;23.04.2016 03:00;0,0961;
Benzol;1;23.04.2016 03:00;0,00826306;
Anilin;8;23.04.2016 03:00;0,80953;
Anilin;3;23.04.2016 03:00;0,64479;
Anilin;5;23.04.2016 03:00;0,623195;
Anilin;2;23.04.2016 03:00;0,496279;
Anilin;7;23.04.2016 03:00;0,302393;
Anilin;6;23.04.2016 03:00;0,258089;
Anilin;9;23.04.2016 03:00;0,160103;
Anilin;4;23.04.2016 03:00;0,120644;
Anilin;1;23.04.2016 03:00;0,013951;
Natriumchlorid;6;23.04.2016 04:00;0,769466;
Natriumchlorid;3;23.04.2016 04:00;0,554325;
Natriumchlorid;9;23.04.2016 04:00;0,375506;
Natriumchlorid;2;23.04.2016 04:00;0,373968;
Natriumchlorid;4;23.04.2016 04:00;0,308822;
Natriumchlorid;5;23.04.2016 04:00;0,277054;
Natriumchlorid;1;23.04.2016 04:00;0,190641;
Natriumchlorid;8;23.04.2016 04:00;0,161228;
Natriumchlorid;7;23.04.2016 04:00;0,150951;
Arsen;7;23.04.2016 04:00;1,70396;
Arsen;8;23.04.2016 04:00;0,915745;
Arsen;2;23.04.2016 04:00;0,835702;
Arsen;3;23.04.2016 04:00;0,580098;
Arsen;6;23.04.2016 04:00;0,201742;
Arsen;9;23.04.2016 04:00;0,147024;
Arsen;4;23.04.2016 04:00;0,0956011;
Arsen;5;23.04.2016 04:00;0,0476136;
Arsen;1;23.04.2016 04:00;0,00499783;
Benzol;2;23.04.2016 04:00;0,884227;
Benzol;3;23.04.2016 04:00;0,671314;
Benzol;6;23.04.2016 04:00;0,550262;
Benzol;9;23.04.2016 04:00;0,460387;
Benzol;4;23.04.2016 04:00;0,450032;
Benzol;7;23.04.2016 04:00;0,378525;
Benzol;8;23.04.2016 04:00;0,283998;
Benzol;1;23.04.2016 04:00;0,0124367;
Benzol;5;23.04.2016 04:00;0,00554102;
Anilin;7;23.04.2016 04:00;0,629592;
Anilin;6;23.04.2016 04:00;0,62412;
Anilin;5;23.04.2016 04:00;0,608329;
Anilin;3;23.04.2016 04:00;0,522372;
Anilin;2;23.04.2016 04:00;0,367447;
Anilin;4;23.04.2016 04:00;0,366151;
Anilin;8;23.04.2016 04:00;0,228135;
Anilin;1;23.04.2016 04:00;0,0412776;
Anilin;9;23.04.2016 04:00;0,033601;
Natriumchlorid;3;23.04.2016 05:00;3,3001;
Natriumchlorid;2;23.04.2016 05:00;0,554844;
Natriumchlorid;6;23.04.2016 05:00;0,533839;
Natriumchlorid;8;23.04.2016 05:00;0,420495;
Natriumchlorid;7;23.04.2016 05:00;0,255326;
Natriumchlorid;1;23.04.2016 05:00;0,174865;
Natriumchlorid;5;23.04.2016 05:00;0,111849;
Natriumchlorid;4;23.04.2016 05:00;0,0859992;
Natriumchlorid;9;23.04.2016 05:00;0,0230049;
Arsen;4;23.04.2016 05:00;0,630129;
Arsen;1;23.04.2016 05:00;0,587516;
Arsen;2;23.04.2016 05:00;0,581637;
Arsen;8;23.04.2016 05:00;0,528313;
Arsen;9;23.04.2016 05:00;0,502621;
Arsen;3;23.04.2016 05:00;0,439579;
Arsen;5;23.04.2016 05:00;0,370219;
Arsen;6;23.04.2016 05:00;0,243684;
Arsen;7;23.04.2016 05:00;0,194768;
Benzol;7;23.04.2016 05:00;0,724699;
Benzol;8;23.04.2016 05:00;0,445985;
Benzol;5;23.04.2016 05:00;0,225208;
Benzol;6;23.04.2016 05:00;0,220319;
Benzol;2;23.04.2016 05:00;0,213113;
Benzol;9;23.04.2016 05:00;0,169466;
Benzol;3;23.04.2016 05:00;0,154628;
Benzol;4;23.04.2016 05:00;0,129203;
Benzol;1;23.04.2016 05:00;0,102956;
Anilin;3;23.04.2016 05:00;2,86574;
Anilin;6;23.04.2016 05:00;0,435334;
Anilin;7;23.04.2016 05:00;0,422235;
Anilin;8;23.04.2016 05:00;0,339938;
Anilin;9;23.04.2016 05:00;0,300257;
Anilin;1;23.04.2016 05:00;0,219177;
Anilin;4;23.04.2016 05:00;0,210167;
Anilin;2;23.04.2016 05:00;0,089876;
Anilin;5;23.04.2016 05:00;0,0452185;
Natriumchlorid;3;23.04.2016 06:00;1,81322;
Natriumchlorid;6;23.04.2016 06:00;0,584685;
Natriumchlorid;9;23.04.2016 06:00;0,545737;
Natriumchlorid;4;23.04.2016 06:00;0,431341;
Natriumchlorid;2;23.04.2016 06:00;0,419304;
Natriumchlorid;1;23.04.2016 06:00;0,302764;
Natriumchlorid;7;23.04.2016 06:00;0,266306;
Natriumchlorid;5;23.04.2016 06:00;0,130004;
Natriumchlorid;8;23.04.2016 06:00;0,0702609;
Arsen;3;23.04.2016 06:00;1,5925;
Arsen;8;23.04.2016 06:00;0,784298;
Arsen;2;23.04.2016 06:00;0,581944;
Arsen;4;23.04.2016 06:00;0,454198;
Arsen;6;23.04.2016 06:00;0,413374;
Arsen;7;23.04.2016 06:00;0,271985;
Arsen;9;23.04.2016 06:00;0,262194;
Arsen;1;23.04.2016 06:00;0,215154;
Arsen;5;23.04.2016 06:00;0,154465;
Benzol;8;23.04.2016 06:00;0,90059;
Benzol;3;23.04.2016 06:00;0,61313;
Benzol;4;23.04.2016 06:00;0,459492;
Benzol;7;23.04.2016 06:00;0,427037;
Benzol;6;23.04.2016 06:00;0,385245;
Benzol;2;23.04.2016 06:00;0,325257;
Benzol;5;23.04.2016 06:00;0,207879;
Benzol;1;23.04.2016 06:00;0,0296967;
Benzol;9;23.04.2016 06:00;0,00538619;
Anilin;7;23.04.2016 06:00;1,3399;
Anilin;5;23.04.2016 06:00;0,523132;
Anilin;3;23.04.2016 06:00;0,51694;
Anilin;4;23.04.2016 06:00;0,516747;
Anilin;6;23.04.2016 06:00;0,476577;
Anilin;1;23.04.2016 06:00;0,468265;
Anilin;9;23.04.2016 06:00;0,345217;
Anilin;8;23.04.2016 06:00;0,145312;
Anilin;2;23.04.2016 06:00;0,0863259;
Natriumchlorid;3;23.04.2016 07:00;2,46838;
Natriumchlorid;7;23.04.2016 07:00;1,53005;
Natriumchlorid;8;23.04.2016 07:00;0,784298;
Natriumchlorid;5;23.04.2016 07:00;0,452936;
Natriumchlorid;9;23.04.2016 07:00;0,199365;
Natriumchlorid;1;23.04.2016 07:00;0,184417;
Natriumchlorid;4;23.04.2016 07:00;0,131218;
Natriumchlorid;6;23.04.2016 07:00;0,0328679;
Natriumchlorid;2;23.04.2016 07:00;0,00444531;
Arsen;7;23.04.2016 07:00;0,63224;
Arsen;4;23.04.2016 07:00;0,620501;
Arsen;6;23.04.2016 07:00;0,547637;
Arsen;3;23.04.2016 07:00;0,504285;
Arsen;8;23.04.2016 07:00;0,483543;
Arsen;2;23.04.2016 07:00;0,482564;
Arsen;1;23.04.2016 07:00;0,294744;
Arsen;9;23.04.2016 07:00;0,208563;
Arsen;5;23.04.2016 07:00;0,132149;
Benzol;3;23.04.2016 07:00;1,00172;
Benzol;7;23.04.2016 07:00;0,674482;
Benzol;4;23.04.2016 07:00;0,560482;
Benzol;1;23.04.2016 07:00;0,491246;
Benzol;2;23.04.2016 07:00;0,476353;
Benzol;8;23.04.2016 07:00;0,39965;
Benzol;6;23.04.2016 07:00;0,374619;
Benzol;9;23.04.2016 07:00;0,198172;
Benzol;5;23.04.2016 07:00;0,128734;
Anilin;3;23.04.2016 07:00;1,34679;
Anilin;8;23.04.2016 07:00;0,929614;
Anilin;4;23.04.2016 07:00;0,516076;
Anilin;9;23.04.2016 07:00;0,463781;
Anilin;5;23.04.2016 07:00;0,454731;
Anilin;6;23.04.2016 07:00;0,437138;
Anilin;7;23.04.2016 07:00;0,180028;
Anilin;1;23.04.2016 07:00;0,136165;
Anilin;2;23.04.2016 07:00;0,0604475;
Natriumchlorid;6;23.04.2016 08:00;0,514521;
Natriumchlorid;3;23.04.2016 08:00;0,487584;
Natriumchlorid;2;23.04.2016 08:00;0,384621;
Natriumchlorid;9;23.04.2016 08:00;0,354784;
Natriumchlorid;4;23.04.2016 08:00;0,328932;
Natriumchlorid;5;23.04.2016 08:00;0,312967;
Natriumchlorid;7;23.04.2016 08:00;0,196141;
Natriumchlorid;1;23.04.2016 08:00;0,185506;
Natriumchlorid;8;23.04.2016 08:00;0,17362;
Arsen;3;23.04.2016 08:00;0,6426;
Arsen;2;23.04.2016 08:00;0,551596;
Arsen;8;23.04.2016 08:00;0,519005;
Arsen;9;23.04.2016 08:00;0,458154;
Arsen;6;23.04.2016 08:00;0,249414;
Arsen;1;23.04.2016 08:00;0,150644;
Arsen;4;23.04.2016 08:00;0,108119;
Arsen;5;23.04.2016 08:00;0,0856345;
Arsen;7;23.04.2016 08:00;0,0353915;
Benzol;6;23.04.2016 08:00;0,69958;
Benzol;1;23.04.2016 08:00;0,396788;
Benzol;8;23.04.2016 08:00;0,313648;
Benzol;4;23.04.2016 08:00;0,298575;
Benzol;3;23.04.2016 08:00;0,294546;
Benzol;2;23.04.2016 08:00;0,285802;
Benzol;9;23.04.2016 08:00;0,271498;
Benzol;7;23.04.2016 08:00;0,164541;
Benzol;5;23.04.2016 08:00;0,053223;
Anilin;3;23.04.2016 08:00;1,72248;
Anilin;2;23.04.2016 08:00;0,948056;
Anilin;4;23.04.2016 08:00;0,509639;
Anilin;8;23.04.2016 08:00;0,493924;
Anilin;6;23.04.2016 08:00;0,380992;
Anilin;7;23.04.2016 08:00;0,339277;
Anilin;1;23.04.2016 08:00;0,290706;
Anilin;9;23.04.2016 08:00;0,264737;
Anilin;5;23.04.2016 08:00;0,199428;
Natriumchlorid;3;23.04.2016 09:00;4,93719;
Natriumchlorid;8;23.04.2016 09:00;0,740343;
Natriumchlorid;2;23.04.2016 09:00;0,373108;
Natriumchlorid;1;23.04.2016 09:00;0,333189;
Natriumchlorid;6;23.04.2016 09:00;0,326918;
Natriumchlorid;4;23.04.2016 09:00;0,295596;
Natriumchlorid;9;23.04.2016 09:00;0,139435;
Natriumchlorid;5;23.04.2016 09:00;0,126654;
Natriumchlorid;7;23.04.2016 09:00;0,059324;
Arsen;3;23.04.2016 09:00;1,5312;
Arsen;6;23.04.2016 09:00;0,358385;
Arsen;2;23.04.2016 09:00;0,292698;
Arsen;4;23.04.2016 09:00;0,207557;
Arsen;8;23.04.2016 09:00;0,201045;
Arsen;7;23.04.2016 09:00;0,173648;
Arsen;5;23.04.2016 09:00;0,160252;
Arsen;1;23.04.2016 09:00;0,0600701;
Arsen;9;23.04.2016 09:00;0,0317544;
Benzol;6;23.04.2016 09:00;0,674018;
Benzol;2;23.04.2016 09:00;0,516885;
Benzol;8;23.04.2016 09:00;0,426442;
Benzol;7;23.04.2016 09:00;0,385006;
Benzol;1;23.04.2016 09:00;0,318418;
Benzol;4;23.04.2016 09:00;0,236613;
Benzol;5;23.04.2016 09:00;0,164292;
Benzol;9;23.04.2016 09:00;0,129398;
Benzol;3;23.04.2016 09:00;0,108486;
Anilin;3;23.04.2016 09:00;1,74054;
Anilin;7;23.04.2016 09:00;0,802445;
Anilin;9;23.04.2016 09:00;0,492355;
Anilin;2;23.04.2016 09:00;0,449463;
Anilin;5;23.04.2016 09:00;0,261118;
Anilin;1;23.04.2016 09:00;0,240553;
Anilin;6;23.04.2016 09:00;0,187403;
Anilin;4;23.04.2016 09:00;0,178816;
Anilin;8;23.04.2016 09:00;0,116097;
Natriumchlorid;3;23.04.2016 10:00;1,73363;
Natriumchlorid;8;23.04.2016 10:00;0,92932;
Natriumchlorid;7;23.04.2016 10:00;0,534443;
Natriumchlorid;6;23.04.2016 10:00;0,417333;
Natriumchlorid;9;23.04.2016 10:00;0,347376;
Natriumchlorid;4;23.04.2016 10:00;0,299523;
Natriumchlorid;1;23.04.2016 10:00;0,223011;
Natriumchlorid;2;23.04.2016 10:00;0,20586;
Natriumchlorid;5;23.04.2016 10:00;0,00907193;
Arsen;3;23.04.2016 10:00;1,75723;
Arsen;6;23.04.2016 10:00;0,666062;
Arsen;7;23.04.2016 10:00;0,475255;
Arsen;5;23.04.2016 10:00;0,360243;
Arsen;4;23.04.2016 10:00;0,180706;
Arsen;1;23.04.2016 10:00;0,175806;
Arsen;8;23.04.2016 10:00;0,149012;
Arsen;9;23.04.2016 10:00;0,143978;
Arsen;2;23.04.2016 10:00;0,104473;
Benzol;2;23.04.2016 10:00;0,577031;
Benzol;3;23.04.2016 10:00;0,517346;
Benzol;4;23.04.2016 10:00;0,30417;
Benzol;6;23.04.2016 10:00;0,299604;
Benzol;5;23.04.2016 10:00;0,240641;
Benzol;7;23.04.2016 10:00;0,194564;
Benzol;8;23.04.2016 10:00;0,145724;
Benzol;9;23.04.2016 10:00;0,0754323;
Benzol;1;23.04.2016 10:00;0,0573115;
Anilin;3;23.04.2016 10:00;1,89746;
Anilin;4;23.04.2016 10:00;0,665122;
Anilin;6;23.04.2016 10:00;0,437091;
Anilin;2;23.04.2016 10:00;0,376812;
Anilin;5;23.04.2016 10:00;0,365785;
Anilin;8;23.04.2016 10:00;0,173836;
Anilin;7;23.04.2016 10:00;0,171971;
Anilin;1;23.04.2016 10:00;0,0604605;
Anilin;9;23.04.2016 10:00;0,0403303;
Natriumchlorid;8;23.04.2016 11:00;1,21983;
Natriumchlorid;2;23.04.2016 11:00;0,722925;
Natriumchlorid;6;23.04.2016 11:00;0,570237;
Natriumchlorid;9;23.04.2016 11:00;0,397983;
Natriumchlorid;4;23.04.2016 11:00;0,300312;
Natriumchlorid;1;23.04.2016 11:00;0,0580106;
Natriumchlorid;7;23.04.2016 11:00;0,0410104;
Natriumchlorid;5;23.04.2016 11:00;0,0126085;
Natriumchlorid;3;23.04.2016 11:00;0,00125709;
Arsen;3;23.04.2016 11:00;0,812291;
Arsen;8;23.04.2016 11:00;0,582295;
Arsen;7;23.04.2016 11:00;0,519012;
Arsen;4;23.04.2016 11:00;0,446339;
Arsen;9;23.04.2016 11:00;0,432244;
Arsen;6;23.04.2016 11:00;0,282492;
Arsen;5;23.04.2016 11:00;0,211634;
Arsen;1;23.04.2016 11:00;0,159884;
Arsen;2;23.04.2016 11:00;0,11027;
Benzol;7;23.04.2016 11:00;1,46522;
Benzol;3;23.04.2016 11:00;0,948;
Benzol;4;23.04.2016 11:00;0,548033;
Benzol;2;23.04.2016 11:00;0,53462;
Benzol;8;23.04.2016 11:00;0,445985;
Benzol;9;23.04.2016 11:00;0,280776;
Benzol;1;23.04.2016 11:00;0,206527;
Benzol;6;23.04.2016 11:00;0,181023;
Benzol;5;23.04.2016 11:00;0,0469126;
Anilin;3;23.04.2016 11:00;5,95548;
Anilin;7;23.04.2016 11:00;0,642088;
Anilin;6;23.04.2016 11:00;0,634877;
Anilin;4;23.04.2016 11:00;0,611031;
Anilin;8;23.04.2016 11:00;0,59899;
Anilin;9;23.04.2016 11:00;0,226971;
Anilin;1;23.04.2016 11:00;0,13856;
Anilin;2;23.04.2016 11:00;0,0322581;
Anilin;5;23.04.2016 11:00;0,0309025;
Natriumchlorid;3;23.04.2016 12:00;0,997286;
Natriumchlorid;8;23.04.2016 12:00;0,507411;
Natriumchlorid;6;23.04.2016 12:00;0,488237;
Natriumchlorid;9;23.04.2016 12:00;0,454021;
Natriumchlorid;7;23.04.2016 12:00;0,314756;
Natriumchlorid;1;23.04.2016 12:00;0,293803;
Natriumchlorid;5;23.04.2016 12:00;0,199279;
Natriumchlorid;4;23.04.2016 12:00;0,0699101;
Natriumchlorid;2;23.04.2016 12:00;0,0101497;
Arsen;3;23.04.2016 12:00;3,03649;
Arsen;2;23.04.2016 12:00;0,906546;
Arsen;6;23.04.2016 12:00;0,580692;
Arsen;4;23.04.2016 12:00;0,389523;
Arsen;8;23.04.2016 12:00;0,366439;
Arsen;1;23.04.2016 12:00;0,241443;
Arsen;7;23.04.2016 12:00;0,185021;
Arsen;9;23.04.2016 12:00;0,160025;
Arsen;5;23.04.2016 12:00;0,142471;
Benzol;2;23.04.2016 12:00;0,997627;
Benzol;8;23.04.2016 12:00;0,498712;
Benzol;6;23.04.2016 12:00;0,445673;
Benzol;9;23.04.2016 12:00;0,357356;
Benzol;5;23.04.2016 12:00;0,197929;
Benzol;4;23.04.2016 12:00;0,183448;
Benzol;1;23.04.2016 12:00;0,17306;
Benzol;3;23.04.2016 12:00;0,16757;
Benzol;7;23.04.2016 12:00;0,0136002;
Anilin;3;23.04.2016 12:00;1,46931;
Anilin;8;23.04.2016 12:00;1,13792;
Anilin;2;23.04.2016 12:00;0,905531;
Anilin;6;23.04.2016 12:00;0,591398;
Anilin;4;23.04.2016 12:00;0,584785;
Anilin;7;23.04.2016 12:00;0,583503;
Anilin;5;23.04.2016 12:00;0,473915;
Anilin;1;23.04.2016 12:00;0,301474;
Anilin;9;23.04.2016 12:00;0,213221;
Natriumchlorid;3;23.04.2016 13:00;1,30601;
Natriumchlorid;7;23.04.2016 13:00;0,595365;
Natriumchlorid;6;23.04.2016 13:00;0,31247;
Natriumchlorid;8;23.04.2016 13:00;0,260911;
Natriumchlorid;4;23.04.2016 13:00;0,244995;
Natriumchlorid;9;23.04.2016 13:00;0,157806;
Natriumchlorid;5;23.04.2016 13:00;0,138765;
Natriumchlorid;1;23.04.2016 13:00;0,0858211;
Natriumchlorid;2;23.04.2016 13:00;0,0102044;
Arsen;3;23.04.2016 13:00;1,95292;
Arsen;6;23.04.2016 13:00;0,739306;
Arsen;8;23.04.2016 13:00;0,697287;
Arsen;4;23.04.2016 13:00;0,586101;
Arsen;2;23.04.2016 13:00;0,31747;
Arsen;9;23.04.2016 13:00;0,284877;
Arsen;1;23.04.2016 13:00;0,175174;
Arsen;7;23.04.2016 13:00;0,159827;
Arsen;5;23.04.2016 13:00;0,00655543;
Benzol;8;23.04.2016 13:00;0,932273;
Benzol;7;23.04.2016 13:00;0,690984;
Benzol;6;23.04.2016 13:00;0,60118;
Benzol;3;23.04.2016 13:00;0,436714;
Benzol;9;23.04.2016 13:00;0,420487;
Benzol;5;23.04.2016 13:00;0,416237;
Benzol;1;23.04.2016 13:00;0,395674;
Benzol;4;23.04.2016 13:00;0,361366;
Benzol;2;23.04.2016 13:00;0,0873353;
Anilin;6;23.04.2016 13:00;0,921235;
Anilin;3;23.04.2016 13:00;0,515028;
Anilin;5;23.04.2016 13:00;0,462951;
Anilin;9;23.04.2016 13:00;0,394615;
Anilin;8;23.04.2016 13:00;0,37089;
Anilin;4;23.04.2016 13:00;0,190382;
Anilin;2;23.04.2016 13:00;0,180271;
Anilin;1;23.04.2016 13:00;0,169768;
Anilin;7;23.04.2016 13:00;0,108495;
Natriumchlorid;2;23.04.2016 14:00;1,01513;
Natriumchlorid;3;23.04.2016 14:00;0,476266;
Natriumchlorid;4;23.04.2016 14:00;0,343443;
Natriumchlorid;6;23.04.2016 14:00;0,294591;
Natriumchlorid;1;23.04.2016 14:00;0,251283;
Natriumchlorid;9;23.04.2016 14:00;0,199717;
Natriumchlorid;7;23.04.2016 14:00;0,102024;
Natriumchlorid;8;23.04.2016 14:00;0,0786973;
Natriumchlorid;5;23.04.2016 14:00;0,057897;
Arsen;7;23.04.2016 14:00;0,914766;
Arsen;3;23.04.2016 14:00;0,873151;
Arsen;6;23.04.2016 14:00;0,802108;
Arsen;1;23.04.2016 14:00;0,508369;
Arsen;4;23.04.2016 14:00;0,3858;
Arsen;2;23.04.2016 14:00;0,341855;
Arsen;9;23.04.2016 14:00;0,157931;
Arsen;5;23.04.2016 14:00;0,0151599;
Arsen;8;23.04.2016 14:00;0,00223067;
Benzol;3;23.04.2016 14:00;2,10069;
Benzol;8;23.04.2016 14:00;1,05087;
Benzol;7;23.04.2016 14:00;0,993313;
Benzol;5;23.04.2016 14:00;0,431253;
Benzol;1;23.04.2016 14:00;0,331361;
Benzol;4;23.04.2016 14:00;0,232692;
Benzol;2;23.04.2016 14:00;0,222725;
Benzol;9;23.04.2016 14:00;0,213988;
Benzol;6;23.04.2016 14:00;0,0685574;
Anilin;3;23.04.2016 14:00;1,38973;
Anilin;7;23.04.2016 14:00;0,694797;
Anilin;8;23.04.2016 14:00;0,671633;
Anilin;2;23.04.2016 14:00;0,555077;
Anilin;4;23.04.2016 14:00;0,470265;
Anilin;6;23.04.2016 14:00;0,34168;
Anilin;5;23.04.2016 14:00;0,287725;
Anilin;1;23.04.2016 14:00;0,215829;
Anilin;9;23.04.2016 14:00;0,103008;
Natriumchlorid;3;23.04.2016 15:00;3,01464;
Natriumchlorid;7;23.04.2016 15:00;0,766124;
Natriumchlorid;9;23.04.2016 15:00;0,581968;
Natriumchlorid;2;23.04.2016 15:00;0,568575;
Natriumchlorid;4;23.04.2016 15:00;0,533214;
Natriumchlorid;6;23.04.2016 15:00;0,458895;
Natriumchlorid;5;23.04.2016 15:00;0,154039;
Natriumchlorid;1;23.04.2016 15:00;0,078264;
Natriumchlorid;8;23.04.2016 15:00;0,0752865;
Arsen;3;23.04.2016 15:00;1,39146;
Arsen;7;23.04.2016 15:00;0,766237;
Arsen;1;23.04.2016 15:00;0,257634;
Arsen;8;23.04.2016 15:00;0,251772;
Arsen;2;23.04.2016 15:00;0,241091;
Arsen;4;23.04.2016 15:00;0,236649;
Arsen;5;23.04.2016 15:00;0,210208;
Arsen;9;23.04.2016 15:00;0,109819;
Arsen;6;23.04.2016 15:00;0,0479573;
Benzol;3;23.04.2016 15:00;1,4799;
Benzol;7;23.04.2016 15:00;0,865014;
Benzol;4;23.04.2016 15:00;0,757812;
Benzol;2;23.04.2016 15:00;0,410796;
Benzol;6;23.04.2016 15:00;0,35851;
Benzol;9;23.04.2016 15:00;0,276775;
Benzol;5;23.04.2016 15:00;0,118898;
Benzol;1;23.04.2016 15:00;0,0403187;
Benzol;8;23.04.2016 15:00;0,0272442;
Anilin;3;23.04.2016 15:00;2,76905;
Anilin;7;23.04.2016 15:00;0,714177;
Anilin;6;23.04.2016 15:00;0,611122;
Anilin;9;23.04.2016 15:00;0,468303;
Anilin;5;23.04.2016 15:00;0,20882;
Anilin;4;23.04.2016 15:00;0,128781;
Anilin;8;23.04.2016 15:00;0,128097;
Anilin;2;23.04.2016 15:00;0,082681;
Anilin;1;23.04.2016 15:00;0,0433817;
Natriumchlorid;1;23.04.2016 16:00;0,863043;
Natriumchlorid;4;23.04.2016 16:00;0,666827;
Natriumchlorid;3;23.04.2016 16:00;0,585651;
Natriumchlorid;6;23.04.2016 16:00;0,547898;
Natriumchlorid;7;23.04.2016 16:00;0,487082;
Natriumchlorid;9;23.04.2016 16:00;0,348381;
Natriumchlorid;5;23.04.2016 16:00;0,345711;
Natriumchlorid;2;23.04.2016 16:00;0,113879;
Natriumchlorid;8;23.04.2016 16:00;0,0843969;
Arsen;3;23.04.2016 16:00;2,59749;
Arsen;8;23.04.2016 16:00;0,638443;
Arsen;7;23.04.2016 16:00;0,614231;
Arsen;2;23.04.2016 16:00;0,436677;
Arsen;9;23.04.2016 16:00;0,337323;
Arsen;4;23.04.2016 16:00;0,209855;
Arsen;5;23.04.2016 16:00;0,136578;
Arsen;1;23.04.2016 16:00;0,125089;
Arsen;6;23.04.2016 16:00;0,0201902;
Benzol;3;23.04.2016 16:00;1,44916;
Benzol;6;23.04.2016 16:00;0,551706;
Benzol;8;23.04.2016 16:00;0,425399;
Benzol;1;23.04.2016 16:00;0,387113;
Benzol;7;23.04.2016 16:00;0,383281;
Benzol;2;23.04.2016 16:00;0,180669;
Benzol;5;23.04.2016 16:00;0,0600869;
Benzol;4;23.04.2016 16:00;0,0410754;
Benzol;9;23.04.2016 16:00;0,0271263;
Anilin;3;23.04.2016 16:00;1,74228;
Anilin;7;23.04.2016 16:00;1,19033;
Anilin;8;23.04.2016 16:00;1,1117;
Anilin;5;23.04.2016 16:00;0,614156;
Anilin;1;23.04.2016 16:00;0,612962;
Anilin;4;23.04.2016 16:00;0,387372;
Anilin;2;23.04.2016 16:00;0,255011;
Anilin;9;23.04.2016 16:00;0,189645;
Anilin;6;23.04.2016 16:00;0,0519909;
Natriumchlorid;3;23.04.2016 17:00;0,683245;
Natriumchlorid;4;23.04.2016 17:00;0,636555;
Natriumchlorid;2;23.04.2016 17:00;0,372336;
Natriumchlorid;1;23.04.2016 17:00;0,360545;
Natriumchlorid;7;23.04.2016 17:00;0,297553;
Natriumchlorid;8;23.04.2016 17:00;0,293604;
Natriumchlorid;6;23.04.2016 17:00;0,256;
Natriumchlorid;5;23.04.2016 17:00;0,0711324;
Natriumchlorid;9;23.04.2016 17:00;0,0129583;
Arsen;3;23.04.2016 17:00;0,542464;
Arsen;1;23.04.2016 17:00;0,519429;
Arsen;8;23.04.2016 17:00;0,476207;
Arsen;7;23.04.2016 17:00;0,451684;
Arsen;9;23.04.2016 17:00;0,387873;
Arsen;5;23.04.2016 17:00;0,304693;
Arsen;6;23.04.2016 17:00;0,258876;
Arsen;4;23.04.2016 17:00;0,245381;
Arsen;2;23.04.2016 17:00;0,0705907;
Benzol;8;23.04.2016 17:00;1,13659;
Benzol;7;23.04.2016 17:00;0,889882;
Benzol;3;23.04.2016 17:00;0,587874;
Benzol;6;23.04.2016 17:00;0,409436;
Benzol;1;23.04.2016 17:00;0,202921;
Benzol;2;23.04.2016 17:00;0,193589;
Benzol;5;23.04.2016 17:00;0,172061;
Benzol;4;23.04.2016 17:00;0,139251;
Benzol;9;23.04.2016 17:00;0,0323856;
Anilin;3;23.04.2016 17:00;1,00509;
Anilin;9;23.04.2016 17:00;0,556225;
Anilin;1;23.04.2016 17:00;0,361243;
Anilin;4;23.04.2016 17:00;0,311943;
Anilin;5;23.04.2016 17:00;0,299521;
Anilin;8;23.04.2016 17:00;0,285625;
Anilin;6;23.04.2016 17:00;0,175651;
Anilin;7;23.04.2016 17:00;0,116567;
Anilin;2;23.04.2016 17:00;0,0313891;
Natriumchlorid;3;23.04.2016 18:00;1,14121;
Natriumchlorid;7;23.04.2016 18:00;0,954612;
Natriumchlorid;8;23.04.2016 18:00;0,563613;
Natriumchlorid;9;23.04.2016 18:00;0,459037;
Natriumchlorid;4;23.04.2016 18:00;0,311772;
Natriumchlorid;6;23.04.2016 18:00;0,172699;
Natriumchlorid;1;23.04.2016 18:00;0,0739007;
Natriumchlorid;5;23.04.2016 18:00;0,0641878;
Natriumchlorid;2;23.04.2016 18:00;0,0611065;
Arsen;8;23.04.2016 18:00;0,729911;
Arsen;7;23.04.2016 18:00;0,663765;
Arsen;6;23.04.2016 18:00;0,453325;
Arsen;4;23.04.2016 18:00;0,389039;
Arsen;2;23.04.2016 18:00;0,29597;
Arsen;5;23.04.2016 18:00;0,20209;
Arsen;3;23.04.2016 18:00;0,140448;
Arsen;9;23.04.2016 18:00;0,0729934;
Arsen;1;23.04.2016 18:00;0,0459028;
Benzol;3;23.04.2016 18:00;0,606291;
Benzol;7;23.04.2016 18:00;0,382209;
Benzol;6;23.04.2016 18:00;0,330862;
Benzol;8;23.04.2016 18:00;0,293984;
Benzol;1;23.04.2016 18:00;0,293786;
Benzol;9;23.04.2016 18:00;0,242022;
Benzol;2;23.04.2016 18:00;0,213114;
Benzol;4;23.04.2016 18:00;0,173096;
Benzol;5;23.04.2016 18:00;0,0098585;
Anilin;3;23.04.2016 18:00;1,05756;
Anilin;7;23.04.2016 18:00;0,638715;
Anilin;8;23.04.2016 18:00;0,383027;
Anilin;6;23.04.2016 18:00;0,249535;
Anilin;5;23.04.2016 18:00;0,166961;
Anilin;1;23.04.2016 18:00;0,157008;
Anilin;9;23.04.2016 18:00;0,062944;
Anilin;4;23.04.2016 18:00;0,0455885;
Anilin;2;23.04.2016 18:00;0,0225115;
Natriumchlorid;3;23.04.2016 19:00;0,680694;
Natriumchlorid;2;23.04.2016 19:00;0,517766;
Natriumchlorid;6;23.04.2016 19:00;0,439881;
Natriumchlorid;5;23.04.2016 19:00;0,391131;
Natriumchlorid;9;23.04.2016 19:00;0,25663;
Natriumchlorid;7;23.04.2016 19:00;0,248873;
Natriumchlorid;8;23.04.2016 19:00;0,193599;
Natriumchlorid;1;23.04.2016 19:00;0,05862;
Natriumchlorid;4;23.04.2016 19:00;0,0272403;
Arsen;8;23.04.2016 19:00;0,819476;
Arsen;5;23.04.2016 19:00;0,404982;
Arsen;2;23.04.2016 19:00;0,403899;
Arsen;4;23.04.2016 19:00;0,35518;
Arsen;9;23.04.2016 19:00;0,333604;
Arsen;6;23.04.2016 19:00;0,183267;
Arsen;3;23.04.2016 19:00;0,121001;
Arsen;1;23.04.2016 19:00;0,0978531;
Arsen;7;23.04.2016 19:00;0,0764747;
Benzol;7;23.04.2016 19:00;1,31595;
Benzol;3;23.04.2016 19:00;1,11591;
Benzol;8;23.04.2016 19:00;0,919137;
Benzol;5;23.04.2016 19:00;0,577567;
Benzol;6;23.04.2016 19:00;0,577334;
Benzol;2;23.04.2016 19:00;0,377049;
Benzol;4;23.04.2016 19:00;0,370038;
Benzol;1;23.04.2016 19:00;0,273352;
Benzol;9;23.04.2016 19:00;0,0383964;
Anilin;3;23.04.2016 19:00;1,20062;
Anilin;8;23.04.2016 19:00;1,15053;
Anilin;2;23.04.2016 19:00;0,476314;
Anilin;4;23.04.2016 19:00;0,468619;
Anilin;6;23.04.2016 19:00;0,447843;
Anilin;5;23.04.2016 19:00;0,307595;
Anilin;1;23.04.2016 19:00;0,150581;
Anilin;9;23.04.2016 19:00;0,0956619;
Anilin;7;23.04.2016 19:00;0,016033;
Natriumchlorid;3;23.04.2016 20:00;2,61589;
Natriumchlorid;7;23.04.2016 20:00;0,601152;
Natriumchlorid;8;23.04.2016 20:00;0,576812;
Natriumchlorid;6;23.04.2016 20:00;0,538313;
Natriumchlorid;9;23.04.2016 20:00;0,391132;
Natriumchlorid;2;23.04.2016 20:00;0,319485;
Natriumchlorid;4;23.04.2016 20:00;0,31656;
Natriumchlorid;1;23.04.2016 20:00;0,247513;
Natriumchlorid;5;23.04.2016 20:00;0,121842;
Arsen;8;23.04.2016 20:00;0,616393;
Arsen;4;23.04.2016 20:00;0,509681;
Arsen;2;23.04.2016 20:00;0,4554;
Arsen;6;23.04.2016 20:00;0,408027;
Arsen;5;23.04.2016 20:00;0,387205;
Arsen;9;23.04.2016 20:00;0,22193;
Arsen;1;23.04.2016 20:00;0,121328;
Arsen;7;23.04.2016 20:00;0,107882;
Arsen;3;23.04.2016 20:00;0,0733673;
Benzol;4;23.04.2016 20:00;0,727422;
Benzol;6;23.04.2016 20:00;0,510186;
Benzol;9;23.04.2016 20:00;0,41781;
Benzol;5;23.04.2016 20:00;0,297638;
Benzol;2;23.04.2016 20:00;0,296348;
Benzol;3;23.04.2016 20:00;0,227791;
Benzol;7;23.04.2016 20:00;0,180921;
Benzol;1;23.04.2016 20:00;0,0812532;
Benzol;8;23.04.2016 20:00;0,00378472;
Anilin;3;23.04.2016 20:00;0,814119;
Anilin;8;23.04.2016 20:00;0,64163;
Anilin;2;23.04.2016 20:00;0,591003;
Anilin;9;23.04.2016 20:00;0,518339;
Anilin;1;23.04.2016 20:00;0,465692;
Anilin;6;23.04.2016 20:00;0,445956;
Anilin;7;23.04.2016 20:00;0,125342;
Anilin;4;23.04.2016 20:00;0,083418;
Anilin;5;23.04.2016 20:00;0,0455845;
Natriumchlorid;8;23.04.2016 21:00;1,21175;
Natriumchlorid;7;23.04.2016 21:00;0,842904;
Natriumchlorid;3;23.04.2016 21:00;0,729521;
Natriumchlorid;2;23.04.2016 21:00;0,496118;
Natriumchlorid;9;23.04.2016 21:00;0,40818;
Natriumchlorid;6;23.04.2016 21:00;0,351149;
Natriumchlorid;4;23.04.2016 21:00;0,115654;
Natriumchlorid;1;23.04.2016 21:00;0,0934115;
Natriumchlorid;5;23.04.2016 21:00;0,079555;
Arsen;7;23.04.2016 21:00;2,36123;
Arsen;5;23.04.2016 21:00;0,607281;
Arsen;8;23.04.2016 21:00;0,539804;
Arsen;6;23.04.2016 21:00;0,434324;
Arsen;3;23.04.2016 21:00;0,369176;
Arsen;9;23.04.2016 21:00;0,135666;
Arsen;2;23.04.2016 21:00;0,0971656;
Arsen;4;23.04.2016 21:00;0,009266;
Arsen;1;23.04.2016 21:00;0,00681728;
Benzol;2;23.04.2016 21:00;0,653611;
Benzol;6;23.04.2016 21:00;0,597585;
Benzol;8;23.04.2016 21:00;0,50609;
Benzol;7;23.04.2016 21:00;0,281617;
Benzol;3;23.04.2016 21:00;0,209907;
Benzol;9;23.04.2016 21:00;0,181084;
Benzol;4;23.04.2016 21:00;0,15734;
Benzol;1;23.04.2016 21:00;0,154546;
Benzol;5;23.04.2016 21:00;0,031927;
Anilin;3;23.04.2016 21:00;1,4748;
Anilin;2;23.04.2016 21:00;0,998078;
Anilin;4;23.04.2016 21:00;0,538444;
Anilin;8;23.04.2016 21:00;0,478608;
Anilin;6;23.04.2016 21:00;0,409987;
Anilin;7;23.04.2016 21:00;0,326636;
Anilin;9;23.04.2016 21:00;0,233905;
Anilin;1;23.04.2016 21:00;0,195194;
Anilin;5;23.04.2016 21:00;0,0781584;
Natriumchlorid;3;23.04.2016 22:00;1,96087;
Natriumchlorid;2;23.04.2016 22:00;0,532584;
Natriumchlorid;1;23.04.2016 22:00;0,519758;
Natriumchlorid;5;23.04.2016 22:00;0,412772;
Natriumchlorid;9;23.04.2016 22:00;0,259598;
Natriumchlorid;6;23.04.2016 22:00;0,18778;
Natriumchlorid;8;23.04.2016 22:00;0,131976;
Natriumchlorid;4;23.04.2016 22:00;0,129203;
Natriumchlorid;7;23.04.2016 22:00;0,0101731;
Arsen;7;23.04.2016 22:00;0,884453;
Arsen;4;23.04.2016 22:00;0,473156;
Arsen;8;23.04.2016 22:00;0,453756;
Arsen;2;23.04.2016 22:00;0,426631;
Arsen;6;23.04.2016 22:00;0,309887;
Arsen;3;23.04.2016 22:00;0,257019;
Arsen;1;23.04.2016 22:00;0,23566;
Arsen;9;23.04.2016 22:00;0,172427;
Arsen;5;23.04.2016 22:00;0,158086;
Benzol;2;23.04.2016 22:00;0,947354;
Benzol;1;23.04.2016 22:00;0,732011;
Benzol;6;23.04.2016 22:00;0,694419;
Benzol;8;23.04.2016 22:00;0,654912;
Benzol;4;23.04.2016 22:00;0,487439;
Benzol;7;23.04.2016 22:00;0,371367;
Benzol;3;23.04.2016 22:00;0,162233;
Benzol;9;23.04.2016 22:00;0,102698;
Benzol;5;23.04.2016 22:00;0,0519479;
Anilin;3;23.04.2016 22:00;1,64349;
Anilin;5;23.04.2016 22:00;0,64873;
Anilin;1;23.04.2016 22:00;0,46584;
Anilin;4;23.04.2016 22:00;0,420862;
Anilin;7;23.04.2016 22:00;0,254849;
Anilin;6;23.04.2016 22:00;0,253065;
Anilin;8;23.04.2016 22:00;0,113179;
Anilin;9;23.04.2016 22:00;0,0941162;
Anilin;2;23.04.2016 22:00;0,0517709;
Natriumchlorid;3;23.04.2016 23:00;4,31849;
Natriumchlorid;7;23.04.2016 23:00;0,986102;
Natriumchlorid;8;23.04.2016 23:00;0,736666;
Natriumchlorid;6;23.04.2016 23:00;0,580278;
Natriumchlorid;5;23.04.2016 23:00;0,438073;
Natriumchlorid;1;23.04.2016 23:00;0,384967;
Natriumchlorid;4;23.04.2016 23:00;0,32987;
Natriumchlorid;2;23.04.2016 23:00;0,161246;
Natriumchlorid;9;23.04.2016 23:00;0,018587;
Arsen;8;23.04.2016 23:00;0,713255;
Arsen;1;23.04.2016 23:00;0,634909;
Arsen;6;23.04.2016 23:00;0,457475;
Arsen;7;23.04.2016 23:00;0,144786;
Arsen;9;23.04.2016 23:00;0,123607;
Arsen;5;23.04.2016 23:00;0,122418;
Arsen;3;23.04.2016 23:00;0,109683;
Arsen;4;23.04.2016 23:00;0,046849;
Arsen;2;23.04.2016 23:00;0,0326202;
Benzol;3;23.04.2016 23:00;1,33793;
Benzol;6;23.04.2016 23:00;0,984376;
Benzol;8;23.04.2016 23:00;0,683428;
Benzol;5;23.04.2016 23:00;0,433428;
Benzol;2;23.04.2016 23:00;0,36358;
Benzol;1;23.04.2016 23:00;0,310043;
Benzol;7;23.04.2016 23:00;0,206865;
Benzol;9;23.04.2016 23:00;0,100286;
Benzol;4;23.04.2016 23:00;0,0412793;
Anilin;8;23.04.2016 23:00;0,617563;
Anilin;6;23.04.2016 23:00;0,518218;
Anilin;1;23.04.2016 23:00;0,258272;
Anilin;7;23.04.2016 23:00;0,197564;
Anilin;3;23.04.2016 23:00;0,175572;
Anilin;9;23.04.2016 23:00;0,0969282;
Anilin;4;23.04.2016 23:00;0,0701976;
Anilin;5;23.04.2016 23:00;0,0453787;
Anilin;2;23.04.2016 23:00;0,0184152;
Natriumchlorid;3;24.04.2016 00:00;2,55786;
Natriumchlorid;5;24.04.2016 00:00;0,719602;
Natriumchlorid;8;24.04.2016 00:00;0,675189;
Natriumchlorid;6;24.04.2016 00:00;0,560968;
Natriumchlorid;2;24.04.2016 00:00;0,484136;
Natriumchlorid;1;24.04.2016 00:00;0,177786;
Natriumchlorid;9;24.04.2016 00:00;0,177115;
Natriumchlorid;4;24.04.2016 00:00;0,156023;
Natriumchlorid;7;24.04.2016 00:00;0,0518261;
Arsen;8;24.04.2016 00:00;0,894292;
Arsen;7;24.04.2016 00:00;0,774562;
Arsen;6;24.04.2016 00:00;0,520852;
Arsen;1;24.04.2016 00:00;0,36866;
Arsen;3;24.04.2016 00:00;0,348129;
Arsen;4;24.04.2016 00:00;0,332359;
Arsen;5;24.04.2016 00:00;0,153781;
Arsen;9;24.04.2016 00:00;0,124974;
Arsen;2;24.04.2016 00:00;0,0504294;
Benzol;3;24.04.2016 00:00;1,7823;
Benzol;5;24.04.2016 00:00;0,409971;
Benzol;6;24.04.2016 00:00;0,361569;
Benzol;4;24.04.2016 00:00;0,323909;
Benzol;1;24.04.2016 00:00;0,308232;
Benzol;9;24.04.2016 00:00;0,30613;
Benzol;8;24.04.2016 00:00;0,222074;
Benzol;2;24.04.2016 00:00;0,157556;
Benzol;7;24.04.2016 00:00;0,0609426;
Anilin;7;24.04.2016 00:00;1,29068;
Anilin;8;24.04.2016 00:00;0,924584;
Anilin;2;24.04.2016 00:00;0,875791;
Anilin;4;24.04.2016 00:00;0,473785;
Anilin;6;24.04.2016 00:00;0,417686;
Anilin;9;24.04.2016 00:00;0,370744;
Anilin;5;24.04.2016 00:00;0,224641;
Anilin;3;24.04.2016 00:00;0,153246;
Anilin;1;24.04.2016 00:00;0,151181;
Natriumchlorid;6;24.04.2016 01:00;0,664403;
Natriumchlorid;8;24.04.2016 01:00;0,627782;
Natriumchlorid;9;24.04.2016 01:00;0,307507;
Natriumchlorid;7;24.04.2016 01:00;0,244352;
Natriumchlorid;2;24.04.2016 01:00;0,168247;
Natriumchlorid;1;24.04.2016 01:00;0,0805956;
Natriumchlorid;4;24.04.2016 01:00;0,0419823;
Natriumchlorid;3;24.04.2016 01:00;0,0405763;
Natriumchlorid;5;24.04.2016 01:00;0,030329;
Arsen;3;24.04.2016 01:00;2,8911;
Arsen;8;24.04.2016 01:00;0,459815;
Arsen;2;24.04.2016 01:00;0,40853;
Arsen;9;24.04.2016 01:00;0,375506;
Arsen;4;24.04.2016 01:00;0,289505;
Arsen;6;24.04.2016 01:00;0,261182;
Arsen;7;24.04.2016 01:00;0,227288;
Arsen;5;24.04.2016 01:00;0,0746277;
Arsen;1;24.04.2016 01:00;0,0305307;
Benzol;7;24.04.2016 01:00;2,52854;
Benzol;8;24.04.2016 01:00;0,547708;
Benzol;6;24.04.2016 01:00;0,486857;
Benzol;3;24.04.2016 01:00;0,426789;
Benzol;4;24.04.2016 01:00;0,318715;
Benzol;2;24.04.2016 01:00;0,248182;
Benzol;1;24.04.2016 01:00;0,237383;
Benzol;5;24.04.2016 01:00;0,12658;
Benzol;9;24.04.2016 01:00;0,0935525;
Anilin;3;24.04.2016 01:00;1,05237;
Anilin;8;24.04.2016 01:00;0,733406;
Anilin;4;24.04.2016 01:00;0,606962;
Anilin;1;24.04.2016 01:00;0,436809;
Anilin;2;24.04.2016 01:00;0,405627;
Anilin;7;24.04.2016 01:00;0,259907;
Anilin;6;24.04.2016 01:00;0,245134;
Anilin;5;24.04.2016 01:00;0,227053;
Anilin;9;24.04.2016 01:00;0,0554199;
Natriumchlorid;3;24.04.2016 02:00;1,88825;
Natriumchlorid;5;24.04.2016 02:00;0,470407;
Natriumchlorid;7;24.04.2016 02:00;0,425118;
Natriumchlorid;1;24.04.2016 02:00;0,26011;
Natriumchlorid;6;24.04.2016 02:00;0,237504;
Natriumchlorid;8;24.04.2016 02:00;0,160936;
Natriumchlorid;2;24.04.2016 02:00;0,139195;
Natriumchlorid;9;24.04.2016 02:00;0,090757;
Natriumchlorid;4;24.04.2016 02:00;0,0721385;
Arsen;3;24.04.2016 02:00;1,86482;
Arsen;4;24.04.2016 02:00;0,633933;
Arsen;5;24.04.2016 02:00;0,397664;
Arsen;7;24.04.2016 02:00;0,39699;
Arsen;6;24.04.2016 02:00;0,383849;
Arsen;9;24.04.2016 02:00;0,367745;
Arsen;8;24.04.2016 02:00;0,2749;
Arsen;2;24.04.2016 02:00;0,244106;
Arsen;1;24.04.2016 02:00;0,151181;
Benzol;3;24.04.2016 02:00;3,70455;
Benzol;2;24.04.2016 02:00;0,510105;
Benzol;9;24.04.2016 02:00;0,424406;
Benzol;4;24.04.2016 02:00;0,330669;
Benzol;8;24.04.2016 02:00;0,322982;
Benzol;7;24.04.2016 02:00;0,242201;
Benzol;1;24.04.2016 02:00;0,172844;
Benzol;6;24.04.2016 02:00;0,0572242;
Benzol;5;24.04.2016 02:00;0,0163754;
Anilin;3;24.04.2016 02:00;5,6066;
Anilin;7;24.04.2016 02:00;0,81536;
Anilin;8;24.04.2016 02:00;0,773468;
Anilin;6;24.04.2016 02:00;0,480428;
Anilin;4;24.04.2016 02:00;0,362332;
Anilin;5;24.04.2016 02:00;0,22792;
Anilin;9;24.04.2016 02:00;0,202134;
Anilin;1;24.04.2016 02:00;0,181118;
Anilin;2;24.04.2016 02:00;0,111014;
Natriumchlorid;3;24.04.2016 03:00;3,81986;
Natriumchlorid;8;24.04.2016 03:00;0,612437;
Natriumchlorid;7;24.04.2016 03:00;0,533088;
Natriumchlorid;1;24.04.2016 03:00;0,502093;
Natriumchlorid;9;24.04.2016 03:00;0,316473;
Natriumchlorid;2;24.04.2016 03:00;0,265515;
Natriumchlorid;4;24.04.2016 03:00;0,196184;
Natriumchlorid;6;24.04.2016 03:00;0,136802;
Natriumchlorid;5;24.04.2016 03:00;0,112186;
Arsen;3;24.04.2016 03:00;1,02041;
Arsen;7;24.04.2016 03:00;0,595182;
Arsen;2;24.04.2016 03:00;0,4482;
Arsen;6;24.04.2016 03:00;0,433936;
Arsen;1;24.04.2016 03:00;0,241334;
Arsen;4;24.04.2016 03:00;0,172462;
Arsen;5;24.04.2016 03:00;0,158463;
Arsen;8;24.04.2016 03:00;0,15723;
Arsen;9;24.04.2016 03:00;0,060187;
Benzol;3;24.04.2016 03:00;0,725412;
Benzol;6;24.04.2016 03:00;0,368064;
Benzol;4;24.04.2016 03:00;0,342264;
Benzol;2;24.04.2016 03:00;0,253231;
Benzol;7;24.04.2016 03:00;0,181239;
Benzol;1;24.04.2016 03:00;0,102429;
Benzol;9;24.04.2016 03:00;0,096056;
Benzol;8;24.04.2016 03:00;0,0664762;
Benzol;5;24.04.2016 03:00;0,0109473;
Anilin;3;24.04.2016 03:00;1,57183;
Anilin;8;24.04.2016 03:00;0,911351;
Anilin;2;24.04.2016 03:00;0,520753;
Anilin;6;24.04.2016 03:00;0,406082;
Anilin;4;24.04.2016 03:00;0,307133;
Anilin;7;24.04.2016 03:00;0,140635;
Anilin;5;24.04.2016 03:00;0,1233;
Anilin;1;24.04.2016 03:00;0,0774358;
Anilin;9;24.04.2016 03:00;0,0309684;
Natriumchlorid;3;24.04.2016 04:00;2,61961;
Natriumchlorid;7;24.04.2016 04:00;0,916383;
Natriumchlorid;5;24.04.2016 04:00;0,338988;
Natriumchlorid;4;24.04.2016 04:00;0,310524;
Natriumchlorid;2;24.04.2016 04:00;0,194017;
Natriumchlorid;8;24.04.2016 04:00;0,176463;
Natriumchlorid;1;24.04.2016 04:00;0,148116;
Natriumchlorid;6;24.04.2016 04:00;0,125473;
Natriumchlorid;9;24.04.2016 04:00;0,0636716;
Arsen;3;24.04.2016 04:00;1,23957;
Arsen;6;24.04.2016 04:00;0,681894;
Arsen;5;24.04.2016 04:00;0,56323;
Arsen;4;24.04.2016 04:00;0,461524;
Arsen;9;24.04.2016 04:00;0,310097;
Arsen;2;24.04.2016 04:00;0,250597;
Arsen;8;24.04.2016 04:00;0,240839;
Arsen;7;24.04.2016 04:00;0,049709;
Arsen;1;24.04.2016 04:00;0,00879556;
Benzol;3;24.04.2016 04:00;1,49078;
Benzol;7;24.04.2016 04:00;0,696488;
Benzol;8;24.04.2016 04:00;0,621181;
Benzol;6;24.04.2016 04:00;0,345803;
Benzol;1;24.04.2016 04:00;0,333724;
Benzol;4;24.04.2016 04:00;0,245223;
Benzol;9;24.04.2016 04:00;0,231397;
Benzol;2;24.04.2016 04:00;0,196955;
Benzol;5;24.04.2016 04:00;0,164576;
Anilin;8;24.04.2016 04:00;0,681582;
Anilin;9;24.04.2016 04:00;0,649723;
Anilin;7;24.04.2016 04:00;0,578884;
Anilin;3;24.04.2016 04:00;0,459782;
Anilin;6;24.04.2016 04:00;0,456073;
Anilin;4;24.04.2016 04:00;0,351002;
Anilin;1;24.04.2016 04:00;0,336743;
Anilin;2;24.04.2016 04:00;0,179076;
Anilin;5;24.04.2016 04:00;0,128871;
Natriumchlorid;3;24.04.2016 05:00;0,832763;
Natriumchlorid;6;24.04.2016 05:00;0,593098;
Natriumchlorid;2;24.04.2016 05:00;0,421196;
Natriumchlorid;9;24.04.2016 05:00;0,40601;
Natriumchlorid;5;24.04.2016 05:00;0,362292;
Natriumchlorid;4;24.04.2016 05:00;0,334141;
Natriumchlorid;1;24.04.2016 05:00;0,333036;
Natriumchlorid;8;24.04.2016 05:00;0,243977;
Natriumchlorid;7;24.04.2016 05:00;0,233506;
Arsen;2;24.04.2016 05:00;0,720632;
Arsen;4;24.04.2016 05:00;0,638795;
Arsen;3;24.04.2016 05:00;0,5424;
Arsen;6;24.04.2016 05:00;0,508924;
Arsen;8;24.04.2016 05:00;0,420986;
Arsen;5;24.04.2016 05:00;0,343613;
Arsen;1;24.04.2016 05:00;0,22478;
Arsen;9;24.04.2016 05:00;0,0860443;
Arsen;7;24.04.2016 05:00;0,0595315;
Benzol;7;24.04.2016 05:00;2,11541;
Benzol;3;24.04.2016 05:00;0,918813;
Benzol;4;24.04.2016 05:00;0,497396;
Benzol;1;24.04.2016 05:00;0,414763;
Benzol;6;24.04.2016 05:00;0,384693;
Benzol;2;24.04.2016 05:00;0,307475;
Benzol;9;24.04.2016 05:00;0,159871;
Benzol;8;24.04.2016 05:00;0,0758161;
Benzol;5;24.04.2016 05:00;0,0336485;
Anilin;8;24.04.2016 05:00;1,06863;
Anilin;7;24.04.2016 05:00;0,862649;
Anilin;3;24.04.2016 05:00;0,755066;
Anilin;5;24.04.2016 05:00;0,596349;
Anilin;6;24.04.2016 05:00;0,399717;
Anilin;4;24.04.2016 05:00;0,207123;
Anilin;9;24.04.2016 05:00;0,203083;
Anilin;1;24.04.2016 05:00;0,0904972;
Anilin;2;24.04.2016 05:00;0,0207213;
Natriumchlorid;3;24.04.2016 06:00;1,12259;
Natriumchlorid;7;24.04.2016 06:00;0,603696;
Natriumchlorid;8;24.04.2016 06:00;0,422518;
Natriumchlorid;6;24.04.2016 06:00;0,420453;
Natriumchlorid;9;24.04.2016 06:00;0,311756;
Natriumchlorid;2;24.04.2016 06:00;0,305097;
Natriumchlorid;4;24.04.2016 06:00;0,297594;
Natriumchlorid;1;24.04.2016 06:00;0,266642;
Natriumchlorid;5;24.04.2016 06:00;0,258357;
Arsen;7;24.04.2016 06:00;1,74621;
Arsen;1;24.04.2016 06:00;0,574468;
Arsen;3;24.04.2016 06:00;0,434584;
Arsen;9;24.04.2016 06:00;0,338429;
Arsen;6;24.04.2016 06:00;0,279295;
Arsen;2;24.04.2016 06:00;0,168996;
Arsen;8;24.04.2016 06:00;0,113377;
Arsen;5;24.04.2016 06:00;0,0348778;
Arsen;4;24.04.2016 06:00;0,006824;
Benzol;3;24.04.2016 06:00;2,02622;
Benzol;8;24.04.2016 06:00;0,797368;
Benzol;4;24.04.2016 06:00;0,511434;
Benzol;6;24.04.2016 06:00;0,270456;
Benzol;2;24.04.2016 06:00;0,269767;
Benzol;9;24.04.2016 06:00;0,258081;
Benzol;1;24.04.2016 06:00;0,238244;
Benzol;7;24.04.2016 06:00;0,100987;
Benzol;5;24.04.2016 06:00;0,0373829;
Anilin;3;24.04.2016 06:00;1,90181;
Anilin;6;24.04.2016 06:00;1,10455;
Anilin;4;24.04.2016 06:00;0,529406;
Anilin;5;24.04.2016 06:00;0,32988;
Anilin;7;24.04.2016 06:00;0,321804;
Anilin;9;24.04.2016 06:00;0,278226;
Anilin;2;24.04.2016 06:00;0,269829;
Anilin;1;24.04.2016 06:00;0,159572;
Anilin;8;24.04.2016 06:00;0,119436;
Natriumchlorid;3;24.04.2016 07:00;1,41171;
Natriumchlorid;2;24.04.2016 07:00;1,34291;
Natriumchlorid;5;24.04.2016 07:00;0,566125;
Natriumchlorid;8;24.04.2016 07:00;0,458886;
Natriumchlorid;6;24.04.2016 07:00;0,373091;
Natriumchlorid;1;24.04.2016 07:00;0,368115;
Natriumchlorid;4;24.04.2016 07:00;0,332237;
Natriumchlorid;9;24.04.2016 07:00;0,172859;
Natriumchlorid;7;24.04.2016 07:00;0,0386615;
Arsen;3;24.04.2016 07:00;2,64139;
Arsen;5;24.04.2016 07:00;0,642459;
Arsen;2;24.04.2016 07:00;0,362799;
Arsen;1;24.04.2016 07:00;0,315767;
Arsen;7;24.04.2016 07:00;0,302318;
Arsen;6;24.04.2016 07:00;0,298596;
Arsen;9;24.04.2016 07:00;0,247182;
Arsen;4;24.04.2016 07:00;0,230193;
Arsen;8;24.04.2016 07:00;0,164616;
Benzol;6;24.04.2016 07:00;0,942146;
Benzol;3;24.04.2016 07:00;0,640942;
Benzol;1;24.04.2016 07:00;0,460459;
Benzol;8;24.04.2016 07:00;0,387192;
Benzol;4;24.04.2016 07:00;0,230998;
Benzol;5;24.04.2016 07:00;0,194068;
Benzol;7;24.04.2016 07:00;0,15401;
Benzol;9;24.04.2016 07:00;0,101197;
Benzol;2;24.04.2016 07:00;0,0452025;
Anilin;3;24.04.2016 07:00;1,23094;
Anilin;8;24.04.2016 07:00;0,610536;
Anilin;9;24.04.2016 07:00;0,518556;
Anilin;7;24.04.2016 07:00;0,379686;
Anilin;1;24.04.2016 07:00;0,289876;
Anilin;4;24.04.2016 07:00;0,277457;
Anilin;6;24.04.2016 07:00;0,0583781;
Anilin;2;24.04.2016 07:00;0,0378583;
Anilin;5;24.04.2016 07:00;0,0345808;
Natriumchlorid;7;24.04.2016 08:00;0,787525;
Natriumchlorid;6;24.04.2016 08:00;0,413942;
Natriumchlorid;3;24.04.2016 08:00;0,411244;
Natriumchlorid;5;24.04.2016 08:00;0,197573;
Natriumchlorid;4;24.04.2016 08:00;0,188905;
Natriumchlorid;1;24.04.2016 08:00;0,169861;
Natriumchlorid;9;24.04.2016 08:00;0,14715;
Natriumchlorid;2;24.04.2016 08:00;0,0723952;
Natriumchlorid;8;24.04.2016 08:00;0,0703896;
Arsen;3;24.04.2016 08:00;1,40898;
Arsen;4;24.04.2016 08:00;0,504413;
Arsen;2;24.04.2016 08:00;0,393124;
Arsen;6;24.04.2016 08:00;0,319821;
Arsen;8;24.04.2016 08:00;0,280579;
Arsen;5;24.04.2016 08:00;0,217529;
Arsen;9;24.04.2016 08:00;0,124212;
Arsen;7;24.04.2016 08:00;0,0822161;
Arsen;1;24.04.2016 08:00;0,0715489;
Benzol;3;24.04.2016 08:00;1,428;
Benzol;8;24.04.2016 08:00;0,922422;
Benzol;4;24.04.2016 08:00;0,638102;
Benzol;9;24.04.2016 08:00;0,518176;
Benzol;1;24.04.2016 08:00;0,446818;
Benzol;7;24.04.2016 08:00;0,379347;
Benzol;2;24.04.2016 08:00;0,257649;
Benzol;5;24.04.2016 08:00;0,251266;
Benzol;6;24.04.2016 08:00;0,197035;
Anilin;3;24.04.2016 08:00;1,00364;
Anilin;5;24.04.2016 08:00;0,502714;
Anilin;4;24.04.2016 08:00;0,476913;
Anilin;1;24.04.2016 08:00;0,420656;
Anilin;6;24.04.2016 08:00;0,327963;
Anilin;2;24.04.2016 08:00;0,201549;
Anilin;8;24.04.2016 08:00;0,185976;
Anilin;9;24.04.2016 08:00;0,0538845;
Anilin;7;24.04.2016 08:00;0,0287434;
Natriumchlorid;7;24.04.2016 09:00;0,577686;
Natriumchlorid;3;24.04.2016 09:00;0,446966;
Natriumchlorid;4;24.04.2016 09:00;0,415592;
Natriumchlorid;8;24.04.2016 09:00;0,286008;
Natriumchlorid;1;24.04.2016 09:00;0,158306;
Natriumchlorid;9;24.04.2016 09:00;0,135956;
Natriumchlorid;6;24.04.2016 09:00;0,123736;
Natriumchlorid;5;24.04.2016 09:00;0,0482955;
Natriumchlorid;2;24.04.2016 09:00;0,0222429;
Arsen;3;24.04.2016 09:00;2,53012;
Arsen;6;24.04.2016 09:00;0,480926;
Arsen;8;24.04.2016 09:00;0,293889;
Arsen;1;24.04.2016 09:00;0,260639;
Arsen;5;24.04.2016 09:00;0,247269;
Arsen;2;24.04.2016 09:00;0,238907;
Arsen;4;24.04.2016 09:00;0,222993;
Arsen;7;24.04.2016 09:00;0,156941;
Arsen;9;24.04.2016 09:00;0,0166927;
Benzol;3;24.04.2016 09:00;0,95024;
Benzol;8;24.04.2016 09:00;0,695394;
Benzol;6;24.04.2016 09:00;0,689098;
Benzol;5;24.04.2016 09:00;0,409107;
Benzol;9;24.04.2016 09:00;0,379452;
Benzol;7;24.04.2016 09:00;0,330448;
Benzol;1;24.04.2016 09:00;0,055191;
Benzol;4;24.04.2016 09:00;0,0446099;
Benzol;2;24.04.2016 09:00;0,0196722;
Anilin;6;24.04.2016 09:00;0,770397;
Anilin;3;24.04.2016 09:00;0,624533;
Anilin;1;24.04.2016 09:00;0,460996;
Anilin;5;24.04.2016 09:00;0,382731;
Anilin;9;24.04.2016 09:00;0,201079;
Anilin;4;24.04.2016 09:00;0,156243;
Anilin;2;24.04.2016 09:00;0,152352;
Anilin;8;24.04.2016 09:00;0,0965062;
Anilin;7;24.04.2016 09:00;0,0526774;
Natriumchlorid;4;24.04.2016 10:00;0,934376;
Natriumchlorid;2;24.04.2016 10:00;0,663529;
Natriumchlorid;9;24.04.2016 10:00;0,478991;
Natriumchlorid;7;24.04.2016 10:00;0,436992;
Natriumchlorid;6;24.04.2016 10:00;0,322483;
Natriumchlorid;1;24.04.2016 10:00;0,317181;
Natriumchlorid;8;24.04.2016 10:00;0,214781;
Natriumchlorid;3;24.04.2016 10:00;0,138524;
Natriumchlorid;5;24.04.2016 10:00;0,117884;
Arsen;2;24.04.2016 10:00;0,682618;
Arsen;9;24.04.2016 10:00;0,564604;
Arsen;8;24.04.2016 10:00;0,470326;
Arsen;4;24.04.2016 10:00;0,407475;
Arsen;7;24.04.2016 10:00;0,355662;
Arsen;3;24.04.2016 10:00;0,165377;
Arsen;5;24.04.2016 10:00;0,131194;
Arsen;1;24.04.2016 10:00;0,0131716;
Arsen;6;24.04.2016 10:00;0,0110764;
Benzol;8;24.04.2016 10:00;1,01564;
Benzol;3;24.04.2016 10:00;0,516509;
Benzol;1;24.04.2016 10:00;0,404972;
Benzol;4;24.04.2016 10:00;0,266861;
Benzol;7;24.04.2016 10:00;0,166124;
Benzol;2;24.04.2016 10:00;0,133028;
Benzol;6;24.04.2016 10:00;0,118987;
Benzol;5;24.04.2016 10:00;0,0874081;
Benzol;9;24.04.2016 10:00;0,0654716;
Anilin;8;24.04.2016 10:00;0,719489;
Anilin;1;24.04.2016 10:00;0,606115;
Anilin;7;24.04.2016 10:00;0,560543;
Anilin;5;24.04.2016 10:00;0,368387;
Anilin;3;24.04.2016 10:00;0,330953;
Anilin;9;24.04.2016 10:00;0,286941;
Anilin;4;24.04.2016 10:00;0,212134;
Anilin;6;24.04.2016 10:00;0,174874;
Anilin;2;24.04.2016 10:00;0,00958851;
Natriumchlorid;8;24.04.2016 11:00;1,52428;
Natriumchlorid;7;24.04.2016 11:00;1,10285;
Natriumchlorid;2;24.04.2016 11:00;0,934759;
Natriumchlorid;6;24.04.2016 11:00;0,568464;
Natriumchlorid;1;24.04.2016 11:00;0,440866;
Natriumchlorid;4;24.04.2016 11:00;0,29485;
Natriumchlorid;9;24.04.2016 11:00;0,171577;
Natriumchlorid;3;24.04.2016 11:00;0,124067;
Natriumchlorid;5;24.04.2016 11:00;0,0577419;
Arsen;7;24.04.2016 11:00;0,996916;
Arsen;8;24.04.2016 11:00;0,638297;
Arsen;3;24.04.2016 11:00;0,620443;
Arsen;6;24.04.2016 11:00;0,377654;
Arsen;4;24.04.2016 11:00;0,35319;
Arsen;9;24.04.2016 11:00;0,333073;
Arsen;1;24.04.2016 11:00;0,211673;
Arsen;2;24.04.2016 11:00;0,0219758;
Arsen;5;24.04.2016 11:00;0,0106215;
Benzol;3;24.04.2016 11:00;2,0375;
Benzol;6;24.04.2016 11:00;0,440865;
Benzol;7;24.04.2016 11:00;0,411414;
Benzol;4;24.04.2016 11:00;0,376214;
Benzol;5;24.04.2016 11:00;0,265595;
Benzol;2;24.04.2016 11:00;0,185692;
Benzol;8;24.04.2016 11:00;0,165196;
Benzol;9;24.04.2016 11:00;0,0665439;
Benzol;1;24.04.2016 11:00;0,0629091;
Anilin;7;24.04.2016 11:00;0,999326;
Anilin;3;24.04.2016 11:00;0,700551;
Anilin;4;24.04.2016 11:00;0,396427;
Anilin;1;24.04.2016 11:00;0,219054;
Anilin;2;24.04.2016 11:00;0,207635;
Anilin;6;24.04.2016 11:00;0,207632;
Anilin;5;24.04.2016 11:00;0,203271;
Anilin;9;24.04.2016 11:00;0,175004;
Anilin;8;24.04.2016 11:00;0,110037;
Natriumchlorid;3;24.04.2016 12:00;1,56043;
Natriumchlorid;2;24.04.2016 12:00;0,537801;
Natriumchlorid;6;24.04.2016 12:00;0,296835;
Natriumchlorid;4;24.04.2016 12:00;0,29658;
Natriumchlorid;1;24.04.2016 12:00;0,290198;
Natriumchlorid;7;24.04.2016 12:00;0,159367;
Natriumchlorid;9;24.04.2016 12:00;0,112437;
Natriumchlorid;8;24.04.2016 12:00;0,0687975;
Natriumchlorid;5;24.04.2016 12:00;0,0671569;
Arsen;3;24.04.2016 12:00;0,615633;
Arsen;8;24.04.2016 12:00;0,506714;
Arsen;2;24.04.2016 12:00;0,498215;
Arsen;9;24.04.2016 12:00;0,410296;
Arsen;6;24.04.2016 12:00;0,322582;
Arsen;4;24.04.2016 12:00;0,279659;
Arsen;5;24.04.2016 12:00;0,24123;
Arsen;1;24.04.2016 12:00;0,226523;
Arsen;7;24.04.2016 12:00;0,0255899;
Benzol;6;24.04.2016 12:00;0,705537;
Benzol;2;24.04.2016 12:00;0,588885;
Benzol;5;24.04.2016 12:00;0,438885;
Benzol;4;24.04.2016 12:00;0,300896;
Benzol;1;24.04.2016 12:00;0,251836;
Benzol;9;24.04.2016 12:00;0,215322;
Benzol;7;24.04.2016 12:00;0,204596;
Benzol;3;24.04.2016 12:00;0,121823;
Benzol;8;24.04.2016 12:00;0,0735557;
Anilin;3;24.04.2016 12:00;1,91212;
Anilin;4;24.04.2016 12:00;0,47155;
Anilin;7;24.04.2016 12:00;0,311774;
Anilin;8;24.04.2016 12:00;0,290652;
Anilin;2;24.04.2016 12:00;0,280471;
Anilin;6;24.04.2016 12:00;0,269322;
Anilin;9;24.04.2016 12:00;0,128107;
Anilin;1;24.04.2016 12:00;0,0697572;
Anilin;5;24.04.2016 12:00;0,0418633;
Natriumchlorid;8;24.04.2016 13:00;0,654163;
Natriumchlorid;6;24.04.2016 13:00;0,545496;
Natriumchlorid;2;24.04.2016 13:00;0,489479;
Natriumchlorid;1;24.04.2016 13:00;0,367115;
Natriumchlorid;3;24.04.2016 13:00;0,321043;
Natriumchlorid;7;24.04.2016 13:00;0,199484;
Natriumchlorid;9;24.04.2016 13:00;0,18868;
Natriumchlorid;5;24.04.2016 13:00;0,0990088;
Natriumchlorid;4;24.04.2016 13:00;0,0630162;
Arsen;3;24.04.2016 13:00;3,34325;
Arsen;8;24.04.2016 13:00;0,86884;
Arsen;7;24.04.2016 13:00;0,499987;
Arsen;4;24.04.2016 13:00;0,386951;
Arsen;9;24.04.2016 13:00;0,380025;
Arsen;6;24.04.2016 13:00;0,215783;
Arsen;2;24.04.2016 13:00;0,207057;
Arsen;1;24.04.2016 13:00;0,151337;
Arsen;5;24.04.2016 13:00;0,0325612;
Benzol;7;24.04.2016 13:00;0,695036;
Benzol;6;24.04.2016 13:00;0,432928;
Benzol;4;24.04.2016 13:00;0,316529;
Benzol;9;24.04.2016 13:00;0,306765;
Benzol;8;24.04.2016 13:00;0,281571;
Benzol;2;24.04.2016 13:00;0,224065;
Benzol;5;24.04.2016 13:00;0,156722;
Benzol;3;24.04.2016 13:00;0,0711017;
Benzol;1;24.04.2016 13:00;0,00111534;
Anilin;6;24.04.2016 13:00;0,502502;
Anilin;1;24.04.2016 13:00;0,457382;
Anilin;3;24.04.2016 13:00;0,386072;
Anilin;2;24.04.2016 13:00;0,369921;
Anilin;4;24.04.2016 13:00;0,287275;
Anilin;9;24.04.2016 13:00;0,224595;
Anilin;5;24.04.2016 13:00;0,182151;
Anilin;7;24.04.2016 13:00;0,121357;
Anilin;8;24.04.2016 13:00;0,0536417;
Natriumchlorid;3;24.04.2016 14:00;1,14567;
Natriumchlorid;8;24.04.2016 14:00;1,09699;
Natriumchlorid;7;24.04.2016 14:00;0,916768;
Natriumchlorid;1;24.04.2016 14:00;0,565982;
Natriumchlorid;4;24.04.2016 14:00;0,468893;
Natriumchlorid;6;24.04.2016 14:00;0,376037;
Natriumchlorid;5;24.04.2016 14:00;0,15338;
Natriumchlorid;9;24.04.2016 14:00;0,117728;
Natriumchlorid;2;24.04.2016 14:00;0,0740271;
Arsen;3;24.04.2016 14:00;1,57664;
Arsen;7;24.04.2016 14:00;0,600724;
Arsen;9;24.04.2016 14:00;0,491114;
Arsen;2;24.04.2016 14:00;0,452219;
Arsen;4;24.04.2016 14:00;0,300991;
Arsen;6;24.04.2016 14:00;0,214092;
Arsen;1;24.04.2016 14:00;0,178855;
Arsen;8;24.04.2016 14:00;0,133239;
Arsen;5;24.04.2016 14:00;0,0714984;
Benzol;3;24.04.2016 14:00;0,927145;
Benzol;8;24.04.2016 14:00;0,832094;
Benzol;7;24.04.2016 14:00;0,780592;
Benzol;4;24.04.2016 14:00;0,679228;
Benzol;9;24.04.2016 14:00;0,515546;
Benzol;2;24.04.2016 14:00;0,371154;
Benzol;1;24.04.2016 14:00;0,343232;
Benzol;6;24.04.2016 14:00;0,240823;
Benzol;5;24.04.2016 14:00;0,151547;
Anilin;7;24.04.2016 14:00;0,83373;
Anilin;4;24.04.2016 14:00;0,531545;
Anilin;3;24.04.2016 14:00;0,501393;
Anilin;6;24.04.2016 14:00;0,354374;
Anilin;2;24.04.2016 14:00;0,284388;
Anilin;1;24.04.2016 14:00;0,189124;
Anilin;5;24.04.2016 14:00;0,165012;
Anilin;9;24.04.2016 14:00;0,068642;
Anilin;8;24.04.2016 14:00;0,0574988;
Natriumchlorid;3;24.04.2016 15:00;2,04968;
Natriumchlorid;6;24.04.2016 15:00;0,45035;
Natriumchlorid;5;24.04.2016 15:00;0,431487;
Natriumchlorid;9;24.04.2016 15:00;0,302645;
Natriumchlorid;4;24.04.2016 15:00;0,298812;
Natriumchlorid;2;24.04.2016 15:00;0,288952;
Natriumchlorid;8;24.04.2016 15:00;0,249213;
Natriumchlorid;7;24.04.2016 15:00;0,227734;
Natriumchlorid;1;24.04.2016 15:00;0,177242;
Arsen;3;24.04.2016 15:00;1,98743;
Arsen;2;24.04.2016 15:00;0,997405;
Arsen;5;24.04.2016 15:00;0,69872;
Arsen;8;24.04.2016 15:00;0,514184;
Arsen;9;24.04.2016 15:00;0,429326;
Arsen;4;24.04.2016 15:00;0,335307;
Arsen;1;24.04.2016 15:00;0,228012;
Arsen;7;24.04.2016 15:00;0,206306;
Arsen;6;24.04.2016 15:00;0,130791;
Benzol;5;24.04.2016 15:00;0,735184;
Benzol;3;24.04.2016 15:00;0,635641;
Benzol;6;24.04.2016 15:00;0,535008;
Benzol;2;24.04.2016 15:00;0,484097;
Benzol;9;24.04.2016 15:00;0,407707;
Benzol;8;24.04.2016 15:00;0,364043;
Benzol;4;24.04.2016 15:00;0,185431;
Benzol;1;24.04.2016 15:00;0,169381;
Benzol;7;24.04.2016 15:00;0,0212703;
Anilin;6;24.04.2016 15:00;0,744719;
Anilin;4;24.04.2016 15:00;0,334985;
Anilin;7;24.04.2016 15:00;0,302477;
Anilin;2;24.04.2016 15:00;0,283074;
Anilin;1;24.04.2016 15:00;0,255786;
Anilin;5;24.04.2016 15:00;0,249964;
Anilin;8;24.04.2016 15:00;0,240839;
Anilin;9;24.04.2016 15:00;0,138752;
Anilin;3;24.04.2016 15:00;0,00245177;
Natriumchlorid;3;24.04.2016 16:00;2,82141;
Natriumchlorid;7;24.04.2016 16:00;0,621825;
Natriumchlorid;4;24.04.2016 16:00;0,530461;
Natriumchlorid;6;24.04.2016 16:00;0,409727;
Natriumchlorid;2;24.04.2016 16:00;0,24738;
Natriumchlorid;1;24.04.2016 16:00;0,20844;
Natriumchlorid;5;24.04.2016 16:00;0,175718;
Natriumchlorid;8;24.04.2016 16:00;0,119671;
Natriumchlorid;9;24.04.2016 16:00;0,104159;
Arsen;6;24.04.2016 16:00;0,40792;
Arsen;1;24.04.2016 16:00;0,387302;
Arsen;3;24.04.2016 16:00;0,365572;
Arsen;9;24.04.2016 16:00;0,329751;
Arsen;7;24.04.2016 16:00;0,32171;
Arsen;4;24.04.2016 16:00;0,19256;
Arsen;5;24.04.2016 16:00;0,115644;
Arsen;8;24.04.2016 16:00;0,0751;
Arsen;2;24.04.2016 16:00;0,0366529;
Benzol;3;24.04.2016 16:00;1,26751;
Benzol;7;24.04.2016 16:00;1,06453;
Benzol;2;24.04.2016 16:00;0,856213;
Benzol;8;24.04.2016 16:00;0,660789;
Benzol;5;24.04.2016 16:00;0,510338;
Benzol;4;24.04.2016 16:00;0,411424;
Benzol;9;24.04.2016 16:00;0,401054;
Benzol;6;24.04.2016 16:00;0,283218;
Benzol;1;24.04.2016 16:00;0,17522;
Anilin;8;24.04.2016 16:00;0,955001;
Anilin;3;24.04.2016 16:00;0,908537;
Anilin;6;24.04.2016 16:00;0,593904;
Anilin;7;24.04.2016 16:00;0,333855;
Anilin;9;24.04.2016 16:00;0,282572;
Anilin;4;24.04.2016 16:00;0,271063;
Anilin;1;24.04.2016 16:00;0,200558;
Anilin;2;24.04.2016 16:00;0,177053;
Anilin;5;24.04.2016 16:00;0,154677;
Natriumchlorid;3;24.04.2016 17:00;1,45698;
Natriumchlorid;6;24.04.2016 17:00;0,582308;
Natriumchlorid;4;24.04.2016 17:00;0,402248;
Natriumchlorid;9;24.04.2016 17:00;0,240975;
Natriumchlorid;2;24.04.2016 17:00;0,218893;
Natriumchlorid;8;24.04.2016 17:00;0,210444;
Natriumchlorid;5;24.04.2016 17:00;0,117689;
Natriumchlorid;7;24.04.2016 17:00;0,114378;
Natriumchlorid;1;24.04.2016 17:00;0,113631;
Arsen;3;24.04.2016 17:00;1,51991;
Arsen;2;24.04.2016 17:00;0,868384;
Arsen;9;24.04.2016 17:00;0,723083;
Arsen;7;24.04.2016 17:00;0,643339;
Arsen;6;24.04.2016 17:00;0,620797;
Arsen;8;24.04.2016 17:00;0,518877;
Arsen;5;24.04.2016 17:00;0,355171;
Arsen;4;24.04.2016 17:00;0,220607;
Arsen;1;24.04.2016 17:00;0,0510333;
Benzol;8;24.04.2016 17:00;0,912044;
Benzol;3;24.04.2016 17:00;0,669374;
Benzol;2;24.04.2016 17:00;0,634736;
Benzol;1;24.04.2016 17:00;0,397784;
Benzol;9;24.04.2016 17:00;0,387113;
Benzol;7;24.04.2016 17:00;0,348604;
Benzol;6;24.04.2016 17:00;0,342765;
Benzol;4;24.04.2016 17:00;0,262874;
Benzol;5;24.04.2016 17:00;0,00410546;
Anilin;3;24.04.2016 17:00;2,71049;
Anilin;8;24.04.2016 17:00;1,13776;
Anilin;7;24.04.2016 17:00;0,955443;
Anilin;4;24.04.2016 17:00;0,372808;
Anilin;9;24.04.2016 17:00;0,370259;
Anilin;6;24.04.2016 17:00;0,318476;
Anilin;1;24.04.2016 17:00;0,167785;
Anilin;5;24.04.2016 17:00;0,0665464;
Anilin;2;24.04.2016 17:00;0,0391777;
Natriumchlorid;3;24.04.2016 18:00;1,50714;
Natriumchlorid;6;24.04.2016 18:00;0,662473;
Natriumchlorid;9;24.04.2016 18:00;0,474959;
Natriumchlorid;1;24.04.2016 18:00;0,463417;
Natriumchlorid;5;24.04.2016 18:00;0,327342;
Natriumchlorid;4;24.04.2016 18:00;0,325513;
Natriumchlorid;7;24.04.2016 18:00;0,145058;
Natriumchlorid;2;24.04.2016 18:00;0,0999959;
Natriumchlorid;8;24.04.2016 18:00;0,0222975;
Arsen;7;24.04.2016 18:00;1,65776;
Arsen;8;24.04.2016 18:00;0,477173;
Arsen;6;24.04.2016 18:00;0,382544;
Arsen;3;24.04.2016 18:00;0,33714;
Arsen;9;24.04.2016 18:00;0,254658;
Arsen;2;24.04.2016 18:00;0,110725;
Arsen;5;24.04.2016 18:00;0,0818381;
Arsen;1;24.04.2016 18:00;0,0523631;
Arsen;4;24.04.2016 18:00;0,0416313;
Benzol;7;24.04.2016 18:00;1,7025;
Benzol;2;24.04.2016 18:00;0,790835;
Benzol;3;24.04.2016 18:00;0,764231;
Benzol;6;24.04.2016 18:00;0,714015;
Benzol;1;24.04.2016 18:00;0,680992;
Benzol;4;24.04.2016 18:00;0,545674;
Benzol;5;24.04.2016 18:00;0,483106;
Benzol;8;24.04.2016 18:00;0,461486;
Benzol;9;24.04.2016 18:00;0,171299;
Anilin;8;24.04.2016 18:00;0,676314;
Anilin;6;24.04.2016 18:00;0,583098;
Anilin;4;24.04.2016 18:00;0,313998;
Anilin;9;24.04.2016 18:00;0,299478;
Anilin;5;24.04.2016 18:00;0,236959;
Anilin;7;24.04.2016 18:00;0,12326;
Anilin;2;24.04.2016 18:00;0,105321;
Anilin;3;24.04.2016 18:00;0,0547705;
Anilin;1;24.04.2016 18:00;0,0268877;
Natriumchlorid;3;24.04.2016 19:00;0,482987;
Natriumchlorid;6;24.04.2016 19:00;0,36521;
Natriumchlorid;2;24.04.2016 19:00;0,327444;
Natriumchlorid;9;24.04.2016 19:00;0,31555;
Natriumchlorid;1;24.04.2016 19:00;0,231455;
Natriumchlorid;4;24.04.2016 19:00;0,186929;
Natriumchlorid;8;24.04.2016 19:00;0,177881;
Natriumchlorid;7;24.04.2016 19:00;0,104755;
Natriumchlorid;5;24.04.2016 19:00;0,103076;
Arsen;6;24.04.2016 19:00;0,609738;
Arsen;4;24.04.2016 19:00;0,510524;
Arsen;2;24.04.2016 19:00;0,343379;
Arsen;1;24.04.2016 19:00;0,325848;
Arsen;9;24.04.2016 19:00;0,32334;
Arsen;3;24.04.2016 19:00;0,290825;
Arsen;5;24.04.2016 19:00;0,18864;
Arsen;7;24.04.2016 19:00;0,0108762;
Arsen;8;24.04.2016 19:00;0,00195482;
Benzol;7;24.04.2016 19:00;0,565467;
Benzol;2;24.04.2016 19:00;0,372538;
Benzol;5;24.04.2016 19:00;0,370912;
Benzol;6;24.04.2016 19:00;0,321988;
Benzol;9;24.04.2016 19:00;0,293752;
Benzol;3;24.04.2016 19:00;0,0812496;
Benzol;1;24.04.2016 19:00;0,0796984;
Benzol;8;24.04.2016 19:00;0,0361248;
Benzol;4;24.04.2016 19:00;0,0323479;
Anilin;7;24.04.2016 19:00;0,524196;
Anilin;8;24.04.2016 19:00;0,503894;
Anilin;4;24.04.2016 19:00;0,425492;
Anilin;6;24.04.2016 19:00;0,402027;
Anilin;2;24.04.2016 19:00;0,269953;
Anilin;5;24.04.2016 19:00;0,228222;
Anilin;9;24.04.2016 19:00;0,219238;
Anilin;3;24.04.2016 19:00;0,105719;
Anilin;1;24.04.2016 19:00;0,0913604;
Natriumchlorid;6;24.04.2016 20:00;0,594468;
Natriumchlorid;2;24.04.2016 20:00;0,559179;
Natriumchlorid;3;24.04.2016 20:00;0,460611;
Natriumchlorid;4;24.04.2016 20:00;0,310119;
Natriumchlorid;7;24.04.2016 20:00;0,243521;
Natriumchlorid;1;24.04.2016 20:00;0,155268;
Natriumchlorid;5;24.04.2016 20:00;0,150304;
Natriumchlorid;9;24.04.2016 20:00;0,117877;
Natriumchlorid;8;24.04.2016 20:00;0,098136;
Arsen;3;24.04.2016 20:00;1,2127;
Arsen;6;24.04.2016 20:00;0,5524;
Arsen;4;24.04.2016 20:00;0,507941;
Arsen;5;24.04.2016 20:00;0,442836;
Arsen;9;24.04.2016 20:00;0,390746;
Arsen;7;24.04.2016 20:00;0,358055;
Arsen;2;24.04.2016 20:00;0,357415;
Arsen;1;24.04.2016 20:00;0,355176;
Arsen;8;24.04.2016 20:00;0,0996546;
Benzol;3;24.04.2016 20:00;1,18202;
Benzol;7;24.04.2016 20:00;0,565771;
Benzol;6;24.04.2016 20:00;0,485262;
Benzol;8;24.04.2016 20:00;0,400138;
Benzol;5;24.04.2016 20:00;0,314554;
Benzol;4;24.04.2016 20:00;0,297436;
Benzol;2;24.04.2016 20:00;0,172995;
Benzol;9;24.04.2016 20:00;0,0579081;
Benzol;1;24.04.2016 20:00;0,0557773;
Anilin;2;24.04.2016 20:00;1,36028;
Anilin;3;24.04.2016 20:00;0,963197;
Anilin;8;24.04.2016 20:00;0,833578;
Anilin;7;24.04.2016 20:00;0,590935;
Anilin;6;24.04.2016 20:00;0,570898;
Anilin;4;24.04.2016 20:00;0,43684;
Anilin;5;24.04.2016 20:00;0,323432;
Anilin;1;24.04.2016 20:00;0,190672;
Anilin;9;24.04.2016 20:00;0,0994649;
Natriumchlorid;7;24.04.2016 21:00;1,94308;
Natriumchlorid;3;24.04.2016 21:00;0,759127;
Natriumchlorid;8;24.04.2016 21:00;0,601036;
Natriumchlorid;6;24.04.2016 21:00;0,468213;
Natriumchlorid;4;24.04.2016 21:00;0,29345;
Natriumchlorid;1;24.04.2016 21:00;0,210753;
Natriumchlorid;5;24.04.2016 21:00;0,206907;
Natriumchlorid;9;24.04.2016 21:00;0,181284;
Natriumchlorid;2;24.04.2016 21:00;0,0676858;
Arsen;6;24.04.2016 21:00;0,721306;
Arsen;7;24.04.2016 21:00;0,626976;
Arsen;2;24.04.2016 21:00;0,50603;
Arsen;3;24.04.2016 21:00;0,429401;
Arsen;4;24.04.2016 21:00;0,383548;
Arsen;1;24.04.2016 21:00;0,336607;
Arsen;9;24.04.2016 21:00;0,287008;
Arsen;8;24.04.2016 21:00;0,217094;
Arsen;5;24.04.2016 21:00;0,0719925;
Benzol;3;24.04.2016 21:00;1,72774;
Benzol;8;24.04.2016 21:00;1,06313;
Benzol;7;24.04.2016 21:00;0,517221;
Benzol;4;24.04.2016 21:00;0,439098;
Benzol;6;24.04.2016 21:00;0,393305;
Benzol;5;24.04.2016 21:00;0,250768;
Benzol;9;24.04.2016 21:00;0,193887;
Benzol;1;24.04.2016 21:00;0,174665;
Benzol;2;24.04.2016 21:00;0,0448675;
Anilin;4;24.04.2016 21:00;0,698497;
Anilin;3;24.04.2016 21:00;0,548683;
Anilin;9;24.04.2016 21:00;0,429711;
Anilin;2;24.04.2016 21:00;0,359231;
Anilin;6;24.04.2016 21:00;0,281891;
Anilin;8;24.04.2016 21:00;0,194612;
Anilin;1;24.04.2016 21:00;0,124163;
Anilin;7;24.04.2016 21:00;0,107939;
Anilin;5;24.04.2016 21:00;0,0686905;
Natriumchlorid;3;24.04.2016 22:00;1,28772;
Natriumchlorid;2;24.04.2016 22:00;1,02413;
Natriumchlorid;8;24.04.2016 22:00;0,543126;
Natriumchlorid;6;24.04.2016 22:00;0,46348;
Natriumchlorid;1;24.04.2016 22:00;0,286705;
Natriumchlorid;7;24.04.2016 22:00;0,274587;
Natriumchlorid;4;24.04.2016 22:00;0,198355;
Natriumchlorid;9;24.04.2016 22:00;0,0428311;
Natriumchlorid;5;24.04.2016 22:00;0,025653;
Arsen;3;24.04.2016 22:00;2,21676;
Arsen;7;24.04.2016 22:00;1,63009;
Arsen;2;24.04.2016 22:00;0,66031;
Arsen;8;24.04.2016 22:00;0,558569;
Arsen;4;24.04.2016 22:00;0,477606;
Arsen;9;24.04.2016 22:00;0,0940124;
Arsen;6;24.04.2016 22:00;0,0704155;
Arsen;5;24.04.2016 22:00;0,0395713;
Arsen;1;24.04.2016 22:00;0,0152533;
Benzol;3;24.04.2016 22:00;1,80136;
Benzol;5;24.04.2016 22:00;0,482013;
Benzol;4;24.04.2016 22:00;0,456447;
Benzol;8;24.04.2016 22:00;0,336191;
Benzol;7;24.04.2016 22:00;0,307191;
Benzol;6;24.04.2016 22:00;0,212432;
Benzol;1;24.04.2016 22:00;0,196779;
Benzol;9;24.04.2016 22:00;0,0433723;
Benzol;2;24.04.2016 22:00;0,0344709;
Anilin;3;24.04.2016 22:00;1,22582;
Anilin;4;24.04.2016 22:00;0,345004;
Anilin;8;24.04.2016 22:00;0,335664;
Anilin;7;24.04.2016 22:00;0,28797;
Anilin;5;24.04.2016 22:00;0,242238;
Anilin;1;24.04.2016 22:00;0,213037;
Anilin;2;24.04.2016 22:00;0,143473;
Anilin;6;24.04.2016 22:00;0,127538;
Anilin;9;24.04.2016 22:00;0,0495935;
Natriumchlorid;3;24.04.2016 23:00;1,371;
Natriumchlorid;4;24.04.2016 23:00;0,778923;
Natriumchlorid;6;24.04.2016 23:00;0,47666;
Natriumchlorid;7;24.04.2016 23:00;0,371367;
Natriumchlorid;8;24.04.2016 23:00;0,324572;
Natriumchlorid;5;24.04.2016 23:00;0,284853;
Natriumchlorid;9;24.04.2016 23:00;0,240943;
Natriumchlorid;1;24.04.2016 23:00;0,166995;
Natriumchlorid;2;24.04.2016 23:00;0,0845406;
Arsen;7;24.04.2016 23:00;0,991809;
Arsen;8;24.04.2016 23:00;0,933387;
Arsen;3;24.04.2016 23:00;0,929287;
Arsen;4;24.04.2016 23:00;0,478903;
Arsen;9;24.04.2016 23:00;0,410802;
Arsen;2;24.04.2016 23:00;0,22074;
Arsen;6;24.04.2016 23:00;0,131245;
Arsen;1;24.04.2016 23:00;0,129105;
Arsen;5;24.04.2016 23:00;0,107804;
Benzol;3;24.04.2016 23:00;1,44167;
Benzol;7;24.04.2016 23:00;1,25497;
Benzol;2;24.04.2016 23:00;0,731902;
Benzol;4;24.04.2016 23:00;0,547261;
Benzol;5;24.04.2016 23:00;0,458657;
Benzol;8;24.04.2016 23:00;0,261659;
Benzol;6;24.04.2016 23:00;0,172114;
Benzol;9;24.04.2016 23:00;0,108721;
Benzol;1;24.04.2016 23:00;0,0402985;
Anilin;8;24.04.2016 23:00;1,66788;
Anilin;3;24.04.2016 23:00;1,15829;
Anilin;7;24.04.2016 23:00;0,746389;
Anilin;4;24.04.2016 23:00;0,455058;
Anilin;2;24.04.2016 23:00;0,242607;
Anilin;6;24.04.2016 23:00;0,236886;
Anilin;9;24.04.2016 23:00;0,199579;
Anilin;1;24.04.2016 23:00;0,0813992;
Anilin;5;24.04.2016 23:00;0,0749681;
Natriumchlorid;3;25.04.2016 00:00;0,586762;
Natriumchlorid;1;25.04.2016 00:00;0,531564;
Natriumchlorid;8;25.04.2016 00:00;0,321642;
Natriumchlorid;4;25.04.2016 00:00;0,28973;
Natriumchlorid;2;25.04.2016 00:00;0,212502;
Natriumchlorid;6;25.04.2016 00:00;0,11893;
Natriumchlorid;9;25.04.2016 00:00;0,0658026;
Natriumchlorid;7;25.04.2016 00:00;0,0195793;
Natriumchlorid;5;25.04.2016 00:00;0,0191448;
Arsen;3;25.04.2016 00:00;1,19721;
Arsen;8;25.04.2016 00:00;0,578805;
Arsen;4;25.04.2016 00:00;0,542101;
Arsen;2;25.04.2016 00:00;0,491474;
Arsen;6;25.04.2016 00:00;0,4225;
Arsen;9;25.04.2016 00:00;0,397809;
Arsen;7;25.04.2016 00:00;0,301332;
Arsen;1;25.04.2016 00:00;0,28849;
Arsen;5;25.04.2016 00:00;0,0826684;
Benzol;6;25.04.2016 00:00;4,40355;
Benzol;3;25.04.2016 00:00;2,33419;
Benzol;7;25.04.2016 00:00;0,831365;
Benzol;4;25.04.2016 00:00;0,403357;
Benzol;9;25.04.2016 00:00;0,362858;
Benzol;8;25.04.2016 00:00;0,261529;
Benzol;2;25.04.2016 00:00;0,160724;
Benzol;5;25.04.2016 00:00;0,157762;
Benzol;1;25.04.2016 00:00;0,0468505;
Anilin;3;25.04.2016 00:00;0,894374;
Anilin;4;25.04.2016 00:00;0,399956;
Anilin;2;25.04.2016 00:00;0,390824;
Anilin;8;25.04.2016 00:00;0,355832;
Anilin;9;25.04.2016 00:00;0,221591;
Anilin;6;25.04.2016 00:00;0,221073;
Anilin;1;25.04.2016 00:00;0,19837;
Anilin;5;25.04.2016 00:00;0,101192;
Anilin;7;25.04.2016 00:00;0,101182;
Natriumchlorid;8;25.04.2016 01:00;0,600723;
Natriumchlorid;6;25.04.2016 01:00;0,494984;
Natriumchlorid;7;25.04.2016 01:00;0,424745;
Natriumchlorid;2;25.04.2016 01:00;0,27437;
Natriumchlorid;1;25.04.2016 01:00;0,138214;
Natriumchlorid;9;25.04.2016 01:00;0,137725;
Natriumchlorid;3;25.04.2016 01:00;0,136753;
Natriumchlorid;4;25.04.2016 01:00;0,115337;
Natriumchlorid;5;25.04.2016 01:00;0,00572763;
Arsen;3;25.04.2016 01:00;3,60951;
Arsen;8;25.04.2016 01:00;0,945;
Arsen;2;25.04.2016 01:00;0,460372;
Arsen;1;25.04.2016 01:00;0,394124;
Arsen;6;25.04.2016 01:00;0,354091;
Arsen;4;25.04.2016 01:00;0,191829;
Arsen;5;25.04.2016 01:00;0,158845;
Arsen;9;25.04.2016 01:00;0,122054;
Arsen;7;25.04.2016 01:00;0,0104763;
Benzol;3;25.04.2016 01:00;4,58932;
Benzol;7;25.04.2016 01:00;1,25533;
Benzol;4;25.04.2016 01:00;0,694247;
Benzol;5;25.04.2016 01:00;0,662565;
Benzol;1;25.04.2016 01:00;0,511727;
Benzol;6;25.04.2016 01:00;0,492899;
Benzol;8;25.04.2016 01:00;0,480168;
Benzol;2;25.04.2016 01:00;0,383823;
Benzol;9;25.04.2016 01:00;0,0975682;
Anilin;3;25.04.2016 01:00;1,18371;
Anilin;7;25.04.2016 01:00;1,16255;
Anilin;8;25.04.2016 01:00;0,651435;
Anilin;6;25.04.2016 01:00;0,511971;
Anilin;5;25.04.2016 01:00;0,342791;
Anilin;1;25.04.2016 01:00;0,244638;
Anilin;2;25.04.2016 01:00;0,182264;
Anilin;9;25.04.2016 01:00;0,177931;
Anilin;4;25.04.2016 01:00;0,13608;
Natriumchlorid;6;25.04.2016 02:00;4,26826;
Natriumchlorid;3;25.04.2016 02:00;3,2236;
Natriumchlorid;7;25.04.2016 02:00;1,60197;
Natriumchlorid;8;25.04.2016 02:00;0,859895;
Natriumchlorid;5;25.04.2016 02:00;0,318963;
Natriumchlorid;4;25.04.2016 02:00;0,287484;
Natriumchlorid;9;25.04.2016 02:00;0,237558;
Natriumchlorid;2;25.04.2016 02:00;0,146336;
Natriumchlorid;1;25.04.2016 02:00;0,0663219;
Arsen;3;25.04.2016 02:00;1,66213;
Arsen;8;25.04.2016 02:00;0,994411;
Arsen;2;25.04.2016 02:00;0,760421;
Arsen;5;25.04.2016 02:00;0,703685;
Arsen;6;25.04.2016 02:00;0,465172;
Arsen;4;25.04.2016 02:00;0,460827;
Arsen;1;25.04.2016 02:00;0,304987;
Arsen;7;25.04.2016 02:00;0,156214;
Arsen;9;25.04.2016 02:00;0,0552947;
Benzol;7;25.04.2016 02:00;1,2253;
Benzol;8;25.04.2016 02:00;1,04373;
Benzol;3;25.04.2016 02:00;0,890303;
Benzol;4;25.04.2016 02:00;0,580393;
Benzol;6;25.04.2016 02:00;0,439491;
Benzol;1;25.04.2016 02:00;0,273753;
Benzol;9;25.04.2016 02:00;0,233983;
Benzol;5;25.04.2016 02:00;0,205108;
Benzol;2;25.04.2016 02:00;0,0844132;
Anilin;6;25.04.2016 02:00;42,78129;
Anilin;3;25.04.2016 02:00;0,570253;
Anilin;8;25.04.2016 02:00;0,455725;
Anilin;4;25.04.2016 02:00;0,379165;
Anilin;1;25.04.2016 02:00;0,266448;
Anilin;9;25.04.2016 02:00;0,178686;
Anilin;2;25.04.2016 02:00;0,140495;
Anilin;5;25.04.2016 02:00;0,0204466;
Anilin;7;25.04.2016 02:00;0,00416299;
Natriumchlorid;6;25.04.2016 03:00;2,84115;
Natriumchlorid;8;25.04.2016 03:00;1,09995;
Natriumchlorid;3;25.04.2016 03:00;0,552055;
Natriumchlorid;2;25.04.2016 03:00;0,365446;
Natriumchlorid;7;25.04.2016 03:00;0,364296;
Natriumchlorid;4;25.04.2016 03:00;0,334048;
Natriumchlorid;5;25.04.2016 03:00;0,272882;
Natriumchlorid;1;25.04.2016 03:00;0,117478;
Natriumchlorid;9;25.04.2016 03:00;0,0195065;
Arsen;3;25.04.2016 03:00;2,31377;
Arsen;7;25.04.2016 03:00;1,2762;
Arsen;6;25.04.2016 03:00;0,761426;
Arsen;4;25.04.2016 03:00;0,592933;
Arsen;8;25.04.2016 03:00;0,581684;
Arsen;2;25.04.2016 03:00;0,479665;
Arsen;9;25.04.2016 03:00;0,454502;
Arsen;5;25.04.2016 03:00;0,246314;
Arsen;1;25.04.2016 03:00;0,118908;
Benzol;3;25.04.2016 03:00;1,02715;
Benzol;7;25.04.2016 03:00;0,916605;
Benzol;4;25.04.2016 03:00;0,402596;
Benzol;6;25.04.2016 03:00;0,334973;
Benzol;8;25.04.2016 03:00;0,265648;
Benzol;1;25.04.2016 03:00;0,195194;
Benzol;2;25.04.2016 03:00;0,149885;
Benzol;5;25.04.2016 03:00;0,0621851;
Benzol;9;25.04.2016 03:00;0,0184094;
Anilin;6;25.04.2016 03:00;27,00332;
Anilin;3;25.04.2016 03:00;1,04797;
Anilin;8;25.04.2016 03:00;0,79318;
Anilin;4;25.04.2016 03:00;0,488799;
Anilin;7;25.04.2016 03:00;0,373102;
Anilin;2;25.04.2016 03:00;0,193279;
Anilin;9;25.04.2016 03:00;0,0509124;
Anilin;5;25.04.2016 03:00;0,0508524;
Anilin;1;25.04.2016 03:00;0,00304151;
Natriumchlorid;7;25.04.2016 04:00;0,969404;
Natriumchlorid;3;25.04.2016 04:00;0,658693;
Natriumchlorid;6;25.04.2016 04:00;0,641024;
Natriumchlorid;1;25.04.2016 04:00;0,316804;
Natriumchlorid;4;25.04.2016 04:00;0,199231;
Natriumchlorid;5;25.04.2016 04:00;0,195193;
Natriumchlorid;8;25.04.2016 04:00;0,142841;
Natriumchlorid;2;25.04.2016 04:00;0,106809;
Natriumchlorid;9;25.04.2016 04:00;0,0827646;
Arsen;8;25.04.2016 04:00;1,10509;
Arsen;6;25.04.2016 04:00;0,594541;
Arsen;3;25.04.2016 04:00;0,588592;
Arsen;1;25.04.2016 04:00;0,481317;
Arsen;7;25.04.2016 04:00;0,447552;
Arsen;9;25.04.2016 04:00;0,201993;
Arsen;2;25.04.2016 04:00;0,0602583;
Arsen;4;25.04.2016 04:00;0,029856;
Arsen;5;25.04.2016 04:00;0,00418512;
Benzol;6;25.04.2016 04:00;0,702765;
Benzol;3;25.04.2016 04:00;0,690438;
Benzol;5;25.04.2016 04:00;0,468793;
Benzol;9;25.04.2016 04:00;0,381267;
Benzol;2;25.04.2016 04:00;0,306714;
Benzol;1;25.04.2016 04:00;0,305286;
Benzol;4;25.04.2016 04:00;0,247306;
Benzol;7;25.04.2016 04:00;0,144051;
Benzol;8;25.04.2016 04:00;0,0450588;
Anilin;3;25.04.2016 04:00;1,99636;
Anilin;7;25.04.2016 04:00;0,548027;
Anilin;6;25.04.2016 04:00;0,365148;
Anilin;4;25.04.2016 04:00;0,349916;
Anilin;9;25.04.2016 04:00;0,313837;
Anilin;1;25.04.2016 04:00;0,207935;
Anilin;8;25.04.2016 04:00;0,196739;
Anilin;2;25.04.2016 04:00;0,114423;
Anilin;5;25.04.2016 04:00;0,0537296;
Natriumchlorid;6;25.04.2016 05:00;4,93643;
Natriumchlorid;1;25.04.2016 05:00;0,448763;
Natriumchlorid;3;25.04.2016 05:00;0,382672;
Natriumchlorid;8;25.04.2016 05:00;0,297974;
Natriumchlorid;7;25.04.2016 05:00;0,286356;
Natriumchlorid;5;25.04.2016 05:00;0,227423;
Natriumchlorid;4;25.04.2016 05:00;0,11558;
Natriumchlorid;2;25.04.2016 05:00;0,0496481;
Natriumchlorid;9;25.04.2016 05:00;0,0210506;
Arsen;3;25.04.2016 05:00;0,785436;
Arsen;2;25.04.2016 05:00;0,616518;
Arsen;8;25.04.2016 05:00;0,523971;
Arsen;1;25.04.2016 05:00;0,474841;
Arsen;9;25.04.2016 05:00;0,328508;
Arsen;5;25.04.2016 05:00;0,31709;
Arsen;7;25.04.2016 05:00;0,224763;
Arsen;6;25.04.2016 05:00;0,173282;
Arsen;4;25.04.2016 05:00;0,0780118;
Benzol;7;25.04.2016 05:00;0,951094;
Benzol;8;25.04.2016 05:00;0,829471;
Benzol;4;25.04.2016 05:00;0,300896;
Benzol;3;25.04.2016 05:00;0,286726;
Benzol;5;25.04.2016 05:00;0,275245;
Benzol;1;25.04.2016 05:00;0,217178;
Benzol;6;25.04.2016 05:00;0,170112;
Benzol;9;25.04.2016 05:00;0,106231;
Benzol;2;25.04.2016 05:00;0,0860297;
Anilin;6;25.04.2016 05:00;48,07201;
Anilin;7;25.04.2016 05:00;1,23081;
Anilin;8;25.04.2016 05:00;0,603679;
Anilin;9;25.04.2016 05:00;0,516827;
Anilin;1;25.04.2016 05:00;0,370809;
Anilin;4;25.04.2016 05:00;0,339951;
Anilin;3;25.04.2016 05:00;0,311199;
Anilin;5;25.04.2016 05:00;0,30205;
Anilin;2;25.04.2016 05:00;0,194171;
Natriumchlorid;6;25.04.2016 06:00;10,98101;
Natriumchlorid;6;25.04.2016 06:00;1,49738;
Natriumchlorid;7;25.04.2016 06:00;0,638277;
Natriumchlorid;3;25.04.2016 06:00;0,484716;
Natriumchlorid;8;25.04.2016 06:00;0,483574;
Natriumchlorid;4;25.04.2016 06:00;0,433289;
Natriumchlorid;1;25.04.2016 06:00;0,412355;
Natriumchlorid;2;25.04.2016 06:00;0,164873;
Natriumchlorid;5;25.04.2016 06:00;0,0742656;
Natriumchlorid;9;25.04.2016 06:00;0,0372914;
Arsen;5;25.04.2016 06:00;1,51428;
Arsen;2;25.04.2016 06:00;0,640694;
Arsen;1;25.04.2016 06:00;0,461534;
Arsen;3;25.04.2016 06:00;0,447906;
Arsen;6;25.04.2016 06:00;0,431936;
Arsen;9;25.04.2016 06:00;0,389328;
Arsen;4;25.04.2016 06:00;0,146751;
Arsen;7;25.04.2016 06:00;0,140117;
Arsen;8;25.04.2016 06:00;0,0721396;
Benzol;6;25.04.2016 06:00;0,618143;
Benzol;3;25.04.2016 06:00;0,567584;
Benzol;5;25.04.2016 06:00;0,500992;
Benzol;7;25.04.2016 06:00;0,439584;
Benzol;9;25.04.2016 06:00;0,34195;
Benzol;2;25.04.2016 06:00;0,321566;
Benzol;4;25.04.2016 06:00;0,311273;
Benzol;1;25.04.2016 06:00;0,128013;
Benzol;8;25.04.2016 06:00;0,1161;
Anilin;3;25.04.2016 06:00;3,45877;
Anilin;4;25.04.2016 06:00;0,690213;
Anilin;9;25.04.2016 06:00;0,602921;
Anilin;7;25.04.2016 06:00;0,283465;
Anilin;1;25.04.2016 06:00;0,157881;
Anilin;8;25.04.2016 06:00;0,0696588;
Anilin;5;25.04.2016 06:00;0,024589;
Anilin;2;25.04.2016 06:00;0,0169578;
Natriumchlorid;3;25.04.2016 07:00;1,21838;
Natriumchlorid;7;25.04.2016 07:00;0,690906;
Natriumchlorid;1;25.04.2016 07:00;0,400952;
Natriumchlorid;6;25.04.2016 07:00;0,266123;
Natriumchlorid;9;25.04.2016 07:00;0,246255;
Natriumchlorid;8;25.04.2016 07:00;0,187422;
Natriumchlorid;4;25.04.2016 07:00;0,0900405;
Natriumchlorid;5;25.04.2016 07:00;0,07873;
Natriumchlorid;2;25.04.2016 07:00;0,00979328;
Arsen;3;25.04.2016 07:00;2,124;
Arsen;7;25.04.2016 07:00;0,807054;
Arsen;8;25.04.2016 07:00;0,554374;
Arsen;4;25.04.2016 07:00;0,455989;
Arsen;6;25.04.2016 07:00;0,44583;
Arsen;9;25.04.2016 07:00;0,211136;
Arsen;1;25.04.2016 07:00;0,209727;
Arsen;2;25.04.2016 07:00;0,183824;
Arsen;5;25.04.2016 07:00;0,00451931;
Benzol;3;25.04.2016 07:00;2,34918;
Benzol;7;25.04.2016 07:00;0,632892;
Benzol;1;25.04.2016 07:00;0,440835;
Benzol;6;25.04.2016 07:00;0,413834;
Benzol;4;25.04.2016 07:00;0,384666;
Benzol;2;25.04.2016 07:00;0,346295;
Benzol;8;25.04.2016 07:00;0,29151;
Benzol;5;25.04.2016 07:00;0,226261;
Benzol;9;25.04.2016 07:00;0,0487833;
Anilin;3;25.04.2016 07:00;1,72688;
Anilin;6;25.04.2016 07:00;0,576587;
Anilin;5;25.04.2016 07:00;0,352227;
Anilin;9;25.04.2016 07:00;0,309634;
Anilin;7;25.04.2016 07:00;0,135187;
Anilin;1;25.04.2016 07:00;0,114752;
Anilin;4;25.04.2016 07:00;0,10967;
Anilin;2;25.04.2016 07:00;0,0845724;
Anilin;8;25.04.2016 07:00;0,0207207;
Natriumchlorid;3;25.04.2016 08:00;2,89841;
Natriumchlorid;4;25.04.2016 08:00;0,696353;
Natriumchlorid;1;25.04.2016 08:00;0,400042;
Natriumchlorid;9;25.04.2016 08:00;0,339598;
Natriumchlorid;6;25.04.2016 08:00;0,298839;
Natriumchlorid;7;25.04.2016 08:00;0,214794;
Natriumchlorid;8;25.04.2016 08:00;0,146397;
Natriumchlorid;2;25.04.2016 08:00;0,102864;
Natriumchlorid;5;25.04.2016 08:00;0,0820904;
Arsen;7;25.04.2016 08:00;1,10698;
Arsen;4;25.04.2016 08:00;0,465948;
Arsen;9;25.04.2016 08:00;0,363242;
Arsen;6;25.04.2016 08:00;0,344373;
Arsen;1;25.04.2016 08:00;0,336781;
Arsen;3;25.04.2016 08:00;0,228767;
Arsen;5;25.04.2016 08:00;0,21567;
Arsen;8;25.04.2016 08:00;0,167561;
Arsen;2;25.04.2016 08:00;0,073361;
Benzol;6;25.04.2016 08:00;2,78609;
Benzol;3;25.04.2016 08:00;1,63398;
Benzol;4;25.04.2016 08:00;0,56214;
Benzol;7;25.04.2016 08:00;0,420003;
Benzol;2;25.04.2016 08:00;0,274619;
Benzol;9;25.04.2016 08:00;0,247654;
Benzol;8;25.04.2016 08:00;0,214917;
Benzol;1;25.04.2016 08:00;0,0625995;
Benzol;5;25.04.2016 08:00;0,0539984;
Anilin;3;25.04.2016 08:00;2,31237;
Anilin;7;25.04.2016 08:00;0,531772;
Anilin;4;25.04.2016 08:00;0,527743;
Anilin;6;25.04.2016 08:00;0,423824;
Anilin;8;25.04.2016 08:00;0,40638;
Anilin;2;25.04.2016 08:00;0,279107;
Anilin;5;25.04.2016 08:00;0,275913;
Anilin;9;25.04.2016 08:00;0,249435;
Anilin;1;25.04.2016 08:00;0,219085;
Natriumchlorid;3;25.04.2016 09:00;1,71057;
Natriumchlorid;8;25.04.2016 09:00;1,21151;
Natriumchlorid;7;25.04.2016 09:00;0,59073;
Natriumchlorid;6;25.04.2016 09:00;0,412669;
Natriumchlorid;4;25.04.2016 09:00;0,335798;
Natriumchlorid;1;25.04.2016 09:00;0,192371;
Natriumchlorid;9;25.04.2016 09:00;0,186703;
Natriumchlorid;5;25.04.2016 09:00;0,152766;
Natriumchlorid;2;25.04.2016 09:00;0,15081;
Arsen;3;25.04.2016 09:00;1,10949;
Arsen;6;25.04.2016 09:00;0,843968;
Arsen;5;25.04.2016 09:00;0,511849;
Arsen;4;25.04.2016 09:00;0,352991;
Arsen;2;25.04.2016 09:00;0,328796;
Arsen;9;25.04.2016 09:00;0,1286;
Arsen;7;25.04.2016 09:00;0,1171;
Arsen;1;25.04.2016 09:00;0,075974;
Arsen;8;25.04.2016 09:00;0,048239;
Benzol;6;25.04.2016 09:00;2,85592;
Benzol;2;25.04.2016 09:00;0,648526;
Benzol;8;25.04.2016 09:00;0,421169;
Benzol;3;25.04.2016 09:00;0,338718;
Benzol;7;25.04.2016 09:00;0,236102;
Benzol;5;25.04.2016 09:00;0,140852;
Benzol;1;25.04.2016 09:00;0,0809612;
Benzol;4;25.04.2016 09:00;0,0426817;
Benzol;9;25.04.2016 09:00;0,0203187;
Anilin;2;25.04.2016 09:00;0,695344;
Anilin;6;25.04.2016 09:00;0,613217;
Anilin;4;25.04.2016 09:00;0,551714;
Anilin;8;25.04.2016 09:00;0,544301;
Anilin;5;25.04.2016 09:00;0,482778;
Anilin;1;25.04.2016 09:00;0,355316;
Anilin;3;25.04.2016 09:00;0,135438;
Anilin;9;25.04.2016 09:00;0,105832;
Anilin;7;25.04.2016 09:00;0,012747;
Natriumchlorid;3;25.04.2016 10:00;1,93401;
Natriumchlorid;2;25.04.2016 10:00;0,713157;
Natriumchlorid;6;25.04.2016 10:00;0,444779;
Natriumchlorid;8;25.04.2016 10:00;0,31827;
Natriumchlorid;4;25.04.2016 10:00;0,282759;
Natriumchlorid;1;25.04.2016 10:00;0,251583;
Natriumchlorid;7;25.04.2016 10:00;0,127244;
Natriumchlorid;9;25.04.2016 10:00;0,119274;
Natriumchlorid;5;25.04.2016 10:00;0,023157;
Arsen;1;25.04.2016 10:00;0,417561;
Arsen;2;25.04.2016 10:00;0,218206;
Arsen;7;25.04.2016 10:00;0,211218;
Arsen;9;25.04.2016 10:00;0,124557;
Arsen;5;25.04.2016 10:00;0,0966151;
Arsen;6;25.04.2016 10:00;0,0528447;
Arsen;3;25.04.2016 10:00;0,0225062;
Arsen;4;25.04.2016 10:00;0,0177105;
Arsen;8;25.04.2016 10:00;0,00424311;
Benzol;6;25.04.2016 10:00;5,7646;
Benzol;3;25.04.2016 10:00;1,35016;
Benzol;8;25.04.2016 10:00;0,706604;
Benzol;2;25.04.2016 10:00;0,274277;
Benzol;4;25.04.2016 10:00;0,236379;
Benzol;7;25.04.2016 10:00;0,109164;
Benzol;5;25.04.2016 10:00;0,0618483;
Benzol;1;25.04.2016 10:00;0,0477224;
Benzol;9;25.04.2016 10:00;0,00587959;
Anilin;3;25.04.2016 10:00;1,81939;
Anilin;7;25.04.2016 10:00;1,36366;
Anilin;8;25.04.2016 10:00;0,690991;
Anilin;5;25.04.2016 10:00;0,424038;
Anilin;4;25.04.2016 10:00;0,298528;
Anilin;9;25.04.2016 10:00;0,269804;
Anilin;6;25.04.2016 10:00;0,100373;
Anilin;1;25.04.2016 10:00;0,0826738;
Anilin;2;25.04.2016 10:00;0,0331214;
Natriumchlorid;8;25.04.2016 11:00;0,578771;
Natriumchlorid;6;25.04.2016 11:00;0,573647;
Natriumchlorid;7;25.04.2016 11:00;0,528985;
Natriumchlorid;9;25.04.2016 11:00;0,520751;
Natriumchlorid;3;25.04.2016 11:00;0,520504;
Natriumchlorid;2;25.04.2016 11:00;0,500442;
Natriumchlorid;1;25.04.2016 11:00;0,199839;
Natriumchlorid;4;25.04.2016 11:00;0,123746;
Natriumchlorid;5;25.04.2016 11:00;0,068144;
Arsen;3;25.04.2016 11:00;0,598351;
Arsen;8;25.04.2016 11:00;0,437524;
Arsen;1;25.04.2016 11:00;0,335085;
Arsen;5;25.04.2016 11:00;0,329406;
Arsen;9;25.04.2016 11:00;0,263158;
Arsen;6;25.04.2016 11:00;0,194795;
Arsen;4;25.04.2016 11:00;0,172121;
Arsen;2;25.04.2016 11:00;0,1163;
Arsen;7;25.04.2016 11:00;0,0351903;
Benzol;3;25.04.2016 11:00;1,35701;
Benzol;6;25.04.2016 11:00;0,582378;
Benzol;7;25.04.2016 11:00;0,39873;
Benzol;4;25.04.2016 11:00;0,287484;
Benzol;1;25.04.2016 11:00;0,215568;
Benzol;9;25.04.2016 11:00;0,19583;
Benzol;8;25.04.2016 11:00;0,0912199;
Benzol;5;25.04.2016 11:00;0,0444337;
Benzol;2;25.04.2016 11:00;0,041034;
Anilin;7;25.04.2016 11:00;0,893313;
Anilin;2;25.04.2016 11:00;0,770467;
Anilin;4;25.04.2016 11:00;0,580304;
Anilin;8;25.04.2016 11:00;0,549145;
Anilin;3;25.04.2016 11:00;0,462648;
Anilin;5;25.04.2016 11:00;0,354484;
Anilin;9;25.04.2016 11:00;0,233021;
Anilin;1;25.04.2016 11:00;0,0787255;
Anilin;6;25.04.2016 11:00;0,0404428;
Natriumchlorid;3;25.04.2016 12:00;1,01032;
Natriumchlorid;7;25.04.2016 12:00;0,474747;
Natriumchlorid;8;25.04.2016 12:00;0,420158;
Natriumchlorid;6;25.04.2016 12:00;0,372149;
Natriumchlorid;2;25.04.2016 12:00;0,291871;
Natriumchlorid;9;25.04.2016 12:00;0,280594;
Natriumchlorid;4;25.04.2016 12:00;0,173909;
Natriumchlorid;5;25.04.2016 12:00;0,165239;
Natriumchlorid;1;25.04.2016 12:00;0,0683734;
Arsen;6;25.04.2016 12:00;0,575348;
Arsen;1;25.04.2016 12:00;0,380853;
Arsen;3;25.04.2016 12:00;0,339035;
Arsen;5;25.04.2016 12:00;0,289025;
Arsen;4;25.04.2016 12:00;0,232237;
Arsen;9;25.04.2016 12:00;0,120683;
Arsen;8;25.04.2016 12:00;0,106572;
Arsen;7;25.04.2016 12:00;0,103808;
Arsen;2;25.04.2016 12:00;0,0337447;
Benzol;3;25.04.2016 12:00;2,02591;
Benzol;2;25.04.2016 12:00;0,326414;
Benzol;7;25.04.2016 12:00;0,318393;
Benzol;5;25.04.2016 12:00;0,314344;
Benzol;1;25.04.2016 12:00;0,309066;
Benzol;6;25.04.2016 12:00;0,178781;
Benzol;8;25.04.2016 12:00;0,127403;
Benzol;4;25.04.2016 12:00;0,0310075;
Benzol;9;25.04.2016 12:00;0,0256831;
Anilin;8;25.04.2016 12:00;0,700888;
Anilin;4;25.04.2016 12:00;0,445909;
Anilin;2;25.04.2016 12:00;0,391578;
Anilin;7;25.04.2016 12:00;0,318741;
Anilin;9;25.04.2016 12:00;0,255464;
Anilin;6;25.04.2016 12:00;0,248722;
Anilin;1;25.04.2016 12:00;0,191483;
Anilin;5;25.04.2016 12:00;0,1233;
Anilin;3;25.04.2016 12:00;0,0331512;
Natriumchlorid;8;25.04.2016 13:00;0,891676;
Natriumchlorid;3;25.04.2016 13:00;0,872574;
Natriumchlorid;2;25.04.2016 13:00;0,46994;
Natriumchlorid;1;25.04.2016 13:00;0,366011;
Natriumchlorid;9;25.04.2016 13:00;0,29524;
Natriumchlorid;6;25.04.2016 13:00;0,288923;
Natriumchlorid;4;25.04.2016 13:00;0,134583;
Natriumchlorid;7;25.04.2016 13:00;0,0876111;
Natriumchlorid;5;25.04.2016 13:00;0,0161283;
Arsen;3;25.04.2016 13:00;2,18416;
Arsen;8;25.04.2016 13:00;0,606715;
Arsen;7;25.04.2016 13:00;0,497282;
Arsen;2;25.04.2016 13:00;0,448571;
Arsen;4;25.04.2016 13:00;0,382168;
Arsen;1;25.04.2016 13:00;0,196244;
Arsen;6;25.04.2016 13:00;0,178118;
Arsen;5;25.04.2016 13:00;0,0184301;
Arsen;9;25.04.2016 13:00;0,00794792;
Benzol;2;25.04.2016 13:00;1,05125;
Benzol;3;25.04.2016 13:00;0,851121;
Benzol;4;25.04.2016 13:00;0,681082;
Benzol;6;25.04.2016 13:00;0,660996;
Benzol;5;25.04.2016 13:00;0,578183;
Benzol;8;25.04.2016 13:00;0,483824;
Benzol;9;25.04.2016 13:00;0,163083;
Benzol;1;25.04.2016 13:00;0,103266;
Benzol;7;25.04.2016 13:00;0,102525;
Anilin;3;25.04.2016 13:00;2,29313;
Anilin;2;25.04.2016 13:00;0,738113;
Anilin;7;25.04.2016 13:00;0,469502;
Anilin;6;25.04.2016 13:00;0,295153;
Anilin;5;25.04.2016 13:00;0,214312;
Anilin;9;25.04.2016 13:00;0,198371;
Anilin;4;25.04.2016 13:00;0,19256;
Anilin;8;25.04.2016 13:00;0,0377419;
Anilin;1;25.04.2016 13:00;0,00268967;
Natriumchlorid;3;25.04.2016 14:00;2,76169;
Natriumchlorid;2;25.04.2016 14:00;0,492149;
Natriumchlorid;8;25.04.2016 14:00;0,489244;
Natriumchlorid;6;25.04.2016 14:00;0,47083;
Natriumchlorid;4;25.04.2016 14:00;0,327824;
Natriumchlorid;7;25.04.2016 14:00;0,241111;
Natriumchlorid;9;25.04.2016 14:00;0,118559;
Natriumchlorid;1;25.04.2016 14:00;0,113701;
Natriumchlorid;5;25.04.2016 14:00;0,109652;
Arsen;3;25.04.2016 14:00;0,755066;
Arsen;7;25.04.2016 14:00;0,716909;
Arsen;2;25.04.2016 14:00;0,47581;
Arsen;5;25.04.2016 14:00;0,282539;
Arsen;8;25.04.2016 14:00;0,230213;
Arsen;4;25.04.2016 14:00;0,179894;
Arsen;1;25.04.2016 14:00;0,157477;
Arsen;9;25.04.2016 14:00;0,134779;
Arsen;6;25.04.2016 14:00;0,0585448;
Benzol;3;25.04.2016 14:00;2,22062;
Benzol;8;25.04.2016 14:00;1,13709;
Benzol;7;25.04.2016 14:00;0,4946;
Benzol;4;25.04.2016 14:00;0,295803;
Benzol;1;25.04.2016 14:00;0,255325;
Benzol;2;25.04.2016 14:00;0,139377;
Benzol;6;25.04.2016 14:00;0,100749;
Benzol;9;25.04.2016 14:00;0,0986655;
Benzol;5;25.04.2016 14:00;0,0246375;
Anilin;7;25.04.2016 14:00;2,26845;
Anilin;3;25.04.2016 14:00;1,18109;
Anilin;2;25.04.2016 14:00;0,759605;
Anilin;8;25.04.2016 14:00;0,553781;
Anilin;4;25.04.2016 14:00;0,411103;
Anilin;9;25.04.2016 14:00;0,34347;
Anilin;6;25.04.2016 14:00;0,279019;
Anilin;1;25.04.2016 14:00;0,207935;
Anilin;5;25.04.2016 14:00;0,131311;
Natriumchlorid;7;25.04.2016 15:00;0,767926;
Natriumchlorid;3;25.04.2016 15:00;0,729112;
Natriumchlorid;8;25.04.2016 15:00;0,70101;
Natriumchlorid;1;25.04.2016 15:00;0,653641;
Natriumchlorid;4;25.04.2016 15:00;0,498401;
Natriumchlorid;5;25.04.2016 15:00;0,351727;
Natriumchlorid;6;25.04.2016 15:00;0,319274;
Natriumchlorid;9;25.04.2016 15:00;0,0416264;
Natriumchlorid;2;25.04.2016 15:00;0,00769494;
Arsen;3;25.04.2016 15:00;2,58971;
Arsen;2;25.04.2016 15:00;0,763128;
Arsen;8;25.04.2016 15:00;0,581277;
Arsen;9;25.04.2016 15:00;0,45571;
Arsen;4;25.04.2016 15:00;0,352517;
Arsen;1;25.04.2016 15:00;0,218117;
Arsen;7;25.04.2016 15:00;0,0957342;
Arsen;5;25.04.2016 15:00;0,0644988;
Arsen;6;25.04.2016 15:00;0,029943;
Benzol;6;25.04.2016 15:00;6,33602;
Benzol;2;25.04.2016 15:00;0,446647;
Benzol;1;25.04.2016 15:00;0,419339;
Benzol;3;25.04.2016 15:00;0,272197;
Benzol;9;25.04.2016 15:00;0,214325;
Benzol;7;25.04.2016 15:00;0,192564;
Benzol;4;25.04.2016 15:00;0,180749;
Benzol;8;25.04.2016 15:00;0,172794;
Benzol;5;25.04.2016 15:00;0,13923;
Anilin;3;25.04.2016 15:00;0,970044;
Anilin;8;25.04.2016 15:00;0,516672;
Anilin;1;25.04.2016 15:00;0,423976;
Anilin;4;25.04.2016 15:00;0,380387;
Anilin;9;25.04.2016 15:00;0,30123;
Anilin;5;25.04.2016 15:00;0,250175;
Anilin;6;25.04.2016 15:00;0,250124;
Anilin;7;25.04.2016 15:00;0,0819128;
Anilin;2;25.04.2016 15:00;0,0178073;
Natriumchlorid;7;25.04.2016 16:00;0,439156;
Natriumchlorid;2;25.04.2016 16:00;0,313157;
Natriumchlorid;1;25.04.2016 16:00;0,299893;
Natriumchlorid;8;25.04.2016 16:00;0,249115;
Natriumchlorid;4;25.04.2016 16:00;0,218905;
Natriumchlorid;3;25.04.2016 16:00;0,207772;
Natriumchlorid;9;25.04.2016 16:00;0,200972;
Natriumchlorid;5;25.04.2016 16:00;0,126188;
Natriumchlorid;6;25.04.2016 16:00;0,115015;
Arsen;3;25.04.2016 16:00;1,26893;
Arsen;7;25.04.2016 16:00;1,26503;
Arsen;8;25.04.2016 16:00;0,782457;
Arsen;6;25.04.2016 16:00;0,487025;
Arsen;2;25.04.2016 16:00;0,425267;
Arsen;5;25.04.2016 16:00;0,424323;
Arsen;4;25.04.2016 16:00;0,418341;
Arsen;1;25.04.2016 16:00;0,374989;
Arsen;9;25.04.2016 16:00;0,0863968;
Benzol;6;25.04.2016 16:00;5,08316;
Benzol;3;25.04.2016 16:00;0,986924;
Benzol;5;25.04.2016 16:00;0,554145;
Benzol;1;25.04.2016 16:00;0,456892;
Benzol;4;25.04.2016 16:00;0,218145;
Benzol;7;25.04.2016 16:00;0,195413;
Benzol;9;25.04.2016 16:00;0,177685;
Benzol;2;25.04.2016 16:00;0,127218;
Benzol;8;25.04.2016 16:00;0,059789;
Anilin;3;25.04.2016 16:00;2,89179;
Anilin;2;25.04.2016 16:00;1,24617;
Anilin;6;25.04.2016 16:00;0,747523;
Anilin;8;25.04.2016 16:00;0,469114;
Anilin;4;25.04.2016 16:00;0,395642;
Anilin;5;25.04.2016 16:00;0,291176;
Anilin;7;25.04.2016 16:00;0,278312;
Anilin;9;25.04.2016 16:00;0,175975;
Anilin;1;25.04.2016 16:00;0,0195844;
Natriumchlorid;3;25.04.2016 17:00;3,79975;
Natriumchlorid;8;25.04.2016 17:00;0,981522;
Natriumchlorid;5;25.04.2016 17:00;0,625462;
Natriumchlorid;6;25.04.2016 17:00;0,389492;
Natriumchlorid;2;25.04.2016 17:00;0,229816;
Natriumchlorid;7;25.04.2016 17:00;0,217253;
Natriumchlorid;1;25.04.2016 17:00;0,193611;
Natriumchlorid;4;25.04.2016 17:00;0,0987985;
Natriumchlorid;9;25.04.2016 17:00;0,0547037;
Arsen;3;25.04.2016 17:00;0,712593;
Arsen;6;25.04.2016 17:00;0,375667;
Arsen;2;25.04.2016 17:00;0,304844;
Arsen;5;25.04.2016 17:00;0,241021;
Arsen;8;25.04.2016 17:00;0,157708;
Arsen;7;25.04.2016 17:00;0,130357;
Arsen;9;25.04.2016 17:00;0,0211874;
Arsen;1;25.04.2016 17:00;0,0102693;
Arsen;4;25.04.2016 17:00;0,0013634;
Benzol;6;25.04.2016 17:00;4,47046;
Benzol;8;25.04.2016 17:00;1,14182;
Benzol;3;25.04.2016 17:00;0,666968;
Benzol;1;25.04.2016 17:00;0,425732;
Benzol;2;25.04.2016 17:00;0,397399;
Benzol;7;25.04.2016 17:00;0,372466;
Benzol;5;25.04.2016 17:00;0,334258;
Benzol;4;25.04.2016 17:00;0,162032;
Benzol;9;25.04.2016 17:00;0,0477382;
Anilin;3;25.04.2016 17:00;1,4882;
Anilin;2;25.04.2016 17:00;0,832749;
Anilin;6;25.04.2016 17:00;0,748847;
Anilin;7;25.04.2016 17:00;0,564216;
Anilin;1;25.04.2016 17:00;0,40942;
Anilin;4;25.04.2016 17:00;0,254005;
Anilin;9;25.04.2016 17:00;0,202976;
Anilin;8;25.04.2016 17:00;0,0692713;
Anilin;5;25.04.2016 17:00;0,0312805;
Natriumchlorid;3;25.04.2016 18:00;3,10898;
Natriumchlorid;7;25.04.2016 18:00;0,567136;
Natriumchlorid;4;25.04.2016 18:00;0,439504;
Natriumchlorid;9;25.04.2016 18:00;0,387255;
Natriumchlorid;8;25.04.2016 18:00;0,368619;
Natriumchlorid;6;25.04.2016 18:00;0,31279;
Natriumchlorid;5;25.04.2016 18:00;0,311385;
Natriumchlorid;2;25.04.2016 18:00;0,0535736;
Natriumchlorid;1;25.04.2016 18:00;0,00724306;
Arsen;5;25.04.2016 18:00;0,670845;
Arsen;2;25.04.2016 18:00;0,605827;
Arsen;6;25.04.2016 18:00;0,549027;
Arsen;7;25.04.2016 18:00;0,47271;
Arsen;9;25.04.2016 18:00;0,370282;
Arsen;4;25.04.2016 18:00;0,367533;
Arsen;1;25.04.2016 18:00;0,349411;
Arsen;8;25.04.2016 18:00;0,328182;
Arsen;3;25.04.2016 18:00;0,220509;
Benzol;6;25.04.2016 18:00;2,73615;
Benzol;7;25.04.2016 18:00;0,793783;
Benzol;2;25.04.2016 18:00;0,762633;
Benzol;8;25.04.2016 18:00;0,700036;
Benzol;4;25.04.2016 18:00;0,518093;
Benzol;1;25.04.2016 18:00;0,373023;
Benzol;5;25.04.2016 18:00;0,316838;
Benzol;3;25.04.2016 18:00;0,179854;
Benzol;9;25.04.2016 18:00;0,0258189;
Anilin;3;25.04.2016 18:00;4,92717;
Anilin;1;25.04.2016 18:00;0,964815;
Anilin;4;25.04.2016 18:00;0,883073;
Anilin;7;25.04.2016 18:00;0,58196;
Anilin;2;25.04.2016 18:00;0,406591;
Anilin;6;25.04.2016 18:00;0,399855;
Anilin;9;25.04.2016 18:00;0,29113;
Anilin;8;25.04.2016 18:00;0,0952126;
Anilin;5;25.04.2016 18:00;0,0487258;
Natriumchlorid;7;25.04.2016 19:00;1,38335;
Natriumchlorid;3;25.04.2016 19:00;1,27089;
Natriumchlorid;2;25.04.2016 19:00;0,416435;
Natriumchlorid;6;25.04.2016 19:00;0,362955;
Natriumchlorid;8;25.04.2016 19:00;0,269139;
Natriumchlorid;4;25.04.2016 19:00;0,24589;
Natriumchlorid;9;25.04.2016 19:00;0,127112;
Natriumchlorid;1;25.04.2016 19:00;0,0518201;
Natriumchlorid;5;25.04.2016 19:00;0,0111646;
Arsen;3;25.04.2016 19:00;1,69674;
Arsen;6;25.04.2016 19:00;0,701472;
Arsen;4;25.04.2016 19:00;0,401552;
Arsen;2;25.04.2016 19:00;0,356387;
Arsen;1;25.04.2016 19:00;0,27454;
Arsen;9;25.04.2016 19:00;0,252438;
Arsen;5;25.04.2016 19:00;0,148676;
Arsen;7;25.04.2016 19:00;0,121852;
Arsen;8;25.04.2016 19:00;0,00283276;
Benzol;7;25.04.2016 19:00;1,10891;
Benzol;1;25.04.2016 19:00;0,630307;
Benzol;2;25.04.2016 19:00;0,627735;
Benzol;4;25.04.2016 19:00;0,559764;
Benzol;6;25.04.2016 19:00;0,552317;
Benzol;3;25.04.2016 19:00;0,415171;
Benzol;8;25.04.2016 19:00;0,305321;
Benzol;5;25.04.2016 19:00;0,0966151;
Benzol;9;25.04.2016 19:00;0,0653757;
Anilin;3;25.04.2016 19:00;0,542594;
Anilin;7;25.04.2016 19:00;0,540758;
Anilin;4;25.04.2016 19:00;0,479865;
Anilin;9;25.04.2016 19:00;0,433359;
Anilin;8;25.04.2016 19:00;0,158994;
Anilin;6;25.04.2016 19:00;0,146184;
Anilin;1;25.04.2016 19:00;0,109718;
Anilin;5;25.04.2016 19:00;0,0531469;
Anilin;2;25.04.2016 19:00;0,0515759;
Natriumchlorid;2;25.04.2016 20:00;0,986335;
Natriumchlorid;8;25.04.2016 20:00;0,328403;
Natriumchlorid;7;25.04.2016 20:00;0,2961;
Natriumchlorid;6;25.04.2016 20:00;0,283128;
Natriumchlorid;4;25.04.2016 20:00;0,272846;
Natriumchlorid;5;25.04.2016 20:00;0,211184;
Natriumchlorid;1;25.04.2016 20:00;0,133503;
Natriumchlorid;9;25.04.2016 20:00;0,118493;
Natriumchlorid;3;25.04.2016 20:00;0,0252426;
Arsen;3;25.04.2016 20:00;1,06648;
Arsen;2;25.04.2016 20:00;0,731976;
Arsen;7;25.04.2016 20:00;0,658462;
Arsen;8;25.04.2016 20:00;0,537627;
Arsen;6;25.04.2016 20:00;0,474753;
Arsen;4;25.04.2016 20:00;0,396978;
Arsen;5;25.04.2016 20:00;0,310887;
Arsen;9;25.04.2016 20:00;0,0633346;
Arsen;1;25.04.2016 20:00;0,0565439;
Benzol;8;25.04.2016 20:00;0,708949;
Benzol;6;25.04.2016 20:00;0,494898;
Benzol;5;25.04.2016 20:00;0,431137;
Benzol;3;25.04.2016 20:00;0,359693;
Benzol;4;25.04.2016 20:00;0,343596;
Benzol;1;25.04.2016 20:00;0,261376;
Benzol;2;25.04.2016 20:00;0,138019;
Benzol;7;25.04.2016 20:00;0,134983;
Benzol;9;25.04.2016 20:00;0,0240049;
Anilin;3;25.04.2016 20:00;0,795823;
Anilin;4;25.04.2016 20:00;0,706225;
Anilin;9;25.04.2016 20:00;0,313262;
Anilin;7;25.04.2016 20:00;0,283409;
Anilin;1;25.04.2016 20:00;0,218362;
Anilin;6;25.04.2016 20:00;0,21508;
Anilin;2;25.04.2016 20:00;0,209169;
Anilin;8;25.04.2016 20:00;0,0900606;
Anilin;5;25.04.2016 20:00;0,05396;
Natriumchlorid;2;25.04.2016 21:00;0,582566;
Natriumchlorid;8;25.04.2016 21:00;0,535032;
Natriumchlorid;7;25.04.2016 21:00;0,377897;
Natriumchlorid;4;25.04.2016 21:00;0,337362;
Natriumchlorid;6;25.04.2016 21:00;0,318808;
Natriumchlorid;9;25.04.2016 21:00;0,276512;
Natriumchlorid;3;25.04.2016 21:00;0,230598;
Natriumchlorid;1;25.04.2016 21:00;0,205755;
Natriumchlorid;5;25.04.2016 21:00;0,138824;
Arsen;6;25.04.2016 21:00;0,979123;
Arsen;8;25.04.2016 21:00;0,533802;
Arsen;2;25.04.2016 21:00;0,412255;
Arsen;5;25.04.2016 21:00;0,408137;
Arsen;4;25.04.2016 21:00;0,290354;
Arsen;3;25.04.2016 21:00;0,276271;
Arsen;7;25.04.2016 21:00;0,132442;
Arsen;1;25.04.2016 21:00;0,131722;
Arsen;9;25.04.2016 21:00;0,0314055;
Benzol;2;25.04.2016 21:00;0,755242;
Benzol;6;25.04.2016 21:00;0,55283;
Benzol;7;25.04.2016 21:00;0,515982;
Benzol;1;25.04.2016 21:00;0,512191;
Benzol;3;25.04.2016 21:00;0,22713;
Benzol;9;25.04.2016 21:00;0,136681;
Benzol;8;25.04.2016 21:00;0,0434551;
Benzol;4;25.04.2016 21:00;0,014753;
Benzol;5;25.04.2016 21:00;0,0127177;
Anilin;3;25.04.2016 21:00;1,43244;
Anilin;8;25.04.2016 21:00;1,33596;
Anilin;1;25.04.2016 21:00;0,421982;
Anilin;5;25.04.2016 21:00;0,242447;
Anilin;9;25.04.2016 21:00;0,228856;
Anilin;4;25.04.2016 21:00;0,198253;
Anilin;2;25.04.2016 21:00;0,192387;
Anilin;6;25.04.2016 21:00;0,153411;
Anilin;7;25.04.2016 21:00;0,11941;
Natriumchlorid;3;25.04.2016 22:00;1,41777;
Natriumchlorid;6;25.04.2016 22:00;0,632034;
Natriumchlorid;4;25.04.2016 22:00;0,445703;
Natriumchlorid;9;25.04.2016 22:00;0,368202;
Natriumchlorid;7;25.04.2016 22:00;0,122783;
Natriumchlorid;8;25.04.2016 22:00;0,114365;
Natriumchlorid;5;25.04.2016 22:00;0,0859899;
Natriumchlorid;2;25.04.2016 22:00;0,0570365;
Natriumchlorid;1;25.04.2016 22:00;0,0381631;
Arsen;3;25.04.2016 22:00;2,27132;
Arsen;8;25.04.2016 22:00;0,751552;
Arsen;6;25.04.2016 22:00;0,386871;
Arsen;7;25.04.2016 22:00;0,35503;
Arsen;4;25.04.2016 22:00;0,26311;
Arsen;9;25.04.2016 22:00;0,153179;
Arsen;5;25.04.2016 22:00;0,108467;
Arsen;2;25.04.2016 22:00;0,0741328;
Arsen;1;25.04.2016 22:00;0,0316146;
Benzol;6;25.04.2016 22:00;0,678627;
Benzol;9;25.04.2016 22:00;0,659226;
Benzol;7;25.04.2016 22:00;0,635727;
Benzol;4;25.04.2016 22:00;0,518551;
Benzol;2;25.04.2016 22:00;0,496964;
Benzol;3;25.04.2016 22:00;0,381037;
Benzol;8;25.04.2016 22:00;0,249575;
Benzol;5;25.04.2016 22:00;0,126517;
Benzol;1;25.04.2016 22:00;0,0101897;
Anilin;3;25.04.2016 22:00;0,995606;
Anilin;7;25.04.2016 22:00;0,943287;
Anilin;2;25.04.2016 22:00;0,916216;
Anilin;8;25.04.2016 22:00;0,776459;
Anilin;6;25.04.2016 22:00;0,43206;
Anilin;5;25.04.2016 22:00;0,363859;
Anilin;1;25.04.2016 22:00;0,199732;
Anilin;4;25.04.2016 22:00;0,15935;
Anilin;9;25.04.2016 22:00;0,0958897;
Natriumchlorid;8;25.04.2016 23:00;1,02212;
Natriumchlorid;3;25.04.2016 23:00;0,442411;
Natriumchlorid;9;25.04.2016 23:00;0,434907;
Natriumchlorid;2;25.04.2016 23:00;0,348883;
Natriumchlorid;7;25.04.2016 23:00;0,332851;
Natriumchlorid;5;25.04.2016 23:00;0,220406;
Natriumchlorid;1;25.04.2016 23:00;0,206465;
Natriumchlorid;6;25.04.2016 23:00;0,185835;
Natriumchlorid;4;25.04.2016 23:00;0,178816;
Arsen;3;25.04.2016 23:00;2,54044;
Arsen;8;25.04.2016 23:00;1,1974;
Arsen;4;25.04.2016 23:00;0,541325;
Arsen;1;25.04.2016 23:00;0,328019;
Arsen;2;25.04.2016 23:00;0,188985;
Arsen;9;25.04.2016 23:00;0,155405;
Arsen;7;25.04.2016 23:00;0,138341;
Arsen;5;25.04.2016 23:00;0,0953895;
Arsen;6;25.04.2016 23:00;0,0651956;
Benzol;3;25.04.2016 23:00;2,38941;
Benzol;4;25.04.2016 23:00;0,652862;
Benzol;7;25.04.2016 23:00;0,54473;
Benzol;6;25.04.2016 23:00;0,478524;
Benzol;5;25.04.2016 23:00;0,321903;
Benzol;8;25.04.2016 23:00;0,198513;
Benzol;1;25.04.2016 23:00;0,104314;
Benzol;9;25.04.2016 23:00;0,100381;
Benzol;2;25.04.2016 23:00;0,081315;
Anilin;8;25.04.2016 23:00;0,706522;
Anilin;7;25.04.2016 23:00;0,451738;
Anilin;4;25.04.2016 23:00;0,435413;
Anilin;6;25.04.2016 23:00;0,304931;
Anilin;3;25.04.2016 23:00;0,267616;
Anilin;2;25.04.2016 23:00;0,16475;
Anilin;9;25.04.2016 23:00;0,161351;
Anilin;5;25.04.2016 23:00;0,0522025;
Anilin;1;25.04.2016 23:00;0,00247899;
Natriumchlorid;4;26.04.2016 00:00;0,421841;
Natriumchlorid;7;26.04.2016 00:00;0,317914;
Natriumchlorid;3;26.04.2016 00:00;0,296123;
Natriumchlorid;9;26.04.2016 00:00;0,288828;
Natriumchlorid;1;26.04.2016 00:00;0,155174;
Natriumchlorid;6;26.04.2016 00:00;0,0734114;
Natriumchlorid;8;26.04.2016 00:00;0,0601916;
Natriumchlorid;5;26.04.2016 00:00;0,0363525;
Natriumchlorid;2;26.04.2016 00:00;0,0108527;
Arsen;3;26.04.2016 00:00;2,44962;
Arsen;8;26.04.2016 00:00;0,845669;
Arsen;7;26.04.2016 00:00;0,744755;
Arsen;4;26.04.2016 00:00;0,53964;
Arsen;6;26.04.2016 00:00;0,477055;
Arsen;5;26.04.2016 00:00;0,397991;
Arsen;9;26.04.2016 00:00;0,213804;
Arsen;2;26.04.2016 00:00;0,127766;
Arsen;1;26.04.2016 00:00;0,127408;
Benzol;7;26.04.2016 00:00;1,29264;
Benzol;3;26.04.2016 00:00;1,16279;
Benzol;9;26.04.2016 00:00;0,665883;
Benzol;2;26.04.2016 00:00;0,562304;
Benzol;8;26.04.2016 00:00;0,507887;
Benzol;4;26.04.2016 00:00;0,396726;
Benzol;1;26.04.2016 00:00;0,344878;
Benzol;6;26.04.2016 00:00;0,312695;
Benzol;5;26.04.2016 00:00;0,0606821;
Anilin;3;26.04.2016 00:00;2,25107;
Anilin;2;26.04.2016 00:00;0,535577;
Anilin;4;26.04.2016 00:00;0,527607;
Anilin;7;26.04.2016 00:00;0,493712;
Anilin;6;26.04.2016 00:00;0,33117;
Anilin;8;26.04.2016 00:00;0,261201;
Anilin;9;26.04.2016 00:00;0,208119;
Anilin;5;26.04.2016 00:00;0,131411;
Anilin;1;26.04.2016 00:00;0,0263987;
Natriumchlorid;7;26.04.2016 01:00;1,5973;
Natriumchlorid;3;26.04.2016 01:00;1,08854;
Natriumchlorid;6;26.04.2016 01:00;0,74418;
Natriumchlorid;8;26.04.2016 01:00;0,467904;
Natriumchlorid;4;26.04.2016 01:00;0,412548;
Natriumchlorid;1;26.04.2016 01:00;0,364956;
Natriumchlorid;9;26.04.2016 01:00;0,293752;
Natriumchlorid;5;26.04.2016 01:00;0,184762;
Natriumchlorid;2;26.04.2016 01:00;0,16604;
Arsen;3;26.04.2016 01:00;1,23756;
Arsen;7;26.04.2016 01:00;1,07039;
Arsen;2;26.04.2016 01:00;0,875027;
Arsen;6;26.04.2016 01:00;0,578288;
Arsen;8;26.04.2016 01:00;0,395242;
Arsen;9;26.04.2016 01:00;0,277477;
Arsen;4;26.04.2016 01:00;0,219682;
Arsen;1;26.04.2016 01:00;0,196871;
Arsen;5;26.04.2016 01:00;0,172721;
Benzol;5;26.04.2016 01:00;0,777115;
Benzol;3;26.04.2016 01:00;0,644658;
Benzol;8;26.04.2016 01:00;0,604341;
Benzol;6;26.04.2016 01:00;0,543648;
Benzol;9;26.04.2016 01:00;0,477061;
Benzol;1;26.04.2016 01:00;0,463562;
Benzol;2;26.04.2016 01:00;0,246509;
Benzol;4;26.04.2016 01:00;0,199271;
Benzol;7;26.04.2016 01:00;0,128838;
Anilin;3;26.04.2016 01:00;2,2721;
Anilin;9;26.04.2016 01:00;0,52486;
Anilin;6;26.04.2016 01:00;0,45593;
Anilin;1;26.04.2016 01:00;0,40037;
Anilin;5;26.04.2016 01:00;0,365597;
Anilin;8;26.04.2016 01:00;0,247141;
Anilin;2;26.04.2016 01:00;0,232609;
Anilin;7;26.04.2016 01:00;0,214723;
Anilin;4;26.04.2016 01:00;0,136107;
Natriumchlorid;3;26.04.2016 02:00;3,04983;
Natriumchlorid;2;26.04.2016 02:00;1,1935;
Natriumchlorid;6;26.04.2016 02:00;0,517127;
Natriumchlorid;1;26.04.2016 02:00;0,489229;
Natriumchlorid;8;26.04.2016 02:00;0,395854;
Natriumchlorid;9;26.04.2016 02:00;0,355156;
Natriumchlorid;7;26.04.2016 02:00;0,273268;
Natriumchlorid;5;26.04.2016 02:00;0,19583;
Natriumchlorid;4;26.04.2016 02:00;0,178064;
Arsen;3;26.04.2016 02:00;1,73339;
Arsen;6;26.04.2016 02:00;0,515894;
Arsen;4;26.04.2016 02:00;0,486414;
Arsen;8;26.04.2016 02:00;0,484325;
Arsen;2;26.04.2016 02:00;0,447644;
Arsen;9;26.04.2016 02:00;0,159603;
Arsen;5;26.04.2016 02:00;0,105143;
Arsen;1;26.04.2016 02:00;0,0785047;
Arsen;7;26.04.2016 02:00;0,0143655;
Benzol;7;26.04.2016 02:00;0,893528;
Benzol;8;26.04.2016 02:00;0,585764;
Benzol;9;26.04.2016 02:00;0,399639;
Benzol;6;26.04.2016 02:00;0,34512;
Benzol;3;26.04.2016 02:00;0,310064;
Benzol;5;26.04.2016 02:00;0,248205;
Benzol;2;26.04.2016 02:00;0,210236;
Benzol;4;26.04.2016 02:00;0,0394021;
Benzol;1;26.04.2016 02:00;0,0288252;
Anilin;3;26.04.2016 02:00;1,12864;
Anilin;7;26.04.2016 02:00;0,681939;
Anilin;6;26.04.2016 02:00;0,655398;
Anilin;5;26.04.2016 02:00;0,454152;
Anilin;4;26.04.2016 02:00;0,442644;
Anilin;9;26.04.2016 02:00;0,371869;
Anilin;2;26.04.2016 02:00;0,319549;
Anilin;8;26.04.2016 02:00;0,264704;
Anilin;1;26.04.2016 02:00;0,109497;
Natriumchlorid;3;26.04.2016 03:00;2,64194;
Natriumchlorid;7;26.04.2016 03:00;0,607101;
Natriumchlorid;6;26.04.2016 03:00;0,51508;
Natriumchlorid;5;26.04.2016 03:00;0,269469;
Natriumchlorid;1;26.04.2016 03:00;0,262709;
Natriumchlorid;9;26.04.2016 03:00;0,244692;
Natriumchlorid;4;26.04.2016 03:00;0,21706;
Natriumchlorid;8;26.04.2016 03:00;0,170994;
Natriumchlorid;2;26.04.2016 03:00;0,135707;
Arsen;7;26.04.2016 03:00;1,18965;
Arsen;6;26.04.2016 03:00;0,82771;
Arsen;1;26.04.2016 03:00;0,724502;
Arsen;3;26.04.2016 03:00;0,632794;
Arsen;4;26.04.2016 03:00;0,389694;
Arsen;5;26.04.2016 03:00;0,353958;
Arsen;2;26.04.2016 03:00;0,246478;
Arsen;8;26.04.2016 03:00;0,0766534;
Arsen;9;26.04.2016 03:00;0,062134;
Benzol;3;26.04.2016 03:00;1,73894;
Benzol;8;26.04.2016 03:00;0,724226;
Benzol;4;26.04.2016 03:00;0,662295;
Benzol;7;26.04.2016 03:00;0,394495;
Benzol;1;26.04.2016 03:00;0,32238;
Benzol;9;26.04.2016 03:00;0,311391;
Benzol;6;26.04.2016 03:00;0,293006;
Benzol;2;26.04.2016 03:00;0,0167831;
Benzol;5;26.04.2016 03:00;0,00654814;
Anilin;7;26.04.2016 03:00;1,18464;
Anilin;2;26.04.2016 03:00;1,10569;
Anilin;4;26.04.2016 03:00;0,580066;
Anilin;3;26.04.2016 03:00;0,528953;
Anilin;6;26.04.2016 03:00;0,504706;
Anilin;9;26.04.2016 03:00;0,351074;
Anilin;8;26.04.2016 03:00;0,271365;
Anilin;1;26.04.2016 03:00;0,214156;
Anilin;5;26.04.2016 03:00;0,202258;
Natriumchlorid;7;26.04.2016 04:00;1,0501;
Natriumchlorid;8;26.04.2016 04:00;0,968285;
Natriumchlorid;6;26.04.2016 04:00;0,711985;
Natriumchlorid;1;26.04.2016 04:00;0,554961;
Natriumchlorid;2;26.04.2016 04:00;0,435344;
Natriumchlorid;4;26.04.2016 04:00;0,29965;
Natriumchlorid;9;26.04.2016 04:00;0,229552;
Natriumchlorid;5;26.04.2016 04:00;0,0919502;
Natriumchlorid;3;26.04.2016 04:00;0,0125585;
Arsen;6;26.04.2016 04:00;0,715387;
Arsen;3;26.04.2016 04:00;0,445564;
Arsen;8;26.04.2016 04:00;0,443491;
Arsen;7;26.04.2016 04:00;0,433517;
Arsen;2;26.04.2016 04:00;0,393915;
Arsen;9;26.04.2016 04:00;0,307277;
Arsen;4;26.04.2016 04:00;0,157972;
Arsen;5;26.04.2016 04:00;0,104658;
Arsen;1;26.04.2016 04:00;0,0152912;
Benzol;3;26.04.2016 04:00;3,78896;
Benzol;8;26.04.2016 04:00;0,947176;
Benzol;2;26.04.2016 04:00;0,872624;
Benzol;9;26.04.2016 04:00;0,535185;
Benzol;4;26.04.2016 04:00;0,268476;
Benzol;1;26.04.2016 04:00;0,181084;
Benzol;5;26.04.2016 04:00;0,145684;
Benzol;7;26.04.2016 04:00;0,121385;
Benzol;6;26.04.2016 04:00;0,0226688;
Anilin;7;26.04.2016 04:00;2,51814;
Anilin;3;26.04.2016 04:00;0,945237;
Anilin;1;26.04.2016 04:00;0,417257;
Anilin;8;26.04.2016 04:00;0,400872;
Anilin;4;26.04.2016 04:00;0,276967;
Anilin;6;26.04.2016 04:00;0,223096;
Anilin;5;26.04.2016 04:00;0,216402;
Anilin;2;26.04.2016 04:00;0,132541;
Anilin;9;26.04.2016 04:00;0,030571;
Natriumchlorid;8;26.04.2016 05:00;1,01117;
Natriumchlorid;7;26.04.2016 05:00;0,828932;
Natriumchlorid;6;26.04.2016 05:00;0,613433;
Natriumchlorid;5;26.04.2016 05:00;0,32103;
Natriumchlorid;3;26.04.2016 05:00;0,286875;
Natriumchlorid;4;26.04.2016 05:00;0,247777;
Natriumchlorid;9;26.04.2016 05:00;0,166359;
Natriumchlorid;2;26.04.2016 05:00;0,134881;
Natriumchlorid;1;26.04.2016 05:00;0,0727874;
Arsen;3;26.04.2016 05:00;1,82877;
Arsen;8;26.04.2016 05:00;0,564212;
Arsen;6;26.04.2016 05:00;0,50786;
Arsen;2;26.04.2016 05:00;0,485793;
Arsen;7;26.04.2016 05:00;0,379607;
Arsen;9;26.04.2016 05:00;0,372423;
Arsen;1;26.04.2016 05:00;0,305075;
Arsen;4;26.04.2016 05:00;0,164775;
Arsen;5;26.04.2016 05:00;0,0701196;
Benzol;7;26.04.2016 05:00;6,00129;
Benzol;3;26.04.2016 05:00;0,905244;
Benzol;9;26.04.2016 05:00;0,675648;
Benzol;5;26.04.2016 05:00;0,592243;
Benzol;4;26.04.2016 05:00;0,538754;
Benzol;1;26.04.2016 05:00;0,281274;
Benzol;8;26.04.2016 05:00;0,25341;
Benzol;6;26.04.2016 05:00;0,253166;
Benzol;2;26.04.2016 05:00;0,226319;
Anilin;3;26.04.2016 05:00;0,719244;
Anilin;8;26.04.2016 05:00;0,666225;
Anilin;2;26.04.2016 05:00;0,490115;
Anilin;7;26.04.2016 05:00;0,469109;
Anilin;1;26.04.2016 05:00;0,442135;
Anilin;5;26.04.2016 05:00;0,400416;
Anilin;4;26.04.2016 05:00;0,269871;
Anilin;9;26.04.2016 05:00;0,164308;
Anilin;6;26.04.2016 05:00;0,0452607;
Natriumchlorid;7;26.04.2016 06:00;2,50413;
Natriumchlorid;8;26.04.2016 06:00;0,89779;
Natriumchlorid;3;26.04.2016 06:00;0,792403;
Natriumchlorid;9;26.04.2016 06:00;0,480701;
Natriumchlorid;1;26.04.2016 06:00;0,276182;
Natriumchlorid;2;26.04.2016 06:00;0,263769;
Natriumchlorid;5;26.04.2016 06:00;0,255854;
Natriumchlorid;6;26.04.2016 06:00;0,209302;
Natriumchlorid;4;26.04.2016 06:00;0,0663186;
Arsen;3;26.04.2016 06:00;2,30698;
Arsen;7;26.04.2016 06:00;0,84429;
Arsen;8;26.04.2016 06:00;0,615791;
Arsen;6;26.04.2016 06:00;0,39603;
Arsen;4;26.04.2016 06:00;0,330869;
Arsen;5;26.04.2016 06:00;0,228071;
Arsen;1;26.04.2016 06:00;0,0694923;
Arsen;2;26.04.2016 06:00;0,0378166;
Arsen;9;26.04.2016 06:00;0,00874691;
Benzol;3;26.04.2016 06:00;1,6591;
Benzol;7;26.04.2016 06:00;0,779324;
Benzol;6;26.04.2016 06:00;0,533781;
Benzol;4;26.04.2016 06:00;0,477831;
Benzol;2;26.04.2016 06:00;0,470709;
Benzol;5;26.04.2016 06:00;0,242843;
Benzol;1;26.04.2016 06:00;0,216704;
Benzol;9;26.04.2016 06:00;0,124623;
Benzol;8;26.04.2016 06:00;0,00268178;
Anilin;3;26.04.2016 06:00;1,70611;
Anilin;8;26.04.2016 06:00;0,605911;
Anilin;6;26.04.2016 06:00;0,496321;
Anilin;5;26.04.2016 06:00;0,420475;
Anilin;4;26.04.2016 06:00;0,387434;
Anilin;7;26.04.2016 06:00;0,380219;
Anilin;1;26.04.2016 06:00;0,227866;
Anilin;2;26.04.2016 06:00;0,169141;
Anilin;9;26.04.2016 06:00;0,0402136;
Natriumchlorid;3;26.04.2016 07:00;2,6433;
Natriumchlorid;7;26.04.2016 07:00;0,918018;
Natriumchlorid;1;26.04.2016 07:00;0,557957;
Natriumchlorid;4;26.04.2016 07:00;0,465405;
Natriumchlorid;2;26.04.2016 07:00;0,258762;
Natriumchlorid;6;26.04.2016 07:00;0,190633;
Natriumchlorid;9;26.04.2016 07:00;0,0831458;
Natriumchlorid;5;26.04.2016 07:00;0,0508073;
Natriumchlorid;8;26.04.2016 07:00;0,00518016;
Arsen;8;26.04.2016 07:00;0,618025;
Arsen;4;26.04.2016 07:00;0,596229;
Arsen;2;26.04.2016 07:00;0,590412;
Arsen;1;26.04.2016 07:00;0,326576;
Arsen;6;26.04.2016 07:00;0,281345;
Arsen;3;26.04.2016 07:00;0,260112;
Arsen;9;26.04.2016 07:00;0,208796;
Arsen;5;26.04.2016 07:00;0,121823;
Arsen;7;26.04.2016 07:00;0,022257;
Benzol;3;26.04.2016 07:00;0,918667;
Benzol;7;26.04.2016 07:00;0,860701;
Benzol;6;26.04.2016 07:00;0,593269;
Benzol;2;26.04.2016 07:00;0,527761;
Benzol;9;26.04.2016 07:00;0,398183;
Benzol;4;26.04.2016 07:00;0,29477;
Benzol;1;26.04.2016 07:00;0,286621;
Benzol;5;26.04.2016 07:00;0,244846;
Benzol;8;26.04.2016 07:00;0,140006;
Anilin;3;26.04.2016 07:00;1,06862;
Anilin;7;26.04.2016 07:00;0,76305;
Anilin;2;26.04.2016 07:00;0,625193;
Anilin;4;26.04.2016 07:00;0,548133;
Anilin;1;26.04.2016 07:00;0,452656;
Anilin;8;26.04.2016 07:00;0,417891;
Anilin;6;26.04.2016 07:00;0,324278;
Anilin;9;26.04.2016 07:00;0,0100301;
Anilin;5;26.04.2016 07:00;0,00487532;
Natriumchlorid;5;26.04.2016 08:00;0,521573;
Natriumchlorid;6;26.04.2016 08:00;0,487765;
Natriumchlorid;9;26.04.2016 08:00;0,346674;
Natriumchlorid;2;26.04.2016 08:00;0,295871;
Natriumchlorid;8;26.04.2016 08:00;0,149447;
Natriumchlorid;4;26.04.2016 08:00;0,127194;
Natriumchlorid;7;26.04.2016 08:00;0,109246;
Natriumchlorid;1;26.04.2016 08:00;0,105479;
Natriumchlorid;3;26.04.2016 08:00;0,0979469;
Arsen;7;26.04.2016 08:00;0,878435;
Arsen;2;26.04.2016 08:00;0,519068;
Arsen;8;26.04.2016 08:00;0,493861;
Arsen;5;26.04.2016 08:00;0,365621;
Arsen;1;26.04.2016 08:00;0,305163;
Arsen;4;26.04.2016 08:00;0,293593;
Arsen;6;26.04.2016 08:00;0,273498;
Arsen;3;26.04.2016 08:00;0,222022;
Arsen;9;26.04.2016 08:00;0,073573;
Benzol;8;26.04.2016 08:00;7,44058;
Benzol;7;26.04.2016 08:00;1,13234;
Benzol;6;26.04.2016 08:00;0,592319;
Benzol;3;26.04.2016 08:00;0,547192;
Benzol;4;26.04.2016 08:00;0,382044;
Benzol;5;26.04.2016 08:00;0,301947;
Benzol;2;26.04.2016 08:00;0,144759;
Benzol;9;26.04.2016 08:00;0,043767;
Benzol;1;26.04.2016 08:00;0,0252129;
Anilin;3;26.04.2016 08:00;1,60652;
Anilin;7;26.04.2016 08:00;0,957215;
Anilin;2;26.04.2016 08:00;0,680723;
Anilin;9;26.04.2016 08:00;0,611679;
Anilin;6;26.04.2016 08:00;0,460479;
Anilin;4;26.04.2016 08:00;0,423655;
Anilin;1;26.04.2016 08:00;0,237558;
Anilin;8;26.04.2016 08:00;0,143736;
Anilin;5;26.04.2016 08:00;0,0625845;
Natriumchlorid;7;26.04.2016 09:00;2,32211;
Natriumchlorid;3;26.04.2016 09:00;0,791217;
Natriumchlorid;2;26.04.2016 09:00;0,571108;
Natriumchlorid;5;26.04.2016 09:00;0,519412;
Natriumchlorid;4;26.04.2016 09:00;0,508736;
Natriumchlorid;6;26.04.2016 09:00;0,479599;
Natriumchlorid;9;26.04.2016 09:00;0,195616;
Natriumchlorid;1;26.04.2016 09:00;0,115387;
Natriumchlorid;8;26.04.2016 09:00;0,0797951;
Arsen;3;26.04.2016 09:00;0,883267;
Arsen;5;26.04.2016 09:00;0,690757;
Arsen;7;26.04.2016 09:00;0,325225;
Arsen;6;26.04.2016 09:00;0,258266;
Arsen;1;26.04.2016 09:00;0,257475;
Arsen;9;26.04.2016 09:00;0,138856;
Arsen;4;26.04.2016 09:00;0,120821;
Arsen;2;26.04.2016 09:00;0,0816605;
Arsen;8;26.04.2016 09:00;0,0809754;
Benzol;7;26.04.2016 09:00;1,43638;
Benzol;3;26.04.2016 09:00;1,25211;
Benzol;2;26.04.2016 09:00;0,831891;
Benzol;8;26.04.2016 09:00;0,557618;
Benzol;4;26.04.2016 09:00;0,379149;
Benzol;1;26.04.2016 09:00;0,317254;
Benzol;6;26.04.2016 09:00;0,272563;
Benzol;5;26.04.2016 09:00;0,0485679;
Benzol;9;26.04.2016 09:00;0,0051635;
Anilin;3;26.04.2016 09:00;1,29449;
Anilin;6;26.04.2016 09:00;0,572135;
Anilin;2;26.04.2016 09:00;0,54823;
Anilin;9;26.04.2016 09:00;0,393537;
Anilin;7;26.04.2016 09:00;0,346962;
Anilin;8;26.04.2016 09:00;0,313233;
Anilin;5;26.04.2016 09:00;0,257548;
Anilin;4;26.04.2016 09:00;0,141741;
Anilin;1;26.04.2016 09:00;0,0361168;
Natriumchlorid;7;26.04.2016 10:00;1,02856;
Natriumchlorid;3;26.04.2016 10:00;0,838935;
Natriumchlorid;8;26.04.2016 10:00;0,674414;
Natriumchlorid;4;26.04.2016 10:00;0,347927;
Natriumchlorid;1;26.04.2016 10:00;0,159619;
Natriumchlorid;5;26.04.2016 10:00;0,0933947;
Natriumchlorid;2;26.04.2016 10:00;0,0898265;
Natriumchlorid;9;26.04.2016 10:00;0,028737;
Natriumchlorid;6;26.04.2016 10:00;0,0188078;
Arsen;1;26.04.2016 10:00;0,61054;
Arsen;9;26.04.2016 10:00;0,308339;
Arsen;6;26.04.2016 10:00;0,306299;
Arsen;5;26.04.2016 10:00;0,239767;
Arsen;4;26.04.2016 10:00;0,217041;
Arsen;3;26.04.2016 10:00;0,19422;
Arsen;7;26.04.2016 10:00;0,19419;
Arsen;8;26.04.2016 10:00;0,0888871;
Arsen;2;26.04.2016 10:00;0,00487974;
Benzol;8;26.04.2016 10:00;6,48963;
Benzol;6;26.04.2016 10:00;0,499132;
Benzol;4;26.04.2016 10:00;0,407857;
Benzol;2;26.04.2016 10:00;0,351181;
Benzol;1;26.04.2016 10:00;0,236065;
Benzol;9;26.04.2016 10:00;0,169635;
Benzol;7;26.04.2016 10:00;0,158306;
Benzol;3;26.04.2016 10:00;0,102095;
Benzol;5;26.04.2016 10:00;0,0393156;
Anilin;3;26.04.2016 10:00;2,41503;
Anilin;6;26.04.2016 10:00;0,772978;
Anilin;2;26.04.2016 10:00;0,58298;
Anilin;1;26.04.2016 10:00;0,415062;
Anilin;8;26.04.2016 10:00;0,402157;
Anilin;9;26.04.2016 10:00;0,161819;
Anilin;7;26.04.2016 10:00;0,144429;
Anilin;5;26.04.2016 10:00;0,0708527;
Anilin;4;26.04.2016 10:00;0,0283599;
Natriumchlorid;8;26.04.2016 11:00;0,948271;
Natriumchlorid;6;26.04.2016 11:00;0,583121;
Natriumchlorid;7;26.04.2016 11:00;0,415103;
Natriumchlorid;4;26.04.2016 11:00;0,303667;
Natriumchlorid;1;26.04.2016 11:00;0,294077;
Natriumchlorid;5;26.04.2016 11:00;0,173701;
Natriumchlorid;3;26.04.2016 11:00;0,144146;
Natriumchlorid;9;26.04.2016 11:00;0,130841;
Natriumchlorid;2;26.04.2016 11:00;0,0512812;
Arsen;6;26.04.2016 11:00;4,39728;
Arsen;3;26.04.2016 11:00;1,28835;
Arsen;2;26.04.2016 11:00;0,358569;
Arsen;5;26.04.2016 11:00;0,328308;
Arsen;7;26.04.2016 11:00;0,279831;
Arsen;9;26.04.2016 11:00;0,217533;
Arsen;1;26.04.2016 11:00;0,127931;
Arsen;4;26.04.2016 11:00;0,0885016;
Arsen;8;26.04.2016 11:00;0,0410304;
Benzol;1;26.04.2016 11:00;1,13218;
Benzol;4;26.04.2016 11:00;0,695058;
Benzol;3;26.04.2016 11:00;0,475659;
Benzol;7;26.04.2016 11:00;0,371415;
Benzol;6;26.04.2016 11:00;0,303008;
Benzol;5;26.04.2016 11:00;0,250844;
Benzol;8;26.04.2016 11:00;0,22133;
Benzol;2;26.04.2016 11:00;0,217677;
Benzol;9;26.04.2016 11:00;0,0385024;
Anilin;3;26.04.2016 11:00;0,990498;
Anilin;7;26.04.2016 11:00;0,794152;
Anilin;8;26.04.2016 11:00;0,614938;
Anilin;6;26.04.2016 11:00;0,553877;
Anilin;4;26.04.2016 11:00;0,387574;
Anilin;1;26.04.2016 11:00;0,262516;
Anilin;2;26.04.2016 11:00;0,108825;
Anilin;5;26.04.2016 11:00;0,0862612;
Anilin;9;26.04.2016 11:00;0,0113093;
Natriumchlorid;7;26.04.2016 12:00;1,06203;
Natriumchlorid;3;26.04.2016 12:00;0,691381;
Natriumchlorid;6;26.04.2016 12:00;0,540732;
Natriumchlorid;4;26.04.2016 12:00;0,450067;
Natriumchlorid;9;26.04.2016 12:00;0,442741;
Natriumchlorid;5;26.04.2016 12:00;0,402677;
Natriumchlorid;2;26.04.2016 12:00;0,362649;
Natriumchlorid;8;26.04.2016 12:00;0,139553;
Natriumchlorid;1;26.04.2016 12:00;0,125548;
Arsen;3;26.04.2016 12:00;5,97947;
Arsen;6;26.04.2016 12:00;1,79711;
Arsen;8;26.04.2016 12:00;1,29341;
Arsen;7;26.04.2016 12:00;0,900878;
Arsen;2;26.04.2016 12:00;0,810682;
Arsen;4;26.04.2016 12:00;0,185474;
Arsen;1;26.04.2016 12:00;0,0599919;
Arsen;9;26.04.2016 12:00;0,0493731;
Arsen;5;26.04.2016 12:00;0,0295419;
Benzol;3;26.04.2016 12:00;0,955997;
Benzol;8;26.04.2016 12:00;0,75417;
Benzol;5;26.04.2016 12:00;0,595174;
Benzol;6;26.04.2016 12:00;0,481192;
Benzol;1;26.04.2016 12:00;0,468906;
Benzol;4;26.04.2016 12:00;0,226067;
Benzol;2;26.04.2016 12:00;0,185952;
Benzol;7;26.04.2016 12:00;0,15211;
Benzol;9;26.04.2016 12:00;0,138864;
Anilin;3;26.04.2016 12:00;0,774731;
Anilin;1;26.04.2016 12:00;0,289791;
Anilin;8;26.04.2016 12:00;0,282913;
Anilin;7;26.04.2016 12:00;0,2054;
Anilin;4;26.04.2016 12:00;0,16158;
Anilin;9;26.04.2016 12:00;0,108105;
Anilin;6;26.04.2016 12:00;0,0915312;
Anilin;2;26.04.2016 12:00;0,076742;
Anilin;5;26.04.2016 12:00;0,0119286;
Natriumchlorid;4;26.04.2016 13:00;0,721594;
Natriumchlorid;8;26.04.2016 13:00;0,678143;
Natriumchlorid;6;26.04.2016 13:00;0,487176;
Natriumchlorid;3;26.04.2016 13:00;0,254751;
Natriumchlorid;7;26.04.2016 13:00;0,2115;
Natriumchlorid;9;26.04.2016 13:00;0,146079;
Natriumchlorid;1;26.04.2016 13:00;0,0331476;
Natriumchlorid;5;26.04.2016 13:00;0,024152;
Natriumchlorid;2;26.04.2016 13:00;0,0166416;
Arsen;3;26.04.2016 13:00;2,1218;
Arsen;1;26.04.2016 13:00;2,09212;
Arsen;6;26.04.2016 13:00;0,622891;
Arsen;2;26.04.2016 13:00;0,529853;
Arsen;5;26.04.2016 13:00;0,290328;
Arsen;7;26.04.2016 13:00;0,185287;
Arsen;9;26.04.2016 13:00;0,172952;
Arsen;4;26.04.2016 13:00;0,169009;
Arsen;8;26.04.2016 13:00;0,0261067;
Benzol;3;26.04.2016 13:00;0,653902;
Benzol;4;26.04.2016 13:00;0,545452;
Benzol;7;26.04.2016 13:00;0,513148;
Benzol;8;26.04.2016 13:00;0,305573;
Benzol;5;26.04.2016 13:00;0,304857;
Benzol;6;26.04.2016 13:00;0,284829;
Benzol;9;26.04.2016 13:00;0,167909;
Benzol;2;26.04.2016 13:00;0,15229;
Benzol;1;26.04.2016 13:00;0,139793;
Anilin;2;26.04.2016 13:00;0,648927;
Anilin;7;26.04.2016 13:00;0,480261;
Anilin;8;26.04.2016 13:00;0,388386;
Anilin;3;26.04.2016 13:00;0,365762;
Anilin;1;26.04.2016 13:00;0,319368;
Anilin;9;26.04.2016 13:00;0,30341;
Anilin;6;26.04.2016 13:00;0,287743;
Anilin;5;26.04.2016 13:00;0,238267;
Anilin;4;26.04.2016 13:00;0,179477;
Natriumchlorid;3;26.04.2016 14:00;2,68524;
Natriumchlorid;7;26.04.2016 14:00;1,46496;
Natriumchlorid;8;26.04.2016 14:00;0,608886;
Natriumchlorid;5;26.04.2016 14:00;0,494289;
Natriumchlorid;6;26.04.2016 14:00;0,208771;
Natriumchlorid;2;26.04.2016 14:00;0,0361541;
Natriumchlorid;4;26.04.2016 14:00;0,0341706;
Natriumchlorid;1;26.04.2016 14:00;0,0328461;
Natriumchlorid;9;26.04.2016 14:00;0,0288818;
Arsen;3;26.04.2016 14:00;1,17823;
Arsen;8;26.04.2016 14:00;0,796317;
Arsen;2;26.04.2016 14:00;0,471243;
Arsen;4;26.04.2016 14:00;0,438288;
Arsen;1;26.04.2016 14:00;0,388945;
Arsen;6;26.04.2016 14:00;0,346136;
Arsen;5;26.04.2016 14:00;0,318267;
Arsen;7;26.04.2016 14:00;0,163342;
Arsen;9;26.04.2016 14:00;0,162239;
Benzol;3;26.04.2016 14:00;1,31332;
Benzol;6;26.04.2016 14:00;0,683514;
Benzol;1;26.04.2016 14:00;0,639242;
Benzol;7;26.04.2016 14:00;0,283002;
Benzol;4;26.04.2016 14:00;0,187547;
Benzol;5;26.04.2016 14:00;0,185766;
Benzol;2;26.04.2016 14:00;0,128751;
Benzol;9;26.04.2016 14:00;0,121658;
Benzol;8;26.04.2016 14:00;0,0369106;
Anilin;6;26.04.2016 14:00;0,56337;
Anilin;5;26.04.2016 14:00;0,484462;
Anilin;9;26.04.2016 14:00;0,453542;
Anilin;3;26.04.2016 14:00;0,241634;
Anilin;2;26.04.2016 14:00;0,181067;
Anilin;7;26.04.2016 14:00;0,133549;
Anilin;1;26.04.2016 14:00;0,0848657;
Anilin;4;26.04.2016 14:00;0,0706442;
Anilin;8;26.04.2016 14:00;0,0562989;
Natriumchlorid;3;26.04.2016 15:00;0,938104;
Natriumchlorid;4;26.04.2016 15:00;0,548208;
Natriumchlorid;1;26.04.2016 15:00;0,363263;
Natriumchlorid;2;26.04.2016 15:00;0,199428;
Natriumchlorid;6;26.04.2016 15:00;0,184008;
Natriumchlorid;8;26.04.2016 15:00;0,143456;
Natriumchlorid;9;26.04.2016 15:00;0,127032;
Natriumchlorid;5;26.04.2016 15:00;0,101049;
Natriumchlorid;7;26.04.2016 15:00;0,0108043;
Arsen;2;26.04.2016 15:00;0,578848;
Arsen;9;26.04.2016 15:00;0,555035;
Arsen;6;26.04.2016 15:00;0,528658;
Arsen;3;26.04.2016 15:00;0,437923;
Arsen;7;26.04.2016 15:00;0,345134;
Arsen;4;26.04.2016 15:00;0,314277;
Arsen;5;26.04.2016 15:00;0,181738;
Arsen;1;26.04.2016 15:00;0,159072;
Arsen;8;26.04.2016 15:00;0,0221095;
Benzol;7;26.04.2016 15:00;2,36629;
Benzol;3;26.04.2016 15:00;1,1494;
Benzol;6;26.04.2016 15:00;0,724802;
Benzol;4;26.04.2016 15:00;0,394042;
Benzol;8;26.04.2016 15:00;0,366132;
Benzol;9;26.04.2016 15:00;0,336627;
Benzol;2;26.04.2016 15:00;0,263592;
Benzol;1;26.04.2016 15:00;0,199013;
Benzol;5;26.04.2016 15:00;0,0894869;
Anilin;3;26.04.2016 15:00;1,69698;
Anilin;5;26.04.2016 15:00;0,38024;
Anilin;2;26.04.2016 15:00;0,369295;
Anilin;1;26.04.2016 15:00;0,251093;
Anilin;4;26.04.2016 15:00;0,228762;
Anilin;9;26.04.2016 15:00;0,146453;
Anilin;8;26.04.2016 15:00;0,12314;
Anilin;7;26.04.2016 15:00;0,109968;
Anilin;6;26.04.2016 15:00;0,0772155;
Natriumchlorid;3;26.04.2016 16:00;0,929583;
Natriumchlorid;8;26.04.2016 16:00;0,605841;
Natriumchlorid;2;26.04.2016 16:00;0,513197;
Natriumchlorid;7;26.04.2016 16:00;0,432617;
Natriumchlorid;4;26.04.2016 16:00;0,305096;
Natriumchlorid;6;26.04.2016 16:00;0,196137;
Natriumchlorid;5;26.04.2016 16:00;0,185457;
Natriumchlorid;9;26.04.2016 16:00;0,175297;
Natriumchlorid;1;26.04.2016 16:00;0,0207121;
Arsen;8;26.04.2016 16:00;0,839797;
Arsen;3;26.04.2016 16:00;0,687613;
Arsen;4;26.04.2016 16:00;0,603679;
Arsen;1;26.04.2016 16:00;0,476981;
Arsen;9;26.04.2016 16:00;0,346554;
Arsen;7;26.04.2016 16:00;0,306276;
Arsen;5;26.04.2016 16:00;0,227713;
Arsen;2;26.04.2016 16:00;0,180144;
Arsen;6;26.04.2016 16:00;0,135707;
Benzol;7;26.04.2016 16:00;0,574366;
Benzol;8;26.04.2016 16:00;0,540585;
Benzol;4;26.04.2016 16:00;0,498099;
Benzol;6;26.04.2016 16:00;0,436267;
Benzol;5;26.04.2016 16:00;0,381471;
Benzol;2;26.04.2016 16:00;0,371832;
Benzol;9;26.04.2016 16:00;0,231967;
Benzol;3;26.04.2016 16:00;0,193589;
Benzol;1;26.04.2016 16:00;0,0193084;
Anilin;3;26.04.2016 16:00;0,995759;
Anilin;6;26.04.2016 16:00;0,388573;
Anilin;9;26.04.2016 16:00;0,380209;
Anilin;4;26.04.2016 16:00;0,363865;
Anilin;1;26.04.2016 16:00;0,336221;
Anilin;8;26.04.2016 16:00;0,321984;
Anilin;2;26.04.2016 16:00;0,165173;
Anilin;7;26.04.2016 16:00;0,139545;
Anilin;5;26.04.2016 16:00;0,0635368;
Natriumchlorid;3;26.04.2016 17:00;2,50356;
Natriumchlorid;9;26.04.2016 17:00;0,446804;
Natriumchlorid;6;26.04.2016 17:00;0,423578;
Natriumchlorid;2;26.04.2016 17:00;0,390835;
Natriumchlorid;1;26.04.2016 17:00;0,389856;
Natriumchlorid;4;26.04.2016 17:00;0,355715;
Natriumchlorid;8;26.04.2016 17:00;0,352752;
Natriumchlorid;7;26.04.2016 17:00;0,31164;
Natriumchlorid;5;26.04.2016 17:00;0,0238674;
Arsen;3;26.04.2016 17:00;0,76023;
Arsen;7;26.04.2016 17:00;0,705086;
Arsen;8;26.04.2016 17:00;0,502787;
Arsen;5;26.04.2016 17:00;0,245914;
Arsen;9;26.04.2016 17:00;0,22153;
Arsen;4;26.04.2016 17:00;0,140712;
Arsen;6;26.04.2016 17:00;0,0727711;
Arsen;1;26.04.2016 17:00;0,0684533;
Arsen;2;26.04.2016 17:00;0,00329571;
Benzol;8;26.04.2016 17:00;3,82791;
Benzol;4;26.04.2016 17:00;0,6273;
Benzol;2;26.04.2016 17:00;0,517263;
Benzol;6;26.04.2016 17:00;0,499235;
Benzol;1;26.04.2016 17:00;0,375371;
Benzol;3;26.04.2016 17:00;0,371248;
Benzol;7;26.04.2016 17:00;0,193716;
Benzol;5;26.04.2016 17:00;0,177111;
Benzol;9;26.04.2016 17:00;0,128176;
Anilin;6;26.04.2016 17:00;0,724231;
Anilin;3;26.04.2016 17:00;0,647181;
Anilin;4;26.04.2016 17:00;0,485316;
Anilin;9;26.04.2016 17:00;0,44367;
Anilin;1;26.04.2016 17:00;0,312347;
Anilin;2;26.04.2016 17:00;0,287801;
Anilin;8;26.04.2016 17:00;0,0475514;
Anilin;5;26.04.2016 17:00;0,0396871;
Anilin;7;26.04.2016 17:00;0,0226391;
Natriumchlorid;3;26.04.2016 18:00;0,907;
Natriumchlorid;5;26.04.2016 18:00;0,769584;
Natriumchlorid;7;26.04.2016 18:00;0,64437;
Natriumchlorid;4;26.04.2016 18:00;0,513007;
Natriumchlorid;9;26.04.2016 18:00;0,501186;
Natriumchlorid;6;26.04.2016 18:00;0,274562;
Natriumchlorid;1;26.04.2016 18:00;0,250271;
Natriumchlorid;2;26.04.2016 18:00;0,239891;
Natriumchlorid;8;26.04.2016 18:00;0,162616;
Arsen;7;26.04.2016 18:00;1,0241;
Arsen;2;26.04.2016 18:00;0,653553;
Arsen;3;26.04.2016 18:00;0,569862;
Arsen;6;26.04.2016 18:00;0,503585;
Arsen;4;26.04.2016 18:00;0,419463;
Arsen;9;26.04.2016 18:00;0,301039;
Arsen;5;26.04.2016 18:00;0,182132;
Arsen;1;26.04.2016 18:00;0,0942571;
Arsen;8;26.04.2016 18:00;0,00200575;
Benzol;7;26.04.2016 18:00;1,00008;
Benzol;4;26.04.2016 18:00;0,622888;
Benzol;6;26.04.2016 18:00;0,551461;
Benzol;2;26.04.2016 18:00;0,506546;
Benzol;9;26.04.2016 18:00;0,412785;
Benzol;8;26.04.2016 18:00;0,263152;
Benzol;3;26.04.2016 18:00;0,178154;
Benzol;5;26.04.2016 18:00;0,143531;
Benzol;1;26.04.2016 18:00;0,0224844;
Anilin;3;26.04.2016 18:00;0,514641;
Anilin;1;26.04.2016 18:00;0,429681;
Anilin;5;26.04.2016 18:00;0,312301;
Anilin;6;26.04.2016 18:00;0,305564;
Anilin;8;26.04.2016 18:00;0,178595;
Anilin;9;26.04.2016 18:00;0,134901;
Anilin;7;26.04.2016 18:00;0,106202;
Anilin;4;26.04.2016 18:00;0,0980135;
Anilin;2;26.04.2016 18:00;0,0432168;
Natriumchlorid;3;26.04.2016 19:00;0,895467;
Natriumchlorid;7;26.04.2016 19:00;0,501766;
Natriumchlorid;2;26.04.2016 19:00;0,296506;
Natriumchlorid;4;26.04.2016 19:00;0,271575;
Natriumchlorid;8;26.04.2016 19:00;0,24328;
Natriumchlorid;6;26.04.2016 19:00;0,197317;
Natriumchlorid;5;26.04.2016 19:00;0,172985;
Natriumchlorid;9;26.04.2016 19:00;0,170143;
Natriumchlorid;1;26.04.2016 19:00;0,100592;
Arsen;2;26.04.2016 19:00;0,67951;
Arsen;4;26.04.2016 19:00;0,433239;
Arsen;6;26.04.2016 19:00;0,330651;
Arsen;3;26.04.2016 19:00;0,167957;
Arsen;5;26.04.2016 19:00;0,129223;
Arsen;1;26.04.2016 19:00;0,117827;
Arsen;8;26.04.2016 19:00;0,111351;
Arsen;7;26.04.2016 19:00;0,0654633;
Arsen;9;26.04.2016 19:00;0,053679;
Benzol;3;26.04.2016 19:00;1,46607;
Benzol;6;26.04.2016 19:00;0,520907;
Benzol;8;26.04.2016 19:00;0,5124;
Benzol;2;26.04.2016 19:00;0,429764;
Benzol;4;26.04.2016 19:00;0,414592;
Benzol;7;26.04.2016 19:00;0,120688;
Benzol;1;26.04.2016 19:00;0,0727685;
Benzol;9;26.04.2016 19:00;0,0477019;
Benzol;5;26.04.2016 19:00;0,0259424;
Anilin;3;26.04.2016 19:00;1,8895;
Anilin;2;26.04.2016 19:00;0,70328;
Anilin;4;26.04.2016 19:00;0,633431;
Anilin;8;26.04.2016 19:00;0,536621;
Anilin;5;26.04.2016 19:00;0,522686;
Anilin;6;26.04.2016 19:00;0,516455;
Anilin;1;26.04.2016 19:00;0,439012;
Anilin;7;26.04.2016 19:00;0,409731;
Anilin;9;26.04.2016 19:00;0,00164148;
Natriumchlorid;3;26.04.2016 20:00;1,66903;
Natriumchlorid;8;26.04.2016 20:00;0,900724;
Natriumchlorid;6;26.04.2016 20:00;0,605412;
Natriumchlorid;7;26.04.2016 20:00;0,423015;
Natriumchlorid;4;26.04.2016 20:00;0,201397;
Natriumchlorid;2;26.04.2016 20:00;0,198394;
Natriumchlorid;9;26.04.2016 20:00;0,102958;
Natriumchlorid;1;26.04.2016 20:00;0,102669;
Natriumchlorid;5;26.04.2016 20:00;0,0491344;
Arsen;7;26.04.2016 20:00;3,15231;
Arsen;4;26.04.2016 20:00;0,653103;
Arsen;8;26.04.2016 20:00;0,556519;
Arsen;2;26.04.2016 20:00;0,488287;
Arsen;6;26.04.2016 20:00;0,450414;
Arsen;9;26.04.2016 20:00;0,409103;
Arsen;5;26.04.2016 20:00;0,181099;
Arsen;1;26.04.2016 20:00;0,0737412;
Arsen;3;26.04.2016 20:00;0,0644967;
Benzol;8;26.04.2016 20:00;0,571295;
Benzol;7;26.04.2016 20:00;0,535314;
Benzol;4;26.04.2016 20:00;0,533098;
Benzol;2;26.04.2016 20:00;0,50333;
Benzol;3;26.04.2016 20:00;0,295933;
Benzol;9;26.04.2016 20:00;0,220561;
Benzol;6;26.04.2016 20:00;0,118106;
Benzol;5;26.04.2016 20:00;0,104638;
Benzol;1;26.04.2016 20:00;0,0948724;
Anilin;4;26.04.2016 20:00;0,857855;
Anilin;3;26.04.2016 20:00;0,618135;
Anilin;7;26.04.2016 20:00;0,476673;
Anilin;8;26.04.2016 20:00;0,443522;
Anilin;2;26.04.2016 20:00;0,433998;
Anilin;6;26.04.2016 20:00;0,404307;
Anilin;5;26.04.2016 20:00;0,349667;
Anilin;1;26.04.2016 20:00;0,0454018;
Anilin;9;26.04.2016 20:00;0,0109829;
Natriumchlorid;7;26.04.2016 21:00;0,826206;
Natriumchlorid;4;26.04.2016 21:00;0,701253;
Natriumchlorid;6;26.04.2016 21:00;0,648862;
Natriumchlorid;5;26.04.2016 21:00;0,298057;
Natriumchlorid;8;26.04.2016 21:00;0,218825;
Natriumchlorid;2;26.04.2016 21:00;0,101173;
Natriumchlorid;1;26.04.2016 21:00;0,0476718;
Natriumchlorid;3;26.04.2016 21:00;0,0459332;
Natriumchlorid;9;26.04.2016 21:00;0,018698;
Arsen;7;26.04.2016 21:00;0,84915;
Arsen;8;26.04.2016 21:00;0,641704;
Arsen;3;26.04.2016 21:00;0,413457;
Arsen;5;26.04.2016 21:00;0,404318;
Arsen;1;26.04.2016 21:00;0,374004;
Arsen;6;26.04.2016 21:00;0,341856;
Arsen;4;26.04.2016 21:00;0,156218;
Arsen;9;26.04.2016 21:00;0,0998464;
Arsen;2;26.04.2016 21:00;0,0577869;
Benzol;6;26.04.2016 21:00;5,22623;
Benzol;7;26.04.2016 21:00;0,961725;
Benzol;8;26.04.2016 21:00;0,741179;
Benzol;5;26.04.2016 21:00;0,349395;
Benzol;3;26.04.2016 21:00;0,311768;
Benzol;2;26.04.2016 21:00;0,195364;
Benzol;4;26.04.2016 21:00;0,0546815;
Benzol;1;26.04.2016 21:00;0,0207304;
Benzol;9;26.04.2016 21:00;0,0106236;
Anilin;3;26.04.2016 21:00;1,76806;
Anilin;5;26.04.2016 21:00;0,976576;
Anilin;8;26.04.2016 21:00;0,560358;
Anilin;6;26.04.2016 21:00;0,381007;
Anilin;7;26.04.2016 21:00;0,330445;
Anilin;2;26.04.2016 21:00;0,196618;
Anilin;4;26.04.2016 21:00;0,169539;
Anilin;1;26.04.2016 21:00;0,155582;
Anilin;9;26.04.2016 21:00;0,0512963;
Natriumchlorid;3;26.04.2016 22:00;1,23137;
Natriumchlorid;7;26.04.2016 22:00;1,03027;
Natriumchlorid;8;26.04.2016 22:00;0,481136;
Natriumchlorid;2;26.04.2016 22:00;0,416429;
Natriumchlorid;4;26.04.2016 22:00;0,388852;
Natriumchlorid;1;26.04.2016 22:00;0,356669;
Natriumchlorid;6;26.04.2016 22:00;0,299604;
Natriumchlorid;5;26.04.2016 22:00;0,139448;
Natriumchlorid;9;26.04.2016 22:00;0,083164;
Arsen;3;26.04.2016 22:00;2,06118;
Arsen;8;26.04.2016 22:00;0,594673;
Arsen;2;26.04.2016 22:00;0,369285;
Arsen;1;26.04.2016 22:00;0,264995;
Arsen;9;26.04.2016 22:00;0,186196;
Arsen;6;26.04.2016 22:00;0,17522;
Arsen;5;26.04.2016 22:00;0,13285;
Arsen;7;26.04.2016 22:00;0,0590966;
Arsen;4;26.04.2016 22:00;0,0584005;
Benzol;6;26.04.2016 22:00;3,05666;
Benzol;3;26.04.2016 22:00;1,16421;
Benzol;2;26.04.2016 22:00;0,633138;
Benzol;7;26.04.2016 22:00;0,560996;
Benzol;5;26.04.2016 22:00;0,232718;
Benzol;1;26.04.2016 22:00;0,137789;
Benzol;8;26.04.2016 22:00;0,122675;
Benzol;9;26.04.2016 22:00;0,111105;
Benzol;4;26.04.2016 22:00;0,110894;
Anilin;3;26.04.2016 22:00;1,18329;
Anilin;7;26.04.2016 22:00;0,906665;
Anilin;5;26.04.2016 22:00;0,894665;
Anilin;8;26.04.2016 22:00;0,893766;
Anilin;6;26.04.2016 22:00;0,729883;
Anilin;2;26.04.2016 22:00;0,377762;
Anilin;9;26.04.2016 22:00;0,220207;
Anilin;4;26.04.2016 22:00;0,19678;
Anilin;1;26.04.2016 22:00;0,101249;
Natriumchlorid;3;26.04.2016 23:00;1,44416;
Natriumchlorid;8;26.04.2016 23:00;0,548752;
Natriumchlorid;5;26.04.2016 23:00;0,407734;
Natriumchlorid;9;26.04.2016 23:00;0,379727;
Natriumchlorid;6;26.04.2016 23:00;0,218016;
Natriumchlorid;4;26.04.2016 23:00;0,194099;
Natriumchlorid;7;26.04.2016 23:00;0,179443;
Natriumchlorid;2;26.04.2016 23:00;0,170552;
Natriumchlorid;1;26.04.2016 23:00;0,128942;
Arsen;3;26.04.2016 23:00;2,09258;
Arsen;8;26.04.2016 23:00;0,791052;
Arsen;1;26.04.2016 23:00;0,543643;
Arsen;4;26.04.2016 23:00;0,466636;
Arsen;7;26.04.2016 23:00;0,452393;
Arsen;6;26.04.2016 23:00;0,382513;
Arsen;5;26.04.2016 23:00;0,337142;
Arsen;9;26.04.2016 23:00;0,280166;
Arsen;2;26.04.2016 23:00;0,0158019;
Benzol;6;26.04.2016 23:00;7,11228;
Benzol;8;26.04.2016 23:00;0,726825;
Benzol;3;26.04.2016 23:00;0,676939;
Benzol;4;26.04.2016 23:00;0,676647;
Benzol;2;26.04.2016 23:00;0,390035;
Benzol;9;26.04.2016 23:00;0,261152;
Benzol;1;26.04.2016 23:00;0,222223;
Benzol;5;26.04.2016 23:00;0,0754602;
Benzol;7;26.04.2016 23:00;0,00825042;
Anilin;7;26.04.2016 23:00;0,940167;
Anilin;4;26.04.2016 23:00;0,655537;
Anilin;3;26.04.2016 23:00;0,620706;
Anilin;9;26.04.2016 23:00;0,602921;
Anilin;6;26.04.2016 23:00;0,33237;
Anilin;1;26.04.2016 23:00;0,0998119;
Anilin;2;26.04.2016 23:00;0,0835459;
Anilin;8;26.04.2016 23:00;0,0327797;
Anilin;5;26.04.2016 23:00;0,0301728;
Natriumchlorid;7;27.04.2016 00:00;0,899467;
Natriumchlorid;2;27.04.2016 00:00;0,794172;
Natriumchlorid;1;27.04.2016 00:00;0,668695;
Natriumchlorid;4;27.04.2016 00:00;0,525641;
Natriumchlorid;6;27.04.2016 00:00;0,403909;
Natriumchlorid;9;27.04.2016 00:00;0,216934;
Natriumchlorid;3;27.04.2016 00:00;0,126366;
Natriumchlorid;8;27.04.2016 00:00;0,0713341;
Natriumchlorid;5;27.04.2016 00:00;0,0396175;
Arsen;2;27.04.2016 00:00;0,618364;
Arsen;1;27.04.2016 00:00;0,425501;
Arsen;9;27.04.2016 00:00;0,40461;
Arsen;4;27.04.2016 00:00;0,401599;
Arsen;6;27.04.2016 00:00;0,338592;
Arsen;7;27.04.2016 00:00;0,282184;
Arsen;5;27.04.2016 00:00;0,230998;
Arsen;3;27.04.2016 00:00;0,199766;
Arsen;8;27.04.2016 00:00;0,0571451;
Benzol;6;27.04.2016 00:00;12,84422;
Benzol;2;27.04.2016 00:00;1,29687;
Benzol;3;27.04.2016 00:00;1,00663;
Benzol;8;27.04.2016 00:00;0,548621;
Benzol;4;27.04.2016 00:00;0,467163;
Benzol;9;27.04.2016 00:00;0,416733;
Benzol;5;27.04.2016 00:00;0,352978;
Benzol;1;27.04.2016 00:00;0,151464;
Benzol;7;27.04.2016 00:00;0,0800834;
Anilin;8;27.04.2016 00:00;0,564845;
Anilin;1;27.04.2016 00:00;0,487369;
Anilin;6;27.04.2016 00:00;0,453198;
Anilin;7;27.04.2016 00:00;0,394098;
Anilin;9;27.04.2016 00:00;0,352666;
Anilin;2;27.04.2016 00:00;0,347277;
Anilin;3;27.04.2016 00:00;0,178532;
Anilin;4;27.04.2016 00:00;0,174786;
Anilin;5;27.04.2016 00:00;0,147124;
Natriumchlorid;7;27.04.2016 01:00;3,29813;
Natriumchlorid;3;27.04.2016 01:00;0,96162;
Natriumchlorid;6;27.04.2016 01:00;0,646523;
Natriumchlorid;4;27.04.2016 01:00;0,575819;
Natriumchlorid;5;27.04.2016 01:00;0,509962;
Natriumchlorid;2;27.04.2016 01:00;0,282043;
Natriumchlorid;1;27.04.2016 01:00;0,235474;
Natriumchlorid;9;27.04.2016 01:00;0,0309684;
Natriumchlorid;8;27.04.2016 01:00;0,0110155;
Arsen;6;27.04.2016 01:00;0,520981;
Arsen;8;27.04.2016 01:00;0,483637;
Arsen;1;27.04.2016 01:00;0,361476;
Arsen;9;27.04.2016 01:00;0,354619;
Arsen;5;27.04.2016 01:00;0,343013;
Arsen;7;27.04.2016 01:00;0,329603;
Arsen;4;27.04.2016 01:00;0,275657;
Arsen;2;27.04.2016 01:00;0,0409333;
Arsen;3;27.04.2016 01:00;0,0295144;
Benzol;6;27.04.2016 01:00;5,54259;
Benzol;7;27.04.2016 01:00;0,503592;
Benzol;2;27.04.2016 01:00;0,491629;
Benzol;9;27.04.2016 01:00;0,475196;
Benzol;1;27.04.2016 01:00;0,38499;
Benzol;3;27.04.2016 01:00;0,355837;
Benzol;4;27.04.2016 01:00;0,327854;
Benzol;8;27.04.2016 01:00;0,157524;
Benzol;5;27.04.2016 01:00;0,139655;
Anilin;3;27.04.2016 01:00;2,34609;
Anilin;6;27.04.2016 01:00;0,603529;
Anilin;2;27.04.2016 01:00;0,56508;
Anilin;8;27.04.2016 01:00;0,552332;
Anilin;4;27.04.2016 01:00;0,403309;
Anilin;1;27.04.2016 01:00;0,282256;
Anilin;5;27.04.2016 01:00;0,203758;
Anilin;7;27.04.2016 01:00;0,105124;
Anilin;9;27.04.2016 01:00;0,034907;
Natriumchlorid;3;27.04.2016 02:00;3,42567;
Natriumchlorid;8;27.04.2016 02:00;0,869936;
Natriumchlorid;4;27.04.2016 02:00;0,69567;
Natriumchlorid;2;27.04.2016 02:00;0,586244;
Natriumchlorid;1;27.04.2016 02:00;0,38261;
Natriumchlorid;7;27.04.2016 02:00;0,330047;
Natriumchlorid;6;27.04.2016 02:00;0,286882;
Natriumchlorid;9;27.04.2016 02:00;0,165971;
Natriumchlorid;5;27.04.2016 02:00;0,15254;
Arsen;3;27.04.2016 02:00;2,86102;
Arsen;9;27.04.2016 02:00;0,520585;
Arsen;6;27.04.2016 02:00;0,467694;
Arsen;8;27.04.2016 02:00;0,426473;
Arsen;7;27.04.2016 02:00;0,37645;
Arsen;4;27.04.2016 02:00;0,365445;
Arsen;2;27.04.2016 02:00;0,173804;
Arsen;5;27.04.2016 02:00;0,170891;
Arsen;1;27.04.2016 02:00;0,154688;
Benzol;3;27.04.2016 02:00;1,36655;
Benzol;8;27.04.2016 02:00;0,735099;
Benzol;6;27.04.2016 02:00;0,430279;
Benzol;9;27.04.2016 02:00;0,426922;
Benzol;7;27.04.2016 02:00;0,397481;
Benzol;1;27.04.2016 02:00;0,290927;
Benzol;4;27.04.2016 02:00;0,256316;
Benzol;2;27.04.2016 02:00;0,126253;
Benzol;5;27.04.2016 02:00;0,0707171;
Anilin;7;27.04.2016 02:00;1,03651;
Anilin;5;27.04.2016 02:00;0,579545;
Anilin;3;27.04.2016 02:00;0,48644;
Anilin;4;27.04.2016 02:00;0,469843;
Anilin;2;27.04.2016 02:00;0,382329;
Anilin;6;27.04.2016 02:00;0,38173;
Anilin;9;27.04.2016 02:00;0,334394;
Anilin;1;27.04.2016 02:00;0,209191;
Anilin;8;27.04.2016 02:00;0,0347912;
Natriumchlorid;7;27.04.2016 03:00;1,7102;
Natriumchlorid;3;27.04.2016 03:00;0,862577;
Natriumchlorid;5;27.04.2016 03:00;0,763603;
Natriumchlorid;2;27.04.2016 03:00;0,708866;
Natriumchlorid;8;27.04.2016 03:00;0,696199;
Natriumchlorid;4;27.04.2016 03:00;0,523335;
Natriumchlorid;6;27.04.2016 03:00;0,362675;
Natriumchlorid;9;27.04.2016 03:00;0,195907;
Natriumchlorid;1;27.04.2016 03:00;0,10739;
Arsen;3;27.04.2016 03:00;1,36238;
Arsen;2;27.04.2016 03:00;0,840839;
Arsen;6;27.04.2016 03:00;0,586734;
Arsen;5;27.04.2016 03:00;0,516239;
Arsen;7;27.04.2016 03:00;0,319351;
Arsen;1;27.04.2016 03:00;0,29215;
Arsen;9;27.04.2016 03:00;0,255325;
Arsen;4;27.04.2016 03:00;0,254468;
Arsen;8;27.04.2016 03:00;0,241612;
Benzol;3;27.04.2016 03:00;1,11509;
Benzol;7;27.04.2016 03:00;0,713266;
Benzol;8;27.04.2016 03:00;0,691071;
Benzol;6;27.04.2016 03:00;0,327277;
Benzol;1;27.04.2016 03:00;0,211366;
Benzol;9;27.04.2016 03:00;0,101784;
Benzol;5;27.04.2016 03:00;0,094984;
Benzol;4;27.04.2016 03:00;0,0642959;
Benzol;2;27.04.2016 03:00;0,0190545;
Anilin;7;27.04.2016 03:00;1,75051;
Anilin;3;27.04.2016 03:00;0,747509;
Anilin;4;27.04.2016 03:00;0,50398;
Anilin;5;27.04.2016 03:00;0,341637;
Anilin;6;27.04.2016 03:00;0,299117;
Anilin;2;27.04.2016 03:00;0,0901121;
Anilin;9;27.04.2016 03:00;0,0793869;
Anilin;8;27.04.2016 03:00;0,051696;
Anilin;1;27.04.2016 03:00;0,0371171;
Natriumchlorid;3;27.04.2016 04:00;1,05449;
Natriumchlorid;9;27.04.2016 04:00;0,62696;
Natriumchlorid;7;27.04.2016 04:00;0,564965;
Natriumchlorid;4;27.04.2016 04:00;0,440486;
Natriumchlorid;1;27.04.2016 04:00;0,394223;
Natriumchlorid;8;27.04.2016 04:00;0,369693;
Natriumchlorid;6;27.04.2016 04:00;0,144013;
Natriumchlorid;5;27.04.2016 04:00;0,141353;
Natriumchlorid;2;27.04.2016 04:00;0,0617564;
Arsen;8;27.04.2016 04:00;0,870485;
Arsen;1;27.04.2016 04:00;0,749757;
Arsen;7;27.04.2016 04:00;0,716168;
Arsen;3;27.04.2016 04:00;0,513868;
Arsen;2;27.04.2016 04:00;0,437003;
Arsen;4;27.04.2016 04:00;0,411536;
Arsen;6;27.04.2016 04:00;0,370062;
Arsen;5;27.04.2016 04:00;0,306647;
Arsen;9;27.04.2016 04:00;0,00311836;
Benzol;3;27.04.2016 04:00;1,08398;
Benzol;8;27.04.2016 04:00;0,609097;
Benzol;6;27.04.2016 04:00;0,598133;
Benzol;5;27.04.2016 04:00;0,586154;
Benzol;9;27.04.2016 04:00;0,580929;
Benzol;7;27.04.2016 04:00;0,471076;
Benzol;4;27.04.2016 04:00;0,329808;
Benzol;1;27.04.2016 04:00;0,260943;
Benzol;2;27.04.2016 04:00;0,0686226;
Anilin;3;27.04.2016 04:00;1,64798;
Anilin;8;27.04.2016 04:00;0,45493;
Anilin;4;27.04.2016 04:00;0,44806;
Anilin;1;27.04.2016 04:00;0,354021;
Anilin;2;27.04.2016 04:00;0,300724;
Anilin;6;27.04.2016 04:00;0,190076;
Anilin;7;27.04.2016 04:00;0,12787;
Anilin;9;27.04.2016 04:00;0,104434;
Anilin;5;27.04.2016 04:00;0,0903784;
Natriumchlorid;6;27.04.2016 05:00;0,693742;
Natriumchlorid;4;27.04.2016 05:00;0,647344;
Natriumchlorid;2;27.04.2016 05:00;0,573468;
Natriumchlorid;3;27.04.2016 05:00;0,482219;
Natriumchlorid;5;27.04.2016 05:00;0,468008;
Natriumchlorid;1;27.04.2016 05:00;0,268765;
Natriumchlorid;7;27.04.2016 05:00;0,228063;
Natriumchlorid;9;27.04.2016 05:00;0,155554;
Natriumchlorid;8;27.04.2016 05:00;0,00139821;
Arsen;7;27.04.2016 05:00;0,660664;
Arsen;8;27.04.2016 05:00;0,41223;
Arsen;5;27.04.2016 05:00;0,364938;
Arsen;4;27.04.2016 05:00;0,312659;
Arsen;6;27.04.2016 05:00;0,304554;
Arsen;9;27.04.2016 05:00;0,296906;
Arsen;3;27.04.2016 05:00;0,294609;
Arsen;2;27.04.2016 05:00;0,208584;
Arsen;1;27.04.2016 05:00;0,103266;
Benzol;3;27.04.2016 05:00;1,19329;
Benzol;6;27.04.2016 05:00;0,655468;
Benzol;7;27.04.2016 05:00;0,63857;
Benzol;4;27.04.2016 05:00;0,478922;
Benzol;2;27.04.2016 05:00;0,311891;
Benzol;8;27.04.2016 05:00;0,272009;
Benzol;9;27.04.2016 05:00;0,23299;
Benzol;5;27.04.2016 05:00;0,148466;
Benzol;1;27.04.2016 05:00;0,0931294;
Anilin;3;27.04.2016 05:00;3,72597;
Anilin;7;27.04.2016 05:00;0,888914;
Anilin;6;27.04.2016 05:00;0,437668;
Anilin;2;27.04.2016 05:00;0,386831;
Anilin;4;27.04.2016 05:00;0,34332;
Anilin;1;27.04.2016 05:00;0,206481;
Anilin;5;27.04.2016 05:00;0,206382;
Anilin;8;27.04.2016 05:00;0,119279;
Anilin;9;27.04.2016 05:00;0,00939856;
Natriumchlorid;3;27.04.2016 06:00;1,73363;
Natriumchlorid;9;27.04.2016 06:00;0,598813;
Natriumchlorid;6;27.04.2016 06:00;0,567832;
Natriumchlorid;4;27.04.2016 06:00;0,313904;
Natriumchlorid;7;27.04.2016 06:00;0,189161;
Natriumchlorid;8;27.04.2016 06:00;0,12135;
Natriumchlorid;1;27.04.2016 06:00;0,024764;
Natriumchlorid;5;27.04.2016 06:00;0,00833493;
Natriumchlorid;2;27.04.2016 06:00;0,00745997;
Arsen;4;27.04.2016 06:00;0,528015;
Arsen;7;27.04.2016 06:00;0,45092;
Arsen;5;27.04.2016 06:00;0,419885;
Arsen;6;27.04.2016 06:00;0,30073;
Arsen;8;27.04.2016 06:00;0,277023;
Arsen;2;27.04.2016 06:00;0,213635;
Arsen;3;27.04.2016 06:00;0,132648;
Arsen;1;27.04.2016 06:00;0,0521621;
Arsen;9;27.04.2016 06:00;0,0152806;
Benzol;7;27.04.2016 06:00;1,60166;
Benzol;3;27.04.2016 06:00;0,786062;
Benzol;6;27.04.2016 06:00;0,673393;
Benzol;2;27.04.2016 06:00;0,320204;
Benzol;4;27.04.2016 06:00;0,229974;
Benzol;9;27.04.2016 06:00;0,115706;
Benzol;5;27.04.2016 06:00;0,0872413;
Benzol;8;27.04.2016 06:00;0,0678043;
Benzol;1;27.04.2016 06:00;0,057853;
Anilin;3;27.04.2016 06:00;1,51676;
Anilin;8;27.04.2016 06:00;0,575902;
Anilin;4;27.04.2016 06:00;0,523893;
Anilin;7;27.04.2016 06:00;0,462357;
Anilin;5;27.04.2016 06:00;0,282929;
Anilin;6;27.04.2016 06:00;0,171292;
Anilin;1;27.04.2016 06:00;0,0960825;
Anilin;2;27.04.2016 06:00;0,0518711;
Anilin;9;27.04.2016 06:00;0,0513702;
Natriumchlorid;3;27.04.2016 07:00;1,21141;
Natriumchlorid;1;27.04.2016 07:00;0,501663;
Natriumchlorid;6;27.04.2016 07:00;0,458272;
Natriumchlorid;4;27.04.2016 07:00;0,437311;
Natriumchlorid;7;27.04.2016 07:00;0,408002;
Natriumchlorid;8;27.04.2016 07:00;0,275918;
Natriumchlorid;9;27.04.2016 07:00;0,258167;
Natriumchlorid;2;27.04.2016 07:00;0,122577;
Natriumchlorid;5;27.04.2016 07:00;0,109773;
Arsen;3;27.04.2016 07:00;1,55029;
Arsen;2;27.04.2016 07:00;0,507302;
Arsen;6;27.04.2016 07:00;0,489639;
Arsen;4;27.04.2016 07:00;0,385116;
Arsen;1;27.04.2016 07:00;0,370854;
Arsen;8;27.04.2016 07:00;0,209451;
Arsen;7;27.04.2016 07:00;0,12743;
Arsen;9;27.04.2016 07:00;0,11529;
Arsen;5;27.04.2016 07:00;0,013109;
Benzol;3;27.04.2016 07:00;1,38579;
Benzol;8;27.04.2016 07:00;0,532767;
Benzol;6;27.04.2016 07:00;0,525699;
Benzol;7;27.04.2016 07:00;0,413692;
Benzol;5;27.04.2016 07:00;0,322844;
Benzol;1;27.04.2016 07:00;0,304268;
Benzol;4;27.04.2016 07:00;0,249916;
Benzol;2;27.04.2016 07:00;0,0545748;
Benzol;9;27.04.2016 07:00;0,00131588;
Anilin;2;27.04.2016 07:00;1,05332;
Anilin;8;27.04.2016 07:00;0,804192;
Anilin;6;27.04.2016 07:00;0,678788;
Anilin;9;27.04.2016 07:00;0,669416;
Anilin;3;27.04.2016 07:00;0,596187;
Anilin;4;27.04.2016 07:00;0,393305;
Anilin;5;27.04.2016 07:00;0,322296;
Anilin;1;27.04.2016 07:00;0,245752;
Anilin;7;27.04.2016 07:00;0,0852343;
Natriumchlorid;7;27.04.2016 08:00;1,06328;
Natriumchlorid;9;27.04.2016 08:00;0,651466;
Natriumchlorid;3;27.04.2016 08:00;0,622598;
Natriumchlorid;8;27.04.2016 08:00;0,541953;
Natriumchlorid;6;27.04.2016 08:00;0,407659;
Natriumchlorid;5;27.04.2016 08:00;0,32356;
Natriumchlorid;4;27.04.2016 08:00;0,256384;
Natriumchlorid;1;27.04.2016 08:00;0,15976;
Natriumchlorid;2;27.04.2016 08:00;0,0345556;
Arsen;3;27.04.2016 08:00;1,61224;
Arsen;7;27.04.2016 08:00;1,00528;
Arsen;8;27.04.2016 08:00;0,679157;
Arsen;4;27.04.2016 08:00;0,504433;
Arsen;9;27.04.2016 08:00;0,396416;
Arsen;5;27.04.2016 08:00;0,31043;
Arsen;2;27.04.2016 08:00;0,295542;
Arsen;1;27.04.2016 08:00;0,0346357;
Arsen;6;27.04.2016 08:00;0,0153098;
Benzol;6;27.04.2016 08:00;3,14669;
Benzol;3;27.04.2016 08:00;2,66419;
Benzol;8;27.04.2016 08:00;1,08238;
Benzol;4;27.04.2016 08:00;0,54036;
Benzol;2;27.04.2016 08:00;0,308268;
Benzol;7;27.04.2016 08:00;0,25699;
Benzol;5;27.04.2016 08:00;0,146539;
Benzol;9;27.04.2016 08:00;0,121658;
Benzol;1;27.04.2016 08:00;0,0112216;
Anilin;7;27.04.2016 08:00;1,23762;
Anilin;3;27.04.2016 08:00;0,731158;
Anilin;8;27.04.2016 08:00;0,665084;
Anilin;6;27.04.2016 08:00;0,436485;
Anilin;4;27.04.2016 08:00;0,421318;
Anilin;9;27.04.2016 08:00;0,148353;
Anilin;1;27.04.2016 08:00;0,142175;
Anilin;2;27.04.2016 08:00;0,0528168;
Anilin;5;27.04.2016 08:00;0,0181803;
Natriumchlorid;3;27.04.2016 09:00;0,641484;
Natriumchlorid;8;27.04.2016 09:00;0,404575;
Natriumchlorid;2;27.04.2016 09:00;0,342279;
Natriumchlorid;9;27.04.2016 09:00;0,324453;
Natriumchlorid;1;27.04.2016 09:00;0,276956;
Natriumchlorid;6;27.04.2016 09:00;0,249332;
Natriumchlorid;7;27.04.2016 09:00;0,132807;
Natriumchlorid;4;27.04.2016 09:00;0,0850087;
Natriumchlorid;5;27.04.2016 09:00;0,0729584;
Arsen;8;27.04.2016 09:00;0,8016;
Arsen;6;27.04.2016 09:00;0,66053;
Arsen;5;27.04.2016 09:00;0,545068;
Arsen;1;27.04.2016 09:00;0,41817;
Arsen;3;27.04.2016 09:00;0,355575;
Arsen;7;27.04.2016 09:00;0,284889;
Arsen;4;27.04.2016 09:00;0,251836;
Arsen;2;27.04.2016 09:00;0,24993;
Arsen;9;27.04.2016 09:00;0,0994857;
Benzol;2;27.04.2016 09:00;1,03062;
Benzol;7;27.04.2016 09:00;0,93814;
Benzol;3;27.04.2016 09:00;0,900522;
Benzol;4;27.04.2016 09:00;0,47436;
Benzol;5;27.04.2016 09:00;0,426814;
Benzol;8;27.04.2016 09:00;0,391049;
Benzol;1;27.04.2016 09:00;0,233471;
Benzol;6;27.04.2016 09:00;0,166701;
Benzol;9;27.04.2016 09:00;0,00473954;
Anilin;2;27.04.2016 09:00;0,66533;
Anilin;3;27.04.2016 09:00;0,614711;
Anilin;6;27.04.2016 09:00;0,513369;
Anilin;1;27.04.2016 09:00;0,430809;
Anilin;8;27.04.2016 09:00;0,41538;
Anilin;9;27.04.2016 09:00;0,380531;
Anilin;4;27.04.2016 09:00;0,236774;
Anilin;7;27.04.2016 09:00;0,213679;
Anilin;5;27.04.2016 09:00;0,130258;
Natriumchlorid;6;27.04.2016 10:00;0,496081;
Natriumchlorid;1;27.04.2016 10:00;0,400901;
Natriumchlorid;2;27.04.2016 10:00;0,384354;
Natriumchlorid;4;27.04.2016 10:00;0,361075;
Natriumchlorid;5;27.04.2016 10:00;0,359918;
Natriumchlorid;3;27.04.2016 10:00;0,356089;
Natriumchlorid;9;27.04.2016 10:00;0,291884;
Natriumchlorid;7;27.04.2016 10:00;0,126579;
Natriumchlorid;8;27.04.2016 10:00;0,00408331;
Arsen;7;27.04.2016 10:00;0,953795;
Arsen;2;27.04.2016 10:00;0,934097;
Arsen;8;27.04.2016 10:00;0,583551;
Arsen;6;27.04.2016 10:00;0,430093;
Arsen;3;27.04.2016 10:00;0,419869;
Arsen;4;27.04.2016 10:00;0,400303;
Arsen;9;27.04.2016 10:00;0,229041;
Arsen;5;27.04.2016 10:00;0,153743;
Arsen;1;27.04.2016 10:00;0,0832548;
Benzol;3;27.04.2016 10:00;3,97377;
Benzol;2;27.04.2016 10:00;0,890659;
Benzol;6;27.04.2016 10:00;0,841312;
Benzol;5;27.04.2016 10:00;0,575491;
Benzol;8;27.04.2016 10:00;0,343433;
Benzol;7;27.04.2016 10:00;0,259791;
Benzol;1;27.04.2016 10:00;0,145644;
Benzol;9;27.04.2016 10:00;0,141981;
Benzol;4;27.04.2016 10:00;0,0908927;
Anilin;3;27.04.2016 10:00;0,637098;
Anilin;6;27.04.2016 10:00;0,588206;
Anilin;8;27.04.2016 10:00;0,588154;
Anilin;1;27.04.2016 10:00;0,56796;
Anilin;5;27.04.2016 10:00;0,428546;
Anilin;4;27.04.2016 10:00;0,424409;
Anilin;2;27.04.2016 10:00;0,246751;
Anilin;7;27.04.2016 10:00;0,0186592;
Anilin;9;27.04.2016 10:00;0,00196662;
Natriumchlorid;3;27.04.2016 11:00;2,28042;
Natriumchlorid;7;27.04.2016 11:00;0,695813;
Natriumchlorid;6;27.04.2016 11:00;0,458672;
Natriumchlorid;4;27.04.2016 11:00;0,443326;
Natriumchlorid;8;27.04.2016 11:00;0,314517;
Natriumchlorid;9;27.04.2016 11:00;0,257953;
Natriumchlorid;2;27.04.2016 11:00;0,219583;
Natriumchlorid;1;27.04.2016 11:00;0,167894;
Natriumchlorid;5;27.04.2016 11:00;0,122373;
Arsen;6;27.04.2016 11:00;0,576972;
Arsen;2;27.04.2016 11:00;0,460721;
Arsen;7;27.04.2016 11:00;0,424057;
Arsen;4;27.04.2016 11:00;0,417613;
Arsen;9;27.04.2016 11:00;0,333265;
Arsen;3;27.04.2016 11:00;0,330977;
Arsen;5;27.04.2016 11:00;0,127364;
Arsen;8;27.04.2016 11:00;0,0547094;
Arsen;1;27.04.2016 11:00;0,00363132;
Benzol;4;27.04.2016 11:00;0,551384;
Benzol;6;27.04.2016 11:00;0,429753;
Benzol;3;27.04.2016 11:00;0,392152;
Benzol;8;27.04.2016 11:00;0,352629;
Benzol;7;27.04.2016 11:00;0,287219;
Benzol;9;27.04.2016 11:00;0,275607;
Benzol;5;27.04.2016 11:00;0,21494;
Benzol;1;27.04.2016 11:00;0,2048;
Benzol;2;27.04.2016 11:00;0,0132125;
Anilin;8;27.04.2016 11:00;0,696118;
Anilin;6;27.04.2016 11:00;0,524007;
Anilin;4;27.04.2016 11:00;0,511943;
Anilin;2;27.04.2016 11:00;0,317279;
Anilin;1;27.04.2016 11:00;0,283406;
Anilin;7;27.04.2016 11:00;0,213621;
Anilin;5;27.04.2016 11:00;0,199784;
Anilin;3;27.04.2016 11:00;0,0608644;
Anilin;9;27.04.2016 11:00;0,0433516;
Natriumchlorid;3;27.04.2016 12:00;5,01485;
Natriumchlorid;2;27.04.2016 12:00;0,515338;
Natriumchlorid;7;27.04.2016 12:00;0,50294;
Natriumchlorid;9;27.04.2016 12:00;0,300692;
Natriumchlorid;8;27.04.2016 12:00;0,298794;
Natriumchlorid;4;27.04.2016 12:00;0,271575;
Natriumchlorid;1;27.04.2016 12:00;0,249467;
Natriumchlorid;6;27.04.2016 12:00;0,225638;
Natriumchlorid;5;27.04.2016 12:00;0,0195136;
Arsen;3;27.04.2016 12:00;0,630678;
Arsen;1;27.04.2016 12:00;0,594122;
Arsen;8;27.04.2016 12:00;0,575564;
Arsen;6;27.04.2016 12:00;0,507365;
Arsen;7;27.04.2016 12:00;0,391078;
Arsen;4;27.04.2016 12:00;0,378438;
Arsen;5;27.04.2016 12:00;0,341468;
Arsen;2;27.04.2016 12:00;0,17739;
Arsen;9;27.04.2016 12:00;0,0567478;
Benzol;7;27.04.2016 12:00;0,705911;
Benzol;6;27.04.2016 12:00;0,406082;
Benzol;4;27.04.2016 12:00;0,377403;
Benzol;9;27.04.2016 12:00;0,257666;
Benzol;1;27.04.2016 12:00;0,208915;
Benzol;5;27.04.2016 12:00;0,174889;
Benzol;2;27.04.2016 12:00;0,13397;
Benzol;3;27.04.2016 12:00;0,0911127;
Benzol;8;27.04.2016 12:00;0,015362;
Anilin;3;27.04.2016 12:00;3,87219;
Anilin;8;27.04.2016 12:00;0,920276;
Anilin;2;27.04.2016 12:00;0,720775;
Anilin;7;27.04.2016 12:00;0,545996;
Anilin;6;27.04.2016 12:00;0,40013;
Anilin;4;27.04.2016 12:00;0,300155;
Anilin;1;27.04.2016 12:00;0,28354;
Anilin;5;27.04.2016 12:00;0,156182;
Anilin;9;27.04.2016 12:00;0,0170883;
Natriumchlorid;3;27.04.2016 13:00;2,6858;
Natriumchlorid;7;27.04.2016 13:00;0,778781;
Natriumchlorid;2;27.04.2016 13:00;0,574889;
Natriumchlorid;5;27.04.2016 13:00;0,486718;
Natriumchlorid;4;27.04.2016 13:00;0,448198;
Natriumchlorid;6;27.04.2016 13:00;0,377239;
Natriumchlorid;9;27.04.2016 13:00;0,315695;
Natriumchlorid;8;27.04.2016 13:00;0,256921;
Natriumchlorid;1;27.04.2016 13:00;0,20096;
Arsen;3;27.04.2016 13:00;3,76254;
Arsen;8;27.04.2016 13:00;0,958224;
Arsen;6;27.04.2016 13:00;0,628619;
Arsen;4;27.04.2016 13:00;0,511986;
Arsen;9;27.04.2016 13:00;0,461931;
Arsen;1;27.04.2016 13:00;0,332788;
Arsen;2;27.04.2016 13:00;0,222701;
Arsen;5;27.04.2016 13:00;0,21214;
Arsen;7;27.04.2016 13:00;0,0876827;
Benzol;3;27.04.2016 13:00;1,01255;
Benzol;2;27.04.2016 13:00;0,732346;
Benzol;8;27.04.2016 13:00;0,717221;
Benzol;5;27.04.2016 13:00;0,538765;
Benzol;4;27.04.2016 13:00;0,487652;
Benzol;9;27.04.2016 13:00;0,446295;
Benzol;6;27.04.2016 13:00;0,197087;
Benzol;7;27.04.2016 13:00;0,149652;
Benzol;1;27.04.2016 13:00;0,0549496;
Anilin;9;27.04.2016 13:00;0,532048;
Anilin;3;27.04.2016 13:00;0,517861;
Anilin;5;27.04.2016 13:00;0,391106;
Anilin;8;27.04.2016 13:00;0,200667;
Anilin;7;27.04.2016 13:00;0,112547;
Anilin;2;27.04.2016 13:00;0,107426;
Anilin;6;27.04.2016 13:00;0,0566912;
Anilin;4;27.04.2016 13:00;0,0559422;
Anilin;1;27.04.2016 13:00;0,0328761;
Natriumchlorid;3;27.04.2016 14:00;0,743121;
Natriumchlorid;4;27.04.2016 14:00;0,659529;
Natriumchlorid;6;27.04.2016 14:00;0,471286;
Natriumchlorid;2;27.04.2016 14:00;0,379718;
Natriumchlorid;5;27.04.2016 14:00;0,185908;
Natriumchlorid;7;27.04.2016 14:00;0,177546;
Natriumchlorid;1;27.04.2016 14:00;0,100193;
Natriumchlorid;9;27.04.2016 14:00;0,06597;
Natriumchlorid;8;27.04.2016 14:00;0,0257748;
Arsen;7;27.04.2016 14:00;0,883329;
Arsen;3;27.04.2016 14:00;0,721623;
Arsen;1;27.04.2016 14:00;0,664282;
Arsen;8;27.04.2016 14:00;0,614377;
Arsen;9;27.04.2016 14:00;0,361922;
Arsen;5;27.04.2016 14:00;0,285192;
Arsen;6;27.04.2016 14:00;0,228528;
Arsen;2;27.04.2016 14:00;0,0771694;
Arsen;4;27.04.2016 14:00;0,0549463;
Benzol;6;27.04.2016 14:00;3,83711;
Benzol;8;27.04.2016 14:00;1,04733;
Benzol;2;27.04.2016 14:00;0,863733;
Benzol;1;27.04.2016 14:00;0,337459;
Benzol;9;27.04.2016 14:00;0,306342;
Benzol;4;27.04.2016 14:00;0,300439;
Benzol;5;27.04.2016 14:00;0,245475;
Benzol;3;27.04.2016 14:00;0,121822;
Benzol;7;27.04.2016 14:00;0,0909247;
Anilin;4;27.04.2016 14:00;0,648039;
Anilin;1;27.04.2016 14:00;0,524917;
Anilin;8;27.04.2016 14:00;0,263491;
Anilin;5;27.04.2016 14:00;0,252838;
Anilin;6;27.04.2016 14:00;0,22886;
Anilin;2;27.04.2016 14:00;0,16263;
Anilin;7;27.04.2016 14:00;0,143221;
Anilin;9;27.04.2016 14:00;0,115022;
Anilin;3;27.04.2016 14:00;0,109268;
Natriumchlorid;3;27.04.2016 15:00;1,47266;
Natriumchlorid;8;27.04.2016 15:00;0,709279;
Natriumchlorid;2;27.04.2016 15:00;0,619848;
Natriumchlorid;7;27.04.2016 15:00;0,551788;
Natriumchlorid;9;27.04.2016 15:00;0,54533;
Natriumchlorid;1;27.04.2016 15:00;0,295841;
Natriumchlorid;4;27.04.2016 15:00;0,153485;
Natriumchlorid;5;27.04.2016 15:00;0,120223;
Natriumchlorid;6;27.04.2016 15:00;0,0954421;
Arsen;3;27.04.2016 15:00;2,35624;
Arsen;2;27.04.2016 15:00;0,816537;
Arsen;6;27.04.2016 15:00;0,52911;
Arsen;7;27.04.2016 15:00;0,344404;
Arsen;1;27.04.2016 15:00;0,300188;
Arsen;8;27.04.2016 15:00;0,289413;
Arsen;4;27.04.2016 15:00;0,253679;
Arsen;5;27.04.2016 15:00;0,0480368;
Arsen;9;27.04.2016 15:00;0,00427478;
Benzol;3;27.04.2016 15:00;1,51739;
Benzol;8;27.04.2016 15:00;0,913366;
Benzol;9;27.04.2016 15:00;0,791273;
Benzol;4;27.04.2016 15:00;0,611606;
Benzol;1;27.04.2016 15:00;0,256701;
Benzol;5;27.04.2016 15:00;0,227681;
Benzol;7;27.04.2016 15:00;0,225086;
Benzol;6;27.04.2016 15:00;0,158215;
Benzol;2;27.04.2016 15:00;0,021398;
Anilin;3;27.04.2016 15:00;0,735009;
Anilin;4;27.04.2016 15:00;0,487246;
Anilin;8;27.04.2016 15:00;0,470389;
Anilin;6;27.04.2016 15:00;0,427851;
Anilin;9;27.04.2016 15:00;0,372868;
Anilin;1;27.04.2016 15:00;0,225304;
Anilin;2;27.04.2016 15:00;0,183426;
Anilin;7;27.04.2016 15:00;0,165751;
Anilin;5;27.04.2016 15:00;0,0248082;
Natriumchlorid;3;27.04.2016 16:00;1,48882;
Natriumchlorid;7;27.04.2016 16:00;1,01656;
Natriumchlorid;8;27.04.2016 16:00;0,741575;
Natriumchlorid;6;27.04.2016 16:00;0,529997;
Natriumchlorid;9;27.04.2016 16:00;0,512243;
Natriumchlorid;2;27.04.2016 16:00;0,491949;
Natriumchlorid;4;27.04.2016 16:00;0,394089;
Natriumchlorid;1;27.04.2016 16:00;0,131527;
Natriumchlorid;5;27.04.2016 16:00;0,131486;
Arsen;3;27.04.2016 16:00;4,79794;
Arsen;7;27.04.2016 16:00;2,30158;
Arsen;2;27.04.2016 16:00;1,24247;
Arsen;4;27.04.2016 16:00;0,47994;
Arsen;6;27.04.2016 16:00;0,432587;
Arsen;8;27.04.2016 16:00;0,273232;
Arsen;9;27.04.2016 16:00;0,254245;
Arsen;1;27.04.2016 16:00;0,119589;
Arsen;5;27.04.2016 16:00;0,108528;
Benzol;7;27.04.2016 16:00;2,55941;
Benzol;3;27.04.2016 16:00;2,16557;
Benzol;6;27.04.2016 16:00;0,495909;
Benzol;5;27.04.2016 16:00;0,3568;
Benzol;4;27.04.2016 16:00;0,307744;
Benzol;9;27.04.2016 16:00;0,287412;
Benzol;2;27.04.2016 16:00;0,272409;
Benzol;8;27.04.2016 16:00;0,236553;
Benzol;1;27.04.2016 16:00;0,181668;
Anilin;3;27.04.2016 16:00;5,25331;
Anilin;9;27.04.2016 16:00;0,703733;
Anilin;6;27.04.2016 16:00;0,612947;
Anilin;2;27.04.2016 16:00;0,416637;
Anilin;8;27.04.2016 16:00;0,290907;
Anilin;5;27.04.2016 16:00;0,195381;
Anilin;1;27.04.2016 16:00;0,181146;
Anilin;4;27.04.2016 16:00;0,153038;
Anilin;7;27.04.2016 16:00;0,0467695;
Natriumchlorid;3;27.04.2016 17:00;1,76238;
Natriumchlorid;8;27.04.2016 17:00;0,929467;
Natriumchlorid;9;27.04.2016 17:00;0,463198;
Natriumchlorid;4;27.04.2016 17:00;0,381455;
Natriumchlorid;6;27.04.2016 17:00;0,333633;
Natriumchlorid;2;27.04.2016 17:00;0,130202;
Natriumchlorid;7;27.04.2016 17:00;0,123609;
Natriumchlorid;1;27.04.2016 17:00;0,117827;
Natriumchlorid;5;27.04.2016 17:00;0,0714337;
Arsen;3;27.04.2016 17:00;0,771626;
Arsen;2;27.04.2016 17:00;0,567593;
Arsen;5;27.04.2016 17:00;0,336441;
Arsen;6;27.04.2016 17:00;0,33415;
Arsen;9;27.04.2016 17:00;0,331512;
Arsen;1;27.04.2016 17:00;0,325494;
Arsen;8;27.04.2016 17:00;0,212428;
Arsen;4;27.04.2016 17:00;0,107642;
Arsen;7;27.04.2016 17:00;0,0212703;
Benzol;8;27.04.2016 17:00;0,78493;
Benzol;4;27.04.2016 17:00;0,462634;
Benzol;3;27.04.2016 17:00;0,36475;
Benzol;6;27.04.2016 17:00;0,320997;
Benzol;1;27.04.2016 17:00;0,320333;
Benzol;2;27.04.2016 17:00;0,320029;
Benzol;7;27.04.2016 17:00;0,251934;
Benzol;5;27.04.2016 17:00;0,11449;
Benzol;9;27.04.2016 17:00;0,0944504;
Anilin;7;27.04.2016 17:00;1,03451;
Anilin;3;27.04.2016 17:00;0,726046;
Anilin;8;27.04.2016 17:00;0,598263;
Anilin;1;27.04.2016 17:00;0,317763;
Anilin;9;27.04.2016 17:00;0,223947;
Anilin;6;27.04.2016 17:00;0,213762;
Anilin;2;27.04.2016 17:00;0,142536;
Anilin;4;27.04.2016 17:00;0,140209;
Anilin;5;27.04.2016 17:00;0,0185042;
Natriumchlorid;3;27.04.2016 18:00;1,44866;
Natriumchlorid;7;27.04.2016 18:00;1,38537;
Natriumchlorid;6;27.04.2016 18:00;0,60505;
Natriumchlorid;4;27.04.2016 18:00;0,438254;
Natriumchlorid;8;27.04.2016 18:00;0,398149;
Natriumchlorid;1;27.04.2016 18:00;0,396045;
Natriumchlorid;2;27.04.2016 18:00;0,16432;
Natriumchlorid;9;27.04.2016 18:00;0,0307494;
Natriumchlorid;5;27.04.2016 18:00;0,00853826;
Arsen;2;27.04.2016 18:00;1,00818;
Arsen;8;27.04.2016 18:00;0,638224;
Arsen;5;27.04.2016 18:00;0,438343;
Arsen;6;27.04.2016 18:00;0,436111;
Arsen;7;27.04.2016 18:00;0,429189;
Arsen;3;27.04.2016 18:00;0,409331;
Arsen;4;27.04.2016 18:00;0,367057;
Arsen;1;27.04.2016 18:00;0,278028;
Arsen;9;27.04.2016 18:00;0,00214702;
Benzol;2;27.04.2016 18:00;1,30921;
Benzol;3;27.04.2016 18:00;1,1357;
Benzol;7;27.04.2016 18:00;0,463191;
Benzol;5;27.04.2016 18:00;0,348201;
Benzol;9;27.04.2016 18:00;0,330792;
Benzol;4;27.04.2016 18:00;0,309307;
Benzol;1;27.04.2016 18:00;0,125148;
Benzol;8;27.04.2016 18:00;0,0694432;
Benzol;6;27.04.2016 18:00;0,0176521;
Anilin;2;27.04.2016 18:00;0,65054;
Anilin;6;27.04.2016 18:00;0,526128;
Anilin;5;27.04.2016 18:00;0,455182;
Anilin;8;27.04.2016 18:00;0,356294;
Anilin;4;27.04.2016 18:00;0,352486;
Anilin;3;27.04.2016 18:00;0,335246;
Anilin;9;27.04.2016 18:00;0,215261;
Anilin;1;27.04.2016 18:00;0,164308;
Anilin;7;27.04.2016 18:00;0,101975;
Natriumchlorid;3;27.04.2016 19:00;1,6971;
Natriumchlorid;6;27.04.2016 19:00;0,854649;
Natriumchlorid;8;27.04.2016 19:00;0,522849;
Natriumchlorid;7;27.04.2016 19:00;0,521628;
Natriumchlorid;2;27.04.2016 19:00;0,248756;
Natriumchlorid;5;27.04.2016 19:00;0,178014;
Natriumchlorid;4;27.04.2016 19:00;0,0865502;
Natriumchlorid;1;27.04.2016 19:00;0,0825283;
Natriumchlorid;9;27.04.2016 19:00;0,05915;
Arsen;7;27.04.2016 19:00;1,04347;
Arsen;3;27.04.2016 19:00;0,863007;
Arsen;8;27.04.2016 19:00;0,856827;
Arsen;6;27.04.2016 19:00;0,555135;
Arsen;5;27.04.2016 19:00;0,552297;
Arsen;4;27.04.2016 19:00;0,46172;
Arsen;2;27.04.2016 19:00;0,125801;
Arsen;9;27.04.2016 19:00;0,0597179;
Arsen;1;27.04.2016 19:00;0,0113625;
Benzol;3;27.04.2016 19:00;1,86455;
Benzol;7;27.04.2016 19:00;1,33948;
Benzol;8;27.04.2016 19:00;0,828981;
Benzol;4;27.04.2016 19:00;0,573005;
Benzol;1;27.04.2016 19:00;0,441183;
Benzol;5;27.04.2016 19:00;0,384071;
Benzol;6;27.04.2016 19:00;0,241746;
Benzol;2;27.04.2016 19:00;0,104565;
Benzol;9;27.04.2016 19:00;0,0998987;
Anilin;3;27.04.2016 19:00;1,89117;
Anilin;2;27.04.2016 19:00;0,826026;
Anilin;6;27.04.2016 19:00;0,447513;
Anilin;9;27.04.2016 19:00;0,301575;
Anilin;4;27.04.2016 19:00;0,289793;
Anilin;7;27.04.2016 19:00;0,240246;
Anilin;1;27.04.2016 19:00;0,140817;
Anilin;8;27.04.2016 19:00;0,118221;
Anilin;5;27.04.2016 19:00;0,0517314;
Natriumchlorid;8;27.04.2016 20:00;0,8784;
Natriumchlorid;5;27.04.2016 20:00;0,555751;
Natriumchlorid;1;27.04.2016 20:00;0,504546;
Natriumchlorid;6;27.04.2016 20:00;0,439491;
Natriumchlorid;2;27.04.2016 20:00;0,400585;
Natriumchlorid;3;27.04.2016 20:00;0,210042;
Natriumchlorid;4;27.04.2016 20:00;0,197231;
Natriumchlorid;9;27.04.2016 20:00;0,148021;
Natriumchlorid;7;27.04.2016 20:00;0,0138231;
Arsen;7;27.04.2016 20:00;1,54136;
Arsen;3;27.04.2016 20:00;0,848836;
Arsen;8;27.04.2016 20:00;0,581481;
Arsen;9;27.04.2016 20:00;0,323877;
Arsen;6;27.04.2016 20:00;0,278597;
Arsen;1;27.04.2016 20:00;0,207705;
Arsen;2;27.04.2016 20:00;0,178279;
Arsen;4;27.04.2016 20:00;0,0513565;
Arsen;5;27.04.2016 20:00;0,00187965;
Benzol;7;27.04.2016 20:00;1,91826;
Benzol;6;27.04.2016 20:00;0,507913;
Benzol;9;27.04.2016 20:00;0,378904;
Benzol;3;27.04.2016 20:00;0,370252;
Benzol;4;27.04.2016 20:00;0,287757;
Benzol;8;27.04.2016 20:00;0,254751;
Benzol;5;27.04.2016 20:00;0,242172;
Benzol;2;27.04.2016 20:00;0,17813;
Benzol;1;27.04.2016 20:00;0,0932176;
Anilin;3;27.04.2016 20:00;1,89788;
Anilin;8;27.04.2016 20:00;1,22438;
Anilin;6;27.04.2016 20:00;0,992496;
Anilin;9;27.04.2016 20:00;0,576518;
Anilin;7;27.04.2016 20:00;0,567778;
Anilin;5;27.04.2016 20:00;0,411192;
Anilin;4;27.04.2016 20:00;0,382277;
Anilin;2;27.04.2016 20:00;0,355924;
Anilin;1;27.04.2016 20:00;0,0376106;
Natriumchlorid;2;27.04.2016 21:00;0,649272;
Natriumchlorid;9;27.04.2016 21:00;0,376046;
Natriumchlorid;6;27.04.2016 21:00;0,364961;
Natriumchlorid;3;27.04.2016 21:00;0,252103;
Natriumchlorid;1;27.04.2016 21:00;0,199319;
Natriumchlorid;7;27.04.2016 21:00;0,196915;
Natriumchlorid;4;27.04.2016 21:00;0,177377;
Natriumchlorid;8;27.04.2016 21:00;0,161895;
Natriumchlorid;5;27.04.2016 21:00;0,160727;
Arsen;3;27.04.2016 21:00;0,990119;
Arsen;2;27.04.2016 21:00;0,445941;
Arsen;4;27.04.2016 21:00;0,412194;
Arsen;6;27.04.2016 21:00;0,362519;
Arsen;8;27.04.2016 21:00;0,336717;
Arsen;1;27.04.2016 21:00;0,290418;
Arsen;7;27.04.2016 21:00;0,254398;
Arsen;9;27.04.2016 21:00;0,107271;
Arsen;5;27.04.2016 21:00;0,0432037;
Benzol;3;27.04.2016 21:00;2,00536;
Benzol;2;27.04.2016 21:00;0,362682;
Benzol;6;27.04.2016 21:00;0,343115;
Benzol;7;27.04.2016 21:00;0,227583;
Benzol;4;27.04.2016 21:00;0,203226;
Benzol;9;27.04.2016 21:00;0,110902;
Benzol;8;27.04.2016 21:00;0,110323;
Benzol;5;27.04.2016 21:00;0,0872413;
Benzol;1;27.04.2016 21:00;0,0158004;
Anilin;3;27.04.2016 21:00;1,02692;
Anilin;6;27.04.2016 21:00;0,500154;
Anilin;4;27.04.2016 21:00;0,444145;
Anilin;1;27.04.2016 21:00;0,421473;
Anilin;5;27.04.2016 21:00;0,391665;
Anilin;2;27.04.2016 21:00;0,386924;
Anilin;7;27.04.2016 21:00;0,182288;
Anilin;8;27.04.2016 21:00;0,0973629;
Anilin;9;27.04.2016 21:00;0,0849557;
Natriumchlorid;3;27.04.2016 22:00;0,704402;
Natriumchlorid;8;27.04.2016 22:00;0,548063;
Natriumchlorid;6;27.04.2016 22:00;0,452881;
Natriumchlorid;2;27.04.2016 22:00;0,399336;
Natriumchlorid;7;27.04.2016 22:00;0,336618;
Natriumchlorid;1;27.04.2016 22:00;0,204919;
Natriumchlorid;4;27.04.2016 22:00;0,118146;
Natriumchlorid;9;27.04.2016 22:00;0,047108;
Natriumchlorid;5;27.04.2016 22:00;0,00159388;
Arsen;3;27.04.2016 22:00;1,32185;
Arsen;6;27.04.2016 22:00;0,509563;
Arsen;5;27.04.2016 22:00;0,168431;
Arsen;2;27.04.2016 22:00;0,163398;
Arsen;1;27.04.2016 22:00;0,142909;
Arsen;7;27.04.2016 22:00;0,135624;
Arsen;9;27.04.2016 22:00;0,103335;
Arsen;8;27.04.2016 22:00;0,102336;
Arsen;4;27.04.2016 22:00;0,0232377;
Benzol;3;27.04.2016 22:00;0,665098;
Benzol;7;27.04.2016 22:00;0,657182;
Benzol;5;27.04.2016 22:00;0,543458;
Benzol;6;27.04.2016 22:00;0,518694;
Benzol;9;27.04.2016 22:00;0,397809;
Benzol;1;27.04.2016 22:00;0,345237;
Benzol;8;27.04.2016 22:00;0,293857;
Benzol;2;27.04.2016 22:00;0,27337;
Benzol;4;27.04.2016 22:00;0,119845;
Anilin;7;27.04.2016 22:00;0,818384;
Anilin;4;27.04.2016 22:00;0,722456;
Anilin;6;27.04.2016 22:00;0,712658;
Anilin;3;27.04.2016 22:00;0,590032;
Anilin;1;27.04.2016 22:00;0,586026;
Anilin;8;27.04.2016 22:00;0,419974;
Anilin;9;27.04.2016 22:00;0,341223;
Anilin;2;27.04.2016 22:00;0,265638;
Anilin;5;27.04.2016 22:00;0,128302;
Natriumchlorid;3;27.04.2016 23:00;1,31597;
Natriumchlorid;4;27.04.2016 23:00;0,53885;
Natriumchlorid;8;27.04.2016 23:00;0,524164;
Natriumchlorid;5;27.04.2016 23:00;0,477801;
Natriumchlorid;6;27.04.2016 23:00;0,367196;
Natriumchlorid;1;27.04.2016 23:00;0,298665;
Natriumchlorid;2;27.04.2016 23:00;0,202402;
Natriumchlorid;9;27.04.2016 23:00;0,109988;
Natriumchlorid;7;27.04.2016 23:00;0,0713788;
Arsen;8;27.04.2016 23:00;1,33692;
Arsen;3;27.04.2016 23:00;0,916313;
Arsen;7;27.04.2016 23:00;0,832915;
Arsen;2;27.04.2016 23:00;0,572192;
Arsen;4;27.04.2016 23:00;0,536616;
Arsen;5;27.04.2016 23:00;0,325436;
Arsen;9;27.04.2016 23:00;0,30518;
Arsen;1;27.04.2016 23:00;0,269999;
Arsen;6;27.04.2016 23:00;0,232885;
Benzol;6;27.04.2016 23:00;5,44549;
Benzol;7;27.04.2016 23:00;1,65369;
Benzol;3;27.04.2016 23:00;0,551147;
Benzol;2;27.04.2016 23:00;0,419768;
Benzol;1;27.04.2016 23:00;0,297147;
Benzol;4;27.04.2016 23:00;0,289954;
Benzol;9;27.04.2016 23:00;0,285832;
Benzol;8;27.04.2016 23:00;0,227926;
Benzol;5;27.04.2016 23:00;0,155751;
Anilin;3;27.04.2016 23:00;0,686067;
Anilin;4;27.04.2016 23:00;0,488896;
Anilin;6;27.04.2016 23:00;0,440303;
Anilin;5;27.04.2016 23:00;0,429736;
Anilin;1;27.04.2016 23:00;0,384521;
Anilin;7;27.04.2016 23:00;0,339517;
Anilin;2;27.04.2016 23:00;0,142938;
Anilin;8;27.04.2016 23:00;0,122791;
Anilin;9;27.04.2016 23:00;0,0800061;
Natriumchlorid;3;28.04.2016 00:00;1,75561;
Natriumchlorid;7;28.04.2016 00:00;1,39353;
Natriumchlorid;4;28.04.2016 00:00;0,624684;
Natriumchlorid;6;28.04.2016 00:00;0,417733;
Natriumchlorid;9;28.04.2016 00:00;0,291012;
Natriumchlorid;8;28.04.2016 00:00;0,177596;
Natriumchlorid;2;28.04.2016 00:00;0,125942;
Natriumchlorid;5;28.04.2016 00:00;0,104328;
Natriumchlorid;1;28.04.2016 00:00;0,0135736;
Arsen;3;28.04.2016 00:00;1,16021;
Arsen;4;28.04.2016 00:00;0,540096;
Arsen;8;28.04.2016 00:00;0,433315;
Arsen;7;28.04.2016 00:00;0,278616;
Arsen;6;28.04.2016 00:00;0,249596;
Arsen;5;28.04.2016 00:00;0,238172;
Arsen;9;28.04.2016 00:00;0,228299;
Arsen;1;28.04.2016 00:00;0,197728;
Arsen;2;28.04.2016 00:00;0,0505918;
Benzol;3;28.04.2016 00:00;2,22672;
Benzol;7;28.04.2016 00:00;0,697391;
Benzol;8;28.04.2016 00:00;0,504591;
Benzol;6;28.04.2016 00:00;0,480278;
Benzol;1;28.04.2016 00:00;0,46547;
Benzol;4;28.04.2016 00:00;0,45983;
Benzol;9;28.04.2016 00:00;0,430779;
Benzol;2;28.04.2016 00:00;0,32754;
Benzol;5;28.04.2016 00:00;0,192176;
Anilin;3;28.04.2016 00:00;1,18126;
Anilin;6;28.04.2016 00:00;0,599136;
Anilin;8;28.04.2016 00:00;0,575666;
Anilin;7;28.04.2016 00:00;0,531339;
Anilin;2;28.04.2016 00:00;0,337888;
Anilin;9;28.04.2016 00:00;0,28374;
Anilin;4;28.04.2016 00:00;0,261644;
Anilin;1;28.04.2016 00:00;0,20495;
Anilin;5;28.04.2016 00:00;0,0304482;
Natriumchlorid;3;28.04.2016 01:00;2,79615;
Natriumchlorid;4;28.04.2016 01:00;0,53424;
Natriumchlorid;2;28.04.2016 01:00;0,455862;
Natriumchlorid;7;28.04.2016 01:00;0,398933;
Natriumchlorid;1;28.04.2016 01:00;0,385201;
Natriumchlorid;6;28.04.2016 01:00;0,362223;
Natriumchlorid;9;28.04.2016 01:00;0,291657;
Natriumchlorid;5;28.04.2016 01:00;0,170041;
Natriumchlorid;8;28.04.2016 01:00;0,133089;
Arsen;7;28.04.2016 01:00;0,773155;
Arsen;2;28.04.2016 01:00;0,437985;
Arsen;5;28.04.2016 01:00;0,301131;
Arsen;4;28.04.2016 01:00;0,291201;
Arsen;3;28.04.2016 01:00;0,189303;
Arsen;6;28.04.2016 01:00;0,11472;
Arsen;8;28.04.2016 01:00;0,0895337;
Arsen;1;28.04.2016 01:00;0,0370243;
Arsen;9;28.04.2016 01:00;0,0206163;
Benzol;3;28.04.2016 01:00;1,55481;
Benzol;6;28.04.2016 01:00;0,716613;
Benzol;2;28.04.2016 01:00;0,593865;
Benzol;4;28.04.2016 01:00;0,496754;
Benzol;7;28.04.2016 01:00;0,311918;
Benzol;5;28.04.2016 01:00;0,244713;
Benzol;9;28.04.2016 01:00;0,193076;
Benzol;8;28.04.2016 01:00;0,13925;
Benzol;1;28.04.2016 01:00;0,0691703;
Anilin;7;28.04.2016 01:00;0,781955;
Anilin;2;28.04.2016 01:00;0,44163;
Anilin;8;28.04.2016 01:00;0,435742;
Anilin;5;28.04.2016 01:00;0,287245;
Anilin;6;28.04.2016 01:00;0,26953;
Anilin;4;28.04.2016 01:00;0,25948;
Anilin;1;28.04.2016 01:00;0,0679271;
Anilin;3;28.04.2016 01:00;0,0456747;
Anilin;9;28.04.2016 01:00;0,00437497;
Natriumchlorid;7;28.04.2016 02:00;1,51426;
Natriumchlorid;3;28.04.2016 02:00;1,03531;
Natriumchlorid;6;28.04.2016 02:00;0,713596;
Natriumchlorid;2;28.04.2016 02:00;0,326061;
Natriumchlorid;9;28.04.2016 02:00;0,307896;
Natriumchlorid;8;28.04.2016 02:00;0,256566;
Natriumchlorid;4;28.04.2016 02:00;0,212095;
Natriumchlorid;1;28.04.2016 02:00;0,136873;
Natriumchlorid;5;28.04.2016 02:00;0,0498589;
Arsen;7;28.04.2016 02:00;1,50664;
Arsen;3;28.04.2016 02:00;1,02297;
Arsen;2;28.04.2016 02:00;0,756851;
Arsen;9;28.04.2016 02:00;0,454124;
Arsen;6;28.04.2016 02:00;0,357728;
Arsen;8;28.04.2016 02:00;0,340062;
Arsen;5;28.04.2016 02:00;0,300498;
Arsen;1;28.04.2016 02:00;0,122816;
Arsen;4;28.04.2016 02:00;0,0369265;
Benzol;3;28.04.2016 02:00;1,95263;
Benzol;6;28.04.2016 02:00;0,499287;
Benzol;8;28.04.2016 02:00;0,465315;
Benzol;5;28.04.2016 02:00;0,425637;
Benzol;9;28.04.2016 02:00;0,33403;
Benzol;4;28.04.2016 02:00;0,280196;
Benzol;2;28.04.2016 02:00;0,267097;
Benzol;7;28.04.2016 02:00;0,110882;
Benzol;1;28.04.2016 02:00;0,0516387;
Anilin;3;28.04.2016 02:00;1,26493;
Anilin;7;28.04.2016 02:00;1,22885;
Anilin;8;28.04.2016 02:00;0,938113;
Anilin;2;28.04.2016 02:00;0,377589;
Anilin;6;28.04.2016 02:00;0,362613;
Anilin;9;28.04.2016 02:00;0,350749;
Anilin;4;28.04.2016 02:00;0,256504;
Anilin;5;28.04.2016 02:00;0,0849025;
Anilin;1;28.04.2016 02:00;0,0124889;
Natriumchlorid;7;28.04.2016 03:00;0,864397;
Natriumchlorid;3;28.04.2016 03:00;0,832409;
Natriumchlorid;9;28.04.2016 03:00;0,425328;
Natriumchlorid;2;28.04.2016 03:00;0,245708;
Natriumchlorid;8;28.04.2016 03:00;0,189745;
Natriumchlorid;5;28.04.2016 03:00;0,168908;
Natriumchlorid;1;28.04.2016 03:00;0,138864;
Natriumchlorid;6;28.04.2016 03:00;0,133567;
Natriumchlorid;4;28.04.2016 03:00;0,0737299;
Arsen;5;28.04.2016 03:00;0,615256;
Arsen;8;28.04.2016 03:00;0,503578;
Arsen;9;28.04.2016 03:00;0,404326;
Arsen;6;28.04.2016 03:00;0,319589;
Arsen;2;28.04.2016 03:00;0,284763;
Arsen;4;28.04.2016 03:00;0,173548;
Arsen;7;28.04.2016 03:00;0,156842;
Arsen;1;28.04.2016 03:00;0,0985263;
Arsen;3;28.04.2016 03:00;0,0328898;
Benzol;3;28.04.2016 03:00;1,79838;
Benzol;8;28.04.2016 03:00;0,612824;
Benzol;5;28.04.2016 03:00;0,600071;
Benzol;6;28.04.2016 03:00;0,528188;
Benzol;4;28.04.2016 03:00;0,349074;
Benzol;2;28.04.2016 03:00;0,202521;
Benzol;1;28.04.2016 03:00;0,149223;
Benzol;9;28.04.2016 03:00;0,083164;
Benzol;7;28.04.2016 03:00;0,0275456;
Anilin;6;28.04.2016 03:00;0,651438;
Anilin;8;28.04.2016 03:00;0,53267;
Anilin;9;28.04.2016 03:00;0,506673;
Anilin;4;28.04.2016 03:00;0,489911;
Anilin;1;28.04.2016 03:00;0,295532;
Anilin;7;28.04.2016 03:00;0,255558;
Anilin;2;28.04.2016 03:00;0,231473;
Anilin;3;28.04.2016 03:00;0,138005;
Anilin;5;28.04.2016 03:00;0,099624;
Natriumchlorid;3;28.04.2016 04:00;1,76188;
Natriumchlorid;8;28.04.2016 04:00;0,916238;
Natriumchlorid;7;28.04.2016 04:00;0,773017;
Natriumchlorid;4;28.04.2016 04:00;0,646193;
Natriumchlorid;5;28.04.2016 04:00;0,435442;
Natriumchlorid;6;28.04.2016 04:00;0,398784;
Natriumchlorid;9;28.04.2016 04:00;0,179701;
Natriumchlorid;2;28.04.2016 04:00;0,125973;
Natriumchlorid;1;28.04.2016 04:00;0,0645866;
Arsen;3;28.04.2016 04:00;0,935655;
Arsen;7;28.04.2016 04:00;0,674398;
Arsen;6;28.04.2016 04:00;0,493957;
Arsen;9;28.04.2016 04:00;0,372579;
Arsen;4;28.04.2016 04:00;0,355547;
Arsen;1;28.04.2016 04:00;0,312598;
Arsen;5;28.04.2016 04:00;0,194649;
Arsen;8;28.04.2016 04:00;0,0732176;
Arsen;2;28.04.2016 04:00;0,0236911;
Benzol;3;28.04.2016 04:00;1,38215;
Benzol;2;28.04.2016 04:00;0,60297;
Benzol;8;28.04.2016 04:00;0,488397;
Benzol;7;28.04.2016 04:00;0,486113;
Benzol;1;28.04.2016 04:00;0,475393;
Benzol;9;28.04.2016 04:00;0,111341;
Benzol;4;28.04.2016 04:00;0,104357;
Benzol;6;28.04.2016 04:00;0,0828501;
Benzol;5;28.04.2016 04:00;0,00652279;
Anilin;3;28.04.2016 04:00;1,55611;
Anilin;6;28.04.2016 04:00;0,801762;
Anilin;2;28.04.2016 04:00;0,755001;
Anilin;7;28.04.2016 04:00;0,658914;
Anilin;4;28.04.2016 04:00;0,590803;
Anilin;1;28.04.2016 04:00;0,362156;
Anilin;9;28.04.2016 04:00;0,289978;
Anilin;8;28.04.2016 04:00;0,154601;
Anilin;5;28.04.2016 04:00;0,0586572;
Natriumchlorid;3;28.04.2016 05:00;1,24071;
Natriumchlorid;7;28.04.2016 05:00;0,917496;
Natriumchlorid;5;28.04.2016 05:00;0,55056;
Natriumchlorid;8;28.04.2016 05:00;0,507411;
Natriumchlorid;4;28.04.2016 05:00;0,38434;
Natriumchlorid;9;28.04.2016 05:00;0,251362;
Natriumchlorid;2;28.04.2016 05:00;0,202861;
Natriumchlorid;6;28.04.2016 05:00;0,141246;
Natriumchlorid;1;28.04.2016 05:00;0,0287271;
Arsen;8;28.04.2016 05:00;0,671132;
Arsen;4;28.04.2016 05:00;0,526339;
Arsen;1;28.04.2016 05:00;0,525894;
Arsen;2;28.04.2016 05:00;0,458974;
Arsen;6;28.04.2016 05:00;0,39938;
Arsen;5;28.04.2016 05:00;0,369005;
Arsen;3;28.04.2016 05:00;0,255571;
Arsen;7;28.04.2016 05:00;0,217861;
Arsen;9;28.04.2016 05:00;0,108581;
Benzol;3;28.04.2016 05:00;1,99545;
Benzol;9;28.04.2016 05:00;0,557125;
Benzol;4;28.04.2016 05:00;0,482673;
Benzol;7;28.04.2016 05:00;0,379347;
Benzol;8;28.04.2016 05:00;0,347077;
Benzol;5;28.04.2016 05:00;0,284674;
Benzol;6;28.04.2016 05:00;0,278081;
Benzol;1;28.04.2016 05:00;0,0438956;
Benzol;2;28.04.2016 05:00;0,0298721;
Anilin;3;28.04.2016 05:00;2,32667;
Anilin;4;28.04.2016 05:00;0,552377;
Anilin;8;28.04.2016 05:00;0,541138;
Anilin;6;28.04.2016 05:00;0,535797;
Anilin;1;28.04.2016 05:00;0,458401;
Anilin;5;28.04.2016 05:00;0,374372;
Anilin;2;28.04.2016 05:00;0,368182;
Anilin;7;28.04.2016 05:00;0,10908;
Anilin;9;28.04.2016 05:00;0,0032466;
Natriumchlorid;8;28.04.2016 06:00;0,611979;
Natriumchlorid;5;28.04.2016 06:00;0,536392;
Natriumchlorid;3;28.04.2016 06:00;0,521922;
Natriumchlorid;4;28.04.2016 06:00;0,427451;
Natriumchlorid;7;28.04.2016 06:00;0,401436;
Natriumchlorid;2;28.04.2016 06:00;0,391887;
Natriumchlorid;6;28.04.2016 06:00;0,266506;
Natriumchlorid;1;28.04.2016 06:00;0,235707;
Natriumchlorid;9;28.04.2016 06:00;0,00543407;
Arsen;4;28.04.2016 06:00;0,879428;
Arsen;8;28.04.2016 06:00;0,588017;
Arsen;5;28.04.2016 06:00;0,453639;
Arsen;6;28.04.2016 06:00;0,361476;
Arsen;7;28.04.2016 06:00;0,346687;
Arsen;3;28.04.2016 06:00;0,298457;
Arsen;2;28.04.2016 06:00;0,293308;
Arsen;1;28.04.2016 06:00;0,0992739;
Arsen;9;28.04.2016 06:00;0,0210218;
Benzol;2;28.04.2016 06:00;0,847553;
Benzol;4;28.04.2016 06:00;0,739025;
Benzol;6;28.04.2016 06:00;0,644444;
Benzol;3;28.04.2016 06:00;0,562055;
Benzol;8;28.04.2016 06:00;0,398149;
Benzol;1;28.04.2016 06:00;0,349856;
Benzol;7;28.04.2016 06:00;0,342512;
Benzol;9;28.04.2016 06:00;0,173029;
Benzol;5;28.04.2016 06:00;0,125207;
Anilin;3;28.04.2016 06:00;1,98743;
Anilin;2;28.04.2016 06:00;0,637842;
Anilin;4;28.04.2016 06:00;0,387123;
Anilin;8;28.04.2016 06:00;0,382476;
Anilin;5;28.04.2016 06:00;0,349667;
Anilin;9;28.04.2016 06:00;0,296768;
Anilin;7;28.04.2016 06:00;0,158088;
Anilin;6;28.04.2016 06:00;0,0687384;
Anilin;1;28.04.2016 06:00;0,0226634;
Natriumchlorid;3;28.04.2016 07:00;0,796103;
Natriumchlorid;6;28.04.2016 07:00;0,673393;
Natriumchlorid;4;28.04.2016 07:00;0,67125;
Natriumchlorid;2;28.04.2016 07:00;0,621332;
Natriumchlorid;8;28.04.2016 07:00;0,526736;
Natriumchlorid;1;28.04.2016 07:00;0,501139;
Natriumchlorid;5;28.04.2016 07:00;0,219616;
Natriumchlorid;9;28.04.2016 07:00;0,171237;
Natriumchlorid;7;28.04.2016 07:00;0,140878;
Arsen;3;28.04.2016 07:00;2,0806;
Arsen;6;28.04.2016 07:00;0,532216;
Arsen;1;28.04.2016 07:00;0,502525;
Arsen;2;28.04.2016 07:00;0,456677;
Arsen;7;28.04.2016 07:00;0,361237;
Arsen;4;28.04.2016 07:00;0,348983;
Arsen;5;28.04.2016 07:00;0,183388;
Arsen;8;28.04.2016 07:00;0,0675024;
Arsen;9;28.04.2016 07:00;0,0635662;
Benzol;6;28.04.2016 07:00;4,34923;
Benzol;3;28.04.2016 07:00;2,40933;
Benzol;2;28.04.2016 07:00;0,535926;
Benzol;4;28.04.2016 07:00;0,512517;
Benzol;5;28.04.2016 07:00;0,340355;
Benzol;7;28.04.2016 07:00;0,282184;
Benzol;9;28.04.2016 07:00;0,251188;
Benzol;8;28.04.2016 07:00;0,137736;
Benzol;1;28.04.2016 07:00;0,073043;
Anilin;7;28.04.2016 07:00;0,878273;
Anilin;3;28.04.2016 07:00;0,752521;
Anilin;6;28.04.2016 07:00;0,504303;
Anilin;4;28.04.2016 07:00;0,449443;
Anilin;9;28.04.2016 07:00;0,335374;
Anilin;2;28.04.2016 07:00;0,315745;
Anilin;1;28.04.2016 07:00;0,235458;
Anilin;5;28.04.2016 07:00;0,13805;
Anilin;8;28.04.2016 07:00;0,00233163;
Natriumchlorid;3;28.04.2016 08:00;3,46944;
Natriumchlorid;6;28.04.2016 08:00;0,85006;
Natriumchlorid;2;28.04.2016 08:00;0,633247;
Natriumchlorid;5;28.04.2016 08:00;0,373768;
Natriumchlorid;8;28.04.2016 08:00;0,365917;
Natriumchlorid;9;28.04.2016 08:00;0,26737;
Natriumchlorid;1;28.04.2016 08:00;0,252343;
Natriumchlorid;4;28.04.2016 08:00;0,223124;
Natriumchlorid;7;28.04.2016 08:00;0,134145;
Arsen;3;28.04.2016 08:00;1,3904;
Arsen;6;28.04.2016 08:00;0,62369;
Arsen;2;28.04.2016 08:00;0,543872;
Arsen;5;28.04.2016 08:00;0,404026;
Arsen;4;28.04.2016 08:00;0,306178;
Arsen;1;28.04.2016 08:00;0,275262;
Arsen;8;28.04.2016 08:00;0,266133;
Arsen;9;28.04.2016 08:00;0,258991;
Arsen;7;28.04.2016 08:00;0,206486;
Benzol;6;28.04.2016 08:00;1,97865;
Benzol;3;28.04.2016 08:00;1,0087;
Benzol;4;28.04.2016 08:00;0,548183;
Benzol;8;28.04.2016 08:00;0,475117;
Benzol;5;28.04.2016 08:00;0,382954;
Benzol;1;28.04.2016 08:00;0,363348;
Benzol;2;28.04.2016 08:00;0,20552;
Benzol;7;28.04.2016 08:00;0,197017;
Benzol;9;28.04.2016 08:00;0,162286;
Anilin;3;28.04.2016 08:00;1,36305;
Anilin;7;28.04.2016 08:00;0,860497;
Anilin;4;28.04.2016 08:00;0,82285;
Anilin;6;28.04.2016 08:00;0,577856;
Anilin;8;28.04.2016 08:00;0,486673;
Anilin;1;28.04.2016 08:00;0,476384;
Anilin;5;28.04.2016 08:00;0,381866;
Anilin;2;28.04.2016 08:00;0,129674;
Anilin;9;28.04.2016 08:00;0,0839071;
Natriumchlorid;7;28.04.2016 09:00;1,01514;
Natriumchlorid;5;28.04.2016 09:00;0,674094;
Natriumchlorid;6;28.04.2016 09:00;0,549735;
Natriumchlorid;3;28.04.2016 09:00;0,432897;
Natriumchlorid;4;28.04.2016 09:00;0,383828;
Natriumchlorid;9;28.04.2016 09:00;0,282889;
Natriumchlorid;8;28.04.2016 09:00;0,235053;
Natriumchlorid;2;28.04.2016 09:00;0,198669;
Natriumchlorid;1;28.04.2016 09:00;0,0188246;
Arsen;3;28.04.2016 09:00;0,858203;
Arsen;7;28.04.2016 09:00;0,579954;
Arsen;8;28.04.2016 09:00;0,367268;
Arsen;9;28.04.2016 09:00;0,362411;
Arsen;1;28.04.2016 09:00;0,342743;
Arsen;4;28.04.2016 09:00;0,235767;
Arsen;2;28.04.2016 09:00;0,202218;
Arsen;6;28.04.2016 09:00;0,170082;
Arsen;5;28.04.2016 09:00;0,116161;
Benzol;7;28.04.2016 09:00;2,66379;
Benzol;6;28.04.2016 09:00;0,60818;
Benzol;5;28.04.2016 09:00;0,51771;
Benzol;4;28.04.2016 09:00;0,441232;
Benzol;2;28.04.2016 09:00;0,41008;
Benzol;9;28.04.2016 09:00;0,337633;
Benzol;1;28.04.2016 09:00;0,249467;
Benzol;3;28.04.2016 09:00;0,163427;
Benzol;8;28.04.2016 09:00;0,142797;
Anilin;3;28.04.2016 09:00;1,46061;
Anilin;8;28.04.2016 09:00;0,769418;
Anilin;7;28.04.2016 09:00;0,592159;
Anilin;4;28.04.2016 09:00;0,477344;
Anilin;9;28.04.2016 09:00;0,366725;
Anilin;6;28.04.2016 09:00;0,345183;
Anilin;5;28.04.2016 09:00;0,204264;
Anilin;2;28.04.2016 09:00;0,17365;
Anilin;1;28.04.2016 09:00;0,151101;
Natriumchlorid;3;28.04.2016 10:00;1,88908;
Natriumchlorid;7;28.04.2016 10:00;1,21251;
Natriumchlorid;8;28.04.2016 10:00;0,680642;
Natriumchlorid;6;28.04.2016 10:00;0,675235;
Natriumchlorid;4;28.04.2016 10:00;0,481551;
Natriumchlorid;2;28.04.2016 10:00;0,270016;
Natriumchlorid;5;28.04.2016 10:00;0,188667;
Natriumchlorid;1;28.04.2016 10:00;0,170851;
Natriumchlorid;9;28.04.2016 10:00;0,139025;
Arsen;2;28.04.2016 10:00;0,994964;
Arsen;4;28.04.2016 10:00;0,643338;
Arsen;3;28.04.2016 10:00;0,597695;
Arsen;7;28.04.2016 10:00;0,414537;
Arsen;6;28.04.2016 10:00;0,399197;
Arsen;1;28.04.2016 10:00;0,362666;
Arsen;9;28.04.2016 10:00;0,18615;
Arsen;5;28.04.2016 10:00;0,14276;
Arsen;8;28.04.2016 10:00;0,134348;
Benzol;7;28.04.2016 10:00;0,863054;
Benzol;8;28.04.2016 10:00;0,80236;
Benzol;4;28.04.2016 10:00;0,624057;
Benzol;5;28.04.2016 10:00;0,586154;
Benzol;3;28.04.2016 10:00;0,2067;
Benzol;1;28.04.2016 10:00;0,119854;
Benzol;6;28.04.2016 10:00;0,0698959;
Benzol;9;28.04.2016 10:00;0,0606945;
Benzol;2;28.04.2016 10:00;0,0394096;
Anilin;2;28.04.2016 10:00;0,906692;
Anilin;3;28.04.2016 10:00;0,794915;
Anilin;7;28.04.2016 10:00;0,783956;
Anilin;8;28.04.2016 10:00;0,293952;
Anilin;4;28.04.2016 10:00;0,292318;
Anilin;9;28.04.2016 10:00;0,246427;
Anilin;1;28.04.2016 10:00;0,140194;
Anilin;5;28.04.2016 10:00;0,0785639;
Anilin;6;28.04.2016 10:00;0,0439255;
Natriumchlorid;3;28.04.2016 11:00;1,20969;
Natriumchlorid;2;28.04.2016 11:00;1,17221;
Natriumchlorid;8;28.04.2016 11:00;0,550688;
Natriumchlorid;6;28.04.2016 11:00;0,535932;
Natriumchlorid;9;28.04.2016 11:00;0,280726;
Natriumchlorid;5;28.04.2016 11:00;0,189301;
Natriumchlorid;7;28.04.2016 11:00;0,111823;
Natriumchlorid;4;28.04.2016 11:00;0,0185574;
Natriumchlorid;1;28.04.2016 11:00;0,015619;
Arsen;7;28.04.2016 11:00;0,466757;
Arsen;2;28.04.2016 11:00;0,324871;
Arsen;3;28.04.2016 11:00;0,307982;
Arsen;6;28.04.2016 11:00;0,276252;
Arsen;8;28.04.2016 11:00;0,27037;
Arsen;1;28.04.2016 11:00;0,236827;
Arsen;4;28.04.2016 11:00;0,201397;
Arsen;5;28.04.2016 11:00;0,185701;
Arsen;9;28.04.2016 11:00;0,122219;
Benzol;2;28.04.2016 11:00;0,837439;
Benzol;3;28.04.2016 11:00;0,544795;
Benzol;7;28.04.2016 11:00;0,537561;
Benzol;1;28.04.2016 11:00;0,364556;
Benzol;4;28.04.2016 11:00;0,344453;
Benzol;9;28.04.2016 11:00;0,175729;
Benzol;6;28.04.2016 11:00;0,119094;
Benzol;8;28.04.2016 11:00;0,114009;
Benzol;5;28.04.2016 11:00;0,0818311;
Anilin;3;28.04.2016 11:00;2,90015;
Anilin;4;28.04.2016 11:00;0,614587;
Anilin;2;28.04.2016 11:00;0,404132;
Anilin;8;28.04.2016 11:00;0,33433;
Anilin;7;28.04.2016 11:00;0,301168;
Anilin;9;28.04.2016 11:00;0,244528;
Anilin;1;28.04.2016 11:00;0,196121;
Anilin;6;28.04.2016 11:00;0,0671595;
Anilin;5;28.04.2016 11:00;0,0646515;
Natriumchlorid;6;28.04.2016 12:00;0,771765;
Natriumchlorid;3;28.04.2016 12:00;0,70028;
Natriumchlorid;4;28.04.2016 12:00;0,49085;
Natriumchlorid;2;28.04.2016 12:00;0,451174;
Natriumchlorid;7;28.04.2016 12:00;0,229057;
Natriumchlorid;5;28.04.2016 12:00;0,162985;
Natriumchlorid;9;28.04.2016 12:00;0,147657;
Natriumchlorid;1;28.04.2016 12:00;0,113681;
Natriumchlorid;8;28.04.2016 12:00;0,082108;
Arsen;2;28.04.2016 12:00;0,755403;
Arsen;5;28.04.2016 12:00;0,278848;
Arsen;4;28.04.2016 12:00;0,230175;
Arsen;1;28.04.2016 12:00;0,17357;
Arsen;6;28.04.2016 12:00;0,16934;
Arsen;3;28.04.2016 12:00;0,16114;
Arsen;7;28.04.2016 12:00;0,122691;
Arsen;8;28.04.2016 12:00;0,108011;
Arsen;9;28.04.2016 12:00;0,00332345;
Benzol;3;28.04.2016 12:00;2,58429;
Benzol;1;28.04.2016 12:00;0,668222;
Benzol;7;28.04.2016 12:00;0,653058;
Benzol;5;28.04.2016 12:00;0,595037;
Benzol;4;28.04.2016 12:00;0,545872;
Benzol;6;28.04.2016 12:00;0,25534;
Benzol;2;28.04.2016 12:00;0,131072;
Benzol;9;28.04.2016 12:00;0,104674;
Benzol;8;28.04.2016 12:00;0,0697879;
Anilin;6;28.04.2016 12:00;0,493786;
Anilin;7;28.04.2016 12:00;0,394439;
Anilin;1;28.04.2016 12:00;0,378516;
Anilin;3;28.04.2016 12:00;0,323883;
Anilin;8;28.04.2016 12:00;0,313139;
Anilin;4;28.04.2016 12:00;0,277179;
Anilin;5;28.04.2016 12:00;0,196523;
Anilin;9;28.04.2016 12:00;0,111829;
Anilin;2;28.04.2016 12:00;0,0103607;
Natriumchlorid;6;28.04.2016 13:00;0,809043;
Natriumchlorid;7;28.04.2016 13:00;0,60245;
Natriumchlorid;3;28.04.2016 13:00;0,265654;
Natriumchlorid;2;28.04.2016 13:00;0,166707;
Natriumchlorid;9;28.04.2016 13:00;0,164282;
Natriumchlorid;8;28.04.2016 13:00;0,1518;
Natriumchlorid;5;28.04.2016 13:00;0,12932;
Natriumchlorid;4;28.04.2016 13:00;0,0771507;
Natriumchlorid;1;28.04.2016 13:00;0,00417156;
Arsen;3;28.04.2016 13:00;4,63746;
Arsen;7;28.04.2016 13:00;0,826303;
Arsen;6;28.04.2016 13:00;0,550871;
Arsen;4;28.04.2016 13:00;0,505052;
Arsen;1;28.04.2016 13:00;0,305304;
Arsen;5;28.04.2016 13:00;0,148925;
Arsen;2;28.04.2016 13:00;0,144143;
Arsen;9;28.04.2016 13:00;0,112639;
Arsen;8;28.04.2016 13:00;0,0496181;
Benzol;3;28.04.2016 13:00;0,707243;
Benzol;8;28.04.2016 13:00;0,591407;
Benzol;1;28.04.2016 13:00;0,42349;
Benzol;5;28.04.2016 13:00;0,373503;
Benzol;9;28.04.2016 13:00;0,359997;
Benzol;4;28.04.2016 13:00;0,233327;
Benzol;6;28.04.2016 13:00;0,0774774;
Benzol;7;28.04.2016 13:00;0,0770917;
Benzol;2;28.04.2016 13:00;0,0601311;
Anilin;3;28.04.2016 13:00;3,10985;
Anilin;8;28.04.2016 13:00;0,707837;
Anilin;6;28.04.2016 13:00;0,615253;
Anilin;4;28.04.2016 13:00;0,573433;
Anilin;1;28.04.2016 13:00;0,478991;
Anilin;7;28.04.2016 13:00;0,463635;
Anilin;9;28.04.2016 13:00;0,399639;
Anilin;2;28.04.2016 13:00;0,38631;
Anilin;5;28.04.2016 13:00;0,0339081;
Natriumchlorid;3;28.04.2016 14:00;1,0604;
Natriumchlorid;6;28.04.2016 14:00;0,684143;
Natriumchlorid;4;28.04.2016 14:00;0,555698;
Natriumchlorid;1;28.04.2016 14:00;0,291215;
Natriumchlorid;9;28.04.2016 14:00;0,206174;
Natriumchlorid;7;28.04.2016 14:00;0,113588;
Natriumchlorid;2;28.04.2016 14:00;0,0741005;
Natriumchlorid;5;28.04.2016 14:00;0,0376154;
Natriumchlorid;8;28.04.2016 14:00;0,0317993;
Arsen;6;28.04.2016 14:00;0,437792;
Arsen;3;28.04.2016 14:00;0,267301;
Arsen;1;28.04.2016 14:00;0,190197;
Arsen;4;28.04.2016 14:00;0,163243;
Arsen;7;28.04.2016 14:00;0,138524;
Arsen;2;28.04.2016 14:00;0,0560382;
Arsen;8;28.04.2016 14:00;0,0471861;
Arsen;5;28.04.2016 14:00;0,0429928;
Arsen;9;28.04.2016 14:00;0,0356457;
Benzol;3;28.04.2016 14:00;2,43051;
Benzol;7;28.04.2016 14:00;1,01166;
Benzol;1;28.04.2016 14:00;0,49469;
Benzol;9;28.04.2016 14:00;0,471421;
Benzol;6;28.04.2016 14:00;0,414571;
Benzol;4;28.04.2016 14:00;0,292796;
Benzol;2;28.04.2016 14:00;0,143927;
Benzol;5;28.04.2016 14:00;0,126031;
Benzol;8;28.04.2016 14:00;0,113891;
Anilin;3;28.04.2016 14:00;2,21565;
Anilin;7;28.04.2016 14:00;1,16578;
Anilin;4;28.04.2016 14:00;0,44548;
Anilin;2;28.04.2016 14:00;0,289401;
Anilin;5;28.04.2016 14:00;0,184574;
Anilin;6;28.04.2016 14:00;0,158501;
Anilin;8;28.04.2016 14:00;0,11924;
Anilin;1;28.04.2016 14:00;0,040802;
Anilin;9;28.04.2016 14:00;0,03308;
Natriumchlorid;2;28.04.2016 15:00;0,904229;
Natriumchlorid;7;28.04.2016 15:00;0,870404;
Natriumchlorid;6;28.04.2016 15:00;0,77598;
Natriumchlorid;4;28.04.2016 15:00;0,695261;
Natriumchlorid;3;28.04.2016 15:00;0,60209;
Natriumchlorid;5;28.04.2016 15:00;0,31987;
Natriumchlorid;1;28.04.2016 15:00;0,10047;
Natriumchlorid;9;28.04.2016 15:00;0,0892977;
Natriumchlorid;8;28.04.2016 15:00;0,064488;
Arsen;7;28.04.2016 15:00;0,743296;
Arsen;3;28.04.2016 15:00;0,653498;
Arsen;6;28.04.2016 15:00;0,244658;
Arsen;4;28.04.2016 15:00;0,225064;
Arsen;5;28.04.2016 15:00;0,19538;
Arsen;8;28.04.2016 15:00;0,158516;
Arsen;9;28.04.2016 15:00;0,0600664;
Arsen;2;28.04.2016 15:00;0,0449442;
Arsen;1;28.04.2016 15:00;0,00358371;
Benzol;2;28.04.2016 15:00;0,507423;
Benzol;6;28.04.2016 15:00;0,438181;
Benzol;3;28.04.2016 15:00;0,436651;
Benzol;8;28.04.2016 15:00;0,410727;
Benzol;4;28.04.2016 15:00;0,396098;
Benzol;1;28.04.2016 15:00;0,321403;
Benzol;7;28.04.2016 15:00;0,189476;
Benzol;5;28.04.2016 15:00;0,186865;
Benzol;9;28.04.2016 15:00;0,00973812;
Anilin;3;28.04.2016 15:00;1,83037;
Anilin;8;28.04.2016 15:00;0,447751;
Anilin;4;28.04.2016 15:00;0,316948;
Anilin;5;28.04.2016 15:00;0,28031;
Anilin;1;28.04.2016 15:00;0,196152;
Anilin;9;28.04.2016 15:00;0,164362;
Anilin;2;28.04.2016 15:00;0,113838;
Anilin;7;28.04.2016 15:00;0,0434509;
Anilin;6;28.04.2016 15:00;0,0124843;
Natriumchlorid;7;28.04.2016 16:00;1,91927;
Natriumchlorid;3;28.04.2016 16:00;1,88991;
Natriumchlorid;2;28.04.2016 16:00;0,63062;
Natriumchlorid;8;28.04.2016 16:00;0,385784;
Natriumchlorid;1;28.04.2016 16:00;0,375011;
Natriumchlorid;4;28.04.2016 16:00;0,212541;
Natriumchlorid;6;28.04.2016 16:00;0,159512;
Natriumchlorid;5;28.04.2016 16:00;0,152922;
Natriumchlorid;9;28.04.2016 16:00;0,152377;
Arsen;7;28.04.2016 16:00;0,843531;
Arsen;4;28.04.2016 16:00;0,604399;
Arsen;8;28.04.2016 16:00;0,584878;
Arsen;2;28.04.2016 16:00;0,468443;
Arsen;1;28.04.2016 16:00;0,233347;
Arsen;3;28.04.2016 16:00;0,146216;
Arsen;5;28.04.2016 16:00;0,122909;
Arsen;9;28.04.2016 16:00;0,0640101;
Arsen;6;28.04.2016 16:00;0,0436115;
Benzol;3;28.04.2016 16:00;0,835245;
Benzol;6;28.04.2016 16:00;0,630274;
Benzol;4;28.04.2016 16:00;0,55505;
Benzol;7;28.04.2016 16:00;0,443609;
Benzol;5;28.04.2016 16:00;0,216681;
Benzol;2;28.04.2016 16:00;0,125673;
Benzol;1;28.04.2016 16:00;0,106821;
Benzol;8;28.04.2016 16:00;0,0702415;
Benzol;9;28.04.2016 16:00;0,0176454;
Anilin;3;28.04.2016 16:00;1,30401;
Anilin;6;28.04.2016 16:00;0,777422;
Anilin;8;28.04.2016 16:00;0,732628;
Anilin;4;28.04.2016 16:00;0,233055;
Anilin;9;28.04.2016 16:00;0,204552;
Anilin;7;28.04.2016 16:00;0,194942;
Anilin;5;28.04.2016 16:00;0,153838;
Anilin;2;28.04.2016 16:00;0,138589;
Anilin;1;28.04.2016 16:00;0,054674;
Natriumchlorid;3;28.04.2016 17:00;1,64188;
Natriumchlorid;7;28.04.2016 17:00;0,712356;
Natriumchlorid;4;28.04.2016 17:00;0,428772;
Natriumchlorid;2;28.04.2016 17:00;0,388837;
Natriumchlorid;5;28.04.2016 17:00;0,357353;
Natriumchlorid;8;28.04.2016 17:00;0,155723;
Natriumchlorid;1;28.04.2016 17:00;0,155613;
Natriumchlorid;6;28.04.2016 17:00;0,114804;
Natriumchlorid;9;28.04.2016 17:00;0,0252987;
Arsen;3;28.04.2016 17:00;1,62954;
Arsen;9;28.04.2016 17:00;0,871018;
Arsen;8;28.04.2016 17:00;0,734708;
Arsen;7;28.04.2016 17:00;0,563466;
Arsen;6;28.04.2016 17:00;0,551604;
Arsen;2;28.04.2016 17:00;0,400585;
Arsen;4;28.04.2016 17:00;0,35013;
Arsen;1;28.04.2016 17:00;0,284425;
Arsen;5;28.04.2016 17:00;0,174945;
Benzol;3;28.04.2016 17:00;1,3856;
Benzol;8;28.04.2016 17:00;0,841762;
Benzol;6;28.04.2016 17:00;0,419884;
Benzol;4;28.04.2016 17:00;0,410799;
Benzol;5;28.04.2016 17:00;0,338372;
Benzol;1;28.04.2016 17:00;0,179916;
Benzol;9;28.04.2016 17:00;0,131383;
Benzol;7;28.04.2016 17:00;0,0831771;
Benzol;2;28.04.2016 17:00;0,00249536;
Anilin;2;28.04.2016 17:00;0,888899;
Anilin;8;28.04.2016 17:00;0,63976;
Anilin;5;28.04.2016 17:00;0,449173;
Anilin;9;28.04.2016 17:00;0,418087;
Anilin;6;28.04.2016 17:00;0,359994;
Anilin;1;28.04.2016 17:00;0,259007;
Anilin;3;28.04.2016 17:00;0,194094;
Anilin;7;28.04.2016 17:00;0,176441;
Anilin;4;28.04.2016 17:00;0,0727396;
Natriumchlorid;2;28.04.2016 18:00;0,442549;
Natriumchlorid;7;28.04.2016 18:00;0,408459;
Natriumchlorid;6;28.04.2016 18:00;0,399625;
Natriumchlorid;3;28.04.2016 18:00;0,360009;
Natriumchlorid;4;28.04.2016 18:00;0,258258;
Natriumchlorid;5;28.04.2016 18:00;0,254777;
Natriumchlorid;8;28.04.2016 18:00;0,23994;
Natriumchlorid;1;28.04.2016 18:00;0,160212;
Natriumchlorid;9;28.04.2016 18:00;0,0546837;
Arsen;3;28.04.2016 18:00;1,27964;
Arsen;4;28.04.2016 18:00;0,645645;
Arsen;6;28.04.2016 18:00;0,633661;
Arsen;1;28.04.2016 18:00;0,543576;
Arsen;2;28.04.2016 18:00;0,258653;
Arsen;7;28.04.2016 18:00;0,195142;
Arsen;8;28.04.2016 18:00;0,126553;
Arsen;5;28.04.2016 18:00;0,0874625;
Arsen;9;28.04.2016 18:00;0,0573815;
Benzol;4;28.04.2016 18:00;0,709025;
Benzol;8;28.04.2016 18:00;0,591716;
Benzol;9;28.04.2016 18:00;0,380714;
Benzol;2;28.04.2016 18:00;0,369051;
Benzol;1;28.04.2016 18:00;0,294863;
Benzol;7;28.04.2016 18:00;0,228392;
Benzol;3;28.04.2016 18:00;0,119144;
Benzol;6;28.04.2016 18:00;0,0770712;
Benzol;5;28.04.2016 18:00;0,0104908;
Anilin;3;28.04.2016 18:00;0,828018;
Anilin;2;28.04.2016 18:00;0,50644;
Anilin;6;28.04.2016 18:00;0,460046;
Anilin;5;28.04.2016 18:00;0,318815;
Anilin;7;28.04.2016 18:00;0,274851;
Anilin;4;28.04.2016 18:00;0,234432;
Anilin;9;28.04.2016 18:00;0,180931;
Anilin;1;28.04.2016 18:00;0,17306;
Anilin;8;28.04.2016 18:00;0,0163324;
Natriumchlorid;2;28.04.2016 19:00;1,02108;
Natriumchlorid;3;28.04.2016 19:00;0,868149;
Natriumchlorid;5;28.04.2016 19:00;0,594146;
Natriumchlorid;4;28.04.2016 19:00;0,415027;
Natriumchlorid;7;28.04.2016 19:00;0,318945;
Natriumchlorid;1;28.04.2016 19:00;0,221169;
Natriumchlorid;9;28.04.2016 19:00;0,1553;
Natriumchlorid;6;28.04.2016 19:00;0,115899;
Natriumchlorid;8;28.04.2016 19:00;0,0355652;
Arsen;3;28.04.2016 19:00;0,87344;
Arsen;2;28.04.2016 19:00;0,460242;
Arsen;5;28.04.2016 19:00;0,433162;
Arsen;6;28.04.2016 19:00;0,388848;
Arsen;4;28.04.2016 19:00;0,364095;
Arsen;8;28.04.2016 19:00;0,352319;
Arsen;9;28.04.2016 19:00;0,233083;
Arsen;7;28.04.2016 19:00;0,0344866;
Arsen;1;28.04.2016 19:00;0,00486837;
Benzol;7;28.04.2016 19:00;0,802913;
Benzol;6;28.04.2016 19:00;0,513495;
Benzol;3;28.04.2016 19:00;0,508694;
Benzol;5;28.04.2016 19:00;0,376066;
Benzol;4;28.04.2016 19:00;0,341158;
Benzol;9;28.04.2016 19:00;0,26213;
Benzol;8;28.04.2016 19:00;0,12353;
Benzol;1;28.04.2016 19:00;0,0891906;
Benzol;2;28.04.2016 19:00;0,0846683;
Anilin;3;28.04.2016 19:00;1,05512;
Anilin;5;28.04.2016 19:00;0,744525;
Anilin;6;28.04.2016 19:00;0,623205;
Anilin;7;28.04.2016 19:00;0,463468;
Anilin;8;28.04.2016 19:00;0,458144;
Anilin;4;28.04.2016 19:00;0,39964;
Anilin;9;28.04.2016 19:00;0,380622;
Anilin;2;28.04.2016 19:00;0,228896;
Anilin;1;28.04.2016 19:00;0,0785966;
Natriumchlorid;3;28.04.2016 20:00;0,698998;
Natriumchlorid;6;28.04.2016 20:00;0,561943;
Natriumchlorid;2;28.04.2016 20:00;0,495113;
Natriumchlorid;9;28.04.2016 20:00;0,438233;
Natriumchlorid;4;28.04.2016 20:00;0,428226;
Natriumchlorid;7;28.04.2016 20:00;0,266968;
Natriumchlorid;8;28.04.2016 20:00;0,258601;
Natriumchlorid;1;28.04.2016 20:00;0,24246;
Natriumchlorid;5;28.04.2016 20:00;0,139307;
Arsen;5;28.04.2016 20:00;0,531879;
Arsen;4;28.04.2016 20:00;0,502646;
Arsen;3;28.04.2016 20:00;0,403116;
Arsen;6;28.04.2016 20:00;0,376237;
Arsen;9;28.04.2016 20:00;0,299473;
Arsen;8;28.04.2016 20:00;0,273071;
Arsen;7;28.04.2016 20:00;0,272624;
Arsen;2;28.04.2016 20:00;0,199428;
Arsen;1;28.04.2016 20:00;0,1375;
Benzol;3;28.04.2016 20:00;1,24246;
Benzol;6;28.04.2016 20:00;0,712191;
Benzol;7;28.04.2016 20:00;0,582189;
Benzol;2;28.04.2016 20:00;0,552497;
Benzol;8;28.04.2016 20:00;0,490719;
Benzol;4;28.04.2016 20:00;0,375165;
Benzol;1;28.04.2016 20:00;0,362922;
Benzol;5;28.04.2016 20:00;0,253433;
Benzol;9;28.04.2016 20:00;0,120335;
Anilin;7;28.04.2016 20:00;1,6383;
Anilin;3;28.04.2016 20:00;1,49604;
Anilin;1;28.04.2016 20:00;0,311452;
Anilin;9;28.04.2016 20:00;0,292337;
Anilin;6;28.04.2016 20:00;0,26843;
Anilin;5;28.04.2016 20:00;0,244291;
Anilin;4;28.04.2016 20:00;0,217193;
Anilin;8;28.04.2016 20:00;0,152211;
Anilin;2;28.04.2016 20:00;0,127591;
Natriumchlorid;8;28.04.2016 21:00;1,28054;
Natriumchlorid;3;28.04.2016 21:00;1,05174;
Natriumchlorid;6;28.04.2016 21:00;0,634511;
Natriumchlorid;9;28.04.2016 21:00;0,310293;
Natriumchlorid;7;28.04.2016 21:00;0,240434;
Natriumchlorid;5;28.04.2016 21:00;0,215933;
Natriumchlorid;4;28.04.2016 21:00;0,167088;
Natriumchlorid;1;28.04.2016 21:00;0,105034;
Natriumchlorid;2;28.04.2016 21:00;0,0581824;
Arsen;3;28.04.2016 21:00;1,04335;
Arsen;2;28.04.2016 21:00;0,712572;
Arsen;7;28.04.2016 21:00;0,405367;
Arsen;9;28.04.2016 21:00;0,363947;
Arsen;4;28.04.2016 21:00;0,343045;
Arsen;6;28.04.2016 21:00;0,133715;
Arsen;8;28.04.2016 21:00;0,120296;
Arsen;1;28.04.2016 21:00;0,120086;
Arsen;5;28.04.2016 21:00;0,0672853;
Benzol;3;28.04.2016 21:00;3,228;
Benzol;8;28.04.2016 21:00;0,650244;
Benzol;7;28.04.2016 21:00;0,466701;
Benzol;2;28.04.2016 21:00;0,339251;
Benzol;6;28.04.2016 21:00;0,315324;
Benzol;9;28.04.2016 21:00;0,306219;
Benzol;5;28.04.2016 21:00;0,207132;
Benzol;4;28.04.2016 21:00;0,194596;
Benzol;1;28.04.2016 21:00;0,1599;
Anilin;3;28.04.2016 21:00;1,96042;
Anilin;7;28.04.2016 21:00;0,896328;
Anilin;4;28.04.2016 21:00;0,550269;
Anilin;2;28.04.2016 21:00;0,494672;
Anilin;9;28.04.2016 21:00;0,450597;
Anilin;8;28.04.2016 21:00;0,427914;
Anilin;5;28.04.2016 21:00;0,188377;
Anilin;6;28.04.2016 21:00;0,0855113;
Anilin;1;28.04.2016 21:00;0,0197862;
Natriumchlorid;2;28.04.2016 22:00;0,705041;
Natriumchlorid;8;28.04.2016 22:00;0,595155;
Natriumchlorid;7;28.04.2016 22:00;0,593044;
Natriumchlorid;6;28.04.2016 22:00;0,525457;
Natriumchlorid;4;28.04.2016 22:00;0,453777;
Natriumchlorid;3;28.04.2016 22:00;0,426921;
Natriumchlorid;9;28.04.2016 22:00;0,408548;
Natriumchlorid;5;28.04.2016 22:00;0,229934;
Natriumchlorid;1;28.04.2016 22:00;0,156992;
Arsen;4;28.04.2016 22:00;0,59636;
Arsen;3;28.04.2016 22:00;0,588592;
Arsen;2;28.04.2016 22:00;0,513006;
Arsen;7;28.04.2016 22:00;0,40724;
Arsen;8;28.04.2016 22:00;0,295325;
Arsen;9;28.04.2016 22:00;0,24415;
Arsen;1;28.04.2016 22:00;0,144449;
Arsen;5;28.04.2016 22:00;0,106448;
Arsen;6;28.04.2016 22:00;0,0727711;
Benzol;6;28.04.2016 22:00;0,709326;
Benzol;8;28.04.2016 22:00;0,527991;
Benzol;7;28.04.2016 22:00;0,497385;
Benzol;4;28.04.2016 22:00;0,460025;
Benzol;5;28.04.2016 22:00;0,369623;
Benzol;9;28.04.2016 22:00;0,174468;
Benzol;3;28.04.2016 22:00;0,168032;
Benzol;1;28.04.2016 22:00;0,135998;
Benzol;2;28.04.2016 22:00;0,0430274;
Anilin;3;28.04.2016 22:00;1,52908;
Anilin;2;28.04.2016 22:00;0,864021;
Anilin;8;28.04.2016 22:00;0,569885;
Anilin;6;28.04.2016 22:00;0,469366;
Anilin;4;28.04.2016 22:00;0,358103;
Anilin;1;28.04.2016 22:00;0,171852;
Anilin;5;28.04.2016 22:00;0,144311;
Anilin;7;28.04.2016 22:00;0,0804664;
Anilin;9;28.04.2016 22:00;0,0161334;
Natriumchlorid;3;28.04.2016 23:00;2,68213;
Natriumchlorid;8;28.04.2016 23:00;0,649648;
Natriumchlorid;7;28.04.2016 23:00;0,545679;
Natriumchlorid;2;28.04.2016 23:00;0,517137;
Natriumchlorid;4;28.04.2016 23:00;0,329547;
Natriumchlorid;6;28.04.2016 23:00;0,32367;
Natriumchlorid;1;28.04.2016 23:00;0,257235;
Natriumchlorid;9;28.04.2016 23:00;0,203358;
Natriumchlorid;5;28.04.2016 23:00;0,0917438;
Arsen;3;28.04.2016 23:00;1,5726;
Arsen;7;28.04.2016 23:00;0,739109;
Arsen;8;28.04.2016 23:00;0,502755;
Arsen;6;28.04.2016 23:00;0,462564;
Arsen;4;28.04.2016 23:00;0,396082;
Arsen;9;28.04.2016 23:00;0,241053;
Arsen;5;28.04.2016 23:00;0,0536625;
Arsen;2;28.04.2016 23:00;0,0301604;
Arsen;1;28.04.2016 23:00;0,0170883;
Benzol;3;28.04.2016 23:00;2,4361;
Benzol;7;28.04.2016 23:00;1,37067;
Benzol;4;28.04.2016 23:00;0,423639;
Benzol;6;28.04.2016 23:00;0,423254;
Benzol;5;28.04.2016 23:00;0,383921;
Benzol;8;28.04.2016 23:00;0,267427;
Benzol;9;28.04.2016 23:00;0,227573;
Benzol;2;28.04.2016 23:00;0,127746;
Benzol;1;28.04.2016 23:00;0,0872231;
Anilin;8;28.04.2016 23:00;0,964201;
Anilin;3;28.04.2016 23:00;0,909049;
Anilin;4;28.04.2016 23:00;0,425656;
Anilin;1;28.04.2016 23:00;0,379727;
Anilin;2;28.04.2016 23:00;0,325452;
Anilin;7;28.04.2016 23:00;0,218363;
Anilin;5;28.04.2016 23:00;0,210883;
Anilin;9;28.04.2016 23:00;0,165023;
Anilin;6;28.04.2016 23:00;0,121212;
Natriumchlorid;3;29.04.2016 00:00;0,822435;
Natriumchlorid;6;29.04.2016 00:00;0,40039;
Natriumchlorid;9;29.04.2016 00:00;0,334759;
Natriumchlorid;8;29.04.2016 00:00;0,168466;
Natriumchlorid;4;29.04.2016 00:00;0,13027;
Natriumchlorid;1;29.04.2016 00:00;0,128437;
Natriumchlorid;7;29.04.2016 00:00;0,101768;
Natriumchlorid;5;29.04.2016 00:00;0,0885317;
Natriumchlorid;2;29.04.2016 00:00;0,0607885;
Arsen;3;29.04.2016 00:00;1,01001;
Arsen;8;29.04.2016 00:00;0,941002;
Arsen;7;29.04.2016 00:00;0,792489;
Arsen;6;29.04.2016 00:00;0,598058;
Arsen;4;29.04.2016 00:00;0,465948;
Arsen;1;29.04.2016 00:00;0,371295;
Arsen;5;29.04.2016 00:00;0,336205;
Arsen;9;29.04.2016 00:00;0,173076;
Arsen;2;29.04.2016 00:00;0,066101;
Benzol;3;29.04.2016 00:00;0,460165;
Benzol;4;29.04.2016 00:00;0,442882;
Benzol;6;29.04.2016 00:00;0,411887;
Benzol;2;29.04.2016 00:00;0,183793;
Benzol;5;29.04.2016 00:00;0,156735;
Benzol;9;29.04.2016 00:00;0,15588;
Benzol;1;29.04.2016 00:00;0,104417;
Benzol;7;29.04.2016 00:00;0,100909;
Benzol;8;29.04.2016 00:00;0,0409749;
Anilin;3;29.04.2016 00:00;2,28432;
Anilin;8;29.04.2016 00:00;0,844192;
Anilin;4;29.04.2016 00:00;0,404753;
Anilin;5;29.04.2016 00:00;0,389737;
Anilin;7;29.04.2016 00:00;0,384647;
Anilin;9;29.04.2016 00:00;0,359786;
Anilin;6;29.04.2016 00:00;0,356601;
Anilin;2;29.04.2016 00:00;0,240629;
Anilin;1;29.04.2016 00:00;0,207644;
Natriumchlorid;3;29.04.2016 01:00;1,13142;
Natriumchlorid;8;29.04.2016 01:00;0,647051;
Natriumchlorid;7;29.04.2016 01:00;0,349945;
Natriumchlorid;6;29.04.2016 01:00;0,284396;
Natriumchlorid;9;29.04.2016 01:00;0,249341;
Natriumchlorid;1;29.04.2016 01:00;0,154766;
Natriumchlorid;2;29.04.2016 01:00;0,111007;
Natriumchlorid;4;29.04.2016 01:00;0,0813207;
Natriumchlorid;5;29.04.2016 01:00;0,056698;
Arsen;3;29.04.2016 01:00;0,90254;
Arsen;8;29.04.2016 01:00;0,57479;
Arsen;6;29.04.2016 01:00;0,372334;
Arsen;1;29.04.2016 01:00;0,278408;
Arsen;5;29.04.2016 01:00;0,262724;
Arsen;4;29.04.2016 01:00;0,217155;
Arsen;2;29.04.2016 01:00;0,135974;
Arsen;9;29.04.2016 01:00;0,0803762;
Arsen;7;29.04.2016 01:00;0,011283;
Benzol;3;29.04.2016 01:00;2,98676;
Benzol;8;29.04.2016 01:00;0,531345;
Benzol;7;29.04.2016 01:00;0,427771;
Benzol;2;29.04.2016 01:00;0,361287;
Benzol;4;29.04.2016 01:00;0,173819;
Benzol;1;29.04.2016 01:00;0,165552;
Benzol;6;29.04.2016 01:00;0,0638314;
Benzol;5;29.04.2016 01:00;0,0513036;
Benzol;9;29.04.2016 01:00;0,0465132;
Anilin;3;29.04.2016 01:00;1,45809;
Anilin;2;29.04.2016 01:00;1,06;
Anilin;8;29.04.2016 01:00;0,778753;
Anilin;4;29.04.2016 01:00;0,549035;
Anilin;6;29.04.2016 01:00;0,445296;
Anilin;5;29.04.2016 01:00;0,251228;
Anilin;7;29.04.2016 01:00;0,173068;
Anilin;9;29.04.2016 01:00;0,125146;
Anilin;1;29.04.2016 01:00;0,0411799;
Natriumchlorid;7;29.04.2016 02:00;1,85128;
Natriumchlorid;2;29.04.2016 02:00;0,793765;
Natriumchlorid;3;29.04.2016 02:00;0,736484;
Natriumchlorid;4;29.04.2016 02:00;0,512539;
Natriumchlorid;6;29.04.2016 02:00;0,234118;
Natriumchlorid;8;29.04.2016 02:00;0,203396;
Natriumchlorid;5;29.04.2016 02:00;0,189905;
Natriumchlorid;9;29.04.2016 02:00;0,165784;
Natriumchlorid;1;29.04.2016 02:00;0,0488623;
Arsen;3;29.04.2016 02:00;2,91106;
Arsen;4;29.04.2016 02:00;0,586101;
Arsen;6;29.04.2016 02:00;0,279937;
Arsen;2;29.04.2016 02:00;0,272201;
Arsen;9;29.04.2016 02:00;0,214693;
Arsen;1;29.04.2016 02:00;0,159057;
Arsen;5;29.04.2016 02:00;0,117947;
Arsen;7;29.04.2016 02:00;0,0449091;
Arsen;8;29.04.2016 02:00;0,00602599;
Benzol;6;29.04.2016 02:00;0,681688;
Benzol;7;29.04.2016 02:00;0,549143;
Benzol;8;29.04.2016 02:00;0,468369;
Benzol;1;29.04.2016 02:00;0,43721;
Benzol;3;29.04.2016 02:00;0,29341;
Benzol;4;29.04.2016 02:00;0,249465;
Benzol;2;29.04.2016 02:00;0,216207;
Benzol;9;29.04.2016 02:00;0,183128;
Benzol;5;29.04.2016 02:00;0,0167352;
Anilin;7;29.04.2016 02:00;1,48508;
Anilin;3;29.04.2016 02:00;0,606948;
Anilin;4;29.04.2016 02:00;0,569954;
Anilin;2;29.04.2016 02:00;0,541575;
Anilin;8;29.04.2016 02:00;0,29335;
Anilin;1;29.04.2016 02:00;0,28753;
Anilin;9;29.04.2016 02:00;0,275016;
Anilin;6;29.04.2016 02:00;0,16561;
Anilin;5;29.04.2016 02:00;0,126517;
Natriumchlorid;7;29.04.2016 03:00;0,972409;
Natriumchlorid;2;29.04.2016 03:00;0,768034;
Natriumchlorid;8;29.04.2016 03:00;0,430736;
Natriumchlorid;6;29.04.2016 03:00;0,379731;
Natriumchlorid;4;29.04.2016 03:00;0,313298;
Natriumchlorid;9;29.04.2016 03:00;0,251472;
Natriumchlorid;3;29.04.2016 03:00;0,164496;
Natriumchlorid;5;29.04.2016 03:00;0,162055;
Natriumchlorid;1;29.04.2016 03:00;0,00891821;
Arsen;3;29.04.2016 03:00;1,00786;
Arsen;2;29.04.2016 03:00;0,65367;
Arsen;7;29.04.2016 03:00;0,473953;
Arsen;8;29.04.2016 03:00;0,43043;
Arsen;4;29.04.2016 03:00;0,253455;
Arsen;1;29.04.2016 03:00;0,240334;
Arsen;9;29.04.2016 03:00;0,12098;
Arsen;6;29.04.2016 03:00;0,0773522;
Arsen;5;29.04.2016 03:00;0,0764613;
Benzol;2;29.04.2016 03:00;0,638232;
Benzol;6;29.04.2016 03:00;0,478342;
Benzol;4;29.04.2016 03:00;0,400082;
Benzol;3;29.04.2016 03:00;0,366015;
Benzol;8;29.04.2016 03:00;0,306985;
Benzol;1;29.04.2016 03:00;0,238391;
Benzol;7;29.04.2016 03:00;0,225692;
Benzol;9;29.04.2016 03:00;0,19681;
Benzol;5;29.04.2016 03:00;0,0210344;
Anilin;7;29.04.2016 03:00;2,37964;
Anilin;3;29.04.2016 03:00;1,3178;
Anilin;6;29.04.2016 03:00;0,439211;
Anilin;9;29.04.2016 03:00;0,34343;
Anilin;2;29.04.2016 03:00;0,297451;
Anilin;4;29.04.2016 03:00;0,289313;
Anilin;5;29.04.2016 03:00;0,248434;
Anilin;1;29.04.2016 03:00;0,229076;
Anilin;8;29.04.2016 03:00;0,199104;
Natriumchlorid;3;29.04.2016 04:00;2,44442;
Natriumchlorid;8;29.04.2016 04:00;0,576508;
Natriumchlorid;6;29.04.2016 04:00;0,423254;
Natriumchlorid;2;29.04.2016 04:00;0,33751;
Natriumchlorid;9;29.04.2016 04:00;0,334336;
Natriumchlorid;7;29.04.2016 04:00;0,300157;
Natriumchlorid;5;29.04.2016 04:00;0,215501;
Natriumchlorid;4;29.04.2016 04:00;0,187951;
Natriumchlorid;1;29.04.2016 04:00;0,0392317;
Arsen;7;29.04.2016 04:00;3,11811;
Arsen;8;29.04.2016 04:00;0,948505;
Arsen;1;29.04.2016 04:00;0,517204;
Arsen;4;29.04.2016 04:00;0,334877;
Arsen;2;29.04.2016 04:00;0,286955;
Arsen;6;29.04.2016 04:00;0,210576;
Arsen;9;29.04.2016 04:00;0,0352735;
Arsen;3;29.04.2016 04:00;0,0323703;
Arsen;5;29.04.2016 04:00;0,0255514;
Benzol;7;29.04.2016 04:00;0,927715;
Benzol;3;29.04.2016 04:00;0,761334;
Benzol;6;29.04.2016 04:00;0,663344;
Benzol;5;29.04.2016 04:00;0,508715;
Benzol;2;29.04.2016 04:00;0,210635;
Benzol;9;29.04.2016 04:00;0,142494;
Benzol;4;29.04.2016 04:00;0,142424;
Benzol;1;29.04.2016 04:00;0,0648377;
Benzol;8;29.04.2016 04:00;0,00731447;
Anilin;2;29.04.2016 04:00;0,923951;
Anilin;3;29.04.2016 04:00;0,791287;
Anilin;6;29.04.2016 04:00;0,539559;
Anilin;1;29.04.2016 04:00;0,527872;
Anilin;9;29.04.2016 04:00;0,41602;
Anilin;5;29.04.2016 04:00;0,351092;
Anilin;7;29.04.2016 04:00;0,274066;
Anilin;4;29.04.2016 04:00;0,120939;
Anilin;8;29.04.2016 04:00;0,0955418;
Natriumchlorid;8;29.04.2016 05:00;1,12052;
Natriumchlorid;3;29.04.2016 05:00;1,00801;
Natriumchlorid;2;29.04.2016 05:00;0,768736;
Natriumchlorid;6;29.04.2016 05:00;0,637922;
Natriumchlorid;7;29.04.2016 05:00;0,608731;
Natriumchlorid;9;29.04.2016 05:00;0,437612;
Natriumchlorid;5;29.04.2016 05:00;0,32833;
Natriumchlorid;4;29.04.2016 05:00;0,318885;
Natriumchlorid;1;29.04.2016 05:00;0,219638;
Arsen;3;29.04.2016 05:00;2,29215;
Arsen;2;29.04.2016 05:00;0,699521;
Arsen;8;29.04.2016 05:00;0,449128;
Arsen;6;29.04.2016 05:00;0,371701;
Arsen;4;29.04.2016 05:00;0,305645;
Arsen;5;29.04.2016 05:00;0,237983;
Arsen;1;29.04.2016 05:00;0,237808;
Arsen;7;29.04.2016 05:00;0,211112;
Arsen;9;29.04.2016 05:00;0,0269991;
Benzol;8;29.04.2016 05:00;3,59989;
Benzol;2;29.04.2016 05:00;1,20529;
Benzol;3;29.04.2016 05:00;0,858776;
Benzol;7;29.04.2016 05:00;0,721456;
Benzol;1;29.04.2016 05:00;0,502765;
Benzol;6;29.04.2016 05:00;0,410232;
Benzol;4;29.04.2016 05:00;0,276149;
Benzol;5;29.04.2016 05:00;0,266703;
Benzol;9;29.04.2016 05:00;0,20521;
Anilin;3;29.04.2016 05:00;2,25429;
Anilin;6;29.04.2016 05:00;0,56653;
Anilin;4;29.04.2016 05:00;0,419252;
Anilin;7;29.04.2016 05:00;0,218826;
Anilin;2;29.04.2016 05:00;0,204544;
Anilin;1;29.04.2016 05:00;0,0981607;
Anilin;5;29.04.2016 05:00;0,0552722;
Anilin;8;29.04.2016 05:00;0,0168171;
Anilin;9;29.04.2016 05:00;0,00567177;
Natriumchlorid;3;29.04.2016 06:00;0,760368;
Natriumchlorid;4;29.04.2016 06:00;0,548484;
Natriumchlorid;8;29.04.2016 06:00;0,523522;
Natriumchlorid;2;29.04.2016 06:00;0,509073;
Natriumchlorid;9;29.04.2016 06:00;0,490893;
Natriumchlorid;6;29.04.2016 06:00;0,44616;
Natriumchlorid;1;29.04.2016 06:00;0,357356;
Natriumchlorid;7;29.04.2016 06:00;0,222392;
Natriumchlorid;5;29.04.2016 06:00;0,0299;
Arsen;7;29.04.2016 06:00;0,965307;
Arsen;6;29.04.2016 06:00;0,347641;
Arsen;5;29.04.2016 06:00;0,343525;
Arsen;4;29.04.2016 06:00;0,338189;
Arsen;3;29.04.2016 06:00;0,277292;
Arsen;9;29.04.2016 06:00;0,237403;
Arsen;8;29.04.2016 06:00;0,197122;
Arsen;1;29.04.2016 06:00;0,0679173;
Arsen;2;29.04.2016 06:00;0,0111971;
Benzol;3;29.04.2016 06:00;2,39113;
Benzol;8;29.04.2016 06:00;1,67306;
Benzol;9;29.04.2016 06:00;0,904546;
Benzol;7;29.04.2016 06:00;0,587141;
Benzol;6;29.04.2016 06:00;0,52475;
Benzol;2;29.04.2016 06:00;0,467677;
Benzol;5;29.04.2016 06:00;0,358714;
Benzol;1;29.04.2016 06:00;0,245846;
Benzol;4;29.04.2016 06:00;0,173435;
Anilin;3;29.04.2016 06:00;0,933951;
Anilin;8;29.04.2016 06:00;0,909899;
Anilin;7;29.04.2016 06:00;0,39878;
Anilin;4;29.04.2016 06:00;0,3858;
Anilin;1;29.04.2016 06:00;0,168374;
Anilin;5;29.04.2016 06:00;0,145878;
Anilin;2;29.04.2016 06:00;0,102644;
Anilin;9;29.04.2016 06:00;0,0764561;
Anilin;6;29.04.2016 06:00;0,00551458;
Natriumchlorid;3;29.04.2016 07:00;3,46944;
Natriumchlorid;7;29.04.2016 07:00;1,35478;
Natriumchlorid;2;29.04.2016 07:00;0,637674;
Natriumchlorid;8;29.04.2016 07:00;0,251117;
Natriumchlorid;1;29.04.2016 07:00;0,223609;
Natriumchlorid;4;29.04.2016 07:00;0,183383;
Natriumchlorid;9;29.04.2016 07:00;0,143211;
Natriumchlorid;6;29.04.2016 07:00;0,130602;
Natriumchlorid;5;29.04.2016 07:00;0,109171;
Arsen;7;29.04.2016 07:00;4,21564;
Arsen;3;29.04.2016 07:00;1,29929;
Arsen;2;29.04.2016 07:00;0,773538;
Arsen;8;29.04.2016 07:00;0,663329;
Arsen;5;29.04.2016 07:00;0,340421;
Arsen;4;29.04.2016 07:00;0,333143;
Arsen;6;29.04.2016 07:00;0,161425;
Arsen;9;29.04.2016 07:00;0,101711;
Arsen;1;29.04.2016 07:00;0,0288548;
Benzol;3;29.04.2016 07:00;1,49645;
Benzol;7;29.04.2016 07:00;0,626549;
Benzol;9;29.04.2016 07:00;0,612703;
Benzol;6;29.04.2016 07:00;0,550059;
Benzol;5;29.04.2016 07:00;0,547612;
Benzol;2;29.04.2016 07:00;0,503289;
Benzol;1;29.04.2016 07:00;0,246286;
Benzol;4;29.04.2016 07:00;0,194886;
Benzol;8;29.04.2016 07:00;0,12663;
Anilin;3;29.04.2016 07:00;2,844;
Anilin;7;29.04.2016 07:00;2,15295;
Anilin;6;29.04.2016 07:00;0,561986;
Anilin;4;29.04.2016 07:00;0,497938;
Anilin;9;29.04.2016 07:00;0,316691;
Anilin;8;29.04.2016 07:00;0,281219;
Anilin;2;29.04.2016 07:00;0,26288;
Anilin;5;29.04.2016 07:00;0,109692;
Anilin;1;29.04.2016 07:00;0,0945912;
Natriumchlorid;3;29.04.2016 08:00;3,0914;
Natriumchlorid;4;29.04.2016 08:00;0,566954;
Natriumchlorid;7;29.04.2016 08:00;0,512968;
Natriumchlorid;6;29.04.2016 08:00;0,478937;
Natriumchlorid;8;29.04.2016 08:00;0,467221;
Natriumchlorid;5;29.04.2016 08:00;0,452011;
Natriumchlorid;9;29.04.2016 08:00;0,236236;
Natriumchlorid;1;29.04.2016 08:00;0,0517194;
Natriumchlorid;2;29.04.2016 08:00;0,0321859;
Arsen;7;29.04.2016 08:00;0,526158;
Arsen;2;29.04.2016 08:00;0,331829;
Arsen;9;29.04.2016 08:00;0,325774;
Arsen;1;29.04.2016 08:00;0,300154;
Arsen;5;29.04.2016 08:00;0,297225;
Arsen;4;29.04.2016 08:00;0,26821;
Arsen;6;29.04.2016 08:00;0,216576;
Arsen;3;29.04.2016 08:00;0,0553955;
Arsen;8;29.04.2016 08:00;0,0310044;
Benzol;3;29.04.2016 08:00;1,44776;
Benzol;1;29.04.2016 08:00;1,431;
Benzol;5;29.04.2016 08:00;0,505426;
Benzol;8;29.04.2016 08:00;0,447464;
Benzol;9;29.04.2016 08:00;0,365839;
Benzol;6;29.04.2016 08:00;0,219975;
Benzol;7;29.04.2016 08:00;0,174101;
Benzol;4;29.04.2016 08:00;0,170914;
Benzol;2;29.04.2016 08:00;0,0362537;
Anilin;3;29.04.2016 08:00;1,20857;
Anilin;4;29.04.2016 08:00;0,438575;
Anilin;2;29.04.2016 08:00;0,335518;
Anilin;1;29.04.2016 08:00;0,271433;
Anilin;6;29.04.2016 08:00;0,194614;
Anilin;8;29.04.2016 08:00;0,146473;
Anilin;9;29.04.2016 08:00;0,116928;
Anilin;7;29.04.2016 08:00;0,0165515;
Anilin;5;29.04.2016 08:00;0,0134012;
Natriumchlorid;8;29.04.2016 09:00;0,809272;
Natriumchlorid;1;29.04.2016 09:00;0,621731;
Natriumchlorid;3;29.04.2016 09:00;0,506598;
Natriumchlorid;6;29.04.2016 09:00;0,457347;
Natriumchlorid;9;29.04.2016 09:00;0,447507;
Natriumchlorid;5;29.04.2016 09:00;0,387795;
Natriumchlorid;7;29.04.2016 09:00;0,354613;
Natriumchlorid;2;29.04.2016 09:00;0,107836;
Natriumchlorid;4;29.04.2016 09:00;0,00581992;
Arsen;6;29.04.2016 09:00;8,95095;
Arsen;7;29.04.2016 09:00;0,852555;
Arsen;8;29.04.2016 09:00;0,735577;
Arsen;3;29.04.2016 09:00;0,70501;
Arsen;2;29.04.2016 09:00;0,579424;
Arsen;1;29.04.2016 09:00;0,372268;
Arsen;4;29.04.2016 09:00;0,241768;
Arsen;5;29.04.2016 09:00;0,190167;
Arsen;9;29.04.2016 09:00;0,0402985;
Benzol;7;29.04.2016 09:00;0,622395;
Benzol;6;29.04.2016 09:00;0,565041;
Benzol;8;29.04.2016 09:00;0,54065;
Benzol;2;29.04.2016 09:00;0,435416;
Benzol;5;29.04.2016 09:00;0,364539;
Benzol;3;29.04.2016 09:00;0,310506;
Benzol;4;29.04.2016 09:00;0,289713;
Benzol;9;29.04.2016 09:00;0,175534;
Benzol;1;29.04.2016 09:00;0,0694543;
Anilin;3;29.04.2016 09:00;2,57507;
Anilin;2;29.04.2016 09:00;0,692915;
Anilin;5;29.04.2016 09:00;0,688411;
Anilin;6;29.04.2016 09:00;0,425736;
Anilin;7;29.04.2016 09:00;0,242239;
Anilin;4;29.04.2016 09:00;0,227915;
Anilin;9;29.04.2016 09:00;0,119091;
Anilin;8;29.04.2016 09:00;0,0731855;
Anilin;1;29.04.2016 09:00;0,0407602;
Natriumchlorid;3;29.04.2016 10:00;1,3956;
Natriumchlorid;8;29.04.2016 10:00;1,0357;
Natriumchlorid;7;29.04.2016 10:00;0,905349;
Natriumchlorid;4;29.04.2016 10:00;0,409727;
Natriumchlorid;6;29.04.2016 10:00;0,306726;
Natriumchlorid;1;29.04.2016 10:00;0,303812;
Natriumchlorid;2;29.04.2016 10:00;0,116957;
Natriumchlorid;9;29.04.2016 10:00;0,0937815;
Natriumchlorid;5;29.04.2016 10:00;0,00744279;
Arsen;3;29.04.2016 10:00;4,19299;
Arsen;6;29.04.2016 10:00;3,25188;
Arsen;4;29.04.2016 10:00;0,416335;
Arsen;1;29.04.2016 10:00;0,390072;
Arsen;8;29.04.2016 10:00;0,294206;
Arsen;2;29.04.2016 10:00;0,190376;
Arsen;7;29.04.2016 10:00;0,144295;
Arsen;9;29.04.2016 10:00;0,138086;
Arsen;5;29.04.2016 10:00;0,0392693;
Benzol;3;29.04.2016 10:00;3,20863;
Benzol;6;29.04.2016 10:00;0,529506;
Benzol;8;29.04.2016 10:00;0,454158;
Benzol;4;29.04.2016 10:00;0,427006;
Benzol;5;29.04.2016 10:00;0,397497;
Benzol;2;29.04.2016 10:00;0,248296;
Benzol;9;29.04.2016 10:00;0,247654;
Benzol;7;29.04.2016 10:00;0,143174;
Benzol;1;29.04.2016 10:00;0,0580893;
Anilin;3;29.04.2016 10:00;1,63159;
Anilin;5;29.04.2016 10:00;0,604545;
Anilin;6;29.04.2016 10:00;0,351936;
Anilin;7;29.04.2016 10:00;0,351097;
Anilin;4;29.04.2016 10:00;0,2299;
Anilin;1;29.04.2016 10:00;0,15718;
Anilin;2;29.04.2016 10:00;0,0425228;
Anilin;8;29.04.2016 10:00;0,0242256;
Anilin;9;29.04.2016 10:00;0,0218709;
Natriumchlorid;8;29.04.2016 11:00;0,836952;
Natriumchlorid;7;29.04.2016 11:00;0,567385;
Natriumchlorid;6;29.04.2016 11:00;0,434495;
Natriumchlorid;1;29.04.2016 11:00;0,32032;
Natriumchlorid;3;29.04.2016 11:00;0,255823;
Natriumchlorid;4;29.04.2016 11:00;0,232437;
Natriumchlorid;2;29.04.2016 11:00;0,232423;
Natriumchlorid;5;29.04.2016 11:00;0,204789;
Natriumchlorid;9;29.04.2016 11:00;0,122896;
Arsen;8;29.04.2016 11:00;0,590138;
Arsen;7;29.04.2016 11:00;0,515439;
Arsen;3;29.04.2016 11:00;0,331711;
Arsen;4;29.04.2016 11:00;0,271542;
Arsen;6;29.04.2016 11:00;0,253126;
Arsen;1;29.04.2016 11:00;0,250382;
Arsen;9;29.04.2016 11:00;0,235754;
Arsen;2;29.04.2016 11:00;0,0751932;
Arsen;5;29.04.2016 11:00;0,0231813;
Benzol;3;29.04.2016 11:00;3,04814;
Benzol;2;29.04.2016 11:00;0,482367;
Benzol;5;29.04.2016 11:00;0,41054;
Benzol;6;29.04.2016 11:00;0,366296;
Benzol;8;29.04.2016 11:00;0,363736;
Benzol;7;29.04.2016 11:00;0,346366;
Benzol;9;29.04.2016 11:00;0,291538;
Benzol;4;29.04.2016 11:00;0,219814;
Benzol;1;29.04.2016 11:00;0,0756697;
Anilin;2;29.04.2016 11:00;1,17047;
Anilin;3;29.04.2016 11:00;0,581927;
Anilin;6;29.04.2016 11:00;0,57338;
Anilin;9;29.04.2016 11:00;0,4064;
Anilin;4;29.04.2016 11:00;0,393807;
Anilin;8;29.04.2016 11:00;0,298415;
Anilin;5;29.04.2016 11:00;0,196186;
Anilin;7;29.04.2016 11:00;0,126278;
Anilin;1;29.04.2016 11:00;0,0644917;
Natriumchlorid;3;29.04.2016 12:00;1,90872;
Natriumchlorid;7;29.04.2016 12:00;1,16513;
Natriumchlorid;9;29.04.2016 12:00;0,615443;
Natriumchlorid;6;29.04.2016 12:00;0,449167;
Natriumchlorid;4;29.04.2016 12:00;0,446768;
Natriumchlorid;5;29.04.2016 12:00;0,382806;
Natriumchlorid;2;29.04.2016 12:00;0,364579;
Natriumchlorid;1;29.04.2016 12:00;0,252897;
Natriumchlorid;8;29.04.2016 12:00;0,12252;
Arsen;3;29.04.2016 12:00;2,84632;
Arsen;8;29.04.2016 12:00;0,717807;
Arsen;4;29.04.2016 12:00;0,543904;
Arsen;5;29.04.2016 12:00;0,394247;
Arsen;6;29.04.2016 12:00;0,37184;
Arsen;7;29.04.2016 12:00;0,37027;
Arsen;9;29.04.2016 12:00;0,358087;
Arsen;2;29.04.2016 12:00;0,253633;
Arsen;1;29.04.2016 12:00;0,132678;
Benzol;3;29.04.2016 12:00;6,34574;
Benzol;6;29.04.2016 12:00;0,649161;
Benzol;1;29.04.2016 12:00;0,522143;
Benzol;2;29.04.2016 12:00;0,42897;
Benzol;9;29.04.2016 12:00;0,383773;
Benzol;4;29.04.2016 12:00;0,31983;
Benzol;8;29.04.2016 12:00;0,236021;
Benzol;5;29.04.2016 12:00;0,217399;
Benzol;7;29.04.2016 12:00;0,168701;
Anilin;7;29.04.2016 12:00;1,71761;
Anilin;3;29.04.2016 12:00;1,30147;
Anilin;4;29.04.2016 12:00;0,526475;
Anilin;9;29.04.2016 12:00;0,315604;
Anilin;8;29.04.2016 12:00;0,306988;
Anilin;2;29.04.2016 12:00;0,303483;
Anilin;6;29.04.2016 12:00;0,190659;
Anilin;1;29.04.2016 12:00;0,190046;
Anilin;5;29.04.2016 12:00;0,0914753;
Natriumchlorid;3;29.04.2016 13:00;1,33431;
Natriumchlorid;7;29.04.2016 13:00;1,11398;
Natriumchlorid;8;29.04.2016 13:00;0,592987;
Natriumchlorid;5;29.04.2016 13:00;0,547458;
Natriumchlorid;4;29.04.2016 13:00;0,403008;
Natriumchlorid;6;29.04.2016 13:00;0,326263;
Natriumchlorid;2;29.04.2016 13:00;0,298239;
Natriumchlorid;1;29.04.2016 13:00;0,238665;
Natriumchlorid;9;29.04.2016 13:00;0,183112;
Arsen;8;29.04.2016 13:00;0,935329;
Arsen;6;29.04.2016 13:00;0,819084;
Arsen;7;29.04.2016 13:00;0,788706;
Arsen;2;29.04.2016 13:00;0,576412;
Arsen;3;29.04.2016 13:00;0,422982;
Arsen;4;29.04.2016 13:00;0,388384;
Arsen;5;29.04.2016 13:00;0,155783;
Arsen;9;29.04.2016 13:00;0,142843;
Arsen;1;29.04.2016 13:00;0,132192;
Benzol;7;29.04.2016 13:00;1,00388;
Benzol;3;29.04.2016 13:00;0,62361;
Benzol;4;29.04.2016 13:00;0,596883;
Benzol;9;29.04.2016 13:00;0,485917;
Benzol;6;29.04.2016 13:00;0,328176;
Benzol;1;29.04.2016 13:00;0,324899;
Benzol;5;29.04.2016 13:00;0,309725;
Benzol;2;29.04.2016 13:00;0,185998;
Benzol;8;29.04.2016 13:00;0,126979;
Anilin;3;29.04.2016 13:00;3,13129;
Anilin;2;29.04.2016 13:00;1,09868;
Anilin;6;29.04.2016 13:00;0,700286;
Anilin;4;29.04.2016 13:00;0,607452;
Anilin;9;29.04.2016 13:00;0,321643;
Anilin;1;29.04.2016 13:00;0,310186;
Anilin;8;29.04.2016 13:00;0,293033;
Anilin;7;29.04.2016 13:00;0,133212;
Anilin;5;29.04.2016 13:00;0,0614305;
Natriumchlorid;3;29.04.2016 14:00;1,66073;
Natriumchlorid;2;29.04.2016 14:00;0,944567;
Natriumchlorid;5;29.04.2016 14:00;0,805691;
Natriumchlorid;4;29.04.2016 14:00;0,384045;
Natriumchlorid;7;29.04.2016 14:00;0,37896;
Natriumchlorid;9;29.04.2016 14:00;0,271612;
Natriumchlorid;6;29.04.2016 14:00;0,21284;
Natriumchlorid;1;29.04.2016 14:00;0,0219619;
Natriumchlorid;8;29.04.2016 14:00;0,00444684;
Arsen;3;29.04.2016 14:00;0,783002;
Arsen;5;29.04.2016 14:00;0,68306;
Arsen;8;29.04.2016 14:00;0,619659;
Arsen;6;29.04.2016 14:00;0,578402;
Arsen;7;29.04.2016 14:00;0,409222;
Arsen;4;29.04.2016 14:00;0,242917;
Arsen;9;29.04.2016 14:00;0,16808;
Arsen;1;29.04.2016 14:00;0,0924724;
Arsen;2;29.04.2016 14:00;0,0185925;
Benzol;4;29.04.2016 14:00;0,775625;
Benzol;3;29.04.2016 14:00;0,765681;
Benzol;5;29.04.2016 14:00;0,722661;
Benzol;7;29.04.2016 14:00;0,615302;
Benzol;2;29.04.2016 14:00;0,61254;
Benzol;8;29.04.2016 14:00;0,458051;
Benzol;6;29.04.2016 14:00;0,429489;
Benzol;1;29.04.2016 14:00;0,296579;
Benzol;9;29.04.2016 14:00;0,162628;
Anilin;8;29.04.2016 14:00;1,01694;
Anilin;9;29.04.2016 14:00;0,459853;
Anilin;3;29.04.2016 14:00;0,45334;
Anilin;6;29.04.2016 14:00;0,442131;
Anilin;4;29.04.2016 14:00;0,41564;
Anilin;5;29.04.2016 14:00;0,39561;
Anilin;2;29.04.2016 14:00;0,282935;
Anilin;7;29.04.2016 14:00;0,163248;
Anilin;1;29.04.2016 14:00;0,100886;
Natriumchlorid;3;29.04.2016 15:00;1,30528;
Natriumchlorid;9;29.04.2016 15:00;0,440992;
Natriumchlorid;6;29.04.2016 15:00;0,397299;
Natriumchlorid;1;29.04.2016 15:00;0,317835;
Natriumchlorid;2;29.04.2016 15:00;0,165426;
Natriumchlorid;4;29.04.2016 15:00;0,0886813;
Natriumchlorid;5;29.04.2016 15:00;0,0807841;
Natriumchlorid;7;29.04.2016 15:00;0,0712866;
Natriumchlorid;8;29.04.2016 15:00;0,0106217;
Arsen;7;29.04.2016 15:00;0,618555;
Arsen;9;29.04.2016 15:00;0,520973;
Arsen;2;29.04.2016 15:00;0,326543;
Arsen;8;29.04.2016 15:00;0,315706;
Arsen;4;29.04.2016 15:00;0,307947;
Arsen;1;29.04.2016 15:00;0,160774;
Arsen;5;29.04.2016 15:00;0,0454843;
Arsen;6;29.04.2016 15:00;0,0368849;
Arsen;3;29.04.2016 15:00;0,00721501;
Benzol;4;29.04.2016 15:00;0,845093;
Benzol;2;29.04.2016 15:00;0,481599;
Benzol;6;29.04.2016 15:00;0,431781;
Benzol;5;29.04.2016 15:00;0,405027;
Benzol;1;29.04.2016 15:00;0,266286;
Benzol;3;29.04.2016 15:00;0,204998;
Benzol;9;29.04.2016 15:00;0,193397;
Benzol;7;29.04.2016 15:00;0,164541;
Benzol;8;29.04.2016 15:00;0,133088;
Anilin;3;29.04.2016 15:00;3,05965;
Anilin;2;29.04.2016 15:00;1,02852;
Anilin;9;29.04.2016 15:00;0,562212;
Anilin;7;29.04.2016 15:00;0,46894;
Anilin;6;29.04.2016 15:00;0,393275;
Anilin;5;29.04.2016 15:00;0,338174;
Anilin;8;29.04.2016 15:00;0,21587;
Anilin;1;29.04.2016 15:00;0,0543049;
Anilin;4;29.04.2016 15:00;0,0425343;
Natriumchlorid;8;29.04.2016 16:00;0,793378;
Natriumchlorid;6;29.04.2016 16:00;0,587563;
Natriumchlorid;9;29.04.2016 16:00;0,50598;
Natriumchlorid;1;29.04.2016 16:00;0,364977;
Natriumchlorid;5;29.04.2016 16:00;0,222061;
Natriumchlorid;4;29.04.2016 16:00;0,162606;
Natriumchlorid;3;29.04.2016 16:00;0,130435;
Natriumchlorid;2;29.04.2016 16:00;0,127186;
Natriumchlorid;7;29.04.2016 16:00;0,0930081;
Arsen;7;29.04.2016 16:00;1,10108;
Arsen;3;29.04.2016 16:00;1,01833;
Arsen;6;29.04.2016 16:00;0,412822;
Arsen;5;29.04.2016 16:00;0,287625;
Arsen;4;29.04.2016 16:00;0,222937;
Arsen;8;29.04.2016 16:00;0,118496;
Arsen;1;29.04.2016 16:00;0,11836;
Arsen;2;29.04.2016 16:00;0,039138;
Arsen;9;29.04.2016 16:00;0,00959137;
Benzol;7;29.04.2016 16:00;1,60323;
Benzol;3;29.04.2016 16:00;0,598482;
Benzol;2;29.04.2016 16:00;0,527638;
Benzol;6;29.04.2016 16:00;0,468959;
Benzol;5;29.04.2016 16:00;0,412609;
Benzol;8;29.04.2016 16:00;0,206635;
Benzol;1;29.04.2016 16:00;0,17867;
Benzol;9;29.04.2016 16:00;0,156867;
Benzol;4;29.04.2016 16:00;0,119786;
Anilin;3;29.04.2016 16:00;3,44024;
Anilin;7;29.04.2016 16:00;0,997063;
Anilin;1;29.04.2016 16:00;0,646707;
Anilin;5;29.04.2016 16:00;0,40186;
Anilin;2;29.04.2016 16:00;0,390858;
Anilin;4;29.04.2016 16:00;0,322226;
Anilin;8;29.04.2016 16:00;0,258699;
Anilin;6;29.04.2016 16:00;0,142583;
Anilin;9;29.04.2016 16:00;0,00565462;
Natriumchlorid;3;29.04.2016 17:00;1,63581;
Natriumchlorid;4;29.04.2016 17:00;0,544763;
Natriumchlorid;8;29.04.2016 17:00;0,452768;
Natriumchlorid;6;29.04.2016 17:00;0,439195;
Natriumchlorid;1;29.04.2016 17:00;0,398233;
Natriumchlorid;7;29.04.2016 17:00;0,390684;
Natriumchlorid;9;29.04.2016 17:00;0,268695;
Natriumchlorid;5;29.04.2016 17:00;0,146539;
Natriumchlorid;2;29.04.2016 17:00;0,0125425;
Arsen;7;29.04.2016 17:00;1,3535;
Arsen;4;29.04.2016 17:00;0,612762;
Arsen;3;29.04.2016 17:00;0,523469;
Arsen;5;29.04.2016 17:00;0,43574;
Arsen;6;29.04.2016 17:00;0,286702;
Arsen;8;29.04.2016 17:00;0,20029;
Arsen;9;29.04.2016 17:00;0,133146;
Arsen;2;29.04.2016 17:00;0,0790403;
Arsen;1;29.04.2016 17:00;0,0580302;
Benzol;7;29.04.2016 17:00;0,749064;
Benzol;6;29.04.2016 17:00;0,747385;
Benzol;9;29.04.2016 17:00;0,720231;
Benzol;8;29.04.2016 17:00;0,410022;
Benzol;4;29.04.2016 17:00;0,400193;
Benzol;1;29.04.2016 17:00;0,396144;
Benzol;2;29.04.2016 17:00;0,332217;
Benzol;3;29.04.2016 17:00;0,243968;
Benzol;5;29.04.2016 17:00;0,013685;
Anilin;3;29.04.2016 17:00;2,31899;
Anilin;8;29.04.2016 17:00;1,34975;
Anilin;9;29.04.2016 17:00;0,682381;
Anilin;7;29.04.2016 17:00;0,621397;
Anilin;6;29.04.2016 17:00;0,330634;
Anilin;4;29.04.2016 17:00;0,308088;
Anilin;2;29.04.2016 17:00;0,246693;
Anilin;5;29.04.2016 17:00;0,00519452;
Anilin;1;29.04.2016 17:00;0,00293842;
Natriumchlorid;5;29.04.2016 18:00;0,779241;
Natriumchlorid;6;29.04.2016 18:00;0,686257;
Natriumchlorid;4;29.04.2016 18:00;0,635492;
Natriumchlorid;2;29.04.2016 18:00;0,585806;
Natriumchlorid;1;29.04.2016 18:00;0,369185;
Natriumchlorid;8;29.04.2016 18:00;0,19886;
Natriumchlorid;7;29.04.2016 18:00;0,148815;
Natriumchlorid;3;29.04.2016 18:00;0,112556;
Natriumchlorid;9;29.04.2016 18:00;0,100453;
Arsen;8;29.04.2016 18:00;1,04448;
Arsen;3;29.04.2016 18:00;0,46042;
Arsen;6;29.04.2016 18:00;0,271455;
Arsen;1;29.04.2016 18:00;0,261296;
Arsen;2;29.04.2016 18:00;0,256197;
Arsen;9;29.04.2016 18:00;0,180654;
Arsen;7;29.04.2016 18:00;0,178796;
Arsen;5;29.04.2016 18:00;0,147757;
Arsen;4;29.04.2016 18:00;0,0338687;
Benzol;3;29.04.2016 18:00;3,74025;
Benzol;8;29.04.2016 18:00;0,648868;
Benzol;6;29.04.2016 18:00;0,49198;
Benzol;2;29.04.2016 18:00;0,41404;
Benzol;4;29.04.2016 18:00;0,400729;
Benzol;1;29.04.2016 18:00;0,307277;
Benzol;9;29.04.2016 18:00;0,272599;
Benzol;7;29.04.2016 18:00;0,188089;
Benzol;5;29.04.2016 18:00;0,120401;
Anilin;3;29.04.2016 18:00;0,729619;
Anilin;4;29.04.2016 18:00;0,648737;
Anilin;2;29.04.2016 18:00;0,469402;
Anilin;9;29.04.2016 18:00;0,464001;
Anilin;8;29.04.2016 18:00;0,292652;
Anilin;6;29.04.2016 18:00;0,256866;
Anilin;5;29.04.2016 18:00;0,181794;
Anilin;1;29.04.2016 18:00;0,0805373;
Anilin;7;29.04.2016 18:00;0,039819;
Natriumchlorid;3;29.04.2016 19:00;3,54092;
Natriumchlorid;2;29.04.2016 19:00;0,631601;
Natriumchlorid;7;29.04.2016 19:00;0,512786;
Natriumchlorid;5;29.04.2016 19:00;0,393631;
Natriumchlorid;1;29.04.2016 19:00;0,379201;
Natriumchlorid;8;29.04.2016 19:00;0,353553;
Natriumchlorid;6;29.04.2016 19:00;0,326492;
Natriumchlorid;9;29.04.2016 19:00;0,16794;
Natriumchlorid;4;29.04.2016 19:00;0,157122;
Arsen;3;29.04.2016 19:00;1,09071;
Arsen;8;29.04.2016 19:00;0,706974;
Arsen;5;29.04.2016 19:00;0,663013;
Arsen;4;29.04.2016 19:00;0,626662;
Arsen;7;29.04.2016 19:00;0,359742;
Arsen;6;29.04.2016 19:00;0,3517;
Arsen;2;29.04.2016 19:00;0,238287;
Arsen;1;29.04.2016 19:00;0,0863968;
Arsen;9;29.04.2016 19:00;0,00671268;
Benzol;3;29.04.2016 19:00;0,954452;
Benzol;8;29.04.2016 19:00;0,905448;
Benzol;7;29.04.2016 19:00;0,471188;
Benzol;2;29.04.2016 19:00;0,319453;
Benzol;5;29.04.2016 19:00;0,3016;
Benzol;9;29.04.2016 19:00;0,296992;
Benzol;4;29.04.2016 19:00;0,275919;
Benzol;1;29.04.2016 19:00;0,232246;
Benzol;6;29.04.2016 19:00;0,173311;
Anilin;8;29.04.2016 19:00;1,07887;
Anilin;7;29.04.2016 19:00;0,84672;
Anilin;6;29.04.2016 19:00;0,44605;
Anilin;9;29.04.2016 19:00;0,351767;
Anilin;4;29.04.2016 19:00;0,261071;
Anilin;3;29.04.2016 19:00;0,222526;
Anilin;1;29.04.2016 19:00;0,18524;
Anilin;5;29.04.2016 19:00;0,165069;
Anilin;2;29.04.2016 19:00;0,0387129;
Natriumchlorid;3;29.04.2016 20:00;1,93922;
Natriumchlorid;8;29.04.2016 20:00;1,1425;
Natriumchlorid;4;29.04.2016 20:00;0,865094;
Natriumchlorid;2;29.04.2016 20:00;0,616887;
Natriumchlorid;7;29.04.2016 20:00;0,598452;
Natriumchlorid;9;29.04.2016 20:00;0,317745;
Natriumchlorid;6;29.04.2016 20:00;0,128272;
Natriumchlorid;5;29.04.2016 20:00;0,0442793;
Natriumchlorid;1;29.04.2016 20:00;0,0236043;
Arsen;3;29.04.2016 20:00;0,639711;
Arsen;8;29.04.2016 20:00;0,483481;
Arsen;9;29.04.2016 20:00;0,386639;
Arsen;4;29.04.2016 20:00;0,29005;
Arsen;1;29.04.2016 20:00;0,279367;
Arsen;5;29.04.2016 20:00;0,278947;
Arsen;2;29.04.2016 20:00;0,141179;
Arsen;6;29.04.2016 20:00;0,129308;
Arsen;7;29.04.2016 20:00;0,0235107;
Benzol;8;29.04.2016 20:00;0,5259;
Benzol;6;29.04.2016 20:00;0,503498;
Benzol;7;29.04.2016 20:00;0,402592;
Benzol;5;29.04.2016 20:00;0,265284;
Benzol;9;29.04.2016 20:00;0,166126;
Benzol;3;29.04.2016 20:00;0,139194;
Benzol;4;29.04.2016 20:00;0,126966;
Benzol;2;29.04.2016 20:00;0,0443903;
Benzol;1;29.04.2016 20:00;0,0318843;
Anilin;8;29.04.2016 20:00;0,75594;
Anilin;7;29.04.2016 20:00;0,728811;
Anilin;3;29.04.2016 20:00;0,693401;
Anilin;2;29.04.2016 20:00;0,409702;
Anilin;4;29.04.2016 20:00;0,312301;
Anilin;6;29.04.2016 20:00;0,291431;
Anilin;1;29.04.2016 20:00;0,184141;
Anilin;5;29.04.2016 20:00;0,108447;
Anilin;9;29.04.2016 20:00;0,0100032;
Natriumchlorid;3;29.04.2016 21:00;2,1296;
Natriumchlorid;7;29.04.2016 21:00;1,04347;
Natriumchlorid;8;29.04.2016 21:00;0,947097;
Natriumchlorid;6;29.04.2016 21:00;0,72355;
Natriumchlorid;5;29.04.2016 21:00;0,467497;
Natriumchlorid;4;29.04.2016 21:00;0,390303;
Natriumchlorid;2;29.04.2016 21:00;0,300389;
Natriumchlorid;9;29.04.2016 21:00;0,178335;
Natriumchlorid;1;29.04.2016 21:00;0,0628713;
Arsen;1;29.04.2016 21:00;0,605873;
Arsen;2;29.04.2016 21:00;0,571909;
Arsen;9;29.04.2016 21:00;0,442358;
Arsen;4;29.04.2016 21:00;0,362945;
Arsen;7;29.04.2016 21:00;0,330981;
Arsen;8;29.04.2016 21:00;0,166545;
Arsen;3;29.04.2016 21:00;0,161793;
Arsen;5;29.04.2016 21:00;0,0714781;
Arsen;6;29.04.2016 21:00;0,045787;
Benzol;3;29.04.2016 21:00;1,36427;
Benzol;7;29.04.2016 21:00;0,864081;
Benzol;8;29.04.2016 21:00;0,543355;
Benzol;4;29.04.2016 21:00;0,315085;
Benzol;9;29.04.2016 21:00;0,229814;
Benzol;6;29.04.2016 21:00;0,219539;
Benzol;1;29.04.2016 21:00;0,0928115;
Benzol;5;29.04.2016 21:00;0,0268094;
Benzol;2;29.04.2016 21:00;0,0101703;
Anilin;2;29.04.2016 21:00;0,61937;
Anilin;3;29.04.2016 21:00;0,592781;
Anilin;7;29.04.2016 21:00;0,553452;
Anilin;6;29.04.2016 21:00;0,521109;
Anilin;5;29.04.2016 21:00;0,355698;
Anilin;9;29.04.2016 21:00;0,201877;
Anilin;8;29.04.2016 21:00;0,1929;
Anilin;4;29.04.2016 21:00;0,0565725;
Anilin;1;29.04.2016 21:00;0,00209122;
Natriumchlorid;7;29.04.2016 22:00;2,41812;
Natriumchlorid;3;29.04.2016 22:00;1,6397;
Natriumchlorid;6;29.04.2016 22:00;0,727287;
Natriumchlorid;2;29.04.2016 22:00;0,551236;
Natriumchlorid;4;29.04.2016 22:00;0,543782;
Natriumchlorid;5;29.04.2016 22:00;0,244236;
Natriumchlorid;1;29.04.2016 22:00;0,165163;
Natriumchlorid;9;29.04.2016 22:00;0,135684;
Natriumchlorid;8;29.04.2016 22:00;0,127172;
Arsen;2;29.04.2016 22:00;0,739099;
Arsen;8;29.04.2016 22:00;0,532508;
Arsen;4;29.04.2016 22:00;0,482349;
Arsen;9;29.04.2016 22:00;0,293445;
Arsen;1;29.04.2016 22:00;0,23946;
Arsen;6;29.04.2016 22:00;0,20094;
Arsen;3;29.04.2016 22:00;0,17274;
Arsen;7;29.04.2016 22:00;0,12642;
Arsen;5;29.04.2016 22:00;0,0492252;
Benzol;3;29.04.2016 22:00;1,81204;
Benzol;5;29.04.2016 22:00;0,220255;
Benzol;7;29.04.2016 22:00;0,217657;
Benzol;8;29.04.2016 22:00;0,171318;
Benzol;4;29.04.2016 22:00;0,147445;
Benzol;6;29.04.2016 22:00;0,133009;
Benzol;2;29.04.2016 22:00;0,130557;
Benzol;9;29.04.2016 22:00;0,106947;
Benzol;1;29.04.2016 22:00;0,0449287;
Anilin;3;29.04.2016 22:00;4,39846;
Anilin;4;29.04.2016 22:00;0,485297;
Anilin;6;29.04.2016 22:00;0,420561;
Anilin;8;29.04.2016 22:00;0,233547;
Anilin;1;29.04.2016 22:00;0,231037;
Anilin;2;29.04.2016 22:00;0,189978;
Anilin;9;29.04.2016 22:00;0,0934468;
Anilin;5;29.04.2016 22:00;0,0735584;
Anilin;7;29.04.2016 22:00;0,0126627;
Natriumchlorid;5;29.04.2016 23:00;0,540775;
Natriumchlorid;8;29.04.2016 23:00;0,527283;
Natriumchlorid;2;29.04.2016 23:00;0,500158;
Natriumchlorid;7;29.04.2016 23:00;0,489848;
Natriumchlorid;3;29.04.2016 23:00;0,443526;
Natriumchlorid;1;29.04.2016 23:00;0,279185;
Natriumchlorid;9;29.04.2016 23:00;0,254515;
Natriumchlorid;6;29.04.2016 23:00;0,202091;
Natriumchlorid;4;29.04.2016 23:00;0,184377;
Arsen;5;29.04.2016 23:00;0,667911;
Arsen;6;29.04.2016 23:00;0,559702;
Arsen;8;29.04.2016 23:00;0,385876;
Arsen;4;29.04.2016 23:00;0,348952;
Arsen;1;29.04.2016 23:00;0,3482;
Arsen;2;29.04.2016 23:00;0,329983;
Arsen;9;29.04.2016 23:00;0,276182;
Arsen;3;29.04.2016 23:00;0,185294;
Arsen;7;29.04.2016 23:00;0,185254;
Benzol;6;29.04.2016 23:00;2,99847;
Benzol;3;29.04.2016 23:00;0,484076;
Benzol;8;29.04.2016 23:00;0,368148;
Benzol;5;29.04.2016 23:00;0,257548;
Benzol;1;29.04.2016 23:00;0,222223;
Benzol;7;29.04.2016 23:00;0,211185;
Benzol;9;29.04.2016 23:00;0,143576;
Benzol;2;29.04.2016 23:00;0,048852;
Benzol;4;29.04.2016 23:00;0,0187384;
Anilin;3;29.04.2016 23:00;1,74488;
Anilin;7;29.04.2016 23:00;0,938645;
Anilin;6;29.04.2016 23:00;0,664513;
Anilin;4;29.04.2016 23:00;0,306742;
Anilin;8;29.04.2016 23:00;0,210584;
Anilin;9;29.04.2016 23:00;0,203879;
Anilin;1;29.04.2016 23:00;0,169505;
Anilin;5;29.04.2016 23:00;0,16342;
Anilin;2;29.04.2016 23:00;0,0807205;
Natriumchlorid;3;30.04.2016 00:00;1,00932;
Natriumchlorid;4;30.04.2016 00:00;0,524944;
Natriumchlorid;1;30.04.2016 00:00;0,402071;
Natriumchlorid;2;30.04.2016 00:00;0,30647;
Natriumchlorid;8;30.04.2016 00:00;0,26691;
Natriumchlorid;5;30.04.2016 00:00;0,135864;
Natriumchlorid;9;30.04.2016 00:00;0,101377;
Natriumchlorid;6;30.04.2016 00:00;0,0754268;
Natriumchlorid;7;30.04.2016 00:00;0,052056;
Arsen;3;30.04.2016 00:00;0,928401;
Arsen;2;30.04.2016 00:00;0,58644;
Arsen;7;30.04.2016 00:00;0,479633;
Arsen;8;30.04.2016 00:00;0,420005;
Arsen;1;30.04.2016 00:00;0,275705;
Arsen;9;30.04.2016 00:00;0,117244;
Arsen;4;30.04.2016 00:00;0,104649;
Arsen;5;30.04.2016 00:00;0,0781584;
Arsen;6;30.04.2016 00:00;0,00328569;
Benzol;3;30.04.2016 00:00;5,15563;
Benzol;5;30.04.2016 00:00;0,598444;
Benzol;6;30.04.2016 00:00;0,496872;
Benzol;1;30.04.2016 00:00;0,387563;
Benzol;9;30.04.2016 00:00;0,338449;
Benzol;8;30.04.2016 00:00;0,325537;
Benzol;2;30.04.2016 00:00;0,211491;
Benzol;4;30.04.2016 00:00;0,152615;
Benzol;7;30.04.2016 00:00;0,150853;
Anilin;2;30.04.2016 00:00;0,797101;
Anilin;8;30.04.2016 00:00;0,344236;
Anilin;5;30.04.2016 00:00;0,204452;
Anilin;4;30.04.2016 00:00;0,171507;
Anilin;7;30.04.2016 00:00;0,16982;
Anilin;9;30.04.2016 00:00;0,124745;
Anilin;6;30.04.2016 00:00;0,112287;
Anilin;3;30.04.2016 00:00;0,081538;
Anilin;1;30.04.2016 00:00;0,0534057;
Natriumchlorid;3;30.04.2016 01:00;2,94709;
Natriumchlorid;6;30.04.2016 01:00;0,760957;
Natriumchlorid;4;30.04.2016 01:00;0,669814;
Natriumchlorid;7;30.04.2016 01:00;0,545562;
Natriumchlorid;5;30.04.2016 01:00;0,313655;
Natriumchlorid;2;30.04.2016 01:00;0,311255;
Natriumchlorid;1;30.04.2016 01:00;0,249688;
Natriumchlorid;8;30.04.2016 01:00;0,135149;
Natriumchlorid;9;30.04.2016 01:00;0,0723374;
Arsen;7;30.04.2016 01:00;1,50718;
Arsen;4;30.04.2016 01:00;0,607417;
Arsen;8;30.04.2016 01:00;0,404911;
Arsen;3;30.04.2016 01:00;0,340298;
Arsen;9;30.04.2016 01:00;0,268489;
Arsen;5;30.04.2016 01:00;0,138069;
Arsen;1;30.04.2016 01:00;0,123192;
Arsen;6;30.04.2016 01:00;0,105762;
Arsen;2;30.04.2016 01:00;0,0288049;
Benzol;7;30.04.2016 01:00;0,912943;
Benzol;4;30.04.2016 01:00;0,427368;
Benzol;2;30.04.2016 01:00;0,368081;
Benzol;5;30.04.2016 01:00;0,314533;
Benzol;8;30.04.2016 01:00;0,294523;
Benzol;6;30.04.2016 01:00;0,138394;
Benzol;3;30.04.2016 01:00;0,124191;
Benzol;1;30.04.2016 01:00;0,0505691;
Benzol;9;30.04.2016 01:00;0,0349989;
Anilin;7;30.04.2016 01:00;1,1587;
Anilin;3;30.04.2016 01:00;0,56906;
Anilin;6;30.04.2016 01:00;0,397101;
Anilin;5;30.04.2016 01:00;0,231905;
Anilin;9;30.04.2016 01:00;0,218946;
Anilin;8;30.04.2016 01:00;0,126978;
Anilin;4;30.04.2016 01:00;0,0961841;
Anilin;2;30.04.2016 01:00;0,0459557;
Anilin;1;30.04.2016 01:00;0,0153902;
Natriumchlorid;3;30.04.2016 02:00;1,39387;
Natriumchlorid;7;30.04.2016 02:00;0,779142;
Natriumchlorid;6;30.04.2016 02:00;0,623576;
Natriumchlorid;4;30.04.2016 02:00;0,344499;
Natriumchlorid;1;30.04.2016 02:00;0,163609;
Natriumchlorid;8;30.04.2016 02:00;0,129099;
Natriumchlorid;2;30.04.2016 02:00;0,0999959;
Natriumchlorid;9;30.04.2016 02:00;0,0539873;
Natriumchlorid;5;30.04.2016 02:00;0,0336639;
Arsen;3;30.04.2016 02:00;1,65156;
Arsen;8;30.04.2016 02:00;0,592711;
Arsen;6;30.04.2016 02:00;0,433285;
Arsen;5;30.04.2016 02:00;0,344748;
Arsen;7;30.04.2016 02:00;0,319308;
Arsen;1;30.04.2016 02:00;0,291258;
Arsen;2;30.04.2016 02:00;0,111321;
Arsen;4;30.04.2016 02:00;0,0601168;
Arsen;9;30.04.2016 02:00;0,0328761;
Benzol;3;30.04.2016 02:00;2,45713;
Benzol;6;30.04.2016 02:00;0,681894;
Benzol;2;30.04.2016 02:00;0,635167;
Benzol;9;30.04.2016 02:00;0,489621;
Benzol;1;30.04.2016 02:00;0,440393;
Benzol;4;30.04.2016 02:00;0,440282;
Benzol;5;30.04.2016 02:00;0,321881;
Benzol;8;30.04.2016 02:00;0,101745;
Benzol;7;30.04.2016 02:00;0,0382596;
Anilin;3;30.04.2016 02:00;2,13097;
Anilin;7;30.04.2016 02:00;0,544098;
Anilin;4;30.04.2016 02:00;0,370792;
Anilin;8;30.04.2016 02:00;0,368923;
Anilin;6;30.04.2016 02:00;0,288691;
Anilin;5;30.04.2016 02:00;0,286587;
Anilin;9;30.04.2016 02:00;0,155002;
Anilin;2;30.04.2016 02:00;0,0820822;
Anilin;1;30.04.2016 02:00;0,0662846;
Natriumchlorid;3;30.04.2016 03:00;1,12038;
Natriumchlorid;8;30.04.2016 03:00;0,923862;
Natriumchlorid;7;30.04.2016 03:00;0,418245;
Natriumchlorid;5;30.04.2016 03:00;0,235954;
Natriumchlorid;4;30.04.2016 03:00;0,207005;
Natriumchlorid;1;30.04.2016 03:00;0,140402;
Natriumchlorid;2;30.04.2016 03:00;0,116048;
Natriumchlorid;9;30.04.2016 03:00;0,0930762;
Natriumchlorid;6;30.04.2016 03:00;0,085142;
Arsen;2;30.04.2016 03:00;1,62539;
Arsen;3;30.04.2016 03:00;1,49852;
Arsen;1;30.04.2016 03:00;0,609291;
Arsen;4;30.04.2016 03:00;0,552249;
Arsen;5;30.04.2016 03:00;0,515507;
Arsen;9;30.04.2016 03:00;0,1814;
Arsen;6;30.04.2016 03:00;0,167094;
Arsen;8;30.04.2016 03:00;0,149235;
Arsen;7;30.04.2016 03:00;0,0290922;
Benzol;3;30.04.2016 03:00;2,10385;
Benzol;9;30.04.2016 03:00;0,519485;
Benzol;5;30.04.2016 03:00;0,495914;
Benzol;7;30.04.2016 03:00;0,471483;
Benzol;4;30.04.2016 03:00;0,442542;
Benzol;6;30.04.2016 03:00;0,318277;
Benzol;1;30.04.2016 03:00;0,290842;
Benzol;2;30.04.2016 03:00;0,244192;
Benzol;8;30.04.2016 03:00;0,123686;
Anilin;7;30.04.2016 03:00;2,21009;
Anilin;2;30.04.2016 03:00;0,546492;
Anilin;1;30.04.2016 03:00;0,506276;
Anilin;8;30.04.2016 03:00;0,401545;
Anilin;4;30.04.2016 03:00;0,349671;
Anilin;6;30.04.2016 03:00;0,334408;
Anilin;9;30.04.2016 03:00;0,21411;
Anilin;5;30.04.2016 03:00;0,149557;
Anilin;3;30.04.2016 03:00;0,0594186;
Natriumchlorid;7;30.04.2016 04:00;1,69777;
Natriumchlorid;6;30.04.2016 04:00;0,713491;
Natriumchlorid;3;30.04.2016 04:00;0,676872;
Natriumchlorid;4;30.04.2016 04:00;0,457931;
Natriumchlorid;8;30.04.2016 04:00;0,410696;
Natriumchlorid;2;30.04.2016 04:00;0,141856;
Natriumchlorid;9;30.04.2016 04:00;0,0779522;
Natriumchlorid;5;30.04.2016 04:00;0,0512134;
Natriumchlorid;1;30.04.2016 04:00;0,0220528;
Arsen;3;30.04.2016 04:00;0,588462;
Arsen;8;30.04.2016 04:00;0,45175;
Arsen;6;30.04.2016 04:00;0,439616;
Arsen;4;30.04.2016 04:00;0,43199;
Arsen;9;30.04.2016 04:00;0,245705;
Arsen;1;30.04.2016 04:00;0,243572;
Arsen;7;30.04.2016 04:00;0,135479;
Arsen;2;30.04.2016 04:00;0,133369;
Arsen;5;30.04.2016 04:00;0,0846833;
Benzol;7;30.04.2016 04:00;0,967102;
Benzol;3;30.04.2016 04:00;0,914624;
Benzol;4;30.04.2016 04:00;0,5523;
Benzol;8;30.04.2016 04:00;0,407176;
Benzol;2;30.04.2016 04:00;0,377352;
Benzol;1;30.04.2016 04:00;0,291691;
Benzol;5;30.04.2016 04:00;0,23658;
Benzol;6;30.04.2016 04:00;0,187053;
Benzol;9;30.04.2016 04:00;0,156569;
Anilin;3;30.04.2016 04:00;1,57489;
Anilin;7;30.04.2016 04:00;1,28042;
Anilin;6;30.04.2016 04:00;0,773415;
Anilin;1;30.04.2016 04:00;0,396987;
Anilin;9;30.04.2016 04:00;0,38347;
Anilin;2;30.04.2016 04:00;0,30153;
Anilin;4;30.04.2016 04:00;0,28143;
Anilin;8;30.04.2016 04:00;0,229503;
Anilin;5;30.04.2016 04:00;0,0935189;
Natriumchlorid;8;30.04.2016 05:00;0,60675;
Natriumchlorid;3;30.04.2016 05:00;0,59999;
Natriumchlorid;5;30.04.2016 05:00;0,451853;
Natriumchlorid;6;30.04.2016 05:00;0,442742;
Natriumchlorid;9;30.04.2016 05:00;0,365666;
Natriumchlorid;4;30.04.2016 05:00;0,310181;
Natriumchlorid;1;30.04.2016 05:00;0,284074;
Natriumchlorid;7;30.04.2016 05:00;0,269913;
Natriumchlorid;2;30.04.2016 05:00;0,217891;
Arsen;7;30.04.2016 05:00;1,4906;
Arsen;6;30.04.2016 05:00;1,20187;
Arsen;8;30.04.2016 05:00;0,696642;
Arsen;5;30.04.2016 05:00;0,600569;
Arsen;1;30.04.2016 05:00;0,524688;
Arsen;4;30.04.2016 05:00;0,267894;
Arsen;3;30.04.2016 05:00;0,181257;
Arsen;2;30.04.2016 05:00;0,163782;
Arsen;9;30.04.2016 05:00;0,0955391;
Benzol;3;30.04.2016 05:00;2,35728;
Benzol;7;30.04.2016 05:00;0,863541;
Benzol;4;30.04.2016 05:00;0,788056;
Benzol;2;30.04.2016 05:00;0,614786;
Benzol;6;30.04.2016 05:00;0,609103;
Benzol;9;30.04.2016 05:00;0,512866;
Benzol;8;30.04.2016 05:00;0,373497;
Benzol;5;30.04.2016 05:00;0,362128;
Benzol;1;30.04.2016 05:00;0,0690755;
Anilin;3;30.04.2016 05:00;1,41768;
Anilin;7;30.04.2016 05:00;0,825922;
Anilin;6;30.04.2016 05:00;0,605906;
Anilin;9;30.04.2016 05:00;0,311989;
Anilin;1;30.04.2016 05:00;0,298439;
Anilin;8;30.04.2016 05:00;0,294934;
Anilin;4;30.04.2016 05:00;0,278371;
Anilin;5;30.04.2016 05:00;0,242542;
Anilin;2;30.04.2016 05:00;0,0510628;
Natriumchlorid;3;30.04.2016 06:00;1,5036;
Natriumchlorid;8;30.04.2016 06:00;0,536686;
Natriumchlorid;4;30.04.2016 06:00;0,534298;
Natriumchlorid;2;30.04.2016 06:00;0,427088;
Natriumchlorid;7;30.04.2016 06:00;0,420521;
Natriumchlorid;1;30.04.2016 06:00;0,323748;
Natriumchlorid;6;30.04.2016 06:00;0,20104;
Natriumchlorid;5;30.04.2016 06:00;0,186897;
Natriumchlorid;9;30.04.2016 06:00;0,128632;
Arsen;3;30.04.2016 06:00;1,15131;
Arsen;6;30.04.2016 06:00;0,726357;
Arsen;4;30.04.2016 06:00;0,644896;
Arsen;9;30.04.2016 06:00;0,473783;
Arsen;7;30.04.2016 06:00;0,267136;
Arsen;5;30.04.2016 06:00;0,213282;
Arsen;2;30.04.2016 06:00;0,194123;
Arsen;8;30.04.2016 06:00;0,0969288;
Arsen;1;30.04.2016 06:00;0,0368088;
Benzol;3;30.04.2016 06:00;0,415126;
Benzol;8;30.04.2016 06:00;0,39607;
Benzol;4;30.04.2016 06:00;0,340721;
Benzol;2;30.04.2016 06:00;0,3077;
Benzol;7;30.04.2016 06:00;0,217253;
Benzol;1;30.04.2016 06:00;0,0958374;
Benzol;5;30.04.2016 06:00;0,0704767;
Benzol;9;30.04.2016 06:00;0,0529964;
Benzol;6;30.04.2016 06:00;0,0473798;
Anilin;3;30.04.2016 06:00;1,05142;
Anilin;2;30.04.2016 06:00;0,764367;
Anilin;5;30.04.2016 06:00;0,402106;
Anilin;7;30.04.2016 06:00;0,28611;
Anilin;9;30.04.2016 06:00;0,172782;
Anilin;4;30.04.2016 06:00;0,150073;
Anilin;8;30.04.2016 06:00;0,137736;
Anilin;1;30.04.2016 06:00;0,0210782;
Anilin;6;30.04.2016 06:00;0,0143894;
Natriumchlorid;3;30.04.2016 07:00;1,12577;
Natriumchlorid;4;30.04.2016 07:00;0,793378;
Natriumchlorid;6;30.04.2016 07:00;0,757502;
Natriumchlorid;2;30.04.2016 07:00;0,656299;
Natriumchlorid;5;30.04.2016 07:00;0,427603;
Natriumchlorid;9;30.04.2016 07:00;0,380577;
Natriumchlorid;8;30.04.2016 07:00;0,375214;
Natriumchlorid;1;30.04.2016 07:00;0,344124;
Natriumchlorid;7;30.04.2016 07:00;0,155334;
Arsen;3;30.04.2016 07:00;2,09208;
Arsen;8;30.04.2016 07:00;1,20984;
Arsen;4;30.04.2016 07:00;0,578084;
Arsen;5;30.04.2016 07:00;0,519082;
Arsen;7;30.04.2016 07:00;0,293878;
Arsen;9;30.04.2016 07:00;0,26737;
Arsen;6;30.04.2016 07:00;0,0945608;
Arsen;2;30.04.2016 07:00;0,0140311;
Arsen;1;30.04.2016 07:00;0,00304151;
Benzol;3;30.04.2016 07:00;1,31771;
Benzol;2;30.04.2016 07:00;0,99965;
Benzol;8;30.04.2016 07:00;0,66428;
Benzol;4;30.04.2016 07:00;0,561264;
Benzol;6;30.04.2016 07:00;0,510631;
Benzol;1;30.04.2016 07:00;0,268408;
Benzol;7;30.04.2016 07:00;0,264492;
Benzol;9;30.04.2016 07:00;0,212025;
Benzol;5;30.04.2016 07:00;0,0595953;
Anilin;3;30.04.2016 07:00;3,60511;
Anilin;7;30.04.2016 07:00;0,868055;
Anilin;9;30.04.2016 07:00;0,585045;
Anilin;2;30.04.2016 07:00;0,492069;
Anilin;4;30.04.2016 07:00;0,346247;
Anilin;8;30.04.2016 07:00;0,231016;
Anilin;6;30.04.2016 07:00;0,229499;
Anilin;5;30.04.2016 07:00;0,189426;
Anilin;1;30.04.2016 07:00;0,0777312;
Natriumchlorid;3;30.04.2016 08:00;1,01725;
Natriumchlorid;4;30.04.2016 08:00;0,381914;
Natriumchlorid;7;30.04.2016 08:00;0,373846;
Natriumchlorid;5;30.04.2016 08:00;0,278372;
Natriumchlorid;1;30.04.2016 08:00;0,233517;
Natriumchlorid;6;30.04.2016 08:00;0,191477;
Natriumchlorid;9;30.04.2016 08:00;0,115341;
Natriumchlorid;8;30.04.2016 08:00;0,0934375;
Natriumchlorid;2;30.04.2016 08:00;0,0382818;
Arsen;3;30.04.2016 08:00;0,758457;
Arsen;5;30.04.2016 08:00;0,502348;
Arsen;4;30.04.2016 08:00;0,480295;
Arsen;6;30.04.2016 08:00;0,388404;
Arsen;2;30.04.2016 08:00;0,312877;
Arsen;7;30.04.2016 08:00;0,19196;
Arsen;8;30.04.2016 08:00;0,13131;
Arsen;9;30.04.2016 08:00;0,1286;
Arsen;1;30.04.2016 08:00;0,0860553;
Benzol;7;30.04.2016 08:00;1,61365;
Benzol;8;30.04.2016 08:00;0,920204;
Benzol;3;30.04.2016 08:00;0,826815;
Benzol;2;30.04.2016 08:00;0,567781;
Benzol;9;30.04.2016 08:00;0,313154;
Benzol;5;30.04.2016 08:00;0,294433;
Benzol;4;30.04.2016 08:00;0,252062;
Benzol;6;30.04.2016 08:00;0,215666;
Benzol;1;30.04.2016 08:00;0,0158004;
Anilin;3;30.04.2016 08:00;1,8948;
Anilin;8;30.04.2016 08:00;0,608325;
Anilin;6;30.04.2016 08:00;0,573647;
Anilin;7;30.04.2016 08:00;0,423995;
Anilin;4;30.04.2016 08:00;0,397101;
Anilin;2;30.04.2016 08:00;0,35411;
Anilin;5;30.04.2016 08:00;0,287897;
Anilin;9;30.04.2016 08:00;0,232478;
Anilin;1;30.04.2016 08:00;0,230697;
Natriumchlorid;4;30.04.2016 09:00;0,707668;
Natriumchlorid;6;30.04.2016 09:00;0,60113;
Natriumchlorid;8;30.04.2016 09:00;0,541301;
Natriumchlorid;3;30.04.2016 09:00;0,515349;
Natriumchlorid;2;30.04.2016 09:00;0,5123;
Natriumchlorid;7;30.04.2016 09:00;0,426984;
Natriumchlorid;1;30.04.2016 09:00;0,356399;
Natriumchlorid;5;30.04.2016 09:00;0,257642;
Natriumchlorid;9;30.04.2016 09:00;0,0325593;
Arsen;7;30.04.2016 09:00;1,13111;
Arsen;4;30.04.2016 09:00;0,576091;
Arsen;2;30.04.2016 09:00;0,49938;
Arsen;3;30.04.2016 09:00;0,463166;
Arsen;1;30.04.2016 09:00;0,382471;
Arsen;8;30.04.2016 09:00;0,194124;
Arsen;9;30.04.2016 09:00;0,182006;
Arsen;6;30.04.2016 09:00;0,145842;
Arsen;5;30.04.2016 09:00;0,119166;
Benzol;3;30.04.2016 09:00;2,07963;
Benzol;8;30.04.2016 09:00;1,19365;
Benzol;7;30.04.2016 09:00;0,588358;
Benzol;4;30.04.2016 09:00;0,314218;
Benzol;6;30.04.2016 09:00;0,312841;
Benzol;1;30.04.2016 09:00;0,273148;
Benzol;9;30.04.2016 09:00;0,174017;
Benzol;5;30.04.2016 09:00;0,114016;
Benzol;2;30.04.2016 09:00;0,0554375;
Anilin;7;30.04.2016 09:00;0,632747;
Anilin;6;30.04.2016 09:00;0,577108;
Anilin;4;30.04.2016 09:00;0,44024;
Anilin;9;30.04.2016 09:00;0,368006;
Anilin;3;30.04.2016 09:00;0,34775;
Anilin;1;30.04.2016 09:00;0,340713;
Anilin;5;30.04.2016 09:00;0,288234;
Anilin;8;30.04.2016 09:00;0,125524;
Anilin;2;30.04.2016 09:00;0,0918287;
Natriumchlorid;3;30.04.2016 10:00;3,81524;
Natriumchlorid;7;30.04.2016 10:00;0,888707;
Natriumchlorid;1;30.04.2016 10:00;0,734143;
Natriumchlorid;6;30.04.2016 10:00;0,560989;
Natriumchlorid;2;30.04.2016 10:00;0,431837;
Natriumchlorid;8;30.04.2016 10:00;0,295473;
Natriumchlorid;5;30.04.2016 10:00;0,291909;
Natriumchlorid;4;30.04.2016 10:00;0,214069;
Natriumchlorid;9;30.04.2016 10:00;0,183496;
Arsen;3;30.04.2016 10:00;0,855972;
Arsen;2;30.04.2016 10:00;0,814637;
Arsen;8;30.04.2016 10:00;0,759591;
Arsen;5;30.04.2016 10:00;0,685099;
Arsen;1;30.04.2016 10:00;0,630773;
Arsen;9;30.04.2016 10:00;0,460638;
Arsen;4;30.04.2016 10:00;0,421684;
Arsen;6;30.04.2016 10:00;0,305273;
Arsen;7;30.04.2016 10:00;0,235433;
Benzol;7;30.04.2016 10:00;2,04941;
Benzol;4;30.04.2016 10:00;1,08545;
Benzol;9;30.04.2016 10:00;0,567296;
Benzol;2;30.04.2016 10:00;0,543188;
Benzol;3;30.04.2016 10:00;0,538129;
Benzol;6;30.04.2016 10:00;0,502345;
Benzol;1;30.04.2016 10:00;0,136124;
Benzol;8;30.04.2016 10:00;0,0517236;
Benzol;5;30.04.2016 10:00;0,0358636;
Anilin;8;30.04.2016 10:00;0,786342;
Anilin;3;30.04.2016 10:00;0,480746;
Anilin;1;30.04.2016 10:00;0,46455;
Anilin;2;30.04.2016 10:00;0,358106;
Anilin;4;30.04.2016 10:00;0,337886;
Anilin;5;30.04.2016 10:00;0,27546;
Anilin;7;30.04.2016 10:00;0,220553;
Anilin;6;30.04.2016 10:00;0,182908;
Anilin;9;30.04.2016 10:00;0,0734714;
Natriumchlorid;3;30.04.2016 11:00;0,396967;
Natriumchlorid;5;30.04.2016 11:00;0,342917;
Natriumchlorid;4;30.04.2016 11:00;0,259287;
Natriumchlorid;6;30.04.2016 11:00;0,221985;
Natriumchlorid;9;30.04.2016 11:00;0,201304;
Natriumchlorid;8;30.04.2016 11:00;0,117507;
Natriumchlorid;1;30.04.2016 11:00;0,0982653;
Natriumchlorid;2;30.04.2016 11:00;0,0769748;
Natriumchlorid;7;30.04.2016 11:00;0,0183499;
Arsen;3;30.04.2016 11:00;2,96935;
Arsen;8;30.04.2016 11:00;0,665804;
Arsen;7;30.04.2016 11:00;0,527942;
Arsen;4;30.04.2016 11:00;0,366452;
Arsen;2;30.04.2016 11:00;0,314694;
Arsen;6;30.04.2016 11:00;0,130943;
Arsen;5;30.04.2016 11:00;0,123582;
Arsen;1;30.04.2016 11:00;0,0994126;
Arsen;9;30.04.2016 11:00;0,0150802;
Benzol;3;30.04.2016 11:00;4,05292;
Benzol;8;30.04.2016 11:00;1,04563;
Benzol;4;30.04.2016 11:00;0,498336;
Benzol;5;30.04.2016 11:00;0,413466;
Benzol;7;30.04.2016 11:00;0,374214;
Benzol;1;30.04.2016 11:00;0,364483;
Benzol;9;30.04.2016 11:00;0,355197;
Benzol;6;30.04.2016 11:00;0,235796;
Benzol;2;30.04.2016 11:00;0,195019;
Anilin;8;30.04.2016 11:00;1,16912;
Anilin;6;30.04.2016 11:00;0,935234;
Anilin;3;30.04.2016 11:00;0,523985;
Anilin;2;30.04.2016 11:00;0,386408;
Anilin;4;30.04.2016 11:00;0,348812;
Anilin;7;30.04.2016 11:00;0,243645;
Anilin;9;30.04.2016 11:00;0,133746;
Anilin;5;30.04.2016 11:00;0,0825422;
Anilin;1;30.04.2016 11:00;0,0588949;
Natriumchlorid;3;30.04.2016 12:00;1,8464;
Natriumchlorid;6;30.04.2016 12:00;0,621926;
Natriumchlorid;4;30.04.2016 12:00;0,358369;
Natriumchlorid;2;30.04.2016 12:00;0,318142;
Natriumchlorid;1;30.04.2016 12:00;0,284777;
Natriumchlorid;8;30.04.2016 12:00;0,21253;
Natriumchlorid;7;30.04.2016 12:00;0,115279;
Natriumchlorid;9;30.04.2016 12:00;0,0770212;
Natriumchlorid;5;30.04.2016 12:00;0,00898478;
Arsen;2;30.04.2016 12:00;0,913797;
Arsen;9;30.04.2016 12:00;0,566637;
Arsen;8;30.04.2016 12:00;0,498775;
Arsen;4;30.04.2016 12:00;0,492967;
Arsen;1;30.04.2016 12:00;0,322435;
Arsen;7;30.04.2016 12:00;0,264898;
Arsen;3;30.04.2016 12:00;0,263453;
Arsen;5;30.04.2016 12:00;0,222094;
Arsen;6;30.04.2016 12:00;0,0644401;
Benzol;3;30.04.2016 12:00;2,35915;
Benzol;7;30.04.2016 12:00;1,74544;
Benzol;8;30.04.2016 12:00;0,428313;
Benzol;2;30.04.2016 12:00;0,381698;
Benzol;5;30.04.2016 12:00;0,205659;
Benzol;4;30.04.2016 12:00;0,185809;
Benzol;9;30.04.2016 12:00;0,129757;
Benzol;6;30.04.2016 12:00;0,129346;
Benzol;1;30.04.2016 12:00;0,00101529;
Anilin;3;30.04.2016 12:00;1,00755;
Anilin;8;30.04.2016 12:00;0,712383;
Anilin;4;30.04.2016 12:00;0,673744;
Anilin;6;30.04.2016 12:00;0,610562;
Anilin;7;30.04.2016 12:00;0,4403;
Anilin;1;30.04.2016 12:00;0,319185;
Anilin;5;30.04.2016 12:00;0,241295;
Anilin;2;30.04.2016 12:00;0,212226;
Anilin;9;30.04.2016 12:00;0,0285284;
Natriumchlorid;3;30.04.2016 13:00;1,40509;
Natriumchlorid;7;30.04.2016 13:00;1,20218;
Natriumchlorid;4;30.04.2016 13:00;0,657207;
Natriumchlorid;2;30.04.2016 13:00;0,438992;
Natriumchlorid;6;30.04.2016 13:00;0,3894;
Natriumchlorid;1;30.04.2016 13:00;0,340595;
Natriumchlorid;9;30.04.2016 13:00;0,276149;
Natriumchlorid;8;30.04.2016 13:00;0,258699;
Natriumchlorid;5;30.04.2016 13:00;0,158937;
Arsen;3;30.04.2016 13:00;1,78153;
Arsen;8;30.04.2016 13:00;0,554901;
Arsen;9;30.04.2016 13:00;0,445936;
Arsen;6;30.04.2016 13:00;0,431378;
Arsen;7;30.04.2016 13:00;0,397581;
Arsen;4;30.04.2016 13:00;0,20612;
Arsen;2;30.04.2016 13:00;0,177452;
Arsen;5;30.04.2016 13:00;0,121033;
Arsen;1;30.04.2016 13:00;0,0635988;
Benzol;3;30.04.2016 13:00;0,875473;
Benzol;4;30.04.2016 13:00;0,564054;
Benzol;6;30.04.2016 13:00;0,539657;
Benzol;5;30.04.2016 13:00;0,480683;
Benzol;2;30.04.2016 13:00;0,302913;
Benzol;8;30.04.2016 13:00;0,29477;
Benzol;9;30.04.2016 13:00;0,199549;
Benzol;7;30.04.2016 13:00;0,155057;
Benzol;1;30.04.2016 13:00;0,152566;
Anilin;3;30.04.2016 13:00;3,89804;
Anilin;2;30.04.2016 13:00;0,765529;
Anilin;4;30.04.2016 13:00;0,604714;
Anilin;5;30.04.2016 13:00;0,496137;
Anilin;8;30.04.2016 13:00;0,488177;
Anilin;9;30.04.2016 13:00;0,34036;
Anilin;6;30.04.2016 13:00;0,333714;
Anilin;7;30.04.2016 13:00;0,161521;
Anilin;1;30.04.2016 13:00;0,0340857;
Natriumchlorid;3;30.04.2016 14:00;1,51361;
Natriumchlorid;8;30.04.2016 14:00;0,786586;
Natriumchlorid;2;30.04.2016 14:00;0,659007;
Natriumchlorid;6;30.04.2016 14:00;0,593782;
Natriumchlorid;4;30.04.2016 14:00;0,537014;
Natriumchlorid;9;30.04.2016 14:00;0,531202;
Natriumchlorid;1;30.04.2016 14:00;0,311434;
Natriumchlorid;7;30.04.2016 14:00;0,239273;
Natriumchlorid;5;30.04.2016 14:00;0,065794;
Arsen;3;30.04.2016 14:00;1,78319;
Arsen;8;30.04.2016 14:00;0,788053;
Arsen;2;30.04.2016 14:00;0,557853;
Arsen;4;30.04.2016 14:00;0,513387;
Arsen;6;30.04.2016 14:00;0,323175;
Arsen;7;30.04.2016 14:00;0,261969;
Arsen;9;30.04.2016 14:00;0,0848475;
Arsen;5;30.04.2016 14:00;0,0628541;
Arsen;1;30.04.2016 14:00;0,00476969;
Benzol;7;30.04.2016 14:00;1,2317;
Benzol;8;30.04.2016 14:00;1,04117;
Benzol;3;30.04.2016 14:00;0,908977;
Benzol;5;30.04.2016 14:00;0,495112;
Benzol;4;30.04.2016 14:00;0,482689;
Benzol;9;30.04.2016 14:00;0,248899;
Benzol;2;30.04.2016 14:00;0,186028;
Benzol;6;30.04.2016 14:00;0,185809;
Benzol;1;30.04.2016 14:00;0,123011;
Anilin;3;30.04.2016 14:00;1,34604;
Anilin;8;30.04.2016 14:00;0,70796;
Anilin;2;30.04.2016 14:00;0,574415;
Anilin;7;30.04.2016 14:00;0,567553;
Anilin;1;30.04.2016 14:00;0,36214;
Anilin;5;30.04.2016 14:00;0,340679;
Anilin;4;30.04.2016 14:00;0,247231;
Anilin;6;30.04.2016 14:00;0,0700581;
Anilin;9;30.04.2016 14:00;0,0291199;
Natriumchlorid;3;30.04.2016 15:00;0,88798;
Natriumchlorid;8;30.04.2016 15:00;0,656451;
Natriumchlorid;2;30.04.2016 15:00;0,478143;
Natriumchlorid;4;30.04.2016 15:00;0,211866;
Natriumchlorid;9;30.04.2016 15:00;0,1667;
Natriumchlorid;1;30.04.2016 15:00;0,139986;
Natriumchlorid;7;30.04.2016 15:00;0,109807;
Natriumchlorid;5;30.04.2016 15:00;0,0918109;
Natriumchlorid;6;30.04.2016 15:00;0,0816068;
Arsen;3;30.04.2016 15:00;2,13952;
Arsen;7;30.04.2016 15:00;1,21529;
Arsen;6;30.04.2016 15:00;0,46369;
Arsen;1;30.04.2016 15:00;0,399161;
Arsen;4;30.04.2016 15:00;0,350407;
Arsen;2;30.04.2016 15:00;0,282887;
Arsen;8;30.04.2016 15:00;0,172174;
Arsen;9;30.04.2016 15:00;0,141919;
Arsen;5;30.04.2016 15:00;0,0604808;
Benzol;4;30.04.2016 15:00;0,871606;
Benzol;7;30.04.2016 15:00;0,798613;
Benzol;3;30.04.2016 15:00;0,424824;
Benzol;5;30.04.2016 15:00;0,31953;
Benzol;6;30.04.2016 15:00;0,314822;
Benzol;9;30.04.2016 15:00;0,31156;
Benzol;1;30.04.2016 15:00;0,125034;
Benzol;8;30.04.2016 15:00;0,0881131;
Benzol;2;30.04.2016 15:00;0,0451649;
Anilin;3;30.04.2016 15:00;1,39503;
Anilin;6;30.04.2016 15:00;0,665175;
Anilin;4;30.04.2016 15:00;0,319522;
Anilin;1;30.04.2016 15:00;0,256152;
Anilin;2;30.04.2016 15:00;0,212992;
Anilin;8;30.04.2016 15:00;0,164875;
Anilin;7;30.04.2016 15:00;0,127585;
Anilin;9;30.04.2016 15:00;0,0749713;
Anilin;5;30.04.2016 15:00;0,0565504;
Natriumchlorid;6;30.04.2016 16:00;0,511595;
Natriumchlorid;4;30.04.2016 16:00;0,450271;
Natriumchlorid;3;30.04.2016 16:00;0,447411;
Natriumchlorid;2;30.04.2016 16:00;0,235711;
Natriumchlorid;1;30.04.2016 16:00;0,230836;
Natriumchlorid;7;30.04.2016 16:00;0,107829;
Natriumchlorid;8;30.04.2016 16:00;0,107811;
Natriumchlorid;5;30.04.2016 16:00;0,0923639;
Natriumchlorid;9;30.04.2016 16:00;0,0838348;
Arsen;7;30.04.2016 16:00;0,646884;
Arsen;8;30.04.2016 16:00;0,598055;
Arsen;9;30.04.2016 16:00;0,438327;
Arsen;2;30.04.2016 16:00;0,407905;
Arsen;4;30.04.2016 16:00;0,336648;
Arsen;6;30.04.2016 16:00;0,31992;
Arsen;1;30.04.2016 16:00;0,30999;
Arsen;3;30.04.2016 16:00;0,199136;
Arsen;5;30.04.2016 16:00;0,198578;
Benzol;7;30.04.2016 16:00;3,58641;
Benzol;6;30.04.2016 16:00;0,831084;
Benzol;3;30.04.2016 16:00;0,808779;
Benzol;8;30.04.2016 16:00;0,733406;
Benzol;2;30.04.2016 16:00;0,415615;
Benzol;4;30.04.2016 16:00;0,379701;
Benzol;9;30.04.2016 16:00;0,24627;
Benzol;5;30.04.2016 16:00;0,169409;
Benzol;1;30.04.2016 16:00;0,084667;
Anilin;7;30.04.2016 16:00;1,1365;
Anilin;6;30.04.2016 16:00;0,693204;
Anilin;1;30.04.2016 16:00;0,573677;
Anilin;5;30.04.2016 16:00;0,383411;
Anilin;4;30.04.2016 16:00;0,317778;
Anilin;2;30.04.2016 16:00;0,234791;
Anilin;3;30.04.2016 16:00;0,204663;
Anilin;9;30.04.2016 16:00;0,130301;
Anilin;8;30.04.2016 16:00;0,0890265;
Natriumchlorid;3;30.04.2016 17:00;0,868253;
Natriumchlorid;8;30.04.2016 17:00;0,579042;
Natriumchlorid;4;30.04.2016 17:00;0,494898;
Natriumchlorid;6;30.04.2016 17:00;0,431889;
Natriumchlorid;5;30.04.2016 17:00;0,40663;
Natriumchlorid;1;30.04.2016 17:00;0,385766;
Natriumchlorid;2;30.04.2016 17:00;0,197067;
Natriumchlorid;9;30.04.2016 17:00;0,155925;
Natriumchlorid;7;30.04.2016 17:00;0,102368;
Arsen;3;30.04.2016 17:00;1,89508;
Arsen;8;30.04.2016 17:00;0,7485;
Arsen;5;30.04.2016 17:00;0,702347;
Arsen;6;30.04.2016 17:00;0,438758;
Arsen;7;30.04.2016 17:00;0,418554;
Arsen;2;30.04.2016 17:00;0,279076;
Arsen;1;30.04.2016 17:00;0,253388;
Arsen;4;30.04.2016 17:00;0,0816614;
Arsen;9;30.04.2016 17:00;0,0016915;
Benzol;3;30.04.2016 17:00;1,351;
Benzol;2;30.04.2016 17:00;0,608181;
Benzol;5;30.04.2016 17:00;0,409919;
Benzol;8;30.04.2016 17:00;0,363091;
Benzol;6;30.04.2016 17:00;0,308971;
Benzol;4;30.04.2016 17:00;0,216646;
Benzol;9;30.04.2016 17:00;0,203787;
Benzol;1;30.04.2016 17:00;0,175698;
Benzol;7;30.04.2016 17:00;0,171849;
Anilin;3;30.04.2016 17:00;1,63753;
Anilin;7;30.04.2016 17:00;0,522117;
Anilin;1;30.04.2016 17:00;0,462319;
Anilin;6;30.04.2016 17:00;0,448331;
Anilin;9;30.04.2016 17:00;0,433329;
Anilin;2;30.04.2016 17:00;0,361553;
Anilin;4;30.04.2016 17:00;0,267403;
Anilin;5;30.04.2016 17:00;0,0475939;
Anilin;8;30.04.2016 17:00;0,0219237;
Natriumchlorid;3;30.04.2016 18:00;1,12438;
Natriumchlorid;4;30.04.2016 18:00;0,483907;
Natriumchlorid;2;30.04.2016 18:00;0,154714;
Natriumchlorid;6;30.04.2016 18:00;0,149504;
Natriumchlorid;7;30.04.2016 18:00;0,136894;
Natriumchlorid;9;30.04.2016 18:00;0,123999;
Natriumchlorid;1;30.04.2016 18:00;0,112487;
Natriumchlorid;5;30.04.2016 18:00;0,0701559;
Natriumchlorid;8;30.04.2016 18:00;0,00278274;
Arsen;2;30.04.2016 18:00;0,525077;
Arsen;6;30.04.2016 18:00;0,40694;
Arsen;3;30.04.2016 18:00;0,348318;
Arsen;8;30.04.2016 18:00;0,312951;
Arsen;7;30.04.2016 18:00;0,276915;
Arsen;5;30.04.2016 18:00;0,210176;
Arsen;4;30.04.2016 18:00;0,182107;
Arsen;1;30.04.2016 18:00;0,111442;
Arsen;9;30.04.2016 18:00;0,041285;
Benzol;3;30.04.2016 18:00;2,92066;
Benzol;8;30.04.2016 18:00;0,751146;
Benzol;5;30.04.2016 18:00;0,318025;
Benzol;4;30.04.2016 18:00;0,306282;
Benzol;6;30.04.2016 18:00;0,269549;
Benzol;7;30.04.2016 18:00;0,138054;
Benzol;2;30.04.2016 18:00;0,0711069;
Benzol;1;30.04.2016 18:00;0,0478369;
Benzol;9;30.04.2016 18:00;0,0165296;
Anilin;3;30.04.2016 18:00;1,38273;
Anilin;7;30.04.2016 18:00;1,36913;
Anilin;2;30.04.2016 18:00;1,18824;
Anilin;8;30.04.2016 18:00;0,406748;
Anilin;4;30.04.2016 18:00;0,299586;
Anilin;5;30.04.2016 18:00;0,290682;
Anilin;6;30.04.2016 18:00;0,278394;
Anilin;1;30.04.2016 18:00;0,22741;
Anilin;9;30.04.2016 18:00;0,0584006;
Natriumchlorid;3;30.04.2016 19:00;1,27964;
Natriumchlorid;2;30.04.2016 19:00;0,699387;
Natriumchlorid;6;30.04.2016 19:00;0,41993;
Natriumchlorid;5;30.04.2016 19:00;0,307994;
Natriumchlorid;4;30.04.2016 19:00;0,211413;
Natriumchlorid;7;30.04.2016 19:00;0,165255;
Natriumchlorid;1;30.04.2016 19:00;0,130602;
Natriumchlorid;9;30.04.2016 19:00;0,129626;
Natriumchlorid;8;30.04.2016 19:00;0,0579845;
Arsen;3;30.04.2016 19:00;1,85314;
Arsen;8;30.04.2016 19:00;1,24775;
Arsen;2;30.04.2016 19:00;0,611032;
Arsen;7;30.04.2016 19:00;0,490163;
Arsen;5;30.04.2016 19:00;0,387154;
Arsen;4;30.04.2016 19:00;0,296047;
Arsen;9;30.04.2016 19:00;0,252612;
Arsen;6;30.04.2016 19:00;0,207292;
Arsen;1;30.04.2016 19:00;0,012484;
Benzol;8;30.04.2016 19:00;1,16737;
Benzol;3;30.04.2016 19:00;0,78064;
Benzol;4;30.04.2016 19:00;0,454023;
Benzol;2;30.04.2016 19:00;0,424013;
Benzol;6;30.04.2016 19:00;0,342573;
Benzol;5;30.04.2016 19:00;0,236809;
Benzol;1;30.04.2016 19:00;0,177747;
Benzol;9;30.04.2016 19:00;0,164402;
Benzol;7;30.04.2016 19:00;0,130071;
Anilin;3;30.04.2016 19:00;1,51728;
Anilin;8;30.04.2016 19:00;0,619979;
Anilin;6;30.04.2016 19:00;0,516256;
Anilin;4;30.04.2016 19:00;0,41523;
Anilin;9;30.04.2016 19:00;0,405957;
Anilin;5;30.04.2016 19:00;0,184367;
Anilin;1;30.04.2016 19:00;0,0924724;
Anilin;7;30.04.2016 19:00;0,0690173;
Anilin;2;30.04.2016 19:00;0,0533449;
Natriumchlorid;2;30.04.2016 20:00;0,915459;
Natriumchlorid;8;30.04.2016 20:00;0,527412;
Natriumchlorid;1;30.04.2016 20:00;0,420459;
Natriumchlorid;9;30.04.2016 20:00;0,347838;
Natriumchlorid;6;30.04.2016 20:00;0,322648;
Natriumchlorid;7;30.04.2016 20:00;0,258864;
Natriumchlorid;5;30.04.2016 20:00;0,109022;
Natriumchlorid;4;30.04.2016 20:00;0,0753892;
Natriumchlorid;3;30.04.2016 20:00;0,0208243;
Arsen;3;30.04.2016 20:00;1,7786;
Arsen;7;30.04.2016 20:00;0,353268;
Arsen;5;30.04.2016 20:00;0,306154;
Arsen;6;30.04.2016 20:00;0,283418;
Arsen;8;30.04.2016 20:00;0,168719;
Arsen;1;30.04.2016 20:00;0,16566;
Arsen;9;30.04.2016 20:00;0,132889;
Arsen;2;30.04.2016 20:00;0,0530778;
Arsen;4;30.04.2016 20:00;0,0179376;
Benzol;7;30.04.2016 20:00;1,87411;
Benzol;4;30.04.2016 20:00;0,396366;
Benzol;6;30.04.2016 20:00;0,359119;
Benzol;1;30.04.2016 20:00;0,355839;
Benzol;5;30.04.2016 20:00;0,347123;
Benzol;8;30.04.2016 20:00;0,135682;
Benzol;3;30.04.2016 20:00;0,115661;
Benzol;9;30.04.2016 20:00;0,0851363;
Benzol;2;30.04.2016 20:00;0,0254465;
Anilin;3;30.04.2016 20:00;1,31021;
Anilin;8;30.04.2016 20:00;0,434912;
Anilin;6;30.04.2016 20:00;0,417072;
Anilin;5;30.04.2016 20:00;0,40633;
Anilin;1;30.04.2016 20:00;0,335508;
Anilin;4;30.04.2016 20:00;0,33465;
Anilin;2;30.04.2016 20:00;0,305993;
Anilin;9;30.04.2016 20:00;0,204889;
Anilin;7;30.04.2016 20:00;0,170525;
Natriumchlorid;3;30.04.2016 21:00;1,16965;
Natriumchlorid;4;30.04.2016 21:00;0,646033;
Natriumchlorid;8;30.04.2016 21:00;0,416697;
Natriumchlorid;1;30.04.2016 21:00;0,344918;
Natriumchlorid;7;30.04.2016 21:00;0,264256;
Natriumchlorid;2;30.04.2016 21:00;0,223866;
Natriumchlorid;6;30.04.2016 21:00;0,166369;
Natriumchlorid;5;30.04.2016 21:00;0,0582894;
Natriumchlorid;9;30.04.2016 21:00;0,032244;
Arsen;5;30.04.2016 21:00;0,462725;
Arsen;6;30.04.2016 21:00;0,387822;
Arsen;4;30.04.2016 21:00;0,368529;
Arsen;2;30.04.2016 21:00;0,270761;
Arsen;8;30.04.2016 21:00;0,238779;
Arsen;1;30.04.2016 21:00;0,208869;
Arsen;3;30.04.2016 21:00;0,171859;
Arsen;9;30.04.2016 21:00;0,0920689;
Arsen;7;30.04.2016 21:00;0,0108043;
Benzol;3;30.04.2016 21:00;2,61695;
Benzol;7;30.04.2016 21:00;0,805733;
Benzol;6;30.04.2016 21:00;0,585201;
Benzol;1;30.04.2016 21:00;0,300987;
Benzol;4;30.04.2016 21:00;0,279093;
Benzol;9;30.04.2016 21:00;0,234977;
Benzol;8;30.04.2016 21:00;0,213656;
Benzol;2;30.04.2016 21:00;0,0749948;
Benzol;5;30.04.2016 21:00;0,0701559;
Anilin;3;30.04.2016 21:00;1,85409;
Anilin;7;30.04.2016 21:00;0,555893;
Anilin;6;30.04.2016 21:00;0,550201;
Anilin;1;30.04.2016 21:00;0,471037;
Anilin;2;30.04.2016 21:00;0,461801;
Anilin;4;30.04.2016 21:00;0,392846;
Anilin;9;30.04.2016 21:00;0,15077;
Anilin;5;30.04.2016 21:00;0,0962198;
Anilin;8;30.04.2016 21:00;0,0510078;
Natriumchlorid;3;30.04.2016 22:00;1,20113;
Natriumchlorid;2;30.04.2016 22:00;0,572947;
Natriumchlorid;6;30.04.2016 22:00;0,553323;
Natriumchlorid;4;30.04.2016 22:00;0,536453;
Natriumchlorid;7;30.04.2016 22:00;0,452229;
Natriumchlorid;1;30.04.2016 22:00;0,147467;
Natriumchlorid;9;30.04.2016 22:00;0,119572;
Natriumchlorid;5;30.04.2016 22:00;0,119523;
Natriumchlorid;8;30.04.2016 22:00;0,0219764;
Arsen;7;30.04.2016 22:00;0,724116;
Arsen;3;30.04.2016 22:00;0,716392;
Arsen;1;30.04.2016 22:00;0,43945;
Arsen;4;30.04.2016 22:00;0,424765;
Arsen;5;30.04.2016 22:00;0,232612;
Arsen;6;30.04.2016 22:00;0,225638;
Arsen;9;30.04.2016 22:00;0,178224;
Arsen;2;30.04.2016 22:00;0,117145;
Arsen;8;30.04.2016 22:00;0,00298283;
Benzol;2;30.04.2016 22:00;0,881599;
Benzol;4;30.04.2016 22:00;0,689229;
Benzol;1;30.04.2016 22:00;0,310991;
Benzol;3;30.04.2016 22:00;0,273229;
Benzol;7;30.04.2016 22:00;0,237983;
Benzol;6;30.04.2016 22:00;0,210072;
Benzol;9;30.04.2016 22:00;0,169129;
Benzol;8;30.04.2016 22:00;0,131212;
Benzol;5;30.04.2016 22:00;0,0906602;
Anilin;3;30.04.2016 22:00;3,89804;
Anilin;8;30.04.2016 22:00;0,702149;
Anilin;9;30.04.2016 22:00;0,451067;
Anilin;6;30.04.2016 22:00;0,435163;
Anilin;2;30.04.2016 22:00;0,358469;
Anilin;4;30.04.2016 22:00;0,306726;
Anilin;7;30.04.2016 22:00;0,217003;
Anilin;5;30.04.2016 22:00;0,024639;
Anilin;1;30.04.2016 22:00;0,00978373;
Natriumchlorid;8;30.04.2016 23:00;0,633998;
Natriumchlorid;6;30.04.2016 23:00;0,630928;
Natriumchlorid;4;30.04.2016 23:00;0,443509;
Natriumchlorid;3;30.04.2016 23:00;0,340108;
Natriumchlorid;1;30.04.2016 23:00;0,329563;
Natriumchlorid;5;30.04.2016 23:00;0,301351;
Natriumchlorid;7;30.04.2016 23:00;0,199794;
Natriumchlorid;9;30.04.2016 23:00;0,161348;
Natriumchlorid;2;30.04.2016 23:00;0,0161084;
Arsen;3;30.04.2016 23:00;1,23042;
Arsen;7;30.04.2016 23:00;0,883181;
Arsen;4;30.04.2016 23:00;0,627593;
Arsen;6;30.04.2016 23:00;0,355535;
Arsen;9;30.04.2016 23:00;0,165117;
Arsen;5;30.04.2016 23:00;0,156732;
Arsen;1;30.04.2016 23:00;0,135038;
Arsen;2;30.04.2016 23:00;0,129208;
Arsen;8;30.04.2016 23:00;0,0752865;
Benzol;3;30.04.2016 23:00;1,80734;
Benzol;4;30.04.2016 23:00;0,778061;
Benzol;2;30.04.2016 23:00;0,430986;
Benzol;8;30.04.2016 23:00;0,256384;
Benzol;5;30.04.2016 23:00;0,130602;
Benzol;7;30.04.2016 23:00;0,122139;
Benzol;1;30.04.2016 23:00;0,104245;
Benzol;9;30.04.2016 23:00;0,0912008;
Benzol;6;30.04.2016 23:00;0,0872384;
Anilin;6;30.04.2016 23:00;0,93097;
Anilin;2;30.04.2016 23:00;0,91897;
Anilin;4;30.04.2016 23:00;0,49627;
Anilin;5;30.04.2016 23:00;0,471277;
Anilin;7;30.04.2016 23:00;0,432141;
Anilin;1;30.04.2016 23:00;0,429859;
Anilin;3;30.04.2016 23:00;0,363991;
Anilin;8;30.04.2016 23:00;0,332128;
Anilin;9;30.04.2016 23:00;0,237138;
Natriumchlorid;3;01.08.2016 00:00;1,4882;
Natriumchlorid;7;01.08.2016 00:00;0,988126;
Natriumchlorid;4;01.08.2016 00:00;0,787887;
Natriumchlorid;8;01.08.2016 00:00;0,401465;
Natriumchlorid;1;01.08.2016 00:00;0,392586;
Natriumchlorid;9;01.08.2016 00:00;0,245296;
Natriumchlorid;2;01.08.2016 00:00;0,173527;
Natriumchlorid;6;01.08.2016 00:00;0,164421;
Natriumchlorid;5;01.08.2016 00:00;0,0167582;
Arsen;4;01.08.2016 00:00;1,3917;
Arsen;2;01.08.2016 00:00;0,925689;
Arsen;8;01.08.2016 00:00;0,612014;
Arsen;6;01.08.2016 00:00;0,529789;
Arsen;1;01.08.2016 00:00;0,471277;
Arsen;3;01.08.2016 00:00;0,184515;
Arsen;5;01.08.2016 00:00;0,122243;
Arsen;9;01.08.2016 00:00;0,069777;
Arsen;7;01.08.2016 00:00;0,0618826;
Benzol;3;01.08.2016 00:00;2,00093;
Benzol;4;01.08.2016 00:00;1,11785;
Benzol;5;01.08.2016 00:00;0,697949;
Benzol;2;01.08.2016 00:00;0,540167;
Benzol;7;01.08.2016 00:00;0,400583;
Benzol;1;01.08.2016 00:00;0,360271;
Benzol;6;01.08.2016 00:00;0,0849426;
Benzol;9;01.08.2016 00:00;0,0625447;
Benzol;8;01.08.2016 00:00;0,0528841;
Anilin;3;01.08.2016 00:00;1,31405;
Anilin;7;01.08.2016 00:00;1,04563;
Anilin;6;01.08.2016 00:00;0,804563;
Anilin;4;01.08.2016 00:00;0,716778;
Anilin;8;01.08.2016 00:00;0,661941;
Anilin;5;01.08.2016 00:00;0,562855;
Anilin;1;01.08.2016 00:00;0,562448;
Anilin;2;01.08.2016 00:00;0,446644;
Anilin;9;01.08.2016 00:00;0,268976;
Natriumchlorid;2;01.08.2016 01:00;1,19688;
Natriumchlorid;4;01.08.2016 01:00;1,1503;
Natriumchlorid;7;01.08.2016 01:00;0,975321;
Natriumchlorid;5;01.08.2016 01:00;0,673978;
Natriumchlorid;3;01.08.2016 01:00;0,611617;
Natriumchlorid;6;01.08.2016 01:00;0,540243;
Natriumchlorid;8;01.08.2016 01:00;0,50903;
Natriumchlorid;9;01.08.2016 01:00;0,269642;
Natriumchlorid;1;01.08.2016 01:00;0,117688;
Arsen;4;01.08.2016 01:00;0,846123;
Arsen;6;01.08.2016 01:00;0,606556;
Arsen;1;01.08.2016 01:00;0,52911;
Arsen;8;01.08.2016 01:00;0,421506;
Arsen;3;01.08.2016 01:00;0,344023;
Arsen;5;01.08.2016 01:00;0,283623;
Arsen;7;01.08.2016 01:00;0,190035;
Arsen;2;01.08.2016 01:00;0,147787;
Arsen;9;01.08.2016 01:00;0,137436;
Benzol;5;01.08.2016 01:00;0,922741;
Benzol;4;01.08.2016 01:00;0,896695;
Benzol;3;01.08.2016 01:00;0,773981;
Benzol;8;01.08.2016 01:00;0,501364;
Benzol;2;01.08.2016 01:00;0,404445;
Benzol;6;01.08.2016 01:00;0,273255;
Benzol;9;01.08.2016 01:00;0,243995;
Benzol;7;01.08.2016 01:00;0,0735836;
Benzol;1;01.08.2016 01:00;0,0169023;
Anilin;4;01.08.2016 01:00;0,845092;
Anilin;7;01.08.2016 01:00;0,820885;
Anilin;5;01.08.2016 01:00;0,740962;
Anilin;6;01.08.2016 01:00;0,414202;
Anilin;3;01.08.2016 01:00;0,321169;
Anilin;8;01.08.2016 01:00;0,320425;
Anilin;2;01.08.2016 01:00;0,317534;
Anilin;1;01.08.2016 01:00;0,239071;
Anilin;9;01.08.2016 01:00;0,00212156;
Natriumchlorid;3;01.08.2016 02:00;1,31524;
Natriumchlorid;7;01.08.2016 02:00;0,990578;
Natriumchlorid;4;01.08.2016 02:00;0,824021;
Natriumchlorid;2;01.08.2016 02:00;0,686121;
Natriumchlorid;8;01.08.2016 02:00;0,645239;
Natriumchlorid;9;01.08.2016 02:00;0,416486;
Natriumchlorid;1;01.08.2016 02:00;0,283824;
Natriumchlorid;5;01.08.2016 02:00;0,173376;
Natriumchlorid;6;01.08.2016 02:00;0,0418362;
Arsen;7;01.08.2016 02:00;1,91876;
Arsen;4;01.08.2016 02:00;1,70455;
Arsen;3;01.08.2016 02:00;1,30674;
Arsen;5;01.08.2016 02:00;0,867782;
Arsen;9;01.08.2016 02:00;0,671853;
Arsen;6;01.08.2016 02:00;0,574496;
Arsen;1;01.08.2016 02:00;0,250003;
Arsen;2;01.08.2016 02:00;0,114141;
Arsen;8;01.08.2016 02:00;0,001752;
Benzol;2;01.08.2016 02:00;0,967955;
Benzol;3;01.08.2016 02:00;0,88914;
Benzol;4;01.08.2016 02:00;0,874636;
Benzol;6;01.08.2016 02:00;0,64708;
Benzol;9;01.08.2016 02:00;0,503489;
Benzol;5;01.08.2016 02:00;0,380158;
Benzol;1;01.08.2016 02:00;0,274605;
Benzol;8;01.08.2016 02:00;0,18795;
Benzol;7;01.08.2016 02:00;0,118551;
Anilin;4;01.08.2016 02:00;0,896398;
Anilin;2;01.08.2016 02:00;0,648468;
Anilin;8;01.08.2016 02:00;0,554638;
Anilin;1;01.08.2016 02:00;0,511264;
Anilin;7;01.08.2016 02:00;0,305445;
Anilin;3;01.08.2016 02:00;0,302061;
Anilin;9;01.08.2016 02:00;0,14761;
Anilin;6;01.08.2016 02:00;0,116151;
Anilin;5;01.08.2016 02:00;0,0321455;
Natriumchlorid;3;01.08.2016 03:00;1,10893;
Natriumchlorid;4;01.08.2016 03:00;0,959869;
Natriumchlorid;7;01.08.2016 03:00;0,724283;
Natriumchlorid;2;01.08.2016 03:00;0,661546;
Natriumchlorid;5;01.08.2016 03:00;0,657938;
Natriumchlorid;8;01.08.2016 03:00;0,548293;
Natriumchlorid;9;01.08.2016 03:00;0,317254;
Natriumchlorid;6;01.08.2016 03:00;0,227377;
Natriumchlorid;1;01.08.2016 03:00;0,0631993;
Arsen;3;01.08.2016 03:00;2,11103;
Arsen;4;01.08.2016 03:00;1,09898;
Arsen;8;01.08.2016 03:00;0,890765;
Arsen;2;01.08.2016 03:00;0,82459;
Arsen;7;01.08.2016 03:00;0,461802;
Arsen;1;01.08.2016 03:00;0,345516;
Arsen;5;01.08.2016 03:00;0,3381;
Arsen;6;01.08.2016 03:00;0,336278;
Arsen;9;01.08.2016 03:00;0,119207;
Benzol;7;01.08.2016 03:00;1,45664;
Benzol;4;01.08.2016 03:00;1,04043;
Benzol;3;01.08.2016 03:00;0,932099;
Benzol;2;01.08.2016 03:00;0,863249;
Benzol;8;01.08.2016 03:00;0,771014;
Benzol;5;01.08.2016 03:00;0,46426;
Benzol;9;01.08.2016 03:00;0,174557;
Benzol;1;01.08.2016 03:00;0,122005;
Benzol;6;01.08.2016 03:00;0,121009;
Anilin;4;01.08.2016 03:00;1,05344;
Anilin;5;01.08.2016 03:00;0,990699;
Anilin;3;01.08.2016 03:00;0,618465;
Anilin;9;01.08.2016 03:00;0,361392;
Anilin;8;01.08.2016 03:00;0,355955;
Anilin;6;01.08.2016 03:00;0,232776;
Anilin;7;01.08.2016 03:00;0,206486;
Anilin;2;01.08.2016 03:00;0,113953;
Anilin;1;01.08.2016 03:00;0,0953463;
Natriumchlorid;3;01.08.2016 04:00;3,51008;
Natriumchlorid;4;01.08.2016 04:00;1,03442;
Natriumchlorid;6;01.08.2016 04:00;0,482206;
Natriumchlorid;5;01.08.2016 04:00;0,429582;
Natriumchlorid;8;01.08.2016 04:00;0,337089;
Natriumchlorid;7;01.08.2016 04:00;0,246133;
Natriumchlorid;1;01.08.2016 04:00;0,198065;
Natriumchlorid;2;01.08.2016 04:00;0,179535;
Natriumchlorid;9;01.08.2016 04:00;0,0565084;
Arsen;3;01.08.2016 04:00;2,45303;
Arsen;4;01.08.2016 04:00;1,09246;
Arsen;9;01.08.2016 04:00;0,85827;
Arsen;8;01.08.2016 04:00;0,76722;
Arsen;6;01.08.2016 04:00;0,51769;
Arsen;1;01.08.2016 04:00;0,38354;
Arsen;2;01.08.2016 04:00;0,29805;
Arsen;7;01.08.2016 04:00;0,283491;
Arsen;5;01.08.2016 04:00;0,0707476;
Benzol;4;01.08.2016 04:00;5,22735;
Benzol;2;01.08.2016 04:00;0,507507;
Benzol;9;01.08.2016 04:00;0,242914;
Benzol;8;01.08.2016 04:00;0,172111;
Benzol;1;01.08.2016 04:00;0,153808;
Benzol;3;01.08.2016 04:00;0,153329;
Benzol;7;01.08.2016 04:00;0,142095;
Benzol;5;01.08.2016 04:00;0,135123;
Benzol;6;01.08.2016 04:00;0,0816614;
Anilin;3;01.08.2016 04:00;1,80591;
Anilin;4;01.08.2016 04:00;1,03537;
Anilin;8;01.08.2016 04:00;0,692548;
Anilin;7;01.08.2016 04:00;0,531896;
Anilin;5;01.08.2016 04:00;0,445048;
Anilin;2;01.08.2016 04:00;0,440566;
Anilin;6;01.08.2016 04:00;0,401109;
Anilin;9;01.08.2016 04:00;0,355549;
Anilin;1;01.08.2016 04:00;0,235738;
Natriumchlorid;5;01.08.2016 05:00;4,8965;
Natriumchlorid;4;01.08.2016 05:00;0,772114;
Natriumchlorid;1;01.08.2016 05:00;0,583016;
Natriumchlorid;2;01.08.2016 05:00;0,319997;
Natriumchlorid;6;01.08.2016 05:00;0,286289;
Natriumchlorid;8;01.08.2016 05:00;0,252828;
Natriumchlorid;3;01.08.2016 05:00;0,244661;
Natriumchlorid;7;01.08.2016 05:00;0,232619;
Natriumchlorid;9;01.08.2016 05:00;0,156225;
Arsen;4;01.08.2016 05:00;1,01282;
Arsen;6;01.08.2016 05:00;0,489098;
Arsen;5;01.08.2016 05:00;0,462367;
Arsen;7;01.08.2016 05:00;0,443931;
Arsen;3;01.08.2016 05:00;0,336193;
Arsen;8;01.08.2016 05:00;0,328803;
Arsen;2;01.08.2016 05:00;0,30089;
Arsen;1;01.08.2016 05:00;0,251488;
Arsen;9;01.08.2016 05:00;0,0186404;
Benzol;4;01.08.2016 05:00;1,12791;
Benzol;3;01.08.2016 05:00;0,8092;
Benzol;8;01.08.2016 05:00;0,76764;
Benzol;7;01.08.2016 05:00;0,667951;
Benzol;6;01.08.2016 05:00;0,401125;
Benzol;2;01.08.2016 05:00;0,315396;
Benzol;5;01.08.2016 05:00;0,239981;
Benzol;9;01.08.2016 05:00;0,146453;
Benzol;1;01.08.2016 05:00;0,0461433;
Anilin;3;01.08.2016 05:00;2,62522;
Anilin;4;01.08.2016 05:00;1,01249;
Anilin;8;01.08.2016 05:00;0,996448;
Anilin;6;01.08.2016 05:00;0,72125;
Anilin;5;01.08.2016 05:00;0,326378;
Anilin;7;01.08.2016 05:00;0,289567;
Anilin;2;01.08.2016 05:00;0,106265;
Anilin;1;01.08.2016 05:00;0,106026;
Anilin;9;01.08.2016 05:00;0,0071944;
Natriumchlorid;3;01.08.2016 06:00;5,49876;
Natriumchlorid;3;01.08.2016 06:00;1,12098;
Natriumchlorid;4;01.08.2016 06:00;0,969597;
Natriumchlorid;5;01.08.2016 06:00;0,796028;
Natriumchlorid;2;01.08.2016 06:00;0,672877;
Natriumchlorid;8;01.08.2016 06:00;0,557411;
Natriumchlorid;6;01.08.2016 06:00;0,441865;
Natriumchlorid;7;01.08.2016 06:00;0,145401;
Natriumchlorid;1;01.08.2016 06:00;0,0463695;
Natriumchlorid;9;01.08.2016 06:00;0,045917;
Arsen;5;01.08.2016 06:00;2,51583;
Arsen;3;01.08.2016 06:00;1,97736;
Arsen;4;01.08.2016 06:00;1,11981;
Arsen;6;01.08.2016 06:00;0,739112;
Arsen;9;01.08.2016 06:00;0,272559;
Arsen;8;01.08.2016 06:00;0,130129;
Arsen;7;01.08.2016 06:00;0,119545;
Arsen;1;01.08.2016 06:00;0,0497792;
Arsen;2;01.08.2016 06:00;0,00528296;
Benzol;4;01.08.2016 06:00;1,12297;
Benzol;5;01.08.2016 06:00;0,850721;
Benzol;3;01.08.2016 06:00;0,764024;
Benzol;6;01.08.2016 06:00;0,692355;
Benzol;2;01.08.2016 06:00;0,492228;
Benzol;7;01.08.2016 06:00;0,359831;
Benzol;1;01.08.2016 06:00;0,28871;
Benzol;9;01.08.2016 06:00;0,133699;
Benzol;8;01.08.2016 06:00;0,0197603;
Anilin;4;01.08.2016 06:00;1,14695;
Anilin;5;01.08.2016 06:00;0,957492;
Anilin;2;01.08.2016 06:00;0,687341;
Anilin;8;01.08.2016 06:00;0,534126;
Anilin;6;01.08.2016 06:00;0,361647;
Anilin;1;01.08.2016 06:00;0,291147;
Anilin;9;01.08.2016 06:00;0,0645866;
Anilin;7;01.08.2016 06:00;0,0182012;
Natriumchlorid;3;01.08.2016 07:00;6,35186;
Natriumchlorid;3;01.08.2016 07:00;1,08914;
Natriumchlorid;4;01.08.2016 07:00;0,699902;
Natriumchlorid;8;01.08.2016 07:00;0,634467;
Natriumchlorid;1;01.08.2016 07:00;0,626218;
Natriumchlorid;5;01.08.2016 07:00;0,461403;
Natriumchlorid;9;01.08.2016 07:00;0,410722;
Natriumchlorid;7;01.08.2016 07:00;0,289856;
Natriumchlorid;6;01.08.2016 07:00;0,185347;
Natriumchlorid;2;01.08.2016 07:00;0,074422;
Arsen;5;01.08.2016 07:00;3,23455;
Arsen;3;01.08.2016 07:00;2,07539;
Arsen;4;01.08.2016 07:00;1,1135;
Arsen;8;01.08.2016 07:00;0,497356;
Arsen;6;01.08.2016 07:00;0,410386;
Arsen;2;01.08.2016 07:00;0,408886;
Arsen;7;01.08.2016 07:00;0,253558;
Arsen;1;01.08.2016 07:00;0,2401;
Arsen;9;01.08.2016 07:00;0,105855;
Benzol;3;01.08.2016 07:00;3,67881;
Benzol;4;01.08.2016 07:00;0,899829;
Benzol;2;01.08.2016 07:00;0,60716;
Benzol;6;01.08.2016 07:00;0,601867;
Benzol;5;01.08.2016 07:00;0,456708;
Benzol;9;01.08.2016 07:00;0,418921;
Benzol;7;01.08.2016 07:00;0,147041;
Benzol;8;01.08.2016 07:00;0,140498;
Benzol;1;01.08.2016 07:00;0,0881904;
Anilin;4;01.08.2016 07:00;1,28724;
Anilin;8;01.08.2016 07:00;0,668136;
Anilin;6;01.08.2016 07:00;0,587611;
Anilin;7;01.08.2016 07:00;0,580154;
Anilin;5;01.08.2016 07:00;0,304388;
Anilin;1;01.08.2016 07:00;0,267044;
Anilin;2;01.08.2016 07:00;0,237842;
Anilin;9;01.08.2016 07:00;0,130456;
Natriumchlorid;4;01.08.2016 08:00;2,51121;
Natriumchlorid;8;01.08.2016 08:00;1,38953;
Natriumchlorid;7;01.08.2016 08:00;1,22389;
Natriumchlorid;3;01.08.2016 08:00;0,905171;
Natriumchlorid;5;01.08.2016 08:00;0,593639;
Natriumchlorid;6;01.08.2016 08:00;0,415844;
Natriumchlorid;1;01.08.2016 08:00;0,361116;
Natriumchlorid;2;01.08.2016 08:00;0,0529847;
Natriumchlorid;9;01.08.2016 08:00;0,0467195;
Arsen;4;01.08.2016 08:00;0,891803;
Arsen;5;01.08.2016 08:00;0,485329;
Arsen;2;01.08.2016 08:00;0,411664;
Arsen;6;01.08.2016 08:00;0,370154;
Arsen;3;01.08.2016 08:00;0,301296;
Arsen;9;01.08.2016 08:00;0,298526;
Arsen;1;01.08.2016 08:00;0,277682;
Arsen;7;01.08.2016 08:00;0,151103;
Arsen;8;01.08.2016 08:00;0,0243023;
Benzol;3;01.08.2016 08:00;1,32125;
Benzol;4;01.08.2016 08:00;0,608614;
Benzol;5;01.08.2016 08:00;0,477769;
Benzol;1;01.08.2016 08:00;0,410083;
Benzol;7;01.08.2016 08:00;0,236935;
Benzol;6;01.08.2016 08:00;0,219171;
Benzol;9;01.08.2016 08:00;0,11601;
Benzol;2;01.08.2016 08:00;0,107239;
Benzol;8;01.08.2016 08:00;0,0675024;
Anilin;4;01.08.2016 08:00;1,36049;
Anilin;8;01.08.2016 08:00;1,10874;
Anilin;2;01.08.2016 08:00;0,526142;
Anilin;5;01.08.2016 08:00;0,380523;
Anilin;6;01.08.2016 08:00;0,350486;
Anilin;7;01.08.2016 08:00;0,281404;
Anilin;3;01.08.2016 08:00;0,272787;
Anilin;9;01.08.2016 08:00;0,0526441;
Anilin;1;01.08.2016 08:00;0,0440162;
Natriumchlorid;2;01.08.2016 09:00;26,72656;
Natriumchlorid;2;01.08.2016 09:00;2,77717;
Natriumchlorid;4;01.08.2016 09:00;1,55043;
Natriumchlorid;7;01.08.2016 09:00;1,30669;
Natriumchlorid;8;01.08.2016 09:00;1,16737;
Natriumchlorid;5;01.08.2016 09:00;1,02132;
Natriumchlorid;1;01.08.2016 09:00;0,318437;
Natriumchlorid;6;01.08.2016 09:00;0,31816;
Natriumchlorid;3;01.08.2016 09:00;0,23968;
Natriumchlorid;9;01.08.2016 09:00;0,209375;
Arsen;4;01.08.2016 09:00;2,34068;
Arsen;5;01.08.2016 09:00;0,781526;
Arsen;7;01.08.2016 09:00;0,7225;
Arsen;9;01.08.2016 09:00;0,367224;
Arsen;6;01.08.2016 09:00;0,364169;
Arsen;3;01.08.2016 09:00;0,273985;
Arsen;1;01.08.2016 09:00;0,136986;
Arsen;2;01.08.2016 09:00;0,12927;
Arsen;8;01.08.2016 09:00;0,108866;
Benzol;3;01.08.2016 09:00;1,09408;
Benzol;4;01.08.2016 09:00;0,916494;
Benzol;6;01.08.2016 09:00;0,622834;
Benzol;8;01.08.2016 09:00;0,566512;
Benzol;9;01.08.2016 09:00;0,437364;
Benzol;5;01.08.2016 09:00;0,401645;
Benzol;1;01.08.2016 09:00;0,204782;
Benzol;2;01.08.2016 09:00;0,14962;
Benzol;7;01.08.2016 09:00;0,128326;
Anilin;3;01.08.2016 09:00;1,68175;
Anilin;4;01.08.2016 09:00;1,17966;
Anilin;7;01.08.2016 09:00;0,870496;
Anilin;6;01.08.2016 09:00;0,505268;
Anilin;5;01.08.2016 09:00;0,268929;
Anilin;8;01.08.2016 09:00;0,242225;
Anilin;1;01.08.2016 09:00;0,214095;
Anilin;9;01.08.2016 09:00;0,0929702;
Natriumchlorid;2;01.08.2016 10:00;26,89603;
Natriumchlorid;2;01.08.2016 10:00;3,22695;
Natriumchlorid;4;01.08.2016 10:00;1,1751;
Natriumchlorid;5;01.08.2016 10:00;1,16784;
Natriumchlorid;6;01.08.2016 10:00;0,397223;
Natriumchlorid;3;01.08.2016 10:00;0,336635;
Natriumchlorid;1;01.08.2016 10:00;0,265285;
Natriumchlorid;8;01.08.2016 10:00;0,167363;
Natriumchlorid;7;01.08.2016 10:00;0,117696;
Natriumchlorid;9;01.08.2016 10:00;0,0666776;
Arsen;5;01.08.2016 10:00;1,06895;
Arsen;4;01.08.2016 10:00;0,932581;
Arsen;3;01.08.2016 10:00;0,921391;
Arsen;2;01.08.2016 10:00;0,556121;
Arsen;7;01.08.2016 10:00;0,461027;
Arsen;6;01.08.2016 10:00;0,406373;
Arsen;9;01.08.2016 10:00;0,30779;
Arsen;8;01.08.2016 10:00;0,278947;
Arsen;1;01.08.2016 10:00;0,0227489;
Benzol;3;01.08.2016 10:00;1,37347;
Benzol;8;01.08.2016 10:00;0,920489;
Benzol;4;01.08.2016 10:00;0,76245;
Benzol;6;01.08.2016 10:00;0,676782;
Benzol;1;01.08.2016 10:00;0,44787;
Benzol;7;01.08.2016 10:00;0,345318;
Benzol;5;01.08.2016 10:00;0,150836;
Benzol;2;01.08.2016 10:00;0,111634;
Benzol;9;01.08.2016 10:00;0,018587;
Anilin;4;01.08.2016 10:00;1,33612;
Anilin;3;01.08.2016 10:00;1,09392;
Anilin;8;01.08.2016 10:00;0,698458;
Anilin;6;01.08.2016 10:00;0,611657;
Anilin;7;01.08.2016 10:00;0,345681;
Anilin;9;01.08.2016 10:00;0,311291;
Anilin;5;01.08.2016 10:00;0,105314;
Anilin;1;01.08.2016 10:00;0,0526041;
Natriumchlorid;5;01.08.2016 11:00;1,08848;
Natriumchlorid;4;01.08.2016 11:00;1,0556;
Natriumchlorid;9;01.08.2016 11:00;0,512342;
Natriumchlorid;6;01.08.2016 11:00;0,404246;
Natriumchlorid;3;01.08.2016 11:00;0,338529;
Natriumchlorid;1;01.08.2016 11:00;0,223901;
Natriumchlorid;7;01.08.2016 11:00;0,204704;
Natriumchlorid;2;01.08.2016 11:00;0,064287;
Natriumchlorid;8;01.08.2016 11:00;0,0161869;
Arsen;4;01.08.2016 11:00;3,58666;
Arsen;3;01.08.2016 11:00;2,42009;
Arsen;6;01.08.2016 11:00;0,640582;
Arsen;8;01.08.2016 11:00;0,440814;
Arsen;7;01.08.2016 11:00;0,31285;
Arsen;5;01.08.2016 11:00;0,260627;
Arsen;1;01.08.2016 11:00;0,226384;
Arsen;9;01.08.2016 11:00;0,181591;
Arsen;2;01.08.2016 11:00;0,0496405;
Benzol;4;01.08.2016 11:00;1,01367;
Benzol;3;01.08.2016 11:00;0,724812;
Benzol;8;01.08.2016 11:00;0,431504;
Benzol;9;01.08.2016 11:00;0,267322;
Benzol;7;01.08.2016 11:00;0,18589;
Benzol;5;01.08.2016 11:00;0,179918;
Benzol;2;01.08.2016 11:00;0,134578;
Benzol;1;01.08.2016 11:00;0,105479;
Benzol;6;01.08.2016 11:00;0,0234425;
Anilin;3;01.08.2016 11:00;2,06956;
Anilin;4;01.08.2016 11:00;1,24191;
Anilin;6;01.08.2016 11:00;0,404583;
Anilin;8;01.08.2016 11:00;0,264417;
Anilin;5;01.08.2016 11:00;0,234028;
Anilin;2;01.08.2016 11:00;0,227607;
Anilin;9;01.08.2016 11:00;0,097411;
Anilin;1;01.08.2016 11:00;0,0558169;
Anilin;7;01.08.2016 11:00;0,0289705;
Natriumchlorid;4;01.08.2016 12:00;1,99028;
Natriumchlorid;9;01.08.2016 12:00;0,736907;
Natriumchlorid;6;01.08.2016 12:00;0,604275;
Natriumchlorid;7;01.08.2016 12:00;0,458169;
Natriumchlorid;8;01.08.2016 12:00;0,449899;
Natriumchlorid;5;01.08.2016 12:00;0,303286;
Natriumchlorid;1;01.08.2016 12:00;0,288845;
Natriumchlorid;2;01.08.2016 12:00;0,268587;
Natriumchlorid;3;01.08.2016 12:00;0,265977;
Arsen;3;01.08.2016 12:00;5,25331;
Arsen;4;01.08.2016 12:00;0,883998;
Arsen;2;01.08.2016 12:00;0,827685;
Arsen;6;01.08.2016 12:00;0,386089;
Arsen;1;01.08.2016 12:00;0,372246;
Arsen;7;01.08.2016 12:00;0,262436;
Arsen;5;01.08.2016 12:00;0,258657;
Arsen;9;01.08.2016 12:00;0,233905;
Arsen;8;01.08.2016 12:00;0,140773;
Benzol;3;01.08.2016 12:00;7,82971;
Benzol;4;01.08.2016 12:00;1,17242;
Benzol;7;01.08.2016 12:00;1,11458;
Benzol;6;01.08.2016 12:00;0,726357;
Benzol;5;01.08.2016 12:00;0,582381;
Benzol;2;01.08.2016 12:00;0,379955;
Benzol;1;01.08.2016 12:00;0,230913;
Benzol;8;01.08.2016 12:00;0,128444;
Benzol;9;01.08.2016 12:00;0,0737443;
Anilin;4;01.08.2016 12:00;1,3109;
Anilin;3;01.08.2016 12:00;1,14874;
Anilin;8;01.08.2016 12:00;0,799529;
Anilin;7;01.08.2016 12:00;0,5649;
Anilin;1;01.08.2016 12:00;0,424378;
Anilin;9;01.08.2016 12:00;0,37661;
Anilin;5;01.08.2016 12:00;0,331187;
Anilin;6;01.08.2016 12:00;0,198642;
Anilin;2;01.08.2016 12:00;0,054875;
Natriumchlorid;3;01.08.2016 13:00;11,93167;
Natriumchlorid;3;01.08.2016 13:00;2,9289;
Natriumchlorid;4;01.08.2016 13:00;1,00065;
Natriumchlorid;2;01.08.2016 13:00;0,318877;
Natriumchlorid;1;01.08.2016 13:00;0,237496;
Natriumchlorid;7;01.08.2016 13:00;0,1653;
Natriumchlorid;9;01.08.2016 13:00;0,133552;
Natriumchlorid;8;01.08.2016 13:00;0,0372296;
Natriumchlorid;5;01.08.2016 13:00;0,0367871;
Natriumchlorid;6;01.08.2016 13:00;0,00140849;
Arsen;5;01.08.2016 13:00;2,55529;
Arsen;2;01.08.2016 13:00;1,08687;
Arsen;4;01.08.2016 13:00;0,79826;
Arsen;8;01.08.2016 13:00;0,548817;
Arsen;3;01.08.2016 13:00;0,303378;
Arsen;1;01.08.2016 13:00;0,275131;
Arsen;6;01.08.2016 13:00;0,258286;
Arsen;7;01.08.2016 13:00;0,105626;
Arsen;9;01.08.2016 13:00;0,0674411;
Benzol;4;01.08.2016 13:00;1,39971;
Benzol;7;01.08.2016 13:00;0,805086;
Benzol;3;01.08.2016 13:00;0,593894;
Benzol;6;01.08.2016 13:00;0,555487;
Benzol;8;01.08.2016 13:00;0,483199;
Benzol;2;01.08.2016 13:00;0,39944;
Benzol;5;01.08.2016 13:00;0,223219;
Benzol;1;01.08.2016 13:00;0,064684;
Benzol;9;01.08.2016 13:00;0,032094;
Anilin;8;01.08.2016 13:00;1,01534;
Anilin;7;01.08.2016 13:00;0,994791;
Anilin;4;01.08.2016 13:00;0,861026;
Anilin;5;01.08.2016 13:00;0,442722;
Anilin;9;01.08.2016 13:00;0,41319;
Anilin;1;01.08.2016 13:00;0,376836;
Anilin;6;01.08.2016 13:00;0,216902;
Anilin;2;01.08.2016 13:00;0,0253746;
Natriumchlorid;3;01.08.2016 14:00;64,67163;
Natriumchlorid;3;01.08.2016 14:00;7,06468;
Natriumchlorid;7;01.08.2016 14:00;4,61642;
Natriumchlorid;4;01.08.2016 14:00;0,998753;
Natriumchlorid;6;01.08.2016 14:00;0,45995;
Natriumchlorid;1;01.08.2016 14:00;0,189433;
Natriumchlorid;9;01.08.2016 14:00;0,159369;
Natriumchlorid;2;01.08.2016 14:00;0,123949;
Natriumchlorid;5;01.08.2016 14:00;0,108137;
Natriumchlorid;8;01.08.2016 14:00;0,0877004;
Arsen;3;01.08.2016 14:00;4,30398;
Arsen;5;01.08.2016 14:00;2,11448;
Arsen;4;01.08.2016 14:00;0,929659;
Arsen;6;01.08.2016 14:00;0,55398;
Arsen;1;01.08.2016 14:00;0,480988;
Arsen;7;01.08.2016 14:00;0,465946;
Arsen;2;01.08.2016 14:00;0,285828;
Arsen;9;01.08.2016 14:00;0,236734;
Arsen;8;01.08.2016 14:00;0,181656;
Benzol;8;01.08.2016 14:00;1,14526;
Benzol;3;01.08.2016 14:00;0,785506;
Benzol;4;01.08.2016 14:00;0,615149;
Benzol;2;01.08.2016 14:00;0,587124;
Benzol;9;01.08.2016 14:00;0,296476;
Benzol;6;01.08.2016 14:00;0,262657;
Benzol;5;01.08.2016 14:00;0,179915;
Benzol;1;01.08.2016 14:00;0,15395;
Benzol;7;01.08.2016 14:00;0,0999084;
Anilin;5;01.08.2016 14:00;0,914751;
Anilin;4;01.08.2016 14:00;0,914134;
Anilin;8;01.08.2016 14:00;0,750472;
Anilin;7;01.08.2016 14:00;0,612065;
Anilin;2;01.08.2016 14:00;0,492842;
Anilin;9;01.08.2016 14:00;0,398283;
Anilin;6;01.08.2016 14:00;0,329528;
Anilin;1;01.08.2016 14:00;0,242898;
Natriumchlorid;7;01.08.2016 15:00;1,9347;
Natriumchlorid;3;01.08.2016 15:00;1,17696;
Natriumchlorid;4;01.08.2016 15:00;1,14994;
Natriumchlorid;6;01.08.2016 15:00;0,609156;
Natriumchlorid;5;01.08.2016 15:00;0,524956;
Natriumchlorid;8;01.08.2016 15:00;0,357925;
Natriumchlorid;9;01.08.2016 15:00;0,353384;
Natriumchlorid;2;01.08.2016 15:00;0,33225;
Natriumchlorid;1;01.08.2016 15:00;0,00291327;
Arsen;4;01.08.2016 15:00;0,735377;
Arsen;3;01.08.2016 15:00;0,668103;
Arsen;7;01.08.2016 15:00;0,466869;
Arsen;5;01.08.2016 15:00;0,419728;
Arsen;9;01.08.2016 15:00;0,268197;
Arsen;1;01.08.2016 15:00;0,23493;
Arsen;6;01.08.2016 15:00;0,233859;
Arsen;2;01.08.2016 15:00;0,207023;
Arsen;8;01.08.2016 15:00;0,00746482;
Benzol;4;01.08.2016 15:00;1,03599;
Benzol;3;01.08.2016 15:00;0,996751;
Benzol;7;01.08.2016 15:00;0,698231;
Benzol;9;01.08.2016 15:00;0,483056;
Benzol;5;01.08.2016 15:00;0,407258;
Benzol;2;01.08.2016 15:00;0,316768;
Benzol;6;01.08.2016 15:00;0,218779;
Benzol;8;01.08.2016 15:00;0,102201;
Benzol;1;01.08.2016 15:00;0,0273547;
Anilin;3;01.08.2016 15:00;2,24748;
Anilin;4;01.08.2016 15:00;0,877768;
Anilin;8;01.08.2016 15:00;0,48298;
Anilin;2;01.08.2016 15:00;0,280855;
Anilin;5;01.08.2016 15:00;0,244557;
Anilin;6;01.08.2016 15:00;0,206707;
Anilin;1;01.08.2016 15:00;0,196642;
Anilin;9;01.08.2016 15:00;0,142207;
Anilin;7;01.08.2016 15:00;0,0869155;
Natriumchlorid;4;01.08.2016 16:00;1,2937;
Natriumchlorid;7;01.08.2016 16:00;0,909516;
Natriumchlorid;5;01.08.2016 16:00;0,797131;
Natriumchlorid;6;01.08.2016 16:00;0,64396;
Natriumchlorid;2;01.08.2016 16:00;0,522952;
Natriumchlorid;9;01.08.2016 16:00;0,39906;
Natriumchlorid;8;01.08.2016 16:00;0,221432;
Natriumchlorid;3;01.08.2016 16:00;0,160723;
Natriumchlorid;1;01.08.2016 16:00;0,0654139;
Arsen;4;01.08.2016 16:00;1,10891;
Arsen;7;01.08.2016 16:00;0,961742;
Arsen;8;01.08.2016 16:00;0,746492;
Arsen;1;01.08.2016 16:00;0,651269;
Arsen;6;01.08.2016 16:00;0,624435;
Arsen;9;01.08.2016 16:00;0,491157;
Arsen;2;01.08.2016 16:00;0,124447;
Arsen;3;01.08.2016 16:00;0,110633;
Arsen;5;01.08.2016 16:00;0,0227673;
Benzol;8;01.08.2016 16:00;1,17684;
Benzol;4;01.08.2016 16:00;1,02518;
Benzol;5;01.08.2016 16:00;0,574764;
Benzol;7;01.08.2016 16:00;0,540696;
Benzol;9;01.08.2016 16:00;0,398183;
Benzol;6;01.08.2016 16:00;0,388143;
Benzol;3;01.08.2016 16:00;0,25122;
Benzol;2;01.08.2016 16:00;0,174018;
Benzol;1;01.08.2016 16:00;0,109802;
Anilin;4;01.08.2016 16:00;1,09276;
Anilin;8;01.08.2016 16:00;0,923285;
Anilin;7;01.08.2016 16:00;0,780916;
Anilin;3;01.08.2016 16:00;0,530051;
Anilin;2;01.08.2016 16:00;0,431064;
Anilin;6;01.08.2016 16:00;0,426045;
Anilin;9;01.08.2016 16:00;0,21365;
Anilin;5;01.08.2016 16:00;0,180353;
Anilin;1;01.08.2016 16:00;0,163609;
Natriumchlorid;5;01.08.2016 17:00;5,48717;
Natriumchlorid;7;01.08.2016 17:00;1,63369;
Natriumchlorid;4;01.08.2016 17:00;0,866601;
Natriumchlorid;3;01.08.2016 17:00;0,771212;
Natriumchlorid;1;01.08.2016 17:00;0,586224;
Natriumchlorid;8;01.08.2016 17:00;0,480449;
Natriumchlorid;9;01.08.2016 17:00;0,418949;
Natriumchlorid;6;01.08.2016 17:00;0,40319;
Natriumchlorid;2;01.08.2016 17:00;0,25833;
Arsen;4;01.08.2016 17:00;0,924984;
Arsen;3;01.08.2016 17:00;0,874377;
Arsen;6;01.08.2016 17:00;0,821169;
Arsen;5;01.08.2016 17:00;0,630329;
Arsen;7;01.08.2016 17:00;0,320529;
Arsen;1;01.08.2016 17:00;0,298112;
Arsen;2;01.08.2016 17:00;0,286329;
Arsen;8;01.08.2016 17:00;0,260359;
Arsen;9;01.08.2016 17:00;0,0156085;
Benzol;3;01.08.2016 17:00;3,24279;
Benzol;4;01.08.2016 17:00;1,40781;
Benzol;5;01.08.2016 17:00;0,55413;
Benzol;8;01.08.2016 17:00;0,352998;
Benzol;6;01.08.2016 17:00;0,343322;
Benzol;7;01.08.2016 17:00;0,308387;
Benzol;2;01.08.2016 17:00;0,27409;
Benzol;9;01.08.2016 17:00;0,197606;
Benzol;1;01.08.2016 17:00;0,0825283;
Anilin;3;01.08.2016 17:00;1,94154;
Anilin;4;01.08.2016 17:00;1,06106;
Anilin;8;01.08.2016 17:00;0,675499;
Anilin;2;01.08.2016 17:00;0,491469;
Anilin;6;01.08.2016 17:00;0,455277;
Anilin;5;01.08.2016 17:00;0,394567;
Anilin;7;01.08.2016 17:00;0,211369;
Anilin;1;01.08.2016 17:00;0,168188;
Anilin;9;01.08.2016 17:00;0,0609092;
Natriumchlorid;4;01.08.2016 18:00;1,12151;
Natriumchlorid;8;01.08.2016 18:00;1,08876;
Natriumchlorid;7;01.08.2016 18:00;0,593907;
Natriumchlorid;9;01.08.2016 18:00;0,518665;
Natriumchlorid;5;01.08.2016 18:00;0,365395;
Natriumchlorid;6;01.08.2016 18:00;0,300159;
Natriumchlorid;2;01.08.2016 18:00;0,294751;
Natriumchlorid;3;01.08.2016 18:00;0,152053;
Natriumchlorid;1;01.08.2016 18:00;0,0778048;
Arsen;3;01.08.2016 18:00;1,26582;
Arsen;4;01.08.2016 18:00;0,701449;
Arsen;5;01.08.2016 18:00;0,515954;
Arsen;6;01.08.2016 18:00;0,447292;
Arsen;2;01.08.2016 18:00;0,341269;
Arsen;8;01.08.2016 18:00;0,17629;
Arsen;9;01.08.2016 18:00;0,126999;
Arsen;1;01.08.2016 18:00;0,126414;
Arsen;7;01.08.2016 18:00;0,117572;
Benzol;7;01.08.2016 18:00;2,35921;
Benzol;8;01.08.2016 18:00;0,923645;
Benzol;4;01.08.2016 18:00;0,889101;
Benzol;2;01.08.2016 18:00;0,802944;
Benzol;5;01.08.2016 18:00;0,51882;
Benzol;6;01.08.2016 18:00;0,494333;
Benzol;3;01.08.2016 18:00;0,403052;
Benzol;1;01.08.2016 18:00;0,327081;
Benzol;9;01.08.2016 18:00;0,262049;
Anilin;4;01.08.2016 18:00;1,10562;
Anilin;6;01.08.2016 18:00;0,572801;
Anilin;5;01.08.2016 18:00;0,258623;
Anilin;9;01.08.2016 18:00;0,226261;
Anilin;1;01.08.2016 18:00;0,185353;
Anilin;8;01.08.2016 18:00;0,174267;
Anilin;7;01.08.2016 18:00;0,147796;
Anilin;3;01.08.2016 18:00;0,116914;
Anilin;2;01.08.2016 18:00;0,0712859;
Natriumchlorid;2;01.08.2016 19:00;31,87868;
Natriumchlorid;2;01.08.2016 19:00;3,48189;
Natriumchlorid;4;01.08.2016 19:00;0,917211;
Natriumchlorid;7;01.08.2016 19:00;0,806771;
Natriumchlorid;8;01.08.2016 19:00;0,702882;
Natriumchlorid;5;01.08.2016 19:00;0,497187;
Natriumchlorid;1;01.08.2016 19:00;0,345316;
Natriumchlorid;6;01.08.2016 19:00;0,167756;
Natriumchlorid;9;01.08.2016 19:00;0,146152;
Natriumchlorid;3;01.08.2016 19:00;0,0244328;
Arsen;4;01.08.2016 19:00;2,52638;
Arsen;3;01.08.2016 19:00;2,32181;
Arsen;5;01.08.2016 19:00;0,902144;
Arsen;7;01.08.2016 19:00;0,582966;
Arsen;9;01.08.2016 19:00;0,105587;
Arsen;1;01.08.2016 19:00;0,0841786;
Arsen;2;01.08.2016 19:00;0,0385138;
Arsen;6;01.08.2016 19:00;0,0220304;
Arsen;8;01.08.2016 19:00;0,00776222;
Benzol;3;01.08.2016 19:00;1,38206;
Benzol;4;01.08.2016 19:00;0,886217;
Benzol;2;01.08.2016 19:00;0,826669;
Benzol;8;01.08.2016 19:00;0,565911;
Benzol;6;01.08.2016 19:00;0,376345;
Benzol;5;01.08.2016 19:00;0,341273;
Benzol;1;01.08.2016 19:00;0,132468;
Benzol;7;01.08.2016 19:00;0,0862216;
Benzol;9;01.08.2016 19:00;0,0217572;
Anilin;4;01.08.2016 19:00;0,90926;
Anilin;8;01.08.2016 19:00;0,821604;
Anilin;3;01.08.2016 19:00;0,519593;
Anilin;9;01.08.2016 19:00;0,354351;
Anilin;7;01.08.2016 19:00;0,287167;
Anilin;5;01.08.2016 19:00;0,256586;
Anilin;6;01.08.2016 19:00;0,160048;
Anilin;1;01.08.2016 19:00;0,036758;
Natriumchlorid;4;01.08.2016 20:00;2,36696;
Natriumchlorid;7;01.08.2016 20:00;2,25807;
Natriumchlorid;3;01.08.2016 20:00;0,953018;
Natriumchlorid;6;01.08.2016 20:00;0,529751;
Natriumchlorid;2;01.08.2016 20:00;0,512598;
Natriumchlorid;1;01.08.2016 20:00;0,469284;
Natriumchlorid;8;01.08.2016 20:00;0,434912;
Natriumchlorid;9;01.08.2016 20:00;0,220053;
Natriumchlorid;5;01.08.2016 20:00;0,0666648;
Arsen;4;01.08.2016 20:00;1,2323;
Arsen;5;01.08.2016 20:00;1,10581;
Arsen;8;01.08.2016 20:00;0,515459;
Arsen;9;01.08.2016 20:00;0,408022;
Arsen;3;01.08.2016 20:00;0,407302;
Arsen;6;01.08.2016 20:00;0,287707;
Arsen;7;01.08.2016 20:00;0,212885;
Arsen;1;01.08.2016 20:00;0,0850693;
Arsen;2;01.08.2016 20:00;0,00367193;
Benzol;4;01.08.2016 20:00;0,864761;
Benzol;3;01.08.2016 20:00;0,810885;
Benzol;8;01.08.2016 20:00;0,748545;
Benzol;7;01.08.2016 20:00;0,534282;
Benzol;2;01.08.2016 20:00;0,469786;
Benzol;9;01.08.2016 20:00;0,285234;
Benzol;1;01.08.2016 20:00;0,158729;
Benzol;6;01.08.2016 20:00;0,118065;
Benzol;5;01.08.2016 20:00;0,047833;
Anilin;3;01.08.2016 20:00;1,16171;
Anilin;4;01.08.2016 20:00;0,994208;
Anilin;6;01.08.2016 20:00;0,570765;
Anilin;8;01.08.2016 20:00;0,41685;
Anilin;2;01.08.2016 20:00;0,3241;
Anilin;7;01.08.2016 20:00;0,265162;
Anilin;1;01.08.2016 20:00;0,129089;
Anilin;5;01.08.2016 20:00;0,0824058;
Anilin;9;01.08.2016 20:00;0,0171347;
Natriumchlorid;3;01.08.2016 21:00;38,44904;
Natriumchlorid;3;01.08.2016 21:00;3,80828;
Natriumchlorid;4;01.08.2016 21:00;0,99087;
Natriumchlorid;2;01.08.2016 21:00;0,517437;
Natriumchlorid;6;01.08.2016 21:00;0,488862;
Natriumchlorid;1;01.08.2016 21:00;0,290062;
Natriumchlorid;7;01.08.2016 21:00;0,226603;
Natriumchlorid;9;01.08.2016 21:00;0,199181;
Natriumchlorid;5;01.08.2016 21:00;0,164974;
Natriumchlorid;8;01.08.2016 21:00;0,0999231;
Arsen;4;01.08.2016 21:00;1,02028;
Arsen;5;01.08.2016 21:00;0,946879;
Arsen;8;01.08.2016 21:00;0,876715;
Arsen;3;01.08.2016 21:00;0,824413;
Arsen;6;01.08.2016 21:00;0,360649;
Arsen;1;01.08.2016 21:00;0,295703;
Arsen;2;01.08.2016 21:00;0,133524;
Arsen;9;01.08.2016 21:00;0,0592284;
Arsen;7;01.08.2016 21:00;0,0105716;
Benzol;3;01.08.2016 21:00;1,96367;
Benzol;4;01.08.2016 21:00;0,858934;
Benzol;9;01.08.2016 21:00;0,375393;
Benzol;2;01.08.2016 21:00;0,32333;
Benzol;6;01.08.2016 21:00;0,214986;
Benzol;7;01.08.2016 21:00;0,159582;
Benzol;5;01.08.2016 21:00;0,0502826;
Benzol;8;01.08.2016 21:00;0,0283741;
Benzol;1;01.08.2016 21:00;0,0279754;
Anilin;7;01.08.2016 21:00;0,883499;
Anilin;8;01.08.2016 21:00;0,663367;
Anilin;4;01.08.2016 21:00;0,645996;
Anilin;9;01.08.2016 21:00;0,228021;
Anilin;6;01.08.2016 21:00;0,213408;
Anilin;2;01.08.2016 21:00;0,208278;
Anilin;1;01.08.2016 21:00;0,144611;
Anilin;5;01.08.2016 21:00;0,138898;
Natriumchlorid;3;01.08.2016 22:00;5,98324;
Natriumchlorid;4;01.08.2016 22:00;1,23114;
Natriumchlorid;9;01.08.2016 22:00;0,502862;
Natriumchlorid;8;01.08.2016 22:00;0,382844;
Natriumchlorid;7;01.08.2016 22:00;0,173681;
Natriumchlorid;5;01.08.2016 22:00;0,155747;
Natriumchlorid;1;01.08.2016 22:00;0,117204;
Natriumchlorid;2;01.08.2016 22:00;0,0833885;
Natriumchlorid;6;01.08.2016 22:00;0,0366787;
Arsen;5;01.08.2016 22:00;2,27037;
Arsen;3;01.08.2016 22:00;1,30283;
Arsen;4;01.08.2016 22:00;0,944802;
Arsen;6;01.08.2016 22:00;0,379808;
Arsen;9;01.08.2016 22:00;0,208655;
Arsen;2;01.08.2016 22:00;0,206441;
Arsen;1;01.08.2016 22:00;0,188174;
Arsen;8;01.08.2016 22:00;0,164201;
Arsen;7;01.08.2016 22:00;0,00452146;
Benzol;8;01.08.2016 22:00;1,01704;
Benzol;3;01.08.2016 22:00;0,961994;
Benzol;6;01.08.2016 22:00;0,864282;
Benzol;4;01.08.2016 22:00;0,729652;
Benzol;7;01.08.2016 22:00;0,68413;
Benzol;1;01.08.2016 22:00;0,503199;
Benzol;2;01.08.2016 22:00;0,435889;
Benzol;5;01.08.2016 22:00;0,165272;
Benzol;9;01.08.2016 22:00;0,14658;
Anilin;3;01.08.2016 22:00;33,6606;
Anilin;4;01.08.2016 22:00;1,15918;
Anilin;1;01.08.2016 22:00;0,756771;
Anilin;8;01.08.2016 22:00;0,583823;
Anilin;2;01.08.2016 22:00;0,362582;
Anilin;7;01.08.2016 22:00;0,277324;
Anilin;5;01.08.2016 22:00;0,250651;
Anilin;9;01.08.2016 22:00;0,16018;
Anilin;6;01.08.2016 22:00;0,0527531;
Natriumchlorid;3;01.08.2016 23:00;7,84489;
Natriumchlorid;4;01.08.2016 23:00;0,877989;
Natriumchlorid;5;01.08.2016 23:00;0,749473;
Natriumchlorid;7;01.08.2016 23:00;0,501285;
Natriumchlorid;2;01.08.2016 23:00;0,408115;
Natriumchlorid;6;01.08.2016 23:00;0,288172;
Natriumchlorid;9;01.08.2016 23:00;0,125083;
Natriumchlorid;8;01.08.2016 23:00;0,102068;
Natriumchlorid;1;01.08.2016 23:00;0,0386929;
Arsen;5;01.08.2016 23:00;1,16115;
Arsen;4;01.08.2016 23:00;1,12404;
Arsen;9;01.08.2016 23:00;0,656908;
Arsen;6;01.08.2016 23:00;0,623062;
Arsen;8;01.08.2016 23:00;0,527959;
Arsen;3;01.08.2016 23:00;0,426667;
Arsen;1;01.08.2016 23:00;0,323877;
Arsen;2;01.08.2016 23:00;0,0688648;
Arsen;7;01.08.2016 23:00;0,0625889;
Benzol;3;01.08.2016 23:00;1,25;
Benzol;4;01.08.2016 23:00;0,789251;
Benzol;8;01.08.2016 23:00;0,643212;
Benzol;7;01.08.2016 23:00;0,528985;
Benzol;9;01.08.2016 23:00;0,429888;
Benzol;5;01.08.2016 23:00;0,381586;
Benzol;6;01.08.2016 23:00;0,143874;
Benzol;2;01.08.2016 23:00;0,121049;
Benzol;1;01.08.2016 23:00;0,0408347;
Anilin;3;01.08.2016 23:00;75,96199;
Anilin;4;01.08.2016 23:00;0,94677;
Anilin;8;01.08.2016 23:00;0,604132;
Anilin;9;01.08.2016 23:00;0,288575;
Anilin;6;01.08.2016 23:00;0,228175;
Anilin;7;01.08.2016 23:00;0,136296;
Anilin;5;01.08.2016 23:00;0,12476;
Anilin;1;01.08.2016 23:00;0,114419;
Anilin;2;01.08.2016 23:00;0,0703329;
Natriumchlorid;3;02.08.2016 00:00;3,75953;
Anilin;3;02.08.2016 00:00;11,08966;
Natriumchlorid;3;02.08.2016 01:00;6,01367;
Natriumchlorid;8;02.08.2016 01:00;1,32721;
Natriumchlorid;7;02.08.2016 01:00;1,19251;
Natriumchlorid;6;02.08.2016 01:00;0,671612;
Natriumchlorid;4;02.08.2016 01:00;0,610771;
Natriumchlorid;2;02.08.2016 01:00;0,51785;
Natriumchlorid;9;02.08.2016 01:00;0,515281;
Natriumchlorid;1;02.08.2016 01:00;0,168498;
Natriumchlorid;5;02.08.2016 01:00;0,0276176;
Arsen;4;02.08.2016 01:00;1,34642;
Arsen;8;02.08.2016 01:00;1,09367;
Arsen;3;02.08.2016 01:00;0,945988;
Arsen;7;02.08.2016 01:00;0,585184;
Arsen;5;02.08.2016 01:00;0,39351;
Arsen;1;02.08.2016 01:00;0,334797;
Arsen;9;02.08.2016 01:00;0,2396;
Arsen;6;02.08.2016 01:00;0,156008;
Arsen;2;02.08.2016 01:00;0,0509883;
Benzol;3;02.08.2016 01:00;2,3348;
Benzol;7;02.08.2016 01:00;1,9042;
Benzol;4;02.08.2016 01:00;0,901283;
Benzol;6;02.08.2016 01:00;0,640236;
Benzol;8;02.08.2016 01:00;0,590173;
Benzol;1;02.08.2016 01:00;0,312436;
Benzol;2;02.08.2016 01:00;0,309093;
Benzol;5;02.08.2016 01:00;0,222782;
Benzol;9;02.08.2016 01:00;0,213159;
Anilin;3;02.08.2016 01:00;30,16301;
Anilin;7;02.08.2016 01:00;1,25886;
Anilin;4;02.08.2016 01:00;0,964557;
Anilin;2;02.08.2016 01:00;0,806591;
Anilin;9;02.08.2016 01:00;0,740356;
Anilin;6;02.08.2016 01:00;0,496493;
Anilin;8;02.08.2016 01:00;0,451688;
Anilin;5;02.08.2016 01:00;0,134697;
Anilin;1;02.08.2016 01:00;0,110293;
Natriumchlorid;4;02.08.2016 02:00;3,44429;
Natriumchlorid;7;02.08.2016 02:00;1,12317;
Natriumchlorid;3;02.08.2016 02:00;0,994431;
Natriumchlorid;5;02.08.2016 02:00;0,655228;
Natriumchlorid;6;02.08.2016 02:00;0,52238;
Natriumchlorid;8;02.08.2016 02:00;0,422211;
Natriumchlorid;1;02.08.2016 02:00;0,417368;
Natriumchlorid;9;02.08.2016 02:00;0,201905;
Natriumchlorid;2;02.08.2016 02:00;0,013861;
Arsen;5;02.08.2016 02:00;2,53955;
Arsen;4;02.08.2016 02:00;0,906896;
Arsen;1;02.08.2016 02:00;0,577695;
Arsen;3;02.08.2016 02:00;0,464507;
Arsen;6;02.08.2016 02:00;0,313126;
Arsen;8;02.08.2016 02:00;0,164438;
Arsen;7;02.08.2016 02:00;0,164225;
Arsen;2;02.08.2016 02:00;0,0599941;
Arsen;9;02.08.2016 02:00;0,00666084;
Benzol;3;02.08.2016 02:00;4,69155;
Benzol;4;02.08.2016 02:00;0,924705;
Benzol;6;02.08.2016 02:00;0,45523;
Benzol;2;02.08.2016 02:00;0,410387;
Benzol;5;02.08.2016 02:00;0,276633;
Benzol;8;02.08.2016 02:00;0,204741;
Benzol;1;02.08.2016 02:00;0,190579;
Benzol;9;02.08.2016 02:00;0,166638;
Benzol;7;02.08.2016 02:00;0,147403;
Anilin;4;02.08.2016 02:00;1,00053;
Anilin;3;02.08.2016 02:00;0,968914;
Anilin;8;02.08.2016 02:00;0,876528;
Anilin;7;02.08.2016 02:00;0,589645;
Anilin;5;02.08.2016 02:00;0,573229;
Anilin;2;02.08.2016 02:00;0,304021;
Anilin;1;02.08.2016 02:00;0,290323;
Anilin;6;02.08.2016 02:00;0,197394;
Anilin;9;02.08.2016 02:00;0,0477836;
Natriumchlorid;7;02.08.2016 03:00;2,10652;
Natriumchlorid;4;02.08.2016 03:00;1,046;
Natriumchlorid;6;02.08.2016 03:00;1,0108;
Natriumchlorid;8;02.08.2016 03:00;0,91871;
Natriumchlorid;3;02.08.2016 03:00;0,328327;
Natriumchlorid;5;02.08.2016 03:00;0,328234;
Natriumchlorid;9;02.08.2016 03:00;0,204384;
Natriumchlorid;1;02.08.2016 03:00;0,150469;
Natriumchlorid;2;02.08.2016 03:00;0,138369;
Arsen;4;02.08.2016 03:00;2,54085;
Arsen;5;02.08.2016 03:00;0,888534;
Arsen;8;02.08.2016 03:00;0,88129;
Arsen;3;02.08.2016 03:00;0,75204;
Arsen;2;02.08.2016 03:00;0,581529;
Arsen;6;02.08.2016 03:00;0,490215;
Arsen;7;02.08.2016 03:00;0,287301;
Arsen;9;02.08.2016 03:00;0,190396;
Arsen;1;02.08.2016 03:00;0,0689618;
Benzol;3;02.08.2016 03:00;1,62851;
Benzol;7;02.08.2016 03:00;0,86956;
Benzol;4;02.08.2016 03:00;0,725355;
Benzol;8;02.08.2016 03:00;0,513579;
Benzol;6;02.08.2016 03:00;0,433067;
Benzol;5;02.08.2016 03:00;0,393492;
Benzol;1;02.08.2016 03:00;0,320008;
Benzol;2;02.08.2016 03:00;0,133524;
Benzol;9;02.08.2016 03:00;0,0370781;
Anilin;3;02.08.2016 03:00;2,44985;
Anilin;4;02.08.2016 03:00;1,24153;
Anilin;2;02.08.2016 03:00;0,600286;
Anilin;8;02.08.2016 03:00;0,413237;
Anilin;7;02.08.2016 03:00;0,300367;
Anilin;1;02.08.2016 03:00;0,0806688;
Anilin;5;02.08.2016 03:00;0,0773586;
Anilin;6;02.08.2016 03:00;0,0524075;
Anilin;9;02.08.2016 03:00;0,0404028;
Natriumchlorid;2;02.08.2016 04:00;5,82203;
Natriumchlorid;7;02.08.2016 04:00;1,34645;
Natriumchlorid;4;02.08.2016 04:00;1,19664;
Natriumchlorid;5;02.08.2016 04:00;0,824929;
Natriumchlorid;6;02.08.2016 04:00;0,74601;
Natriumchlorid;3;02.08.2016 04:00;0,719814;
Natriumchlorid;8;02.08.2016 04:00;0,674298;
Natriumchlorid;9;02.08.2016 04:00;0,367072;
Natriumchlorid;1;02.08.2016 04:00;0,100592;
Arsen;7;02.08.2016 04:00;0,96268;
Arsen;3;02.08.2016 04:00;0,884499;
Arsen;4;02.08.2016 04:00;0,651851;
Arsen;1;02.08.2016 04:00;0,626218;
Arsen;5;02.08.2016 04:00;0,536091;
Arsen;6;02.08.2016 04:00;0,291236;
Arsen;2;02.08.2016 04:00;0,147941;
Arsen;9;02.08.2016 04:00;0,0792766;
Arsen;8;02.08.2016 04:00;0,0260019;
Benzol;3;02.08.2016 04:00;1,55008;
Benzol;4;02.08.2016 04:00;0,946136;
Benzol;7;02.08.2016 04:00;0,54948;
Benzol;2;02.08.2016 04:00;0,545513;
Benzol;5;02.08.2016 04:00;0,522551;
Benzol;1;02.08.2016 04:00;0,27998;
Benzol;9;02.08.2016 04:00;0,227202;
Benzol;6;02.08.2016 04:00;0,216227;
Benzol;8;02.08.2016 04:00;0,197644;
Anilin;2;02.08.2016 04:00;58,46353;
Anilin;4;02.08.2016 04:00;1,02325;
Anilin;3;02.08.2016 04:00;0,677475;
Anilin;1;02.08.2016 04:00;0,667044;
Anilin;6;02.08.2016 04:00;0,654846;
Anilin;7;02.08.2016 04:00;0,529051;
Anilin;9;02.08.2016 04:00;0,444186;
Anilin;8;02.08.2016 04:00;0,215938;
Anilin;5;02.08.2016 04:00;0,192241;
Natriumchlorid;3;02.08.2016 05:00;1,78588;
Natriumchlorid;4;02.08.2016 05:00;1,0749;
Natriumchlorid;6;02.08.2016 05:00;0,745261;
Natriumchlorid;8;02.08.2016 05:00;0,666874;
Natriumchlorid;9;02.08.2016 05:00;0,568293;
Natriumchlorid;5;02.08.2016 05:00;0,343769;
Natriumchlorid;2;02.08.2016 05:00;0,30647;
Natriumchlorid;7;02.08.2016 05:00;0,130947;
Natriumchlorid;1;02.08.2016 05:00;0,0159099;
Arsen;3;02.08.2016 05:00;1,42062;
Arsen;4;02.08.2016 05:00;1,0522;
Arsen;8;02.08.2016 05:00;0,483481;
Arsen;6;02.08.2016 05:00;0,439975;
Arsen;5;02.08.2016 05:00;0,305983;
Arsen;2;02.08.2016 05:00;0,266838;
Arsen;7;02.08.2016 05:00;0,114219;
Arsen;1;02.08.2016 05:00;0,0481665;
Arsen;9;02.08.2016 05:00;0,0217557;
Benzol;3;02.08.2016 05:00;2,45805;
Benzol;2;02.08.2016 05:00;2,25453;
Benzol;4;02.08.2016 05:00;1,09474;
Benzol;9;02.08.2016 05:00;0,612318;
Benzol;8;02.08.2016 05:00;0,56049;
Benzol;6;02.08.2016 05:00;0,380331;
Benzol;1;02.08.2016 05:00;0,378175;
Benzol;5;02.08.2016 05:00;0,209982;
Benzol;7;02.08.2016 05:00;0,0509464;
Anilin;4;02.08.2016 05:00;1,31014;
Anilin;3;02.08.2016 05:00;0,849692;
Anilin;7;02.08.2016 05:00;0,74125;
Anilin;6;02.08.2016 05:00;0,478425;
Anilin;2;02.08.2016 05:00;0,467524;
Anilin;5;02.08.2016 05:00;0,419498;
Anilin;8;02.08.2016 05:00;0,378463;
Anilin;1;02.08.2016 05:00;0,365085;
Anilin;9;02.08.2016 05:00;0,0656249;
Natriumchlorid;3;02.08.2016 06:00;1,09601;
Natriumchlorid;7;02.08.2016 06:00;0,798185;
Natriumchlorid;4;02.08.2016 06:00;0,790236;
Natriumchlorid;6;02.08.2016 06:00;0,604378;
Natriumchlorid;9;02.08.2016 06:00;0,553128;
Natriumchlorid;5;02.08.2016 06:00;0,51952;
Natriumchlorid;8;02.08.2016 06:00;0,246083;
Natriumchlorid;1;02.08.2016 06:00;0,0825465;
Natriumchlorid;2;02.08.2016 06:00;0,0110287;
Arsen;4;02.08.2016 06:00;1,10026;
Arsen;5;02.08.2016 06:00;1,08806;
Arsen;2;02.08.2016 06:00;0,776203;
Arsen;9;02.08.2016 06:00;0,463672;
Arsen;6;02.08.2016 06:00;0,46152;
Arsen;1;02.08.2016 06:00;0,409579;
Arsen;7;02.08.2016 06:00;0,390798;
Arsen;3;02.08.2016 06:00;0,129747;
Arsen;8;02.08.2016 06:00;0,0535525;
Benzol;2;02.08.2016 06:00;15,72311;
Benzol;3;02.08.2016 06:00;1,17427;
Benzol;4;02.08.2016 06:00;1,12473;
Benzol;8;02.08.2016 06:00;0,616677;
Benzol;6;02.08.2016 06:00;0,52755;
Benzol;7;02.08.2016 06:00;0,440387;
Benzol;1;02.08.2016 06:00;0,266351;
Benzol;9;02.08.2016 06:00;0,157634;
Benzol;5;02.08.2016 06:00;0,134885;
Anilin;3;02.08.2016 06:00;4,28973;
Anilin;4;02.08.2016 06:00;1,02171;
Anilin;7;02.08.2016 06:00;0,733181;
Anilin;5;02.08.2016 06:00;0,308722;
Anilin;9;02.08.2016 06:00;0,26682;
Anilin;1;02.08.2016 06:00;0,245171;
Anilin;8;02.08.2016 06:00;0,1835;
Anilin;2;02.08.2016 06:00;0,124447;
Anilin;6;02.08.2016 06:00;0,0450388;
Natriumchlorid;3;02.08.2016 07:00;3,19199;
Natriumchlorid;4;02.08.2016 07:00;1,28536;
Natriumchlorid;2;02.08.2016 07:00;1,27334;
Natriumchlorid;8;02.08.2016 07:00;0,85883;
Natriumchlorid;1;02.08.2016 07:00;0,564202;
Natriumchlorid;6;02.08.2016 07:00;0,545336;
Natriumchlorid;9;02.08.2016 07:00;0,478063;
Natriumchlorid;7;02.08.2016 07:00;0,337022;
Natriumchlorid;5;02.08.2016 07:00;0,1594;
Arsen;3;02.08.2016 07:00;3,56229;
Arsen;2;02.08.2016 07:00;1,97971;
Arsen;4;02.08.2016 07:00;0,580366;
Arsen;5;02.08.2016 07:00;0,406908;
Arsen;6;02.08.2016 07:00;0,373786;
Arsen;8;02.08.2016 07:00;0,326627;
Arsen;7;02.08.2016 07:00;0,291593;
Arsen;9;02.08.2016 07:00;0,0791848;
Arsen;1;02.08.2016 07:00;0,0228468;
Benzol;4;02.08.2016 07:00;1,02258;
Benzol;7;02.08.2016 07:00;0,861703;
Benzol;2;02.08.2016 07:00;0,363813;
Benzol;8;02.08.2016 07:00;0,304471;
Benzol;1;02.08.2016 07:00;0,262917;
Benzol;3;02.08.2016 07:00;0,20752;
Benzol;9;02.08.2016 07:00;0,170994;
Benzol;5;02.08.2016 07:00;0,0913818;
Benzol;6;02.08.2016 07:00;0,0802962;
Anilin;3;02.08.2016 07:00;1,405;
Anilin;4;02.08.2016 07:00;0,992325;
Anilin;5;02.08.2016 07:00;0,774901;
Anilin;8;02.08.2016 07:00;0,407604;
Anilin;1;02.08.2016 07:00;0,143442;
Anilin;9;02.08.2016 07:00;0,1313;
Anilin;7;02.08.2016 07:00;0,0810446;
Anilin;2;02.08.2016 07:00;0,00425855;
Anilin;6;02.08.2016 07:00;0,00306741;
Natriumchlorid;4;02.08.2016 08:00;1,12843;
Natriumchlorid;8;02.08.2016 08:00;0,662417;
Natriumchlorid;7;02.08.2016 08:00;0,652658;
Natriumchlorid;3;02.08.2016 08:00;0,536254;
Natriumchlorid;9;02.08.2016 08:00;0,355818;
Natriumchlorid;2;02.08.2016 08:00;0,295937;
Natriumchlorid;1;02.08.2016 08:00;0,286405;
Natriumchlorid;5;02.08.2016 08:00;0,230537;
Natriumchlorid;6;02.08.2016 08:00;0,057745;
Arsen;6;02.08.2016 08:00;10,14769;
Arsen;1;02.08.2016 08:00;2,96613;
Arsen;8;02.08.2016 08:00;1,04328;
Arsen;3;02.08.2016 08:00;1,00886;
Arsen;4;02.08.2016 08:00;0,919473;
Arsen;7;02.08.2016 08:00;0,438248;
Arsen;2;02.08.2016 08:00;0,311128;
Arsen;9;02.08.2016 08:00;0,173764;
Arsen;5;02.08.2016 08:00;0,0735504;
Benzol;3;02.08.2016 08:00;2,43364;
Benzol;7;02.08.2016 08:00;0,93959;
Benzol;4;02.08.2016 08:00;0,793964;
Benzol;5;02.08.2016 08:00;0,474286;
Benzol;8;02.08.2016 08:00;0,389978;
Benzol;6;02.08.2016 08:00;0,195002;
Benzol;2;02.08.2016 08:00;0,179535;
Benzol;9;02.08.2016 08:00;0,160413;
Benzol;1;02.08.2016 08:00;0,0866128;
Anilin;3;02.08.2016 08:00;2,59932;
Anilin;4;02.08.2016 08:00;0,824382;
Anilin;6;02.08.2016 08:00;0,396427;
Anilin;2;02.08.2016 08:00;0,258476;
Anilin;9;02.08.2016 08:00;0,215092;
Anilin;8;02.08.2016 08:00;0,137279;
Anilin;5;02.08.2016 08:00;0,109568;
Anilin;1;02.08.2016 08:00;0,0903653;
Anilin;7;02.08.2016 08:00;0,0589449;
Natriumchlorid;3;02.08.2016 09:00;1,76705;
Natriumchlorid;4;02.08.2016 09:00;0,847497;
Natriumchlorid;8;02.08.2016 09:00;0,639028;
Natriumchlorid;1;02.08.2016 09:00;0,609291;
Natriumchlorid;2;02.08.2016 09:00;0,487335;
Natriumchlorid;5;02.08.2016 09:00;0,331714;
Natriumchlorid;9;02.08.2016 09:00;0,322823;
Natriumchlorid;7;02.08.2016 09:00;0,18256;
Natriumchlorid;6;02.08.2016 09:00;0,151337;
Arsen;4;02.08.2016 09:00;1,03789;
Arsen;6;02.08.2016 09:00;0,665286;
Arsen;8;02.08.2016 09:00;0,546557;
Arsen;9;02.08.2016 09:00;0,526125;
Arsen;2;02.08.2016 09:00;0,279482;
Arsen;7;02.08.2016 09:00;0,180319;
Arsen;3;02.08.2016 09:00;0,176643;
Arsen;5;02.08.2016 09:00;0,12732;
Arsen;1;02.08.2016 09:00;0,0947492;
Benzol;1;02.08.2016 09:00;1,59728;
Benzol;4;02.08.2016 09:00;1,40096;
Benzol;3;02.08.2016 09:00;1,15621;
Benzol;5;02.08.2016 09:00;0,444409;
Benzol;8;02.08.2016 09:00;0,437893;
Benzol;2;02.08.2016 09:00;0,383377;
Benzol;6;02.08.2016 09:00;0,368746;
Benzol;9;02.08.2016 09:00;0,3231;
Benzol;7;02.08.2016 09:00;0,15022;
Anilin;7;02.08.2016 09:00;2,28614;
Anilin;3;02.08.2016 09:00;2,14814;
Anilin;4;02.08.2016 09:00;0,978393;
Anilin;6;02.08.2016 09:00;0,767379;
Anilin;2;02.08.2016 09:00;0,717154;
Anilin;9;02.08.2016 09:00;0,447277;
Anilin;8;02.08.2016 09:00;0,427607;
Anilin;1;02.08.2016 09:00;0,292371;
Anilin;5;02.08.2016 09:00;0,198233;
Natriumchlorid;3;02.08.2016 10:00;3,19862;
Natriumchlorid;4;02.08.2016 10:00;0,875473;
Natriumchlorid;6;02.08.2016 10:00;0,546614;
Natriumchlorid;9;02.08.2016 10:00;0,496836;
Natriumchlorid;2;02.08.2016 10:00;0,303894;
Natriumchlorid;1;02.08.2016 10:00;0,122302;
Natriumchlorid;5;02.08.2016 10:00;0,0843236;
Natriumchlorid;7;02.08.2016 10:00;0,0327505;
Natriumchlorid;8;02.08.2016 10:00;0,0246834;
Arsen;8;02.08.2016 10:00;2,22065;
Arsen;4;02.08.2016 10:00;1,08709;
Arsen;3;02.08.2016 10:00;0,878854;
Arsen;5;02.08.2016 10:00;0,397632;
Arsen;2;02.08.2016 10:00;0,386138;
Arsen;6;02.08.2016 10:00;0,378209;
Arsen;7;02.08.2016 10:00;0,375392;
Arsen;9;02.08.2016 10:00;0,254642;
Arsen;1;02.08.2016 10:00;0,245501;
Benzol;1;02.08.2016 10:00;2,71442;
Benzol;4;02.08.2016 10:00;1,13094;
Benzol;5;02.08.2016 10:00;0,671639;
Benzol;6;02.08.2016 10:00;0,600699;
Benzol;2;02.08.2016 10:00;0,507569;
Benzol;3;02.08.2016 10:00;0,260545;
Benzol;9;02.08.2016 10:00;0,25706;
Benzol;7;02.08.2016 10:00;0,249675;
Benzol;8;02.08.2016 10:00;0,0943577;
Anilin;4;02.08.2016 10:00;1,21474;
Anilin;7;02.08.2016 10:00;0,685687;
Anilin;3;02.08.2016 10:00;0,487728;
Anilin;6;02.08.2016 10:00;0,476759;
Anilin;9;02.08.2016 10:00;0,330564;
Anilin;8;02.08.2016 10:00;0,275322;
Anilin;5;02.08.2016 10:00;0,224163;
Anilin;1;02.08.2016 10:00;0,157049;
Anilin;2;02.08.2016 10:00;0,0584466;
Natriumchlorid;3;02.08.2016 11:00;2,9246;
Natriumchlorid;2;02.08.2016 11:00;1,04658;
Natriumchlorid;4;02.08.2016 11:00;0,974094;
Natriumchlorid;6;02.08.2016 11:00;0,643285;
Natriumchlorid;1;02.08.2016 11:00;0,362283;
Natriumchlorid;7;02.08.2016 11:00;0,313971;
Natriumchlorid;9;02.08.2016 11:00;0,290282;
Natriumchlorid;5;02.08.2016 11:00;0,287911;
Natriumchlorid;8;02.08.2016 11:00;0,1036;
Arsen;4;02.08.2016 11:00;1,00276;
Arsen;7;02.08.2016 11:00;0,693556;
Arsen;3;02.08.2016 11:00;0,675599;
Arsen;5;02.08.2016 11:00;0,615575;
Arsen;2;02.08.2016 11:00;0,478806;
Arsen;1;02.08.2016 11:00;0,164775;
Arsen;8;02.08.2016 11:00;0,0777121;
Arsen;6;02.08.2016 11:00;0,0349925;
Arsen;9;02.08.2016 11:00;0,0172851;
Benzol;1;02.08.2016 11:00;2,22402;
Benzol;4;02.08.2016 11:00;0,981115;
Benzol;6;02.08.2016 11:00;0,81452;
Benzol;3;02.08.2016 11:00;0,493306;
Benzol;7;02.08.2016 11:00;0,368367;
Benzol;9;02.08.2016 11:00;0,359681;
Benzol;5;02.08.2016 11:00;0,339056;
Benzol;8;02.08.2016 11:00;0,262633;
Benzol;2;02.08.2016 11:00;0,165026;
Anilin;4;02.08.2016 11:00;1,23628;
Anilin;8;02.08.2016 11:00;0,58689;
Anilin;7;02.08.2016 11:00;0,490917;
Anilin;6;02.08.2016 11:00;0,438151;
Anilin;5;02.08.2016 11:00;0,434689;
Anilin;9;02.08.2016 11:00;0,34466;
Anilin;3;02.08.2016 11:00;0,281175;
Anilin;2;02.08.2016 11:00;0,219742;
Anilin;1;02.08.2016 11:00;0,0893154;
Natriumchlorid;2;02.08.2016 12:00;0,99082;
Natriumchlorid;4;02.08.2016 12:00;0,856075;
Natriumchlorid;8;02.08.2016 12:00;0,578568;
Natriumchlorid;7;02.08.2016 12:00;0,282716;
Natriumchlorid;6;02.08.2016 12:00;0,24356;
Natriumchlorid;3;02.08.2016 12:00;0,237109;
Natriumchlorid;1;02.08.2016 12:00;0,195126;
Natriumchlorid;9;02.08.2016 12:00;0,150312;
Natriumchlorid;5;02.08.2016 12:00;0,0559226;
Arsen;3;02.08.2016 12:00;1,80331;
Arsen;4;02.08.2016 12:00;0,948464;
Arsen;5;02.08.2016 12:00;0,899749;
Arsen;1;02.08.2016 12:00;0,578517;
Arsen;7;02.08.2016 12:00;0,44471;
Arsen;8;02.08.2016 12:00;0,406074;
Arsen;6;02.08.2016 12:00;0,306436;
Arsen;2;02.08.2016 12:00;0,18808;
Arsen;9;02.08.2016 12:00;0,0676506;
Benzol;1;02.08.2016 12:00;4,41885;
Benzol;4;02.08.2016 12:00;1,02618;
Benzol;5;02.08.2016 12:00;0,494108;
Benzol;6;02.08.2016 12:00;0,408639;
Benzol;2;02.08.2016 12:00;0,287895;
Benzol;9;02.08.2016 12:00;0,200314;
Benzol;3;02.08.2016 12:00;0,134938;
Benzol;8;02.08.2016 12:00;0,12538;
Benzol;7;02.08.2016 12:00;0,095011;
Anilin;3;02.08.2016 12:00;2,04049;
Anilin;4;02.08.2016 12:00;1,10956;
Anilin;2;02.08.2016 12:00;1,09716;
Anilin;8;02.08.2016 12:00;0,613671;
Anilin;1;02.08.2016 12:00;0,445773;
Anilin;9;02.08.2016 12:00;0,242225;
Anilin;5;02.08.2016 12:00;0,205706;
Anilin;6;02.08.2016 12:00;0,188557;
Anilin;7;02.08.2016 12:00;0,0406439;
Natriumchlorid;7;02.08.2016 13:00;1,06815;
Natriumchlorid;4;02.08.2016 13:00;0,875473;
Natriumchlorid;3;02.08.2016 13:00;0,850121;
Natriumchlorid;6;02.08.2016 13:00;0,643799;
Natriumchlorid;1;02.08.2016 13:00;0,300119;
Natriumchlorid;9;02.08.2016 13:00;0,288507;
Natriumchlorid;5;02.08.2016 13:00;0,271247;
Natriumchlorid;8;02.08.2016 13:00;0,217705;
Natriumchlorid;2;02.08.2016 13:00;0,0833919;
Arsen;3;02.08.2016 13:00;2,4113;
Arsen;4;02.08.2016 13:00;0,936391;
Arsen;8;02.08.2016 13:00;0,793676;
Arsen;2;02.08.2016 13:00;0,567034;
Arsen;6;02.08.2016 13:00;0,357931;
Arsen;9;02.08.2016 13:00;0,19381;
Arsen;7;02.08.2016 13:00;0,141657;
Arsen;5;02.08.2016 13:00;0,069411;
Arsen;1;02.08.2016 13:00;0,0076813;
Benzol;1;02.08.2016 13:00;1,64014;
Benzol;4;02.08.2016 13:00;1,05168;
Benzol;3;02.08.2016 13:00;0,923455;
Benzol;2;02.08.2016 13:00;0,609996;
Benzol;8;02.08.2016 13:00;0,415533;
Benzol;7;02.08.2016 13:00;0,296715;
Benzol;6;02.08.2016 13:00;0,181497;
Benzol;5;02.08.2016 13:00;0,171116;
Benzol;9;02.08.2016 13:00;0,152404;
Anilin;3;02.08.2016 13:00;2,54688;
Anilin;4;02.08.2016 13:00;0,667526;
Anilin;6;02.08.2016 13:00;0,584451;
Anilin;1;02.08.2016 13:00;0,528166;
Anilin;2;02.08.2016 13:00;0,316959;
Anilin;7;02.08.2016 13:00;0,220769;
Anilin;8;02.08.2016 13:00;0,182331;
Anilin;5;02.08.2016 13:00;0,144704;
Anilin;9;02.08.2016 13:00;0,00670691;
Natriumchlorid;1;02.08.2016 14:00;10,73531;
Natriumchlorid;3;02.08.2016 14:00;2,124;
Natriumchlorid;2;02.08.2016 14:00;2,0312;
Natriumchlorid;1;02.08.2016 14:00;1,15178;
Natriumchlorid;4;02.08.2016 14:00;0,990962;
Natriumchlorid;8;02.08.2016 14:00;0,534676;
Natriumchlorid;6;02.08.2016 14:00;0,372751;
Natriumchlorid;5;02.08.2016 14:00;0,320562;
Natriumchlorid;9;02.08.2016 14:00;0,238914;
Natriumchlorid;7;02.08.2016 14:00;0,0390967;
Arsen;6;02.08.2016 14:00;2,45644;
Arsen;4;02.08.2016 14:00;1,26488;
Arsen;3;02.08.2016 14:00;0,789544;
Arsen;5;02.08.2016 14:00;0,730114;
Arsen;8;02.08.2016 14:00;0,709032;
Arsen;2;02.08.2016 14:00;0,439101;
Arsen;7;02.08.2016 14:00;0,375661;
Arsen;1;02.08.2016 14:00;0,201877;
Arsen;9;02.08.2016 14:00;0,140083;
Benzol;4;02.08.2016 14:00;1,18191;
Benzol;8;02.08.2016 14:00;0,743784;
Benzol;9;02.08.2016 14:00;0,375169;
Benzol;3;02.08.2016 14:00;0,146404;
Benzol;7;02.08.2016 14:00;0,107962;
Benzol;2;02.08.2016 14:00;0,090144;
Benzol;1;02.08.2016 14:00;0,0854069;
Benzol;5;02.08.2016 14:00;0,0788798;
Benzol;6;02.08.2016 14:00;0,0565575;
Anilin;4;02.08.2016 14:00;1,28583;
Anilin;8;02.08.2016 14:00;1,00237;
Anilin;2;02.08.2016 14:00;0,765362;
Anilin;3;02.08.2016 14:00;0,666955;
Anilin;7;02.08.2016 14:00;0,333345;
Anilin;9;02.08.2016 14:00;0,322453;
Anilin;5;02.08.2016 14:00;0,311118;
Anilin;6;02.08.2016 14:00;0,283146;
Natriumchlorid;4;02.08.2016 15:00;0,945675;
Natriumchlorid;2;02.08.2016 15:00;0,625571;
Natriumchlorid;8;02.08.2016 15:00;0,499311;
Natriumchlorid;6;02.08.2016 15:00;0,413451;
Natriumchlorid;1;02.08.2016 15:00;0,377425;
Natriumchlorid;7;02.08.2016 15:00;0,352898;
Natriumchlorid;9;02.08.2016 15:00;0,290554;
Natriumchlorid;3;02.08.2016 15:00;0,1934;
Natriumchlorid;5;02.08.2016 15:00;0,0673346;
Arsen;8;02.08.2016 15:00;1,13995;
Arsen;4;02.08.2016 15:00;0,852303;
Arsen;6;02.08.2016 15:00;0,608312;
Arsen;3;02.08.2016 15:00;0,602483;
Arsen;2;02.08.2016 15:00;0,346099;
Arsen;7;02.08.2016 15:00;0,288061;
Arsen;5;02.08.2016 15:00;0,278692;
Arsen;1;02.08.2016 15:00;0,0273596;
Arsen;9;02.08.2016 15:00;0,00845678;
Benzol;4;02.08.2016 15:00;1,09615;
Benzol;3;02.08.2016 15:00;0,873368;
Benzol;2;02.08.2016 15:00;0,75228;
Benzol;7;02.08.2016 15:00;0,660064;
Benzol;8;02.08.2016 15:00;0,6413;
Benzol;9;02.08.2016 15:00;0,414763;
Benzol;6;02.08.2016 15:00;0,332824;
Benzol;5;02.08.2016 15:00;0,221927;
Benzol;1;02.08.2016 15:00;0,201599;
Anilin;3;02.08.2016 15:00;2,59801;
Anilin;4;02.08.2016 15:00;1,17936;
Anilin;6;02.08.2016 15:00;0,553323;
Anilin;5;02.08.2016 15:00;0,470564;
Anilin;1;02.08.2016 15:00;0,438327;
Anilin;8;02.08.2016 15:00;0,381006;
Anilin;2;02.08.2016 15:00;0,313706;
Anilin;7;02.08.2016 15:00;0,287054;
Anilin;9;02.08.2016 15:00;0,0908456;
Natriumchlorid;3;02.08.2016 16:00;2,94525;
Natriumchlorid;4;02.08.2016 16:00;0,874711;
Natriumchlorid;8;02.08.2016 16:00;0,628358;
Natriumchlorid;6;02.08.2016 16:00;0,61987;
Natriumchlorid;9;02.08.2016 16:00;0,481399;
Natriumchlorid;1;02.08.2016 16:00;0,10287;
Natriumchlorid;5;02.08.2016 16:00;0,0934773;
Natriumchlorid;7;02.08.2016 16:00;0,086101;
Natriumchlorid;2;02.08.2016 16:00;0,0255902;
Arsen;4;02.08.2016 16:00;1,27814;
Arsen;3;02.08.2016 16:00;0,748401;
Arsen;5;02.08.2016 16:00;0,49554;
Arsen;6;02.08.2016 16:00;0,429335;
Arsen;7;02.08.2016 16:00;0,341928;
Arsen;2;02.08.2016 16:00;0,243429;
Arsen;1;02.08.2016 16:00;0,221391;
Arsen;9;02.08.2016 16:00;0,168033;
Arsen;8;02.08.2016 16:00;0,123103;
Benzol;3;02.08.2016 16:00;2,29885;
Benzol;4;02.08.2016 16:00;1,21917;
Benzol;2;02.08.2016 16:00;0,729299;
Benzol;6;02.08.2016 16:00;0,363282;
Benzol;9;02.08.2016 16:00;0,262917;
Benzol;5;02.08.2016 16:00;0,224196;
Benzol;7;02.08.2016 16:00;0,216789;
Benzol;8;02.08.2016 16:00;0,168466;
Benzol;1;02.08.2016 16:00;0,056161;
Anilin;3;02.08.2016 16:00;1,38015;
Anilin;2;02.08.2016 16:00;1,02878;
Anilin;8;02.08.2016 16:00;0,795069;
Anilin;4;02.08.2016 16:00;0,716694;
Anilin;1;02.08.2016 16:00;0,355528;
Anilin;7;02.08.2016 16:00;0,286154;
Anilin;5;02.08.2016 16:00;0,269304;
Anilin;9;02.08.2016 16:00;0,228315;
Anilin;6;02.08.2016 16:00;0,0682545;
Natriumchlorid;3;02.08.2016 17:00;1,04288;
Natriumchlorid;4;02.08.2016 17:00;1,00044;
Natriumchlorid;6;02.08.2016 17:00;0,53839;
Natriumchlorid;1;02.08.2016 17:00;0,471343;
Natriumchlorid;9;02.08.2016 17:00;0,290638;
Natriumchlorid;2;02.08.2016 17:00;0,246416;
Natriumchlorid;8;02.08.2016 17:00;0,222527;
Natriumchlorid;5;02.08.2016 17:00;0,110509;
Natriumchlorid;7;02.08.2016 17:00;0,105917;
Arsen;4;02.08.2016 17:00;1,22068;
Arsen;3;02.08.2016 17:00;1,08486;
Arsen;6;02.08.2016 17:00;0,479765;
Arsen;8;02.08.2016 17:00;0,430338;
Arsen;9;02.08.2016 17:00;0,429533;
Arsen;1;02.08.2016 17:00;0,35466;
Arsen;2;02.08.2016 17:00;0,227841;
Arsen;7;02.08.2016 17:00;0,194942;
Arsen;5;02.08.2016 17:00;0,104929;
Benzol;3;02.08.2016 17:00;2,33746;
Benzol;4;02.08.2016 17:00;1,23161;
Benzol;8;02.08.2016 17:00;0,706604;
Benzol;2;02.08.2016 17:00;0,521091;
Benzol;7;02.08.2016 17:00;0,462302;
Benzol;5;02.08.2016 17:00;0,391427;
Benzol;6;02.08.2016 17:00;0,227665;
Benzol;1;02.08.2016 17:00;0,217717;
Benzol;9;02.08.2016 17:00;0,0255487;
Anilin;4;02.08.2016 17:00;0,627456;
Anilin;7;02.08.2016 17:00;0,454464;
Anilin;3;02.08.2016 17:00;0,448303;
Anilin;6;02.08.2016 17:00;0,383557;
Anilin;2;02.08.2016 17:00;0,295476;
Anilin;5;02.08.2016 17:00;0,287464;
Anilin;8;02.08.2016 17:00;0,261269;
Anilin;1;02.08.2016 17:00;0,080486;
Anilin;9;02.08.2016 17:00;0,0634889;
Natriumchlorid;4;02.08.2016 18:00;1,51552;
Natriumchlorid;7;02.08.2016 18:00;0,603072;
Natriumchlorid;6;02.08.2016 18:00;0,482706;
Natriumchlorid;5;02.08.2016 18:00;0,29262;
Natriumchlorid;2;02.08.2016 18:00;0,15973;
Natriumchlorid;1;02.08.2016 18:00;0,0967646;
Natriumchlorid;9;02.08.2016 18:00;0,0903481;
Natriumchlorid;3;02.08.2016 18:00;0,071284;
Natriumchlorid;8;02.08.2016 18:00;0,0502456;
Arsen;4;02.08.2016 18:00;0,913866;
Arsen;5;02.08.2016 18:00;0,881456;
Arsen;2;02.08.2016 18:00;0,795242;
Arsen;8;02.08.2016 18:00;0,644649;
Arsen;6;02.08.2016 18:00;0,395586;
Arsen;3;02.08.2016 18:00;0,283957;
Arsen;9;02.08.2016 18:00;0,107067;
Arsen;7;02.08.2016 18:00;0,104728;
Arsen;1;02.08.2016 18:00;0,0275321;
Benzol;3;02.08.2016 18:00;1,25106;
Benzol;4;02.08.2016 18:00;1,04556;
Benzol;6;02.08.2016 18:00;0,700523;
Benzol;2;02.08.2016 18:00;0,542672;
Benzol;1;02.08.2016 18:00;0,522872;
Benzol;9;02.08.2016 18:00;0,408443;
Benzol;8;02.08.2016 18:00;0,116887;
Benzol;7;02.08.2016 18:00;0,0827064;
Benzol;5;02.08.2016 18:00;0,0413045;
Anilin;3;02.08.2016 18:00;1,79244;
Anilin;4;02.08.2016 18:00;1,06277;
Anilin;6;02.08.2016 18:00;0,572446;
Anilin;7;02.08.2016 18:00;0,480782;
Anilin;1;02.08.2016 18:00;0,412623;
Anilin;5;02.08.2016 18:00;0,299485;
Anilin;9;02.08.2016 18:00;0,246019;
Anilin;8;02.08.2016 18:00;0,177203;
Anilin;2;02.08.2016 18:00;0,0842218;
Natriumchlorid;3;02.08.2016 19:00;1,6357;
Natriumchlorid;4;02.08.2016 19:00;1,14005;
Natriumchlorid;2;02.08.2016 19:00;0,559225;
Natriumchlorid;5;02.08.2016 19:00;0,510906;
Natriumchlorid;1;02.08.2016 19:00;0,359387;
Natriumchlorid;8;02.08.2016 19:00;0,327601;
Natriumchlorid;7;02.08.2016 19:00;0,189079;
Natriumchlorid;6;02.08.2016 19:00;0,120644;
Natriumchlorid;9;02.08.2016 19:00;0,109633;
Arsen;4;02.08.2016 19:00;2,42862;
Arsen;3;02.08.2016 19:00;1,2421;
Arsen;8;02.08.2016 19:00;0,640346;
Arsen;9;02.08.2016 19:00;0,489229;
Arsen;6;02.08.2016 19:00;0,455421;
Arsen;7;02.08.2016 19:00;0,185263;
Arsen;2;02.08.2016 19:00;0,16587;
Arsen;1;02.08.2016 19:00;0,156749;
Arsen;5;02.08.2016 19:00;0,0293893;
Benzol;3;02.08.2016 19:00;5,65382;
Benzol;4;02.08.2016 19:00;0,644372;
Benzol;8;02.08.2016 19:00;0,438784;
Benzol;7;02.08.2016 19:00;0,425048;
Benzol;5;02.08.2016 19:00;0,345386;
Benzol;6;02.08.2016 19:00;0,333487;
Benzol;1;02.08.2016 19:00;0,247654;
Benzol;2;02.08.2016 19:00;0,0866627;
Benzol;9;02.08.2016 19:00;0,042581;
Anilin;8;02.08.2016 19:00;0,959769;
Anilin;4;02.08.2016 19:00;0,73117;
Anilin;2;02.08.2016 19:00;0,519321;
Anilin;5;02.08.2016 19:00;0,406293;
Anilin;6;02.08.2016 19:00;0,313059;
Anilin;3;02.08.2016 19:00;0,272977;
Anilin;7;02.08.2016 19:00;0,201304;
Anilin;9;02.08.2016 19:00;0,102333;
Anilin;1;02.08.2016 19:00;0,0256608;
Natriumchlorid;3;02.08.2016 20:00;17,24103;
Natriumchlorid;4;02.08.2016 20:00;2,62167;
Natriumchlorid;3;02.08.2016 20:00;2,35955;
Natriumchlorid;7;02.08.2016 20:00;1,17424;
Natriumchlorid;2;02.08.2016 20:00;0,869623;
Natriumchlorid;9;02.08.2016 20:00;0,446001;
Natriumchlorid;5;02.08.2016 20:00;0,360673;
Natriumchlorid;6;02.08.2016 20:00;0,340498;
Natriumchlorid;8;02.08.2016 20:00;0,280612;
Natriumchlorid;1;02.08.2016 20:00;0,213727;
Arsen;7;02.08.2016 20:00;2,3542;
Arsen;4;02.08.2016 20:00;0,828086;
Arsen;6;02.08.2016 20:00;0,666396;
Arsen;8;02.08.2016 20:00;0,396466;
Arsen;1;02.08.2016 20:00;0,395872;
Arsen;2;02.08.2016 20:00;0,26415;
Arsen;3;02.08.2016 20:00;0,211744;
Arsen;5;02.08.2016 20:00;0,108491;
Arsen;9;02.08.2016 20:00;0,0309027;
Benzol;3;02.08.2016 20:00;7,27176;
Benzol;4;02.08.2016 20:00;1,05752;
Benzol;5;02.08.2016 20:00;0,783223;
Benzol;7;02.08.2016 20:00;0,340543;
Benzol;6;02.08.2016 20:00;0,306521;
Benzol;9;02.08.2016 20:00;0,303847;
Benzol;1;02.08.2016 20:00;0,128143;
Benzol;2;02.08.2016 20:00;0,0937486;
Benzol;8;02.08.2016 20:00;0,0376037;
Anilin;4;02.08.2016 20:00;0,999549;
Anilin;8;02.08.2016 20:00;0,964036;
Anilin;7;02.08.2016 20:00;0,550384;
Anilin;2;02.08.2016 20:00;0,49419;
Anilin;6;02.08.2016 20:00;0,423285;
Anilin;1;02.08.2016 20:00;0,331779;
Anilin;5;02.08.2016 20:00;0,080486;
Anilin;9;02.08.2016 20:00;0,0592487;
Natriumchlorid;7;02.08.2016 21:00;2,09376;
Natriumchlorid;4;02.08.2016 21:00;1,44079;
Natriumchlorid;3;02.08.2016 21:00;0,960794;
Natriumchlorid;2;02.08.2016 21:00;0,743379;
Natriumchlorid;6;02.08.2016 21:00;0,510097;
Natriumchlorid;5;02.08.2016 21:00;0,108309;
Natriumchlorid;1;02.08.2016 21:00;0,0973585;
Natriumchlorid;8;02.08.2016 21:00;0,036726;
Natriumchlorid;9;02.08.2016 21:00;0,0318413;
Arsen;3;02.08.2016 21:00;1,89508;
Arsen;4;02.08.2016 21:00;1,24813;
Arsen;5;02.08.2016 21:00;1,02519;
Arsen;8;02.08.2016 21:00;0,862692;
Arsen;6;02.08.2016 21:00;0,412347;
Arsen;2;02.08.2016 21:00;0,276581;
Arsen;7;02.08.2016 21:00;0,251065;
Arsen;9;02.08.2016 21:00;0,207644;
Arsen;1;02.08.2016 21:00;0,057459;
Benzol;4;02.08.2016 21:00;0,803906;
Benzol;3;02.08.2016 21:00;0,552249;
Benzol;5;02.08.2016 21:00;0,470861;
Benzol;2;02.08.2016 21:00;0,41973;
Benzol;1;02.08.2016 21:00;0,39659;
Benzol;7;02.08.2016 21:00;0,337878;
Benzol;9;02.08.2016 21:00;0,263947;
Benzol;6;02.08.2016 21:00;0,22009;
Benzol;8;02.08.2016 21:00;0,0282201;
Anilin;3;02.08.2016 21:00;1,22886;
Anilin;4;02.08.2016 21:00;1,05122;
Anilin;9;02.08.2016 21:00;0,410349;
Anilin;8;02.08.2016 21:00;0,348898;
Anilin;6;02.08.2016 21:00;0,314721;
Anilin;1;02.08.2016 21:00;0,268294;
Anilin;7;02.08.2016 21:00;0,212454;
Anilin;2;02.08.2016 21:00;0,0989427;
Anilin;5;02.08.2016 21:00;0,0678969;
Natriumchlorid;5;02.08.2016 22:00;10,69829;
Natriumchlorid;4;02.08.2016 22:00;0,937404;
Natriumchlorid;7;02.08.2016 22:00;0,852163;
Natriumchlorid;3;02.08.2016 22:00;0,805551;
Natriumchlorid;6;02.08.2016 22:00;0,476117;
Natriumchlorid;9;02.08.2016 22:00;0,383727;
Natriumchlorid;2;02.08.2016 22:00;0,272534;
Natriumchlorid;1;02.08.2016 22:00;0,234014;
Natriumchlorid;8;02.08.2016 22:00;0,141026;
Arsen;4;02.08.2016 22:00;1,14379;
Arsen;3;02.08.2016 22:00;1,02568;
Arsen;8;02.08.2016 22:00;0,61648;
Arsen;1;02.08.2016 22:00;0,614915;
Arsen;6;02.08.2016 22:00;0,374989;
Arsen;9;02.08.2016 22:00;0,190442;
Arsen;5;02.08.2016 22:00;0,108362;
Arsen;2;02.08.2016 22:00;0,0775043;
Arsen;7;02.08.2016 22:00;0,0306466;
Benzol;7;02.08.2016 22:00;0,931347;
Benzol;3;02.08.2016 22:00;0,902966;
Benzol;4;02.08.2016 22:00;0,554031;
Benzol;8;02.08.2016 22:00;0,542018;
Benzol;9;02.08.2016 22:00;0,34347;
Benzol;6;02.08.2016 22:00;0,233427;
Benzol;1;02.08.2016 22:00;0,149974;
Benzol;5;02.08.2016 22:00;0,0251199;
Benzol;2;02.08.2016 22:00;0,0105717;
Anilin;4;02.08.2016 22:00;1,23075;
Anilin;3;02.08.2016 22:00;0,974723;
Anilin;6;02.08.2016 22:00;0,581845;
Anilin;5;02.08.2016 22:00;0,574336;
Anilin;9;02.08.2016 22:00;0,355528;
Anilin;8;02.08.2016 22:00;0,317426;
Anilin;1;02.08.2016 22:00;0,266367;
Anilin;2;02.08.2016 22:00;0,11085;
Anilin;7;02.08.2016 22:00;0,0713788;
Natriumchlorid;5;02.08.2016 23:00;7,29324;
Natriumchlorid;4;02.08.2016 23:00;0,972751;
Natriumchlorid;3;02.08.2016 23:00;0,836523;
Natriumchlorid;6;02.08.2016 23:00;0,576768;
Natriumchlorid;8;02.08.2016 23:00;0,545118;
Natriumchlorid;7;02.08.2016 23:00;0,542331;
Natriumchlorid;9;02.08.2016 23:00;0,287277;
Natriumchlorid;1;02.08.2016 23:00;0,107818;
Natriumchlorid;2;02.08.2016 23:00;0,0566017;
Arsen;3;02.08.2016 23:00;7,16925;
Arsen;8;02.08.2016 23:00;1,30648;
Arsen;4;02.08.2016 23:00;1,16588;
Arsen;5;02.08.2016 23:00;0,453295;
Arsen;6;02.08.2016 23:00;0,366591;
Arsen;7;02.08.2016 23:00;0,179017;
Arsen;9;02.08.2016 23:00;0,100475;
Arsen;2;02.08.2016 23:00;0,0645083;
Arsen;1;02.08.2016 23:00;0,00645211;
Benzol;3;02.08.2016 23:00;2,77491;
Benzol;7;02.08.2016 23:00;1,88463;
Benzol;4;02.08.2016 23:00;0,975359;
Benzol;6;02.08.2016 23:00;0,643896;
Benzol;2;02.08.2016 23:00;0,625193;
Benzol;9;02.08.2016 23:00;0,221607;
Benzol;8;02.08.2016 23:00;0,178595;
Benzol;1;02.08.2016 23:00;0,0714547;
Benzol;5;02.08.2016 23:00;0,0568339;
Anilin;3;02.08.2016 23:00;0,91477;
Anilin;4;02.08.2016 23:00;0,829697;
Anilin;8;02.08.2016 23:00;0,591132;
Anilin;6;02.08.2016 23:00;0,493923;
Anilin;5;02.08.2016 23:00;0,385257;
Anilin;1;02.08.2016 23:00;0,31122;
Anilin;2;02.08.2016 23:00;0,144625;
Anilin;7;02.08.2016 23:00;0,14392;
Anilin;9;02.08.2016 23:00;0,107218;
Natriumchlorid;5;03.08.2016 00:00;2,20127;
Natriumchlorid;4;03.08.2016 00:00;1,19982;
Natriumchlorid;6;03.08.2016 00:00;0,7814;
Natriumchlorid;1;03.08.2016 00:00;0,368639;
Natriumchlorid;2;03.08.2016 00:00;0,271881;
Natriumchlorid;7;03.08.2016 00:00;0,140264;
Natriumchlorid;3;03.08.2016 00:00;0,117278;
Natriumchlorid;9;03.08.2016 00:00;0,0849557;
Natriumchlorid;8;03.08.2016 00:00;0,0406938;
Arsen;4;03.08.2016 00:00;1,12127;
Arsen;7;03.08.2016 00:00;1,0732;
Arsen;8;03.08.2016 00:00;0,731073;
Arsen;3;03.08.2016 00:00;0,673121;
Arsen;9;03.08.2016 00:00;0,473238;
Arsen;5;03.08.2016 00:00;0,463575;
Arsen;6;03.08.2016 00:00;0,218848;
Arsen;1;03.08.2016 00:00;0,136906;
Arsen;2;03.08.2016 00:00;0,0171373;
Benzol;4;03.08.2016 00:00;1,11287;
Benzol;2;03.08.2016 00:00;1,03734;
Benzol;3;03.08.2016 00:00;0,890158;
Benzol;7;03.08.2016 00:00;0,752373;
Benzol;8;03.08.2016 00:00;0,425645;
Benzol;6;03.08.2016 00:00;0,421084;
Benzol;9;03.08.2016 00:00;0,343232;
Benzol;5;03.08.2016 00:00;0,227298;
Benzol;1;03.08.2016 00:00;0,0478369;
Anilin;3;03.08.2016 00:00;3,26387;
Anilin;4;03.08.2016 00:00;0,563115;
Anilin;8;03.08.2016 00:00;0,323138;
Anilin;2;03.08.2016 00:00;0,312686;
Anilin;6;03.08.2016 00:00;0,269549;
Anilin;9;03.08.2016 00:00;0,263207;
Anilin;5;03.08.2016 00:00;0,257187;
Anilin;7;03.08.2016 00:00;0,114269;
Anilin;1;03.08.2016 00:00;0,107567;
Natriumchlorid;4;03.08.2016 01:00;0,863045;
Natriumchlorid;6;03.08.2016 01:00;0,686941;
Natriumchlorid;3;03.08.2016 01:00;0,506084;
Natriumchlorid;5;03.08.2016 01:00;0,432209;
Natriumchlorid;1;03.08.2016 01:00;0,29232;
Natriumchlorid;7;03.08.2016 01:00;0,220445;
Natriumchlorid;8;03.08.2016 01:00;0,19283;
Natriumchlorid;9;03.08.2016 01:00;0,150802;
Natriumchlorid;2;03.08.2016 01:00;0,061594;
Arsen;3;03.08.2016 01:00;2,89075;
Arsen;4;03.08.2016 01:00;1,27742;
Arsen;8;03.08.2016 01:00;1,04574;
Arsen;5;03.08.2016 01:00;0,551391;
Arsen;6;03.08.2016 01:00;0,352566;
Arsen;9;03.08.2016 01:00;0,319368;
Arsen;2;03.08.2016 01:00;0,214064;
Arsen;1;03.08.2016 01:00;0,0372717;
Arsen;7;03.08.2016 01:00;0,0366236;
Benzol;4;03.08.2016 01:00;1,47062;
Benzol;3;03.08.2016 01:00;0,665431;
Benzol;8;03.08.2016 01:00;0,581752;
Benzol;5;03.08.2016 01:00;0,490206;
Benzol;7;03.08.2016 01:00;0,301421;
Benzol;6;03.08.2016 01:00;0,262464;
Benzol;9;03.08.2016 01:00;0,123211;
Benzol;1;03.08.2016 01:00;0,0738158;
Benzol;2;03.08.2016 01:00;0,028;
Anilin;3;03.08.2016 01:00;1,46011;
Anilin;4;03.08.2016 01:00;0,977162;
Anilin;1;03.08.2016 01:00;0,517581;
Anilin;9;03.08.2016 01:00;0,434147;
Anilin;8;03.08.2016 01:00;0,39974;
Anilin;2;03.08.2016 01:00;0,380379;
Anilin;7;03.08.2016 01:00;0,340543;
Anilin;6;03.08.2016 01:00;0,203658;
Anilin;5;03.08.2016 01:00;0,0801018;
Natriumchlorid;5;03.08.2016 02:00;5,46001;
Natriumchlorid;4;03.08.2016 02:00;1,10139;
Natriumchlorid;3;03.08.2016 02:00;0,777308;
Natriumchlorid;6;03.08.2016 02:00;0,519971;
Natriumchlorid;2;03.08.2016 02:00;0,474879;
Natriumchlorid;8;03.08.2016 02:00;0,409655;
Natriumchlorid;1;03.08.2016 02:00;0,198631;
Natriumchlorid;9;03.08.2016 02:00;0,143497;
Natriumchlorid;7;03.08.2016 02:00;0,13039;
Arsen;8;03.08.2016 02:00;1,33039;
Arsen;4;03.08.2016 02:00;1,01695;
Arsen;2;03.08.2016 02:00;0,582566;
Arsen;6;03.08.2016 02:00;0,52076;
Arsen;5;03.08.2016 02:00;0,415354;
Arsen;1;03.08.2016 02:00;0,312042;
Arsen;3;03.08.2016 02:00;0,256075;
Arsen;7;03.08.2016 02:00;0,21002;
Arsen;9;03.08.2016 02:00;0,02329;
Benzol;3;03.08.2016 02:00;1,02537;
Benzol;4;03.08.2016 02:00;0,994239;
Benzol;7;03.08.2016 02:00;0,913013;
Benzol;1;03.08.2016 02:00;0,609167;
Benzol;8;03.08.2016 02:00;0,540617;
Benzol;2;03.08.2016 02:00;0,448682;
Benzol;9;03.08.2016 02:00;0,432725;
Benzol;6;03.08.2016 02:00;0,270777;
Benzol;5;03.08.2016 02:00;0,0150369;
Anilin;4;03.08.2016 02:00;0,869644;
Anilin;3;03.08.2016 02:00;0,700752;
Anilin;5;03.08.2016 02:00;0,665896;
Anilin;6;03.08.2016 02:00;0,532216;
Anilin;7;03.08.2016 02:00;0,427771;
Anilin;9;03.08.2016 02:00;0,396218;
Anilin;2;03.08.2016 02:00;0,190461;
Anilin;8;03.08.2016 02:00;0,179155;
Anilin;1;03.08.2016 02:00;0,10909;
Natriumchlorid;5;03.08.2016 03:00;1,84223;
Natriumchlorid;4;03.08.2016 03:00;0,940658;
Natriumchlorid;3;03.08.2016 03:00;0,575075;
Natriumchlorid;6;03.08.2016 03:00;0,382083;
Natriumchlorid;7;03.08.2016 03:00;0,328064;
Natriumchlorid;1;03.08.2016 03:00;0,302345;
Natriumchlorid;9;03.08.2016 03:00;0,202349;
Natriumchlorid;8;03.08.2016 03:00;0,0578963;
Natriumchlorid;2;03.08.2016 03:00;0,0454614;
Arsen;3;03.08.2016 03:00;1,41308;
Arsen;7;03.08.2016 03:00;0,953912;
Arsen;6;03.08.2016 03:00;0,877477;
Arsen;4;03.08.2016 03:00;0,841054;
Arsen;9;03.08.2016 03:00;0,572978;
Arsen;8;03.08.2016 03:00;0,224604;
Arsen;2;03.08.2016 03:00;0,122047;
Arsen;1;03.08.2016 03:00;0,108088;
Arsen;5;03.08.2016 03:00;0,0400465;
Benzol;3;03.08.2016 03:00;0,843276;
Benzol;4;03.08.2016 03:00;0,722299;
Benzol;8;03.08.2016 03:00;0,43439;
Benzol;1;03.08.2016 03:00;0,403734;
Benzol;2;03.08.2016 03:00;0,316353;
Benzol;7;03.08.2016 03:00;0,244844;
Benzol;6;03.08.2016 03:00;0,235989;
Benzol;9;03.08.2016 03:00;0,129789;
Benzol;5;03.08.2016 03:00;0,0675457;
Anilin;4;03.08.2016 03:00;1,32103;
Anilin;3;03.08.2016 03:00;0,816654;
Anilin;5;03.08.2016 03:00;0,385294;
Anilin;9;03.08.2016 03:00;0,334068;
Anilin;1;03.08.2016 03:00;0,29844;
Anilin;6;03.08.2016 03:00;0,182328;
Anilin;8;03.08.2016 03:00;0,155499;
Anilin;2;03.08.2016 03:00;0,116144;
Anilin;7;03.08.2016 03:00;0,106208;
Natriumchlorid;5;03.08.2016 04:00;3,83715;
Natriumchlorid;3;03.08.2016 04:00;1,87029;
Natriumchlorid;4;03.08.2016 04:00;1,69557;
Natriumchlorid;7;03.08.2016 04:00;0,657709;
Natriumchlorid;8;03.08.2016 04:00;0,451251;
Natriumchlorid;9;03.08.2016 04:00;0,25407;
Natriumchlorid;6;03.08.2016 04:00;0,246225;
Natriumchlorid;2;03.08.2016 04:00;0,244076;
Natriumchlorid;1;03.08.2016 04:00;0,223116;
Arsen;4;03.08.2016 04:00;1,2025;
Arsen;2;03.08.2016 04:00;0,431944;
Arsen;3;03.08.2016 04:00;0,324388;
Arsen;8;03.08.2016 04:00;0,320019;
Arsen;7;03.08.2016 04:00;0,238674;
Arsen;1;03.08.2016 04:00;0,177008;
Arsen;9;03.08.2016 04:00;0,112857;
Arsen;5;03.08.2016 04:00;0,0578984;
Arsen;6;03.08.2016 04:00;0,037718;
Benzol;3;03.08.2016 04:00;2,30957;
Benzol;4;03.08.2016 04:00;1,04407;
Benzol;6;03.08.2016 04:00;0,781495;
Benzol;7;03.08.2016 04:00;0,747855;
Benzol;2;03.08.2016 04:00;0,60292;
Benzol;1;03.08.2016 04:00;0,429652;
Benzol;9;03.08.2016 04:00;0,31966;
Benzol;8;03.08.2016 04:00;0,141441;
Benzol;5;03.08.2016 04:00;0,0728896;
Anilin;4;03.08.2016 04:00;6,06129;
Anilin;3;03.08.2016 04:00;1,35569;
Anilin;2;03.08.2016 04:00;1,08228;
Anilin;7;03.08.2016 04:00;0,951058;
Anilin;9;03.08.2016 04:00;0,52042;
Anilin;1;03.08.2016 04:00;0,484269;
Anilin;5;03.08.2016 04:00;0,304043;
Anilin;6;03.08.2016 04:00;0,231667;
Anilin;8;03.08.2016 04:00;0,0839908;
Natriumchlorid;3;03.08.2016 05:00;2,85968;
Natriumchlorid;4;03.08.2016 05:00;0,946405;
Natriumchlorid;5;03.08.2016 05:00;0,909331;
Natriumchlorid;7;03.08.2016 05:00;0,531215;
Natriumchlorid;8;03.08.2016 05:00;0,430354;
Natriumchlorid;6;03.08.2016 05:00;0,336471;
Natriumchlorid;2;03.08.2016 05:00;0,271956;
Natriumchlorid;9;03.08.2016 05:00;0,0715864;
Natriumchlorid;1;03.08.2016 05:00;0,0333591;
Arsen;4;03.08.2016 05:00;1,06893;
Arsen;8;03.08.2016 05:00;0,820964;
Arsen;9;03.08.2016 05:00;0,651058;
Arsen;6;03.08.2016 05:00;0,285821;
Arsen;7;03.08.2016 05:00;0,206737;
Arsen;3;03.08.2016 05:00;0,138757;
Arsen;2;03.08.2016 05:00;0,0307148;
Arsen;1;03.08.2016 05:00;0,023277;
Arsen;5;03.08.2016 05:00;0,00275643;
Benzol;7;03.08.2016 05:00;0,892024;
Benzol;4;03.08.2016 05:00;0,814939;
Benzol;6;03.08.2016 05:00;0,509616;
Benzol;9;03.08.2016 05:00;0,244136;
Benzol;8;03.08.2016 05:00;0,21553;
Benzol;3;03.08.2016 05:00;0,198001;
Benzol;1;03.08.2016 05:00;0,157227;
Benzol;2;03.08.2016 05:00;0,131755;
Benzol;5;03.08.2016 05:00;0,0586778;
Anilin;7;03.08.2016 05:00;1,91572;
Anilin;3;03.08.2016 05:00;1,06221;
Anilin;4;03.08.2016 05:00;0,957368;
Anilin;8;03.08.2016 05:00;0,793527;
Anilin;2;03.08.2016 05:00;0,324132;
Anilin;1;03.08.2016 05:00;0,298457;
Anilin;9;03.08.2016 05:00;0,224165;
Anilin;6;03.08.2016 05:00;0,166792;
Anilin;5;03.08.2016 05:00;0,101211;
Natriumchlorid;3;03.08.2016 06:00;1,41591;
Natriumchlorid;4;03.08.2016 06:00;1,06627;
Natriumchlorid;2;03.08.2016 06:00;0,891474;
Natriumchlorid;6;03.08.2016 06:00;0,673315;
Natriumchlorid;5;03.08.2016 06:00;0,506;
Natriumchlorid;8;03.08.2016 06:00;0,411185;
Natriumchlorid;9;03.08.2016 06:00;0,385742;
Natriumchlorid;1;03.08.2016 06:00;0,367745;
Natriumchlorid;7;03.08.2016 06:00;0,17797;
Arsen;3;03.08.2016 06:00;1,60854;
Arsen;4;03.08.2016 06:00;0,765367;
Arsen;5;03.08.2016 06:00;0,704778;
Arsen;6;03.08.2016 06:00;0,484392;
Arsen;2;03.08.2016 06:00;0,429223;
Arsen;1;03.08.2016 06:00;0,36718;
Arsen;8;03.08.2016 06:00;0,285466;
Arsen;7;03.08.2016 06:00;0,190169;
Arsen;9;03.08.2016 06:00;0,0919987;
Benzol;7;03.08.2016 06:00;2,16919;
Benzol;3;03.08.2016 06:00;2,05621;
Benzol;4;03.08.2016 06:00;1,4721;
Benzol;8;03.08.2016 06:00;0,921346;
Benzol;6;03.08.2016 06:00;0,614708;
Benzol;9;03.08.2016 06:00;0,545533;
Benzol;1;03.08.2016 06:00;0,513335;
Benzol;2;03.08.2016 06:00;0,146403;
Benzol;5;03.08.2016 06:00;0,0889857;
Anilin;3;03.08.2016 06:00;1,06633;
Anilin;4;03.08.2016 06:00;1,06508;
Anilin;8;03.08.2016 06:00;0,930203;
Anilin;6;03.08.2016 06:00;0,806355;
Anilin;9;03.08.2016 06:00;0,73861;
Anilin;2;03.08.2016 06:00;0,603632;
Anilin;5;03.08.2016 06:00;0,382172;
Anilin;7;03.08.2016 06:00;0,364343;
Anilin;1;03.08.2016 06:00;0,02691;
Natriumchlorid;4;03.08.2016 07:00;16,56121;
Natriumchlorid;4;03.08.2016 07:00;2,6602;
Natriumchlorid;8;03.08.2016 07:00;0,700644;
Natriumchlorid;6;03.08.2016 07:00;0,653235;
Natriumchlorid;3;03.08.2016 07:00;0,452383;
Natriumchlorid;1;03.08.2016 07:00;0,24307;
Natriumchlorid;2;03.08.2016 07:00;0,231108;
Natriumchlorid;9;03.08.2016 07:00;0,209742;
Natriumchlorid;5;03.08.2016 07:00;0,129878;
Natriumchlorid;7;03.08.2016 07:00;0,0315414;
Arsen;3;03.08.2016 07:00;5,23373;
Arsen;9;03.08.2016 07:00;2,76566;
Arsen;4;03.08.2016 07:00;0,875826;
Arsen;5;03.08.2016 07:00;0,460641;
Arsen;6;03.08.2016 07:00;0,458719;
Arsen;1;03.08.2016 07:00;0,448929;
Arsen;7;03.08.2016 07:00;0,33666;
Arsen;8;03.08.2016 07:00;0,331693;
Arsen;2;03.08.2016 07:00;0,242691;
Benzol;4;03.08.2016 07:00;4,66672;
Benzol;3;03.08.2016 07:00;1,67643;
Benzol;9;03.08.2016 07:00;0,914793;
Benzol;7;03.08.2016 07:00;0,627478;
Benzol;2;03.08.2016 07:00;0,610462;
Benzol;6;03.08.2016 07:00;0,453246;
Benzol;8;03.08.2016 07:00;0,41437;
Benzol;5;03.08.2016 07:00;0,38754;
Benzol;1;03.08.2016 07:00;0,0564908;
Anilin;5;03.08.2016 07:00;1,44202;
Anilin;7;03.08.2016 07:00;1,34922;
Anilin;2;03.08.2016 07:00;0,444243;
Anilin;1;03.08.2016 07:00;0,33472;
Anilin;9;03.08.2016 07:00;0,305532;
Anilin;8;03.08.2016 07:00;0,0956073;
Anilin;3;03.08.2016 07:00;0,0761669;
Anilin;6;03.08.2016 07:00;0,0504946;
Natriumchlorid;4;03.08.2016 08:00;16,832;
Natriumchlorid;4;03.08.2016 08:00;2,51499;
Natriumchlorid;7;03.08.2016 08:00;1,11085;
Natriumchlorid;3;03.08.2016 08:00;0,546933;
Natriumchlorid;6;03.08.2016 08:00;0,528169;
Natriumchlorid;8;03.08.2016 08:00;0,160606;
Natriumchlorid;9;03.08.2016 08:00;0,152187;
Natriumchlorid;1;03.08.2016 08:00;0,136312;
Natriumchlorid;2;03.08.2016 08:00;0,129997;
Natriumchlorid;5;03.08.2016 08:00;0,0180842;
Arsen;9;03.08.2016 08:00;1,61679;
Arsen;3;03.08.2016 08:00;1,54772;
Arsen;4;03.08.2016 08:00;0,910699;
Arsen;6;03.08.2016 08:00;0,835562;
Arsen;1;03.08.2016 08:00;0,337982;
Arsen;8;03.08.2016 08:00;0,335752;
Arsen;7;03.08.2016 08:00;0,332764;
Arsen;2;03.08.2016 08:00;0,0812827;
Arsen;5;03.08.2016 08:00;0,0334481;
Benzol;4;03.08.2016 08:00;4,05664;
Benzol;7;03.08.2016 08:00;1,1563;
Benzol;3;03.08.2016 08:00;0,889516;
Benzol;6;03.08.2016 08:00;0,475328;
Benzol;2;03.08.2016 08:00;0,336718;
Benzol;1;03.08.2016 08:00;0,243968;
Benzol;5;03.08.2016 08:00;0,224769;
Benzol;9;03.08.2016 08:00;0,192999;
Benzol;8;03.08.2016 08:00;0,0291272;
Anilin;3;03.08.2016 08:00;2,58635;
Anilin;7;03.08.2016 08:00;1,24999;
Anilin;5;03.08.2016 08:00;0,78944;
Anilin;6;03.08.2016 08:00;0,680292;
Anilin;9;03.08.2016 08:00;0,443992;
Anilin;8;03.08.2016 08:00;0,297719;
Anilin;1;03.08.2016 08:00;0,131504;
Anilin;2;03.08.2016 08:00;0,10829;
Natriumchlorid;7;03.08.2016 09:00;3,93772;
Natriumchlorid;5;03.08.2016 09:00;1,18771;
Natriumchlorid;3;03.08.2016 09:00;0,965512;
Natriumchlorid;4;03.08.2016 09:00;0,86746;
Natriumchlorid;2;03.08.2016 09:00;0,625247;
Natriumchlorid;8;03.08.2016 09:00;0,441583;
Natriumchlorid;6;03.08.2016 09:00;0,380008;
Natriumchlorid;9;03.08.2016 09:00;0,30376;
Natriumchlorid;1;03.08.2016 09:00;0,0317347;
Arsen;4;03.08.2016 09:00;1,0518;
Arsen;8;03.08.2016 09:00;0,860548;
Arsen;3;03.08.2016 09:00;0,760574;
Arsen;6;03.08.2016 09:00;0,625935;
Arsen;2;03.08.2016 09:00;0,537087;
Arsen;5;03.08.2016 09:00;0,484705;
Arsen;7;03.08.2016 09:00;0,408256;
Arsen;1;03.08.2016 09:00;0,219634;
Arsen;9;03.08.2016 09:00;0,14878;
Benzol;3;03.08.2016 09:00;3,55119;
Benzol;4;03.08.2016 09:00;1,34739;
Benzol;2;03.08.2016 09:00;0,818653;
Benzol;5;03.08.2016 09:00;0,763706;
Benzol;6;03.08.2016 09:00;0,513262;
Benzol;8;03.08.2016 09:00;0,430614;
Benzol;9;03.08.2016 09:00;0,421954;
Benzol;7;03.08.2016 09:00;0,421378;
Benzol;1;03.08.2016 09:00;0,196948;
Anilin;3;03.08.2016 09:00;1,27705;
Anilin;6;03.08.2016 09:00;0,70702;
Anilin;4;03.08.2016 09:00;0,689147;
Anilin;5;03.08.2016 09:00;0,22659;
Anilin;1;03.08.2016 09:00;0,220515;
Anilin;8;03.08.2016 09:00;0,163965;
Anilin;9;03.08.2016 09:00;0,140865;
Anilin;7;03.08.2016 09:00;0,125995;
Anilin;2;03.08.2016 09:00;0,0468784;
Natriumchlorid;3;03.08.2016 10:00;1,39252;
Natriumchlorid;4;03.08.2016 10:00;1,05776;
Natriumchlorid;2;03.08.2016 10:00;0,725961;
Natriumchlorid;5;03.08.2016 10:00;0,530754;
Natriumchlorid;6;03.08.2016 10:00;0,432726;
Natriumchlorid;9;03.08.2016 10:00;0,294316;
Natriumchlorid;1;03.08.2016 10:00;0,256869;
Natriumchlorid;8;03.08.2016 10:00;0,243812;
Natriumchlorid;7;03.08.2016 10:00;0,11348;
Arsen;4;03.08.2016 10:00;1,14699;
Arsen;5;03.08.2016 10:00;0,73389;
Arsen;2;03.08.2016 10:00;0,566521;
Arsen;3;03.08.2016 10:00;0,54972;
Arsen;9;03.08.2016 10:00;0,471959;
Arsen;6;03.08.2016 10:00;0,456662;
Arsen;8;03.08.2016 10:00;0,244999;
Arsen;7;03.08.2016 10:00;0,180928;
Arsen;1;03.08.2016 10:00;0,125263;
Benzol;2;03.08.2016 10:00;1,1045;
Benzol;3;03.08.2016 10:00;1,02529;
Benzol;4;03.08.2016 10:00;0,825235;
Benzol;8;03.08.2016 10:00;0,687771;
Benzol;1;03.08.2016 10:00;0,640963;
Benzol;5;03.08.2016 10:00;0,521847;
Benzol;6;03.08.2016 10:00;0,520375;
Benzol;7;03.08.2016 10:00;0,121064;
Benzol;9;03.08.2016 10:00;0,108955;
Anilin;7;03.08.2016 10:00;2,34826;
Anilin;4;03.08.2016 10:00;1,13756;
Anilin;6;03.08.2016 10:00;0,949087;
Anilin;8;03.08.2016 10:00;0,49764;
Anilin;3;03.08.2016 10:00;0,42832;
Anilin;1;03.08.2016 10:00;0,394689;
Anilin;9;03.08.2016 10:00;0,39164;
Anilin;5;03.08.2016 10:00;0,237018;
Anilin;2;03.08.2016 10:00;0,00239077;
Natriumchlorid;3;03.08.2016 11:00;1,44816;
Natriumchlorid;7;03.08.2016 11:00;1,26184;
Natriumchlorid;4;03.08.2016 11:00;1,04756;
Natriumchlorid;6;03.08.2016 11:00;0,507507;
Natriumchlorid;2;03.08.2016 11:00;0,429583;
Natriumchlorid;8;03.08.2016 11:00;0,271461;
Natriumchlorid;1;03.08.2016 11:00;0,24594;
Natriumchlorid;9;03.08.2016 11:00;0,153745;
Natriumchlorid;5;03.08.2016 11:00;0,0216359;
Arsen;3;03.08.2016 11:00;6,88687;
Arsen;4;03.08.2016 11:00;1,29592;
Arsen;9;03.08.2016 11:00;0,487972;
Arsen;6;03.08.2016 11:00;0,364402;
Arsen;7;03.08.2016 11:00;0,343538;
Arsen;1;03.08.2016 11:00;0,102974;
Arsen;2;03.08.2016 11:00;0,0926523;
Arsen;5;03.08.2016 11:00;0,0899241;
Arsen;8;03.08.2016 11:00;0,0652923;
Benzol;4;03.08.2016 11:00;1,01244;
Benzol;6;03.08.2016 11:00;0,916375;
Benzol;3;03.08.2016 11:00;0,838228;
Benzol;8;03.08.2016 11:00;0,718984;
Benzol;1;03.08.2016 11:00;0,628467;
Benzol;7;03.08.2016 11:00;0,403333;
Benzol;2;03.08.2016 11:00;0,270485;
Benzol;9;03.08.2016 11:00;0,20342;
Benzol;5;03.08.2016 11:00;0,187325;
Anilin;3;03.08.2016 11:00;1,44267;
Anilin;4;03.08.2016 11:00;1,27603;
Anilin;8;03.08.2016 11:00;0,586548;
Anilin;5;03.08.2016 11:00;0,531871;
Anilin;6;03.08.2016 11:00;0,522121;
Anilin;2;03.08.2016 11:00;0,432947;
Anilin;1;03.08.2016 11:00;0,210309;
Anilin;7;03.08.2016 11:00;0,204787;
Anilin;9;03.08.2016 11:00;0,0538858;
Natriumchlorid;8;03.08.2016 12:00;1,2983;
Natriumchlorid;4;03.08.2016 12:00;1,14209;
Natriumchlorid;2;03.08.2016 12:00;0,837112;
Natriumchlorid;5;03.08.2016 12:00;0,578405;
Natriumchlorid;6;03.08.2016 12:00;0,552503;
Natriumchlorid;3;03.08.2016 12:00;0,378413;
Natriumchlorid;1;03.08.2016 12:00;0,239257;
Natriumchlorid;9;03.08.2016 12:00;0,224055;
Natriumchlorid;7;03.08.2016 12:00;0,127159;
Arsen;3;03.08.2016 12:00;2,74594;
Arsen;7;03.08.2016 12:00;1,95586;
Arsen;5;03.08.2016 12:00;0,919646;
Arsen;8;03.08.2016 12:00;0,743562;
Arsen;4;03.08.2016 12:00;0,651782;
Arsen;1;03.08.2016 12:00;0,611424;
Arsen;6;03.08.2016 12:00;0,534222;
Arsen;9;03.08.2016 12:00;0,464513;
Arsen;2;03.08.2016 12:00;0,334417;
Benzol;3;03.08.2016 12:00;3,79975;
Benzol;7;03.08.2016 12:00;3,28064;
Benzol;4;03.08.2016 12:00;2,12791;
Benzol;8;03.08.2016 12:00;0,444322;
Benzol;2;03.08.2016 12:00;0,389521;
Benzol;1;03.08.2016 12:00;0,385954;
Benzol;6;03.08.2016 12:00;0,342812;
Benzol;5;03.08.2016 12:00;0,318117;
Benzol;9;03.08.2016 12:00;0,101045;
Anilin;7;03.08.2016 12:00;1,10079;
Anilin;4;03.08.2016 12:00;0,93888;
Anilin;8;03.08.2016 12:00;0,581265;
Anilin;9;03.08.2016 12:00;0,486002;
Anilin;6;03.08.2016 12:00;0,456025;
Anilin;2;03.08.2016 12:00;0,291871;
Anilin;3;03.08.2016 12:00;0,228076;
Anilin;5;03.08.2016 12:00;0,185002;
Anilin;1;03.08.2016 12:00;0,107663;
Natriumchlorid;3;03.08.2016 13:00;1,99287;
Natriumchlorid;4;03.08.2016 13:00;0,993795;
Natriumchlorid;2;03.08.2016 13:00;0,604498;
Natriumchlorid;6;03.08.2016 13:00;0,463899;
Natriumchlorid;9;03.08.2016 13:00;0,312472;
Natriumchlorid;1;03.08.2016 13:00;0,302554;
Natriumchlorid;8;03.08.2016 13:00;0,207564;
Natriumchlorid;5;03.08.2016 13:00;0,135531;
Natriumchlorid;7;03.08.2016 13:00;0,0795262;
Arsen;3;03.08.2016 13:00;2,986;
Arsen;4;03.08.2016 13:00;1,21861;
Arsen;5;03.08.2016 13:00;0,627883;
Arsen;2;03.08.2016 13:00;0,583038;
Arsen;6;03.08.2016 13:00;0,523989;
Arsen;8;03.08.2016 13:00;0,481199;
Arsen;7;03.08.2016 13:00;0,305723;
Arsen;9;03.08.2016 13:00;0,28194;
Arsen;1;03.08.2016 13:00;0,249545;
Benzol;3;03.08.2016 13:00;5,52669;
Benzol;8;03.08.2016 13:00;0,857416;
Benzol;4;03.08.2016 13:00;0,755653;
Benzol;6;03.08.2016 13:00;0,604895;
Benzol;2;03.08.2016 13:00;0,364367;
Benzol;7;03.08.2016 13:00;0,263689;
Benzol;1;03.08.2016 13:00;0,165365;
Benzol;5;03.08.2016 13:00;0,127193;
Benzol;9;03.08.2016 13:00;0,0161334;
Anilin;3;03.08.2016 13:00;2,20451;
Anilin;4;03.08.2016 13:00;0,917894;
Anilin;7;03.08.2016 13:00;0,751838;
Anilin;1;03.08.2016 13:00;0,646336;
Anilin;2;03.08.2016 13:00;0,642777;
Anilin;5;03.08.2016 13:00;0,542617;
Anilin;8;03.08.2016 13:00;0,136367;
Anilin;6;03.08.2016 13:00;0,016374;
Anilin;9;03.08.2016 13:00;0,0117908;
Natriumchlorid;9;03.08.2016 14:00;4,35791;
Natriumchlorid;7;03.08.2016 14:00;1,34582;
Natriumchlorid;4;03.08.2016 14:00;1,31656;
Natriumchlorid;6;03.08.2016 14:00;0,833296;
Natriumchlorid;2;03.08.2016 14:00;0,815135;
Natriumchlorid;3;03.08.2016 14:00;0,656827;
Natriumchlorid;5;03.08.2016 14:00;0,491411;
Natriumchlorid;1;03.08.2016 14:00;0,266836;
Natriumchlorid;8;03.08.2016 14:00;0,127519;
Arsen;3;03.08.2016 14:00;1,62647;
Arsen;7;03.08.2016 14:00;1,23385;
Arsen;4;03.08.2016 14:00;0,761611;
Arsen;2;03.08.2016 14:00;0,605315;
Arsen;8;03.08.2016 14:00;0,50089;
Arsen;1;03.08.2016 14:00;0,387208;
Arsen;9;03.08.2016 14:00;0,308445;
Arsen;5;03.08.2016 14:00;0,194294;
Arsen;6;03.08.2016 14:00;0,0851957;
Benzol;2;03.08.2016 14:00;1,33586;
Benzol;4;03.08.2016 14:00;1,04177;
Benzol;8;03.08.2016 14:00;0,778322;
Benzol;3;03.08.2016 14:00;0,745108;
Benzol;9;03.08.2016 14:00;0,607812;
Benzol;5;03.08.2016 14:00;0,390493;
Benzol;7;03.08.2016 14:00;0,345773;
Benzol;6;03.08.2016 14:00;0,220066;
Benzol;1;03.08.2016 14:00;0,0205476;
Anilin;4;03.08.2016 14:00;1,30792;
Anilin;8;03.08.2016 14:00;1,14284;
Anilin;7;03.08.2016 14:00;0,557697;
Anilin;9;03.08.2016 14:00;0,421304;
Anilin;2;03.08.2016 14:00;0,402947;
Anilin;6;03.08.2016 14:00;0,395922;
Anilin;1;03.08.2016 14:00;0,381891;
Anilin;3;03.08.2016 14:00;0,156324;
Anilin;5;03.08.2016 14:00;0,0473957;
Natriumchlorid;4;03.08.2016 15:00;1,38732;
Natriumchlorid;6;03.08.2016 15:00;0,600269;
Natriumchlorid;8;03.08.2016 15:00;0,444999;
Natriumchlorid;9;03.08.2016 15:00;0,364556;
Natriumchlorid;1;03.08.2016 15:00;0,282556;
Natriumchlorid;5;03.08.2016 15:00;0,27827;
Natriumchlorid;3;03.08.2016 15:00;0,251508;
Natriumchlorid;7;03.08.2016 15:00;0,0826905;
Natriumchlorid;2;03.08.2016 15:00;0,00484517;
Arsen;4;03.08.2016 15:00;1,38782;
Arsen;8;03.08.2016 15:00;0,911489;
Arsen;9;03.08.2016 15:00;0,558414;
Arsen;3;03.08.2016 15:00;0,409142;
Arsen;6;03.08.2016 15:00;0,386457;
Arsen;1;03.08.2016 15:00;0,349209;
Arsen;7;03.08.2016 15:00;0,186086;
Arsen;5;03.08.2016 15:00;0,180553;
Arsen;2;03.08.2016 15:00;0,00134848;
Benzol;4;03.08.2016 15:00;1,27988;
Benzol;8;03.08.2016 15:00;0,815048;
Benzol;3;03.08.2016 15:00;0,701834;
Benzol;6;03.08.2016 15:00;0,419177;
Benzol;7;03.08.2016 15:00;0,39808;
Benzol;5;03.08.2016 15:00;0,17732;
Benzol;1;03.08.2016 15:00;0,164961;
Benzol;2;03.08.2016 15:00;0,0445046;
Benzol;9;03.08.2016 15:00;0,0240669;
Anilin;4;03.08.2016 15:00;1,32905;
Anilin;2;03.08.2016 15:00;0,753244;
Anilin;6;03.08.2016 15:00;0,751325;
Anilin;5;03.08.2016 15:00;0,717495;
Anilin;3;03.08.2016 15:00;0,624138;
Anilin;8;03.08.2016 15:00;0,556288;
Anilin;7;03.08.2016 15:00;0,343483;
Anilin;9;03.08.2016 15:00;0,223586;
Anilin;1;03.08.2016 15:00;0,0680883;
Natriumchlorid;4;03.08.2016 16:00;1,07289;
Natriumchlorid;3;03.08.2016 16:00;0,630347;
Natriumchlorid;6;03.08.2016 16:00;0,610163;
Natriumchlorid;8;03.08.2016 16:00;0,5965;
Natriumchlorid;9;03.08.2016 16:00;0,227259;
Natriumchlorid;1;03.08.2016 16:00;0,21804;
Natriumchlorid;7;03.08.2016 16:00;0,168197;
Natriumchlorid;5;03.08.2016 16:00;0,158454;
Natriumchlorid;2;03.08.2016 16:00;0,0298108;
Arsen;7;03.08.2016 16:00;1,55171;
Arsen;4;03.08.2016 16:00;1,02629;
Arsen;3;03.08.2016 16:00;0,645025;
Arsen;8;03.08.2016 16:00;0,443429;
Arsen;5;03.08.2016 16:00;0,422171;
Arsen;2;03.08.2016 16:00;0,318269;
Arsen;6;03.08.2016 16:00;0,197904;
Arsen;1;03.08.2016 16:00;0,187316;
Arsen;9;03.08.2016 16:00;0,0892721;
Benzol;3;03.08.2016 16:00;2,6912;
Benzol;4;03.08.2016 16:00;0,916527;
Benzol;2;03.08.2016 16:00;0,864219;
Benzol;8;03.08.2016 16:00;0,634435;
Benzol;6;03.08.2016 16:00;0,360899;
Benzol;9;03.08.2016 16:00;0,322675;
Benzol;1;03.08.2016 16:00;0,292678;
Benzol;5;03.08.2016 16:00;0,285234;
Benzol;7;03.08.2016 16:00;0,203801;
Anilin;4;03.08.2016 16:00;1,00195;
Anilin;5;03.08.2016 16:00;0,785908;
Anilin;8;03.08.2016 16:00;0,457711;
Anilin;9;03.08.2016 16:00;0,359408;
Anilin;3;03.08.2016 16:00;0,306216;
Anilin;6;03.08.2016 16:00;0,260558;
Anilin;2;03.08.2016 16:00;0,245215;
Anilin;1;03.08.2016 16:00;0,152865;
Anilin;7;03.08.2016 16:00;0,01233;
Natriumchlorid;3;03.08.2016 17:00;6,34574;
Natriumchlorid;4;03.08.2016 17:00;1,1174;
Natriumchlorid;6;03.08.2016 17:00;0,876168;
Natriumchlorid;8;03.08.2016 17:00;0,55151;
Natriumchlorid;2;03.08.2016 17:00;0,409603;
Natriumchlorid;7;03.08.2016 17:00;0,381966;
Natriumchlorid;1;03.08.2016 17:00;0,201599;
Natriumchlorid;9;03.08.2016 17:00;0,200023;
Natriumchlorid;5;03.08.2016 17:00;0,0119805;
Arsen;3;03.08.2016 17:00;5,43521;
Arsen;8;03.08.2016 17:00;1,07605;
Arsen;4;03.08.2016 17:00;1,03597;
Arsen;7;03.08.2016 17:00;0,690114;
Arsen;1;03.08.2016 17:00;0,571852;
Arsen;2;03.08.2016 17:00;0,564338;
Arsen;6;03.08.2016 17:00;0,356413;
Arsen;5;03.08.2016 17:00;0,191534;
Arsen;9;03.08.2016 17:00;0,110969;
Benzol;3;03.08.2016 17:00;2,3032;
Benzol;4;03.08.2016 17:00;0,713487;
Benzol;7;03.08.2016 17:00;0,629155;
Benzol;8;03.08.2016 17:00;0,584164;
Benzol;6;03.08.2016 17:00;0,537226;
Benzol;5;03.08.2016 17:00;0,262734;
Benzol;1;03.08.2016 17:00;0,249916;
Benzol;9;03.08.2016 17:00;0,244951;
Benzol;2;03.08.2016 17:00;0,194079;
Anilin;3;03.08.2016 17:00;1,97243;
Anilin;8;03.08.2016 17:00;1,05098;
Anilin;4;03.08.2016 17:00;0,840319;
Anilin;1;03.08.2016 17:00;0,537196;
Anilin;6;03.08.2016 17:00;0,440365;
Anilin;2;03.08.2016 17:00;0,223682;
Anilin;5;03.08.2016 17:00;0,14922;
Anilin;7;03.08.2016 17:00;0,103546;
Anilin;9;03.08.2016 17:00;0,0165134;
Natriumchlorid;3;03.08.2016 18:00;2,28354;
Natriumchlorid;4;03.08.2016 18:00;1,26906;
Natriumchlorid;7;03.08.2016 18:00;0,587754;
Natriumchlorid;5;03.08.2016 18:00;0,575442;
Natriumchlorid;2;03.08.2016 18:00;0,232808;
Natriumchlorid;6;03.08.2016 18:00;0,0896067;
Natriumchlorid;9;03.08.2016 18:00;0,086415;
Natriumchlorid;8;03.08.2016 18:00;0,0712486;
Natriumchlorid;1;03.08.2016 18:00;0,0542053;
Arsen;4;03.08.2016 18:00;1,18235;
Arsen;3;03.08.2016 18:00;0,738262;
Arsen;6;03.08.2016 18:00;0,533992;
Arsen;8;03.08.2016 18:00;0,459908;
Arsen;2;03.08.2016 18:00;0,402849;
Arsen;7;03.08.2016 18:00;0,38255;
Arsen;1;03.08.2016 18:00;0,256789;
Arsen;9;03.08.2016 18:00;0,233952;
Arsen;5;03.08.2016 18:00;0,0688704;
Benzol;5;03.08.2016 18:00;2,36793;
Benzol;7;03.08.2016 18:00;1,0763;
Benzol;4;03.08.2016 18:00;1,05398;
Benzol;6;03.08.2016 18:00;0,550424;
Benzol;2;03.08.2016 18:00;0,535882;
Benzol;8;03.08.2016 18:00;0,514758;
Benzol;1;03.08.2016 18:00;0,330129;
Benzol;9;03.08.2016 18:00;0,323137;
Benzol;3;03.08.2016 18:00;0,106483;
Anilin;4;03.08.2016 18:00;1,07093;
Anilin;7;03.08.2016 18:00;0,547709;
Anilin;2;03.08.2016 18:00;0,438203;
Anilin;6;03.08.2016 18:00;0,396672;
Anilin;5;03.08.2016 18:00;0,287677;
Anilin;3;03.08.2016 18:00;0,195669;
Anilin;1;03.08.2016 18:00;0,100505;
Anilin;8;03.08.2016 18:00;0,0577096;
Anilin;9;03.08.2016 18:00;0,035924;
Natriumchlorid;3;03.08.2016 19:00;1,59405;
Natriumchlorid;4;03.08.2016 19:00;0,698814;
Natriumchlorid;8;03.08.2016 19:00;0,556556;
Natriumchlorid;1;03.08.2016 19:00;0,5365;
Natriumchlorid;5;03.08.2016 19:00;0,52458;
Natriumchlorid;6;03.08.2016 19:00;0,265337;
Natriumchlorid;7;03.08.2016 19:00;0,163437;
Natriumchlorid;9;03.08.2016 19:00;0,144707;
Natriumchlorid;2;03.08.2016 19:00;0,136934;
Arsen;4;03.08.2016 19:00;1,04644;
Arsen;7;03.08.2016 19:00;0,904804;
Arsen;9;03.08.2016 19:00;0,624308;
Arsen;6;03.08.2016 19:00;0,588683;
Arsen;2;03.08.2016 19:00;0,516048;
Arsen;1;03.08.2016 19:00;0,381314;
Arsen;3;03.08.2016 19:00;0,243655;
Arsen;8;03.08.2016 19:00;0,150723;
Arsen;5;03.08.2016 19:00;0,11177;
Benzol;4;03.08.2016 19:00;1,32676;
Benzol;2;03.08.2016 19:00;0,792754;
Benzol;8;03.08.2016 19:00;0,687851;
Benzol;5;03.08.2016 19:00;0,622456;
Benzol;1;03.08.2016 19:00;0,394714;
Benzol;6;03.08.2016 19:00;0,279277;
Benzol;7;03.08.2016 19:00;0,277162;
Benzol;3;03.08.2016 19:00;0,159592;
Benzol;9;03.08.2016 19:00;0,112841;
Anilin;3;03.08.2016 19:00;1,76642;
Anilin;8;03.08.2016 19:00;1,54474;
Anilin;4;03.08.2016 19:00;0,999105;
Anilin;5;03.08.2016 19:00;0,561675;
Anilin;6;03.08.2016 19:00;0,53233;
Anilin;9;03.08.2016 19:00;0,313837;
Anilin;1;03.08.2016 19:00;0,178886;
Anilin;7;03.08.2016 19:00;0,113662;
Anilin;2;03.08.2016 19:00;0,11129;
Natriumchlorid;8;03.08.2016 20:00;1,33316;
Natriumchlorid;4;03.08.2016 20:00;0,844803;
Natriumchlorid;3;03.08.2016 20:00;0,718224;
Natriumchlorid;7;03.08.2016 20:00;0,518526;
Natriumchlorid;6;03.08.2016 20:00;0,338255;
Natriumchlorid;1;03.08.2016 20:00;0,230403;
Natriumchlorid;9;03.08.2016 20:00;0,13318;
Natriumchlorid;5;03.08.2016 20:00;0,085229;
Natriumchlorid;2;03.08.2016 20:00;0,0620009;
Arsen;3;03.08.2016 20:00;1,48072;
Arsen;4;03.08.2016 20:00;1,1415;
Arsen;8;03.08.2016 20:00;0,758447;
Arsen;1;03.08.2016 20:00;0,40797;
Arsen;6;03.08.2016 20:00;0,338944;
Arsen;5;03.08.2016 20:00;0,182846;
Arsen;2;03.08.2016 20:00;0,0932284;
Arsen;9;03.08.2016 20:00;0,0398764;
Arsen;7;03.08.2016 20:00;0,0034984;
Benzol;5;03.08.2016 20:00;2,71096;
Benzol;3;03.08.2016 20:00;0,800298;
Benzol;4;03.08.2016 20:00;0,738141;
Benzol;8;03.08.2016 20:00;0,72126;
Benzol;2;03.08.2016 20:00;0,189869;
Benzol;7;03.08.2016 20:00;0,114211;
Benzol;9;03.08.2016 20:00;0,0432212;
Benzol;6;03.08.2016 20:00;0,0407902;
Benzol;1;03.08.2016 20:00;0,00995049;
Anilin;7;03.08.2016 20:00;1,32596;
Anilin;4;03.08.2016 20:00;1,00174;
Anilin;6;03.08.2016 20:00;0,497853;
Anilin;3;03.08.2016 20:00;0,454168;
Anilin;5;03.08.2016 20:00;0,407868;
Anilin;8;03.08.2016 20:00;0,362353;
Anilin;2;03.08.2016 20:00;0,232808;
Anilin;1;03.08.2016 20:00;0,136407;
Anilin;9;03.08.2016 20:00;0,0458705;
Natriumchlorid;4;03.08.2016 21:00;1,08716;
Natriumchlorid;6;03.08.2016 21:00;0,801304;
Natriumchlorid;1;03.08.2016 21:00;0,629229;
Natriumchlorid;5;03.08.2016 21:00;0,46269;
Natriumchlorid;3;03.08.2016 21:00;0,356532;
Natriumchlorid;9;03.08.2016 21:00;0,238306;
Natriumchlorid;8;03.08.2016 21:00;0,225917;
Natriumchlorid;7;03.08.2016 21:00;0,221634;
Natriumchlorid;2;03.08.2016 21:00;0,0286712;
Arsen;4;03.08.2016 21:00;1,06049;
Arsen;7;03.08.2016 21:00;0,789541;
Arsen;6;03.08.2016 21:00;0,431765;
Arsen;8;03.08.2016 21:00;0,423652;
Arsen;1;03.08.2016 21:00;0,402428;
Arsen;3;03.08.2016 21:00;0,374426;
Arsen;2;03.08.2016 21:00;0,271787;
Arsen;9;03.08.2016 21:00;0,270065;
Arsen;5;03.08.2016 21:00;0,0593581;
Benzol;5;03.08.2016 21:00;2,10797;
Benzol;4;03.08.2016 21:00;0,728349;
Benzol;8;03.08.2016 21:00;0,54849;
Benzol;6;03.08.2016 21:00;0,548059;
Benzol;1;03.08.2016 21:00;0,471018;
Benzol;3;03.08.2016 21:00;0,361146;
Benzol;7;03.08.2016 21:00;0,245715;
Benzol;9;03.08.2016 21:00;0,109833;
Benzol;2;03.08.2016 21:00;0,0632493;
Anilin;3;03.08.2016 21:00;2,04666;
Anilin;7;03.08.2016 21:00;1,08685;
Anilin;5;03.08.2016 21:00;0,932785;
Anilin;4;03.08.2016 21:00;0,869189;
Anilin;6;03.08.2016 21:00;0,546434;
Anilin;2;03.08.2016 21:00;0,427715;
Anilin;8;03.08.2016 21:00;0,30403;
Anilin;9;03.08.2016 21:00;0,202945;
Anilin;1;03.08.2016 21:00;0,165986;
Natriumchlorid;3;03.08.2016 22:00;2,77027;
Natriumchlorid;5;03.08.2016 22:00;2,32926;
Natriumchlorid;4;03.08.2016 22:00;1,29103;
Natriumchlorid;9;03.08.2016 22:00;0,997502;
Natriumchlorid;6;03.08.2016 22:00;0,638233;
Natriumchlorid;8;03.08.2016 22:00;0,51046;
Natriumchlorid;7;03.08.2016 22:00;0,308985;
Natriumchlorid;1;03.08.2016 22:00;0,251694;
Natriumchlorid;2;03.08.2016 22:00;0,164842;
Arsen;3;03.08.2016 22:00;1,40986;
Arsen;4;03.08.2016 22:00;0,812151;
Arsen;7;03.08.2016 22:00;0,688297;
Arsen;6;03.08.2016 22:00;0,579338;
Arsen;5;03.08.2016 22:00;0,457319;
Arsen;8;03.08.2016 22:00;0,372454;
Arsen;1;03.08.2016 22:00;0,301404;
Arsen;2;03.08.2016 22:00;0,209169;
Arsen;9;03.08.2016 22:00;0,0963276;
Benzol;3;03.08.2016 22:00;1,67443;
Benzol;4;03.08.2016 22:00;1,15111;
Benzol;6;03.08.2016 22:00;0,638856;
Benzol;2;03.08.2016 22:00;0,526782;
Benzol;5;03.08.2016 22:00;0,203652;
Benzol;9;03.08.2016 22:00;0,106333;
Benzol;7;03.08.2016 22:00;0,0784273;
Benzol;1;03.08.2016 22:00;0,030988;
Benzol;8;03.08.2016 22:00;0,0184597;
Anilin;5;03.08.2016 22:00;15,98866;
Anilin;3;03.08.2016 22:00;2,26498;
Anilin;2;03.08.2016 22:00;0,967184;
Anilin;4;03.08.2016 22:00;0,741141;
Anilin;8;03.08.2016 22:00;0,474308;
Anilin;6;03.08.2016 22:00;0,397101;
Anilin;1;03.08.2016 22:00;0,301317;
Anilin;7;03.08.2016 22:00;0,062804;
Anilin;9;03.08.2016 22:00;0,00293842;
Natriumchlorid;9;03.08.2016 23:00;1,18594;
Natriumchlorid;2;03.08.2016 23:00;1,18232;
Natriumchlorid;4;03.08.2016 23:00;1,16875;
Natriumchlorid;5;03.08.2016 23:00;0,728795;
Natriumchlorid;1;03.08.2016 23:00;0,577151;
Natriumchlorid;3;03.08.2016 23:00;0,493306;
Natriumchlorid;6;03.08.2016 23:00;0,391927;
Natriumchlorid;8;03.08.2016 23:00;0,173657;
Natriumchlorid;7;03.08.2016 23:00;0,102555;
Arsen;3;03.08.2016 23:00;1,12864;
Arsen;7;03.08.2016 23:00;0,987092;
Arsen;1;03.08.2016 23:00;0,639071;
Arsen;4;03.08.2016 23:00;0,618694;
Arsen;8;03.08.2016 23:00;0,550064;
Arsen;6;03.08.2016 23:00;0,528038;
Arsen;5;03.08.2016 23:00;0,274219;
Arsen;2;03.08.2016 23:00;0,250367;
Arsen;9;03.08.2016 23:00;0,117744;
Benzol;3;03.08.2016 23:00;1,34399;
Benzol;7;03.08.2016 23:00;1,27812;
Benzol;4;03.08.2016 23:00;1,16088;
Benzol;8;03.08.2016 23:00;0,70829;
Benzol;2;03.08.2016 23:00;0,642551;
Benzol;5;03.08.2016 23:00;0,628936;
Benzol;6;03.08.2016 23:00;0,528865;
Benzol;9;03.08.2016 23:00;0,209619;
Benzol;1;03.08.2016 23:00;0,198279;
Anilin;7;03.08.2016 23:00;1,09176;
Anilin;4;03.08.2016 23:00;0,903799;
Anilin;3;03.08.2016 23:00;0,735254;
Anilin;6;03.08.2016 23:00;0,460927;
Anilin;9;03.08.2016 23:00;0,250303;
Anilin;1;03.08.2016 23:00;0,206297;
Anilin;2;03.08.2016 23:00;0,188386;
Anilin;8;03.08.2016 23:00;0,0670801;
Anilin;5;03.08.2016 23:00;0,0108;
Natriumchlorid;3;04.08.2016 01:00;1,25485;
Natriumchlorid;4;04.08.2016 01:00;0,940945;
Natriumchlorid;2;04.08.2016 01:00;0,639544;
Natriumchlorid;9;04.08.2016 01:00;0,303113;
Natriumchlorid;6;04.08.2016 01:00;0,284685;
Natriumchlorid;1;04.08.2016 01:00;0,282539;
Natriumchlorid;5;04.08.2016 01:00;0,175345;
Natriumchlorid;7;04.08.2016 01:00;0,0924487;
Natriumchlorid;8;04.08.2016 01:00;0,0792048;
Arsen;7;04.08.2016 01:00;1,59081;
Arsen;3;04.08.2016 01:00;1,26751;
Arsen;4;04.08.2016 01:00;1,00922;
Arsen;5;04.08.2016 01:00;0,451748;
Arsen;2;04.08.2016 01:00;0,368453;
Arsen;1;04.08.2016 01:00;0,257522;
Arsen;8;04.08.2016 01:00;0,186677;
Arsen;9;04.08.2016 01:00;0,111611;
Arsen;6;04.08.2016 01:00;0,0524075;
Benzol;3;04.08.2016 01:00;2,44487;
Benzol;4;04.08.2016 01:00;1,1396;
Benzol;2;04.08.2016 01:00;0,789653;
Benzol;5;04.08.2016 01:00;0,622669;
Benzol;7;04.08.2016 01:00;0,179574;
Benzol;6;04.08.2016 01:00;0,120726;
Benzol;9;04.08.2016 01:00;0,117228;
Benzol;1;04.08.2016 01:00;0,0339038;
Benzol;8;04.08.2016 01:00;0,0259639;
Anilin;4;04.08.2016 01:00;1,06218;
Anilin;2;04.08.2016 01:00;0,617097;
Anilin;6;04.08.2016 01:00;0,599588;
Anilin;3;04.08.2016 01:00;0,379172;
Anilin;9;04.08.2016 01:00;0,155776;
Anilin;7;04.08.2016 01:00;0,151408;
Anilin;8;04.08.2016 01:00;0,117084;
Anilin;1;04.08.2016 01:00;0,113664;
Anilin;5;04.08.2016 01:00;0,0497883;
Natriumchlorid;7;04.08.2016 02:00;1,78516;
Natriumchlorid;4;04.08.2016 02:00;0,868392;
Natriumchlorid;6;04.08.2016 02:00;0,691069;
Natriumchlorid;9;04.08.2016 02:00;0,461966;
Natriumchlorid;3;04.08.2016 02:00;0,196552;
Natriumchlorid;1;04.08.2016 02:00;0,18891;
Natriumchlorid;8;04.08.2016 02:00;0,157708;
Natriumchlorid;2;04.08.2016 02:00;0,136656;
Natriumchlorid;5;04.08.2016 02:00;0,00554367;
Arsen;3;04.08.2016 02:00;1,39185;
Arsen;4;04.08.2016 02:00;0,86989;
Arsen;7;04.08.2016 02:00;0,652609;
Arsen;2;04.08.2016 02:00;0,500807;
Arsen;8;04.08.2016 02:00;0,37975;
Arsen;5;04.08.2016 02:00;0,326374;
Arsen;9;04.08.2016 02:00;0,187117;
Arsen;6;04.08.2016 02:00;0,084188;
Arsen;1;04.08.2016 02:00;0,0575377;
Benzol;3;04.08.2016 02:00;0,952929;
Benzol;4;04.08.2016 02:00;0,89152;
Benzol;6;04.08.2016 02:00;0,424364;
Benzol;8;04.08.2016 02:00;0,380332;
Benzol;2;04.08.2016 02:00;0,244199;
Benzol;9;04.08.2016 02:00;0,24246;
Benzol;5;04.08.2016 02:00;0,200017;
Benzol;7;04.08.2016 02:00;0,108709;
Benzol;1;04.08.2016 02:00;0,0729745;
Anilin;4;04.08.2016 02:00;0,89917;
Anilin;8;04.08.2016 02:00;0,573781;
Anilin;6;04.08.2016 02:00;0,558401;
Anilin;7;04.08.2016 02:00;0,3029;
Anilin;2;04.08.2016 02:00;0,12828;
Anilin;3;04.08.2016 02:00;0,119144;
Anilin;9;04.08.2016 02:00;0,0984567;
Anilin;1;04.08.2016 02:00;0,0532688;
Anilin;5;04.08.2016 02:00;0,040082;
Natriumchlorid;3;04.08.2016 03:00;1,47643;
Natriumchlorid;4;04.08.2016 03:00;1,07595;
Natriumchlorid;8;04.08.2016 03:00;0,836952;
Natriumchlorid;2;04.08.2016 03:00;0,636175;
Natriumchlorid;7;04.08.2016 03:00;0,582468;
Natriumchlorid;9;04.08.2016 03:00;0,580649;
Natriumchlorid;1;04.08.2016 03:00;0,409897;
Natriumchlorid;6;04.08.2016 03:00;0,336326;
Natriumchlorid;5;04.08.2016 03:00;0,227197;
Arsen;3;04.08.2016 03:00;1,77122;
Arsen;4;04.08.2016 03:00;1,13256;
Arsen;6;04.08.2016 03:00;0,654158;
Arsen;2;04.08.2016 03:00;0,526484;
Arsen;8;04.08.2016 03:00;0,429448;
Arsen;7;04.08.2016 03:00;0,259826;
Arsen;9;04.08.2016 03:00;0,176071;
Arsen;5;04.08.2016 03:00;0,0971333;
Arsen;1;04.08.2016 03:00;0,0696626;
Benzol;4;04.08.2016 03:00;1,16759;
Benzol;3;04.08.2016 03:00;1,05961;
Benzol;8;04.08.2016 03:00;0,619695;
Benzol;6;04.08.2016 03:00;0,334699;
Benzol;9;04.08.2016 03:00;0,221422;
Benzol;7;04.08.2016 03:00;0,10277;
Benzol;5;04.08.2016 03:00;0,0349993;
Benzol;2;04.08.2016 03:00;0,0189269;
Benzol;1;04.08.2016 03:00;0,0167627;
Anilin;4;04.08.2016 03:00;1,3659;
Anilin;3;04.08.2016 03:00;0,890666;
Anilin;7;04.08.2016 03:00;0,597833;
Anilin;6;04.08.2016 03:00;0,437823;
Anilin;9;04.08.2016 03:00;0,430066;
Anilin;8;04.08.2016 03:00;0,234389;
Anilin;2;04.08.2016 03:00;0,157397;
Anilin;5;04.08.2016 03:00;0,156458;
Anilin;1;04.08.2016 03:00;0,0337944;
Natriumchlorid;4;04.08.2016 04:00;1,23684;
Natriumchlorid;3;04.08.2016 04:00;0,833471;
Natriumchlorid;9;04.08.2016 04:00;0,555628;
Natriumchlorid;5;04.08.2016 04:00;0,358695;
Natriumchlorid;6;04.08.2016 04:00;0,312908;
Natriumchlorid;1;04.08.2016 04:00;0,28871;
Natriumchlorid;8;04.08.2016 04:00;0,214577;
Natriumchlorid;2;04.08.2016 04:00;0,136284;
Natriumchlorid;7;04.08.2016 04:00;0,0153388;
Arsen;3;04.08.2016 04:00;6,30767;
Arsen;7;04.08.2016 04:00;1,02856;
Arsen;4;04.08.2016 04:00;0,832081;
Arsen;6;04.08.2016 04:00;0,532407;
Arsen;9;04.08.2016 04:00;0,418698;
Arsen;5;04.08.2016 04:00;0,397125;
Arsen;2;04.08.2016 04:00;0,396914;
Arsen;1;04.08.2016 04:00;0,161522;
Arsen;8;04.08.2016 04:00;0,089792;
Benzol;3;04.08.2016 04:00;2,57252;
Benzol;8;04.08.2016 04:00;1,1083;
Benzol;4;04.08.2016 04:00;1,0481;
Benzol;2;04.08.2016 04:00;0,673556;
Benzol;9;04.08.2016 04:00;0,490717;
Benzol;6;04.08.2016 04:00;0,454642;
Benzol;1;04.08.2016 04:00;0,436316;
Benzol;7;04.08.2016 04:00;0,247194;
Benzol;5;04.08.2016 04:00;0,0622874;
Anilin;3;04.08.2016 04:00;1,67832;
Anilin;8;04.08.2016 04:00;1,25512;
Anilin;4;04.08.2016 04:00;0,845711;
Anilin;6;04.08.2016 04:00;0,525736;
Anilin;5;04.08.2016 04:00;0,240648;
Anilin;7;04.08.2016 04:00;0,108976;
Anilin;1;04.08.2016 04:00;0,0968174;
Anilin;2;04.08.2016 04:00;0,0805245;
Anilin;9;04.08.2016 04:00;0,0146104;
Natriumchlorid;7;04.08.2016 05:00;1,65913;
Natriumchlorid;4;04.08.2016 05:00;1,196;
Natriumchlorid;8;04.08.2016 05:00;1,13668;
Natriumchlorid;3;04.08.2016 05:00;0,755479;
Natriumchlorid;6;04.08.2016 05:00;0,468813;
Natriumchlorid;5;04.08.2016 05:00;0,284376;
Natriumchlorid;2;04.08.2016 05:00;0,187498;
Natriumchlorid;9;04.08.2016 05:00;0,139537;
Natriumchlorid;1;04.08.2016 05:00;0,116344;
Arsen;4;04.08.2016 05:00;0,871286;
Arsen;8;04.08.2016 05:00;0,700199;
Arsen;3;04.08.2016 05:00;0,506598;
Arsen;1;04.08.2016 05:00;0,357294;
Arsen;2;04.08.2016 05:00;0,352767;
Arsen;6;04.08.2016 05:00;0,313059;
Arsen;7;04.08.2016 05:00;0,276121;
Arsen;9;04.08.2016 05:00;0,231843;
Arsen;5;04.08.2016 05:00;0,0904794;
Benzol;4;04.08.2016 05:00;0,964977;
Benzol;9;04.08.2016 05:00;0,939804;
Benzol;2;04.08.2016 05:00;0,638846;
Benzol;6;04.08.2016 05:00;0,589592;
Benzol;1;04.08.2016 05:00;0,511161;
Benzol;8;04.08.2016 05:00;0,162324;
Benzol;7;04.08.2016 05:00;0,0862432;
Benzol;3;04.08.2016 05:00;0,0723244;
Benzol;5;04.08.2016 05:00;0,0391831;
Anilin;3;04.08.2016 05:00;1,47286;
Anilin;8;04.08.2016 05:00;0,982846;
Anilin;4;04.08.2016 05:00;0,908479;
Anilin;6;04.08.2016 05:00;0,534126;
Anilin;9;04.08.2016 05:00;0,417561;
Anilin;5;04.08.2016 05:00;0,410736;
Anilin;2;04.08.2016 05:00;0,311064;
Anilin;7;04.08.2016 05:00;0,230262;
Anilin;1;04.08.2016 05:00;0,141521;
Natriumchlorid;7;04.08.2016 06:00;1,84128;
Natriumchlorid;4;04.08.2016 06:00;1,13233;
Natriumchlorid;6;04.08.2016 06:00;0,523896;
Natriumchlorid;3;04.08.2016 06:00;0,512324;
Natriumchlorid;5;04.08.2016 06:00;0,259329;
Natriumchlorid;9;04.08.2016 06:00;0,19837;
Natriumchlorid;1;04.08.2016 06:00;0,122665;
Natriumchlorid;8;04.08.2016 06:00;0,0894046;
Natriumchlorid;2;04.08.2016 06:00;0,0798211;
Arsen;3;04.08.2016 06:00;2,38877;
Arsen;7;04.08.2016 06:00;1,68629;
Arsen;4;04.08.2016 06:00;1,12043;
Arsen;8;04.08.2016 06:00;0,745869;
Arsen;5;04.08.2016 06:00;0,652763;
Arsen;2;04.08.2016 06:00;0,613478;
Arsen;9;04.08.2016 06:00;0,249916;
Arsen;6;04.08.2016 06:00;0,171087;
Arsen;1;04.08.2016 06:00;0,0717279;
Benzol;4;04.08.2016 06:00;1,24099;
Benzol;3;04.08.2016 06:00;0,722235;
Benzol;6;04.08.2016 06:00;0,49261;
Benzol;1;04.08.2016 06:00;0,450262;
Benzol;5;04.08.2016 06:00;0,423357;
Benzol;8;04.08.2016 06:00;0,416084;
Benzol;2;04.08.2016 06:00;0,37247;
Benzol;7;04.08.2016 06:00;0,138436;
Benzol;9;04.08.2016 06:00;0,0946439;
Anilin;3;04.08.2016 06:00;2,57481;
Anilin;8;04.08.2016 06:00;0,907632;
Anilin;4;04.08.2016 06:00;0,711336;
Anilin;1;04.08.2016 06:00;0,549057;
Anilin;5;04.08.2016 06:00;0,262592;
Anilin;7;04.08.2016 06:00;0,108175;
Anilin;2;04.08.2016 06:00;0,0233229;
Anilin;6;04.08.2016 06:00;0,0179892;
Anilin;9;04.08.2016 06:00;0,00718335;
Natriumchlorid;4;04.08.2016 07:00;0,740716;
Natriumchlorid;6;04.08.2016 07:00;0,671959;
Natriumchlorid;5;04.08.2016 07:00;0,6307;
Natriumchlorid;1;04.08.2016 07:00;0,521754;
Natriumchlorid;8;04.08.2016 07:00;0,468844;
Natriumchlorid;3;04.08.2016 07:00;0,382337;
Natriumchlorid;9;04.08.2016 07:00;0,219992;
Natriumchlorid;7;04.08.2016 07:00;0,129536;
Natriumchlorid;2;04.08.2016 07:00;0,0974031;
Arsen;4;04.08.2016 07:00;1,50633;
Arsen;8;04.08.2016 07:00;1,38065;
Arsen;7;04.08.2016 07:00;0,503059;
Arsen;5;04.08.2016 07:00;0,43193;
Arsen;9;04.08.2016 07:00;0,375933;
Arsen;6;04.08.2016 07:00;0,279497;
Arsen;3;04.08.2016 07:00;0,196624;
Arsen;1;04.08.2016 07:00;0,105034;
Arsen;2;04.08.2016 07:00;0,00591292;
Benzol;4;04.08.2016 07:00;1,11106;
Benzol;3;04.08.2016 07:00;0,909563;
Benzol;2;04.08.2016 07:00;0,55973;
Benzol;7;04.08.2016 07:00;0,317757;
Benzol;5;04.08.2016 07:00;0,296616;
Benzol;6;04.08.2016 07:00;0,22662;
Benzol;9;04.08.2016 07:00;0,137934;
Benzol;8;04.08.2016 07:00;0,0920806;
Benzol;1;04.08.2016 07:00;0,0769554;
Anilin;3;04.08.2016 07:00;3,6485;
Anilin;4;04.08.2016 07:00;1,29218;
Anilin;7;04.08.2016 07:00;0,790124;
Anilin;9;04.08.2016 07:00;0,510803;
Anilin;6;04.08.2016 07:00;0,414632;
Anilin;1;04.08.2016 07:00;0,219777;
Anilin;2;04.08.2016 07:00;0,11027;
Anilin;8;04.08.2016 07:00;0,106538;
Anilin;5;04.08.2016 07:00;0,0920761;
Natriumchlorid;4;04.08.2016 08:00;1,27414;
Natriumchlorid;3;04.08.2016 08:00;0,878854;
Natriumchlorid;2;04.08.2016 08:00;0,585027;
Natriumchlorid;6;04.08.2016 08:00;0,37201;
Natriumchlorid;9;04.08.2016 08:00;0,334202;
Natriumchlorid;1;04.08.2016 08:00;0,253785;
Natriumchlorid;7;04.08.2016 08:00;0,239985;
Natriumchlorid;8;04.08.2016 08:00;0,0922622;
Natriumchlorid;5;04.08.2016 08:00;0,0467686;
Arsen;3;04.08.2016 08:00;1,49459;
Arsen;5;04.08.2016 08:00;1,12843;
Arsen;4;04.08.2016 08:00;0,909175;
Arsen;6;04.08.2016 08:00;0,569952;
Arsen;8;04.08.2016 08:00;0,485608;
Arsen;7;04.08.2016 08:00;0,238749;
Arsen;1;04.08.2016 08:00;0,207185;
Arsen;9;04.08.2016 08:00;0,186703;
Arsen;2;04.08.2016 08:00;0,0707199;
Benzol;3;04.08.2016 08:00;1,06379;
Benzol;4;04.08.2016 08:00;1,06281;
Benzol;8;04.08.2016 08:00;0,758722;
Benzol;1;04.08.2016 08:00;0,332159;
Benzol;6;04.08.2016 08:00;0,291998;
Benzol;2;04.08.2016 08:00;0,261176;
Benzol;9;04.08.2016 08:00;0,17082;
Benzol;7;04.08.2016 08:00;0,045214;
Benzol;5;04.08.2016 08:00;0,0163781;
Anilin;4;04.08.2016 08:00;1,11751;
Anilin;6;04.08.2016 08:00;0,865196;
Anilin;3;04.08.2016 08:00;0,498054;
Anilin;1;04.08.2016 08:00;0,399387;
Anilin;9;04.08.2016 08:00;0,381567;
Anilin;7;04.08.2016 08:00;0,219976;
Anilin;5;04.08.2016 08:00;0,15979;
Anilin;2;04.08.2016 08:00;0,126185;
Anilin;8;04.08.2016 08:00;0,100814;
Natriumchlorid;3;04.08.2016 09:00;4,15592;
Natriumchlorid;5;04.08.2016 09:00;1,13679;
Natriumchlorid;8;04.08.2016 09:00;1,10009;
Natriumchlorid;7;04.08.2016 09:00;0,879066;
Natriumchlorid;4;04.08.2016 09:00;0,836929;
Natriumchlorid;1;04.08.2016 09:00;0,314143;
Natriumchlorid;6;04.08.2016 09:00;0,280395;
Natriumchlorid;2;04.08.2016 09:00;0,117221;
Natriumchlorid;9;04.08.2016 09:00;0,0453604;
Arsen;3;04.08.2016 09:00;1,94955;
Arsen;7;04.08.2016 09:00;1,68169;
Arsen;4;04.08.2016 09:00;1,06298;
Arsen;8;04.08.2016 09:00;0,417738;
Arsen;9;04.08.2016 09:00;0,369689;
Arsen;2;04.08.2016 09:00;0,243173;
Arsen;1;04.08.2016 09:00;0,214463;
Arsen;6;04.08.2016 09:00;0,186053;
Arsen;5;04.08.2016 09:00;0,0341069;
Benzol;3;04.08.2016 09:00;1,70153;
Benzol;7;04.08.2016 09:00;1,69129;
Benzol;4;04.08.2016 09:00;1,05326;
Benzol;2;04.08.2016 09:00;0,431824;
Benzol;6;04.08.2016 09:00;0,331819;
Benzol;5;04.08.2016 09:00;0,20961;
Benzol;1;04.08.2016 09:00;0,207675;
Benzol;8;04.08.2016 09:00;0,145388;
Benzol;9;04.08.2016 09:00;0,10412;
Anilin;4;04.08.2016 09:00;1,27822;
Anilin;2;04.08.2016 09:00;0,814935;
Anilin;8;04.08.2016 09:00;0,529506;
Anilin;6;04.08.2016 09:00;0,524527;
Anilin;5;04.08.2016 09:00;0,382356;
Anilin;9;04.08.2016 09:00;0,271188;
Anilin;1;04.08.2016 09:00;0,227635;
Anilin;7;04.08.2016 09:00;0,182107;
Anilin;3;04.08.2016 09:00;0,0462274;
Natriumchlorid;3;04.08.2016 10:00;1,3411;
Natriumchlorid;4;04.08.2016 10:00;1,22286;
Natriumchlorid;7;04.08.2016 10:00;0,850346;
Natriumchlorid;8;04.08.2016 10:00;0,812331;
Natriumchlorid;2;04.08.2016 10:00;0,584493;
Natriumchlorid;5;04.08.2016 10:00;0,389687;
Natriumchlorid;6;04.08.2016 10:00;0,379116;
Natriumchlorid;1;04.08.2016 10:00;0,0410879;
Natriumchlorid;9;04.08.2016 10:00;0,00486837;
Arsen;4;04.08.2016 10:00;1,2303;
Arsen;5;04.08.2016 10:00;0,802925;
Arsen;7;04.08.2016 10:00;0,466925;
Arsen;1;04.08.2016 10:00;0,432034;
Arsen;6;04.08.2016 10:00;0,389446;
Arsen;8;04.08.2016 10:00;0,301288;
Arsen;2;04.08.2016 10:00;0,281793;
Arsen;3;04.08.2016 10:00;0,269382;
Arsen;9;04.08.2016 10:00;0,112571;
Benzol;3;04.08.2016 10:00;1,26023;
Benzol;4;04.08.2016 10:00;0,845381;
Benzol;6;04.08.2016 10:00;0,303593;
Benzol;9;04.08.2016 10:00;0,261954;
Benzol;8;04.08.2016 10:00;0,229844;
Benzol;7;04.08.2016 10:00;0,20851;
Benzol;1;04.08.2016 10:00;0,120252;
Benzol;5;04.08.2016 10:00;0,036398;
Benzol;2;04.08.2016 10:00;0,0211555;
Anilin;4;04.08.2016 10:00;1,14864;
Anilin;3;04.08.2016 10:00;1,10731;
Anilin;1;04.08.2016 10:00;0,506326;
Anilin;2;04.08.2016 10:00;0,484227;
Anilin;8;04.08.2016 10:00;0,399801;
Anilin;9;04.08.2016 10:00;0,385648;
Anilin;5;04.08.2016 10:00;0,21153;
Anilin;6;04.08.2016 10:00;0,19854;
Anilin;7;04.08.2016 10:00;0,042226;
Natriumchlorid;4;04.08.2016 11:00;1,16425;
Natriumchlorid;6;04.08.2016 11:00;0,736753;
Natriumchlorid;7;04.08.2016 11:00;0,596941;
Natriumchlorid;3;04.08.2016 11:00;0,487471;
Natriumchlorid;1;04.08.2016 11:00;0,425819;
Natriumchlorid;8;04.08.2016 11:00;0,278883;
Natriumchlorid;5;04.08.2016 11:00;0,232224;
Natriumchlorid;2;04.08.2016 11:00;0,0843496;
Natriumchlorid;9;04.08.2016 11:00;0,00811754;
Arsen;4;04.08.2016 11:00;1,24903;
Arsen;7;04.08.2016 11:00;1,17244;
Arsen;6;04.08.2016 11:00;0,796933;
Arsen;5;04.08.2016 11:00;0,532767;
Arsen;8;04.08.2016 11:00;0,216686;
Arsen;3;04.08.2016 11:00;0,136315;
Arsen;1;04.08.2016 11:00;0,120202;
Arsen;9;04.08.2016 11:00;0,0756402;
Arsen;2;04.08.2016 11:00;0,00467237;
Benzol;3;04.08.2016 11:00;2,45349;
Benzol;4;04.08.2016 11:00;1,46428;
Benzol;2;04.08.2016 11:00;0,67122;
Benzol;7;04.08.2016 11:00;0,65631;
Benzol;5;04.08.2016 11:00;0,500749;
Benzol;1;04.08.2016 11:00;0,142414;
Benzol;8;04.08.2016 11:00;0,0970607;
Benzol;9;04.08.2016 11:00;0,0437991;
Benzol;6;04.08.2016 11:00;0,00420855;
Anilin;4;04.08.2016 11:00;0,909039;
Anilin;2;04.08.2016 11:00;0,868285;
Anilin;6;04.08.2016 11:00;0,852448;
Anilin;7;04.08.2016 11:00;0,540758;
Anilin;3;04.08.2016 11:00;0,522695;
Anilin;8;04.08.2016 11:00;0,210855;
Anilin;1;04.08.2016 11:00;0,200513;
Anilin;9;04.08.2016 11:00;0,168878;
Anilin;5;04.08.2016 11:00;0,0245067;
Natriumchlorid;3;04.08.2016 12:00;2,44849;
Natriumchlorid;4;04.08.2016 12:00;1,01495;
Natriumchlorid;6;04.08.2016 12:00;0,748357;
Natriumchlorid;5;04.08.2016 12:00;0,565652;
Natriumchlorid;2;04.08.2016 12:00;0,468508;
Natriumchlorid;9;04.08.2016 12:00;0,360229;
Natriumchlorid;7;04.08.2016 12:00;0,266898;
Natriumchlorid;8;04.08.2016 12:00;0,208833;
Natriumchlorid;1;04.08.2016 12:00;0,158108;
Arsen;8;04.08.2016 12:00;1,17264;
Arsen;4;04.08.2016 12:00;1,02068;
Arsen;7;04.08.2016 12:00;1,00629;
Arsen;9;04.08.2016 12:00;0,379934;
Arsen;6;04.08.2016 12:00;0,350691;
Arsen;5;04.08.2016 12:00;0,274045;
Arsen;1;04.08.2016 12:00;0,20114;
Arsen;2;04.08.2016 12:00;0,195089;
Arsen;3;04.08.2016 12:00;0,159781;
Benzol;7;04.08.2016 12:00;2,01435;
Benzol;8;04.08.2016 12:00;0,933164;
Benzol;4;04.08.2016 12:00;0,928388;
Benzol;5;04.08.2016 12:00;0,909207;
Benzol;3;04.08.2016 12:00;0,841497;
Benzol;6;04.08.2016 12:00;0,449514;
Benzol;9;04.08.2016 12:00;0,360947;
Benzol;2;04.08.2016 12:00;0,162937;
Benzol;1;04.08.2016 12:00;0,0726748;
Anilin;7;04.08.2016 12:00;2,39966;
Anilin;3;04.08.2016 12:00;1,92023;
Anilin;2;04.08.2016 12:00;1,08262;
Anilin;4;04.08.2016 12:00;1,07285;
Anilin;5;04.08.2016 12:00;0,961826;
Anilin;1;04.08.2016 12:00;0,444057;
Anilin;6;04.08.2016 12:00;0,193209;
Anilin;8;04.08.2016 12:00;0,191745;
Anilin;9;04.08.2016 12:00;0,137998;
Natriumchlorid;3;04.08.2016 13:00;3,34878;
Natriumchlorid;4;04.08.2016 13:00;0,82025;
Natriumchlorid;6;04.08.2016 13:00;0,36701;
Natriumchlorid;1;04.08.2016 13:00;0,282722;
Natriumchlorid;2;04.08.2016 13:00;0,25283;
Natriumchlorid;7;04.08.2016 13:00;0,230352;
Natriumchlorid;9;04.08.2016 13:00;0,225674;
Natriumchlorid;8;04.08.2016 13:00;0,16024;
Natriumchlorid;5;04.08.2016 13:00;0,0110382;
Arsen;3;04.08.2016 13:00;3,43536;
Arsen;7;04.08.2016 13:00;0,882546;
Arsen;4;04.08.2016 13:00;0,716193;
Arsen;5;04.08.2016 13:00;0,632538;
Arsen;2;04.08.2016 13:00;0,402704;
Arsen;1;04.08.2016 13:00;0,354165;
Arsen;6;04.08.2016 13:00;0,220502;
Arsen;9;04.08.2016 13:00;0,101128;
Arsen;8;04.08.2016 13:00;0,00127661;
Benzol;4;04.08.2016 13:00;0,884143;
Benzol;3;04.08.2016 13:00;0,88001;
Benzol;8;04.08.2016 13:00;0,765219;
Benzol;6;04.08.2016 13:00;0,317778;
Benzol;5;04.08.2016 13:00;0,279305;
Benzol;2;04.08.2016 13:00;0,20739;
Benzol;1;04.08.2016 13:00;0,177608;
Benzol;9;04.08.2016 13:00;0,156037;
Benzol;7;04.08.2016 13:00;0,134053;
Anilin;3;04.08.2016 13:00;1,73943;
Anilin;4;04.08.2016 13:00;0,820936;
Anilin;5;04.08.2016 13:00;0,487284;
Anilin;6;04.08.2016 13:00;0,408256;
Anilin;7;04.08.2016 13:00;0,403403;
Anilin;1;04.08.2016 13:00;0,384147;
Anilin;9;04.08.2016 13:00;0,383051;
Anilin;2;04.08.2016 13:00;0,283168;
Anilin;8;04.08.2016 13:00;0,0784863;
Natriumchlorid;4;04.08.2016 14:00;1,30262;
Natriumchlorid;7;04.08.2016 14:00;0,844328;
Natriumchlorid;6;04.08.2016 14:00;0,777695;
Natriumchlorid;9;04.08.2016 14:00;0,493484;
Natriumchlorid;8;04.08.2016 14:00;0,375275;
Natriumchlorid;2;04.08.2016 14:00;0,329119;
Natriumchlorid;5;04.08.2016 14:00;0,3073;
Natriumchlorid;3;04.08.2016 14:00;0,278527;
Natriumchlorid;1;04.08.2016 14:00;0,231238;
Arsen;3;04.08.2016 14:00;1,41376;
Arsen;4;04.08.2016 14:00;1,1615;
Arsen;2;04.08.2016 14:00;0,455888;
Arsen;6;04.08.2016 14:00;0,363562;
Arsen;5;04.08.2016 14:00;0,267713;
Arsen;7;04.08.2016 14:00;0,143799;
Arsen;9;04.08.2016 14:00;0,141323;
Arsen;1;04.08.2016 14:00;0,0757517;
Arsen;8;04.08.2016 14:00;0,075264;
Benzol;4;04.08.2016 14:00;1,31555;
Benzol;3;04.08.2016 14:00;0,734093;
Benzol;2;04.08.2016 14:00;0,723654;
Benzol;6;04.08.2016 14:00;0,570193;
Benzol;8;04.08.2016 14:00;0,297372;
Benzol;1;04.08.2016 14:00;0,22093;
Benzol;7;04.08.2016 14:00;0,197291;
Benzol;9;04.08.2016 14:00;0,132225;
Benzol;5;04.08.2016 14:00;0,0194769;
Anilin;3;04.08.2016 14:00;1,52718;
Anilin;4;04.08.2016 14:00;1,12689;
Anilin;2;04.08.2016 14:00;0,598472;
Anilin;9;04.08.2016 14:00;0,466842;
Anilin;7;04.08.2016 14:00;0,341812;
Anilin;6;04.08.2016 14:00;0,309073;
Anilin;1;04.08.2016 14:00;0,217241;
Anilin;8;04.08.2016 14:00;0,128367;
Anilin;5;04.08.2016 14:00;0,101685;
Natriumchlorid;5;04.08.2016 15:00;5,28305;
Natriumchlorid;9;04.08.2016 15:00;1,82139;
Natriumchlorid;3;04.08.2016 15:00;1,72602;
Natriumchlorid;4;04.08.2016 15:00;1,23114;
Natriumchlorid;7;04.08.2016 15:00;0,805325;
Natriumchlorid;5;04.08.2016 15:00;0,72223;
Natriumchlorid;6;04.08.2016 15:00;0,482289;
Natriumchlorid;1;04.08.2016 15:00;0,2775;
Natriumchlorid;2;04.08.2016 15:00;0,205279;
Natriumchlorid;8;04.08.2016 15:00;0,0164297;
Arsen;3;04.08.2016 15:00;2,1998;
Arsen;5;04.08.2016 15:00;1,21219;
Arsen;4;04.08.2016 15:00;1,03107;
Arsen;6;04.08.2016 15:00;0,691202;
Arsen;7;04.08.2016 15:00;0,56223;
Arsen;1;04.08.2016 15:00;0,445871;
Arsen;8;04.08.2016 15:00;0,194089;
Arsen;9;04.08.2016 15:00;0,0407184;
Arsen;2;04.08.2016 15:00;0,0347251;
Benzol;4;04.08.2016 15:00;1,09839;
Benzol;8;04.08.2016 15:00;0,738457;
Benzol;5;04.08.2016 15:00;0,713589;
Benzol;6;04.08.2016 15:00;0,633661;
Benzol;3;04.08.2016 15:00;0,586817;
Benzol;7;04.08.2016 15:00;0,43737;
Benzol;9;04.08.2016 15:00;0,179578;
Benzol;2;04.08.2016 15:00;0,158509;
Benzol;1;04.08.2016 15:00;0,0872408;
Anilin;4;04.08.2016 15:00;1,15545;
Anilin;3;04.08.2016 15:00;0,725637;
Anilin;6;04.08.2016 15:00;0,423208;
Anilin;1;04.08.2016 15:00;0,254055;
Anilin;8;04.08.2016 15:00;0,235854;
Anilin;9;04.08.2016 15:00;0,216996;
Anilin;2;04.08.2016 15:00;0,205248;
Anilin;7;04.08.2016 15:00;0,0480918;
Natriumchlorid;4;04.08.2016 16:00;1,00388;
Natriumchlorid;8;04.08.2016 16:00;0,934057;
Natriumchlorid;2;04.08.2016 16:00;0,603938;
Natriumchlorid;5;04.08.2016 16:00;0,185642;
Natriumchlorid;6;04.08.2016 16:00;0,169548;
Natriumchlorid;7;04.08.2016 16:00;0,156105;
Natriumchlorid;3;04.08.2016 16:00;0,141012;
Natriumchlorid;9;04.08.2016 16:00;0,120202;
Natriumchlorid;1;04.08.2016 16:00;0,105292;
Arsen;4;04.08.2016 16:00;1,0193;
Arsen;6;04.08.2016 16:00;0,509545;
Arsen;9;04.08.2016 16:00;0,43445;
Arsen;3;04.08.2016 16:00;0,424888;
Arsen;7;04.08.2016 16:00;0,298223;
Arsen;5;04.08.2016 16:00;0,248484;
Arsen;8;04.08.2016 16:00;0,17121;
Arsen;2;04.08.2016 16:00;0,16508;
Arsen;1;04.08.2016 16:00;0,0366237;
Benzol;4;04.08.2016 16:00;1,07461;
Benzol;3;04.08.2016 16:00;0,763403;
Benzol;8;04.08.2016 16:00;0,401025;
Benzol;7;04.08.2016 16:00;0,390437;
Benzol;5;04.08.2016 16:00;0,36142;
Benzol;6;04.08.2016 16:00;0,303971;
Benzol;9;04.08.2016 16:00;0,281108;
Benzol;2;04.08.2016 16:00;0,0666065;
Benzol;1;04.08.2016 16:00;0,011925;
Anilin;4;04.08.2016 16:00;1,13138;
Anilin;6;04.08.2016 16:00;0,802224;
Anilin;2;04.08.2016 16:00;0,646637;
Anilin;3;04.08.2016 16:00;0,493434;
Anilin;8;04.08.2016 16:00;0,487738;
Anilin;9;04.08.2016 16:00;0,386876;
Anilin;5;04.08.2016 16:00;0,264367;
Anilin;1;04.08.2016 16:00;0,244402;
Anilin;7;04.08.2016 16:00;0,210092;
Natriumchlorid;3;04.08.2016 17:00;3,23634;
Natriumchlorid;4;04.08.2016 17:00;1,06985;
Natriumchlorid;7;04.08.2016 17:00;0,761667;
Natriumchlorid;2;04.08.2016 17:00;0,523377;
Natriumchlorid;1;04.08.2016 17:00;0,464256;
Natriumchlorid;6;04.08.2016 17:00;0,32948;
Natriumchlorid;8;04.08.2016 17:00;0,226354;
Natriumchlorid;9;04.08.2016 17:00;0,138864;
Natriumchlorid;5;04.08.2016 17:00;0,0481466;
Arsen;3;04.08.2016 17:00;1,09794;
Arsen;4;04.08.2016 17:00;1,02353;
Arsen;8;04.08.2016 17:00;1,01977;
Arsen;7;04.08.2016 17:00;0,662317;
Arsen;1;04.08.2016 17:00;0,417506;
Arsen;6;04.08.2016 17:00;0,163407;
Arsen;5;04.08.2016 17:00;0,143347;
Arsen;2;04.08.2016 17:00;0,132407;
Arsen;9;04.08.2016 17:00;0,126378;
Benzol;3;04.08.2016 17:00;5,11704;
Benzol;5;04.08.2016 17:00;1,59861;
Benzol;7;04.08.2016 17:00;1,27735;
Benzol;4;04.08.2016 17:00;0,736838;
Benzol;8;04.08.2016 17:00;0,435066;
Benzol;6;04.08.2016 17:00;0,426662;
Benzol;2;04.08.2016 17:00;0,32841;
Benzol;9;04.08.2016 17:00;0,230588;
Benzol;1;04.08.2016 17:00;0,0254366;
Anilin;7;04.08.2016 17:00;0,736558;
Anilin;3;04.08.2016 17:00;0,564786;
Anilin;9;04.08.2016 17:00;0,427272;
Anilin;4;04.08.2016 17:00;0,424821;
Anilin;6;04.08.2016 17:00;0,320782;
Anilin;2;04.08.2016 17:00;0,243739;
Anilin;5;04.08.2016 17:00;0,222304;
Anilin;1;04.08.2016 17:00;0,112958;
Anilin;8;04.08.2016 17:00;0,00449777;
Natriumchlorid;3;04.08.2016 18:00;1,39599;
Natriumchlorid;4;04.08.2016 18:00;1,39563;
Natriumchlorid;7;04.08.2016 18:00;1,2533;
Natriumchlorid;8;04.08.2016 18:00;0,491661;
Natriumchlorid;1;04.08.2016 18:00;0,439607;
Natriumchlorid;6;04.08.2016 18:00;0,428639;
Natriumchlorid;9;04.08.2016 18:00;0,29794;
Natriumchlorid;2;04.08.2016 18:00;0,209808;
Natriumchlorid;5;04.08.2016 18:00;0,0740001;
Arsen;4;04.08.2016 18:00;0,959291;
Arsen;3;04.08.2016 18:00;0,590359;
Arsen;9;04.08.2016 18:00;0,484858;
Arsen;2;04.08.2016 18:00;0,414448;
Arsen;1;04.08.2016 18:00;0,314377;
Arsen;8;04.08.2016 18:00;0,224402;
Arsen;7;04.08.2016 18:00;0,210125;
Arsen;5;04.08.2016 18:00;0,0803469;
Arsen;6;04.08.2016 18:00;0,0436115;
Benzol;5;04.08.2016 18:00;2,15423;
Benzol;7;04.08.2016 18:00;1,3111;
Benzol;4;04.08.2016 18:00;0,762852;
Benzol;8;04.08.2016 18:00;0,574891;
Benzol;9;04.08.2016 18:00;0,432695;
Benzol;3;04.08.2016 18:00;0,376767;
Benzol;6;04.08.2016 18:00;0,295258;
Benzol;2;04.08.2016 18:00;0,291284;
Benzol;1;04.08.2016 18:00;0,231712;
Anilin;5;04.08.2016 18:00;0,716594;
Anilin;4;04.08.2016 18:00;0,694413;
Anilin;3;04.08.2016 18:00;0,569928;
Anilin;2;04.08.2016 18:00;0,425626;
Anilin;8;04.08.2016 18:00;0,311634;
Anilin;7;04.08.2016 18:00;0,237331;
Anilin;6;04.08.2016 18:00;0,232624;
Anilin;1;04.08.2016 18:00;0,169381;
Anilin;9;04.08.2016 18:00;0,156569;
Natriumchlorid;4;04.08.2016 19:00;0,848824;
Natriumchlorid;2;04.08.2016 19:00;0,792387;
Natriumchlorid;3;04.08.2016 19:00;0,697513;
Natriumchlorid;9;04.08.2016 19:00;0,552259;
Natriumchlorid;6;04.08.2016 19:00;0,411244;
Natriumchlorid;1;04.08.2016 19:00;0,245815;
Natriumchlorid;7;04.08.2016 19:00;0,189161;
Natriumchlorid;5;04.08.2016 19:00;0,132638;
Natriumchlorid;8;04.08.2016 19:00;0,104159;
Arsen;3;04.08.2016 19:00;1,26653;
Arsen;4;04.08.2016 19:00;1,23992;
Arsen;7;04.08.2016 19:00;0,587613;
Arsen;5;04.08.2016 19:00;0,506086;
Arsen;2;04.08.2016 19:00;0,110849;
Arsen;6;04.08.2016 19:00;0,0820952;
Arsen;9;04.08.2016 19:00;0,0808516;
Arsen;1;04.08.2016 19:00;0,0386297;
Arsen;8;04.08.2016 19:00;0,00637342;
Benzol;3;04.08.2016 19:00;3,81709;
Benzol;4;04.08.2016 19:00;1,02827;
Benzol;2;04.08.2016 19:00;0,809018;
Benzol;6;04.08.2016 19:00;0,538274;
Benzol;9;04.08.2016 19:00;0,302205;
Benzol;8;04.08.2016 19:00;0,293857;
Benzol;1;04.08.2016 19:00;0,254531;
Benzol;5;04.08.2016 19:00;0,0627831;
Benzol;7;04.08.2016 19:00;0,060242;
Anilin;7;04.08.2016 19:00;1,25293;
Anilin;4;04.08.2016 19:00;1,19232;
Anilin;3;04.08.2016 19:00;0,692728;
Anilin;6;04.08.2016 19:00;0,64055;
Anilin;8;04.08.2016 19:00;0,451256;
Anilin;5;04.08.2016 19:00;0,327988;
Anilin;1;04.08.2016 19:00;0,3168;
Anilin;2;04.08.2016 19:00;0,0420599;
Anilin;9;04.08.2016 19:00;0,0034003;
Natriumchlorid;4;04.08.2016 20:00;1,26186;
Natriumchlorid;7;04.08.2016 20:00;0,905349;
Natriumchlorid;2;04.08.2016 20:00;0,767586;
Natriumchlorid;3;04.08.2016 20:00;0,715829;
Natriumchlorid;8;04.08.2016 20:00;0,705456;
Natriumchlorid;6;04.08.2016 20:00;0,688491;
Natriumchlorid;5;04.08.2016 20:00;0,364385;
Natriumchlorid;1;04.08.2016 20:00;0,334509;
Natriumchlorid;9;04.08.2016 20:00;0,300344;
Arsen;7;04.08.2016 20:00;1,22195;
Arsen;3;04.08.2016 20:00;0,915285;
Arsen;4;04.08.2016 20:00;0,81639;
Arsen;8;04.08.2016 20:00;0,672288;
Arsen;6;04.08.2016 20:00;0,488221;
Arsen;5;04.08.2016 20:00;0,43737;
Arsen;2;04.08.2016 20:00;0,309348;
Arsen;9;04.08.2016 20:00;0,263384;
Arsen;1;04.08.2016 20:00;0,0351732;
Benzol;3;04.08.2016 20:00;1,69339;
Benzol;4;04.08.2016 20:00;1,16634;
Benzol;6;04.08.2016 20:00;0,628619;
Benzol;2;04.08.2016 20:00;0,568528;
Benzol;7;04.08.2016 20:00;0,526281;
Benzol;9;04.08.2016 20:00;0,384404;
Benzol;1;04.08.2016 20:00;0,349573;
Benzol;5;04.08.2016 20:00;0,124213;
Benzol;8;04.08.2016 20:00;0,0102779;
Anilin;4;04.08.2016 20:00;0,925641;
Anilin;5;04.08.2016 20:00;0,894318;
Anilin;3;04.08.2016 20:00;0,463995;
Anilin;8;04.08.2016 20:00;0,421323;
Anilin;9;04.08.2016 20:00;0,417451;
Anilin;6;04.08.2016 20:00;0,323818;
Anilin;7;04.08.2016 20:00;0,184585;
Anilin;2;04.08.2016 20:00;0,15614;
Anilin;1;04.08.2016 20:00;0,0810702;
Natriumchlorid;4;04.08.2016 21:00;1,12845;
Natriumchlorid;6;04.08.2016 21:00;0,728224;
Natriumchlorid;3;04.08.2016 21:00;0,452829;
Natriumchlorid;5;04.08.2016 21:00;0,33598;
Natriumchlorid;7;04.08.2016 21:00;0,322981;
Natriumchlorid;8;04.08.2016 21:00;0,247602;
Natriumchlorid;9;04.08.2016 21:00;0,201017;
Natriumchlorid;2;04.08.2016 21:00;0,0429538;
Natriumchlorid;1;04.08.2016 21:00;0,0203416;
Arsen;7;04.08.2016 21:00;0,904475;
Arsen;4;04.08.2016 21:00;0,634912;
Arsen;2;04.08.2016 21:00;0,616466;
Arsen;3;04.08.2016 21:00;0,550822;
Arsen;8;04.08.2016 21:00;0,509316;
Arsen;6;04.08.2016 21:00;0,490842;
Arsen;9;04.08.2016 21:00;0,393782;
Arsen;5;04.08.2016 21:00;0,313378;
Arsen;1;04.08.2016 21:00;0,0374882;
Benzol;2;04.08.2016 21:00;1,02983;
Benzol;4;04.08.2016 21:00;0,969102;
Benzol;3;04.08.2016 21:00;0,829216;
Benzol;8;04.08.2016 21:00;0,687018;
Benzol;9;04.08.2016 21:00;0,615839;
Benzol;6;04.08.2016 21:00;0,445642;
Benzol;5;04.08.2016 21:00;0,244331;
Benzol;1;04.08.2016 21:00;0,0547772;
Benzol;7;04.08.2016 21:00;0,0313416;
Anilin;4;04.08.2016 21:00;1,36205;
Anilin;3;04.08.2016 21:00;0,993165;
Anilin;5;04.08.2016 21:00;0,700512;
Anilin;9;04.08.2016 21:00;0,462871;
Anilin;8;04.08.2016 21:00;0,427638;
Anilin;7;04.08.2016 21:00;0,397232;
Anilin;2;04.08.2016 21:00;0,357973;
Anilin;1;04.08.2016 21:00;0,324063;
Anilin;6;04.08.2016 21:00;0,16491;
Natriumchlorid;4;04.08.2016 22:00;1,21316;
Natriumchlorid;2;04.08.2016 22:00;0,868631;
Natriumchlorid;3;04.08.2016 22:00;0,454768;
Natriumchlorid;6;04.08.2016 22:00;0,427681;
Natriumchlorid;7;04.08.2016 22:00;0,398454;
Natriumchlorid;1;04.08.2016 22:00;0,366747;
Natriumchlorid;8;04.08.2016 22:00;0,347703;
Natriumchlorid;5;04.08.2016 22:00;0,18261;
Natriumchlorid;9;04.08.2016 22:00;0,00878588;
Arsen;4;04.08.2016 22:00;0,829102;
Arsen;3;04.08.2016 22:00;0,479082;
Arsen;2;04.08.2016 22:00;0,325888;
Arsen;7;04.08.2016 22:00;0,253358;
Arsen;5;04.08.2016 22:00;0,221821;
Arsen;9;04.08.2016 22:00;0,211213;
Arsen;6;04.08.2016 22:00;0,17473;
Arsen;1;04.08.2016 22:00;0,0491943;
Arsen;8;04.08.2016 22:00;0,0111619;
Benzol;4;04.08.2016 22:00;0,922747;
Benzol;3;04.08.2016 22:00;0,743943;
Benzol;7;04.08.2016 22:00;0,397431;
Benzol;5;04.08.2016 22:00;0,373116;
Benzol;2;04.08.2016 22:00;0,354121;
Benzol;6;04.08.2016 22:00;0,352503;
Benzol;1;04.08.2016 22:00;0,188824;
Benzol;8;04.08.2016 22:00;0,111753;
Benzol;9;04.08.2016 22:00;0,0122201;
Anilin;3;04.08.2016 22:00;3,31283;
Anilin;7;04.08.2016 22:00;1,32823;
Anilin;8;04.08.2016 22:00;0,869327;
Anilin;4;04.08.2016 22:00;0,84441;
Anilin;5;04.08.2016 22:00;0,553572;
Anilin;2;04.08.2016 22:00;0,514421;
Anilin;6;04.08.2016 22:00;0,191188;
Anilin;9;04.08.2016 22:00;0,146627;
Anilin;1;04.08.2016 22:00;0,0036827;
Natriumchlorid;4;04.08.2016 23:00;1,04632;
Natriumchlorid;7;04.08.2016 23:00;0,894495;
Natriumchlorid;6;04.08.2016 23:00;0,860954;
Natriumchlorid;3;04.08.2016 23:00;0,795893;
Natriumchlorid;9;04.08.2016 23:00;0,332921;
Natriumchlorid;8;04.08.2016 23:00;0,242945;
Natriumchlorid;5;04.08.2016 23:00;0,207759;
Natriumchlorid;2;04.08.2016 23:00;0,156294;
Natriumchlorid;1;04.08.2016 23:00;0,116627;
Arsen;4;04.08.2016 23:00;0,784829;
Arsen;3;04.08.2016 23:00;0,667102;
Arsen;8;04.08.2016 23:00;0,613283;
Arsen;5;04.08.2016 23:00;0,567462;
Arsen;7;04.08.2016 23:00;0,496589;
Arsen;1;04.08.2016 23:00;0,444153;
Arsen;6;04.08.2016 23:00;0,363329;
Arsen;9;04.08.2016 23:00;0,211228;
Arsen;2;04.08.2016 23:00;0,0312809;
Benzol;3;04.08.2016 23:00;1,81624;
Benzol;7;04.08.2016 23:00;0,898275;
Benzol;4;04.08.2016 23:00;0,804548;
Benzol;1;04.08.2016 23:00;0,787752;
Benzol;9;04.08.2016 23:00;0,350749;
Benzol;5;04.08.2016 23:00;0,333687;
Benzol;6;04.08.2016 23:00;0,257951;
Benzol;8;04.08.2016 23:00;0,148192;
Benzol;2;04.08.2016 23:00;0,0439847;
Anilin;3;04.08.2016 23:00;1,44886;
Anilin;4;04.08.2016 23:00;1,02127;
Anilin;6;04.08.2016 23:00;0,657452;
Anilin;8;04.08.2016 23:00;0,379474;
Anilin;1;04.08.2016 23:00;0,292235;
Anilin;9;04.08.2016 23:00;0,230526;
Anilin;5;04.08.2016 23:00;0,184059;
Anilin;2;04.08.2016 23:00;0,133462;
Anilin;7;04.08.2016 23:00;0,012747;
Natriumchlorid;3;05.08.2016 00:00;2,07199;
Natriumchlorid;4;05.08.2016 00:00;0,814986;
Natriumchlorid;6;05.08.2016 00:00;0,509279;
Natriumchlorid;8;05.08.2016 00:00;0,256971;
Natriumchlorid;5;05.08.2016 00:00;0,243212;
Natriumchlorid;2;05.08.2016 00:00;0,176624;
Natriumchlorid;7;05.08.2016 00:00;0,130904;
Natriumchlorid;1;05.08.2016 00:00;0,0621147;
Natriumchlorid;9;05.08.2016 00:00;0,0576363;
Arsen;3;05.08.2016 00:00;2,07312;
Arsen;8;05.08.2016 00:00;1,14011;
Arsen;4;05.08.2016 00:00;0,77026;
Arsen;5;05.08.2016 00:00;0,502144;
Arsen;7;05.08.2016 00:00;0,34441;
Arsen;9;05.08.2016 00:00;0,253991;
Arsen;6;05.08.2016 00:00;0,199225;
Arsen;2;05.08.2016 00:00;0,17736;
Arsen;1;05.08.2016 00:00;0,117711;
Benzol;3;05.08.2016 00:00;2,36838;
Benzol;4;05.08.2016 00:00;1,12689;
Benzol;5;05.08.2016 00:00;0,952214;
Benzol;7;05.08.2016 00:00;0,853528;
Benzol;6;05.08.2016 00:00;0,726937;
Benzol;8;05.08.2016 00:00;0,311916;
Benzol;2;05.08.2016 00:00;0,11508;
Benzol;1;05.08.2016 00:00;0,104777;
Benzol;9;05.08.2016 00:00;0,078155;
Anilin;3;05.08.2016 00:00;2,04603;
Anilin;4;05.08.2016 00:00;1,46822;
Anilin;5;05.08.2016 00:00;0,992736;
Anilin;8;05.08.2016 00:00;0,637676;
Anilin;7;05.08.2016 00:00;0,490442;
Anilin;6;05.08.2016 00:00;0,347293;
Anilin;9;05.08.2016 00:00;0,2266;
Anilin;1;05.08.2016 00:00;0,0212191;
Anilin;2;05.08.2016 00:00;0,015261;
Natriumchlorid;3;05.08.2016 01:00;0,912642;
Natriumchlorid;4;05.08.2016 01:00;0,744981;
Natriumchlorid;8;05.08.2016 01:00;0,58953;
Natriumchlorid;5;05.08.2016 01:00;0,58468;
Natriumchlorid;7;05.08.2016 01:00;0,482779;
Natriumchlorid;6;05.08.2016 01:00;0,326017;
Natriumchlorid;9;05.08.2016 01:00;0,265834;
Natriumchlorid;2;05.08.2016 01:00;0,221691;
Natriumchlorid;1;05.08.2016 01:00;0,118775;
Arsen;4;05.08.2016 01:00;0,864049;
Arsen;2;05.08.2016 01:00;0,720489;
Arsen;6;05.08.2016 01:00;0,557085;
Arsen;8;05.08.2016 01:00;0,449714;
Arsen;9;05.08.2016 01:00;0,443799;
Arsen;3;05.08.2016 01:00;0,278274;
Arsen;7;05.08.2016 01:00;0,239011;
Arsen;5;05.08.2016 01:00;0,228856;
Arsen;1;05.08.2016 01:00;0,216381;
Benzol;3;05.08.2016 01:00;3,67807;
Benzol;7;05.08.2016 01:00;2,81085;
Benzol;5;05.08.2016 01:00;2,24418;
Benzol;4;05.08.2016 01:00;1,04767;
Benzol;6;05.08.2016 01:00;0,373091;
Benzol;2;05.08.2016 01:00;0,282492;
Benzol;1;05.08.2016 01:00;0,269495;
Benzol;9;05.08.2016 01:00;0,145183;
Benzol;8;05.08.2016 01:00;0,0484109;
Anilin;3;05.08.2016 01:00;0,7771;
Anilin;4;05.08.2016 01:00;0,57259;
Anilin;5;05.08.2016 01:00;0,529574;
Anilin;6;05.08.2016 01:00;0,405776;
Anilin;7;05.08.2016 01:00;0,290227;
Anilin;1;05.08.2016 01:00;0,176669;
Anilin;8;05.08.2016 01:00;0,105177;
Anilin;9;05.08.2016 01:00;0,0942217;
Anilin;2;05.08.2016 01:00;0,0105016;
Natriumchlorid;5;05.08.2016 02:00;1,0979;
Natriumchlorid;4;05.08.2016 02:00;0,95222;
Natriumchlorid;6;05.08.2016 02:00;0,795301;
Natriumchlorid;3;05.08.2016 02:00;0,731772;
Natriumchlorid;8;05.08.2016 02:00;0,393528;
Natriumchlorid;7;05.08.2016 02:00;0,359779;
Natriumchlorid;1;05.08.2016 02:00;0,287159;
Natriumchlorid;2;05.08.2016 02:00;0,233302;
Natriumchlorid;9;05.08.2016 02:00;0,152187;
Arsen;3;05.08.2016 02:00;1,78652;
Arsen;4;05.08.2016 02:00;1,0862;
Arsen;5;05.08.2016 02:00;0,503348;
Arsen;6;05.08.2016 02:00;0,477451;
Arsen;8;05.08.2016 02:00;0,42727;
Arsen;9;05.08.2016 02:00;0,372402;
Arsen;7;05.08.2016 02:00;0,258647;
Arsen;1;05.08.2016 02:00;0,132889;
Arsen;2;05.08.2016 02:00;0,0867083;
Benzol;3;05.08.2016 02:00;1,43631;
Benzol;4;05.08.2016 02:00;1,26606;
Benzol;8;05.08.2016 02:00;1,02161;
Benzol;2;05.08.2016 02:00;0,89202;
Benzol;6;05.08.2016 02:00;0,556524;
Benzol;9;05.08.2016 02:00;0,50195;
Benzol;5;05.08.2016 02:00;0,325427;
Benzol;1;05.08.2016 02:00;0,297044;
Benzol;7;05.08.2016 02:00;0,275962;
Anilin;5;05.08.2016 02:00;5,28655;
Anilin;3;05.08.2016 02:00;1,76515;
Anilin;4;05.08.2016 02:00;1,08939;
Anilin;2;05.08.2016 02:00;0,774053;
Anilin;6;05.08.2016 02:00;0,313866;
Anilin;1;05.08.2016 02:00;0,261954;
Anilin;9;05.08.2016 02:00;0,240928;
Anilin;8;05.08.2016 02:00;0,168756;
Anilin;7;05.08.2016 02:00;0,0172145;
Natriumchlorid;4;05.08.2016 03:00;1,11738;
Natriumchlorid;5;05.08.2016 03:00;0,78501;
Natriumchlorid;8;05.08.2016 03:00;0,559695;
Natriumchlorid;3;05.08.2016 03:00;0,32584;
Natriumchlorid;2;05.08.2016 03:00;0,323041;
Natriumchlorid;7;05.08.2016 03:00;0,137976;
Natriumchlorid;6;05.08.2016 03:00;0,129155;
Natriumchlorid;9;05.08.2016 03:00;0,0699294;
Natriumchlorid;1;05.08.2016 03:00;0,0484573;
Arsen;3;05.08.2016 03:00;1,9004;
Arsen;4;05.08.2016 03:00;1,06427;
Arsen;7;05.08.2016 03:00;0,645995;
Arsen;5;05.08.2016 03:00;0,359055;
Arsen;6;05.08.2016 03:00;0,3313;
Arsen;8;05.08.2016 03:00;0,32345;
Arsen;1;05.08.2016 03:00;0,184217;
Arsen;2;05.08.2016 03:00;0,0826893;
Arsen;9;05.08.2016 03:00;0,075038;
Benzol;3;05.08.2016 03:00;0,866671;
Benzol;4;05.08.2016 03:00;0,628148;
Benzol;8;05.08.2016 03:00;0,600654;
Benzol;2;05.08.2016 03:00;0,27214;
Benzol;5;05.08.2016 03:00;0,25852;
Benzol;7;05.08.2016 03:00;0,230299;
Benzol;6;05.08.2016 03:00;0,181023;
Benzol;9;05.08.2016 03:00;0,179224;
Benzol;1;05.08.2016 03:00;0,060441;
Anilin;8;05.08.2016 03:00;0,998502;
Anilin;3;05.08.2016 03:00;0,900522;
Anilin;4;05.08.2016 03:00;0,78183;
Anilin;9;05.08.2016 03:00;0,779123;
Anilin;6;05.08.2016 03:00;0,587492;
Anilin;1;05.08.2016 03:00;0,467178;
Anilin;7;05.08.2016 03:00;0,464975;
Anilin;2;05.08.2016 03:00;0,283074;
Anilin;5;05.08.2016 03:00;0,192073;
Natriumchlorid;4;05.08.2016 04:00;0,899569;
Natriumchlorid;6;05.08.2016 04:00;0,570964;
Natriumchlorid;1;05.08.2016 04:00;0,474527;
Natriumchlorid;5;05.08.2016 04:00;0,305233;
Natriumchlorid;9;05.08.2016 04:00;0,278078;
Natriumchlorid;7;05.08.2016 04:00;0,260025;
Natriumchlorid;3;05.08.2016 04:00;0,163302;
Natriumchlorid;2;05.08.2016 04:00;0,162661;
Natriumchlorid;8;05.08.2016 04:00;0,155388;
Arsen;7;05.08.2016 04:00;2,14282;
Arsen;8;05.08.2016 04:00;1,7056;
Arsen;4;05.08.2016 04:00;0,980854;
Arsen;5;05.08.2016 04:00;0,871102;
Arsen;2;05.08.2016 04:00;0,412789;
Arsen;3;05.08.2016 04:00;0,324621;
Arsen;9;05.08.2016 04:00;0,251757;
Arsen;1;05.08.2016 04:00;0,182206;
Arsen;6;05.08.2016 04:00;0,117526;
Benzol;4;05.08.2016 04:00;0,760267;
Benzol;2;05.08.2016 04:00;0,482681;
Benzol;7;05.08.2016 04:00;0,461692;
Benzol;1;05.08.2016 04:00;0,419899;
Benzol;5;05.08.2016 04:00;0,405091;
Benzol;8;05.08.2016 04:00;0,214645;
Benzol;3;05.08.2016 04:00;0,144081;
Benzol;6;05.08.2016 04:00;0,139327;
Benzol;9;05.08.2016 04:00;0,113395;
Anilin;3;05.08.2016 04:00;1,49222;
Anilin;4;05.08.2016 04:00;1,41557;
Anilin;9;05.08.2016 04:00;0,529466;
Anilin;6;05.08.2016 04:00;0,452881;
Anilin;1;05.08.2016 04:00;0,349229;
Anilin;7;05.08.2016 04:00;0,320311;
Anilin;5;05.08.2016 04:00;0,217693;
Anilin;2;05.08.2016 04:00;0,192671;
Anilin;8;05.08.2016 04:00;0,0693875;
Natriumchlorid;4;05.08.2016 05:00;1,24027;
Natriumchlorid;6;05.08.2016 05:00;0,467597;
Natriumchlorid;3;05.08.2016 05:00;0,406279;
Natriumchlorid;7;05.08.2016 05:00;0,381763;
Natriumchlorid;8;05.08.2016 05:00;0,253525;
Natriumchlorid;5;05.08.2016 05:00;0,232257;
Natriumchlorid;9;05.08.2016 05:00;0,206817;
Natriumchlorid;1;05.08.2016 05:00;0,186442;
Natriumchlorid;2;05.08.2016 05:00;0,0695266;
Arsen;8;05.08.2016 05:00;0,935104;
Arsen;4;05.08.2016 05:00;0,851457;
Arsen;3;05.08.2016 05:00;0,636236;
Arsen;6;05.08.2016 05:00;0,502554;
Arsen;7;05.08.2016 05:00;0,494471;
Arsen;2;05.08.2016 05:00;0,327347;
Arsen;9;05.08.2016 05:00;0,222146;
Arsen;1;05.08.2016 05:00;0,128176;
Arsen;5;05.08.2016 05:00;0,0833788;
Benzol;8;05.08.2016 05:00;1,26596;
Benzol;4;05.08.2016 05:00;1,20747;
Benzol;7;05.08.2016 05:00;0,462857;
Benzol;9;05.08.2016 05:00;0,435213;
Benzol;6;05.08.2016 05:00;0,192056;
Benzol;1;05.08.2016 05:00;0,171129;
Benzol;3;05.08.2016 05:00;0,13669;
Benzol;5;05.08.2016 05:00;0,111252;
Benzol;2;05.08.2016 05:00;0,0192652;
Anilin;3;05.08.2016 05:00;1,33079;
Anilin;2;05.08.2016 05:00;0,854923;
Anilin;4;05.08.2016 05:00;0,70431;
Anilin;5;05.08.2016 05:00;0,636829;
Anilin;8;05.08.2016 05:00;0,399097;
Anilin;7;05.08.2016 05:00;0,191652;
Anilin;6;05.08.2016 05:00;0,137346;
Anilin;1;05.08.2016 05:00;0,113681;
Anilin;9;05.08.2016 05:00;0,106999;
Natriumchlorid;4;05.08.2016 06:00;1,01965;
Natriumchlorid;7;05.08.2016 06:00;0,546883;
Natriumchlorid;9;05.08.2016 06:00;0,540083;
Natriumchlorid;5;05.08.2016 06:00;0,508707;
Natriumchlorid;2;05.08.2016 06:00;0,331902;
Natriumchlorid;1;05.08.2016 06:00;0,271107;
Natriumchlorid;3;05.08.2016 06:00;0,246427;
Natriumchlorid;6;05.08.2016 06:00;0,174326;
Natriumchlorid;8;05.08.2016 06:00;0,00687001;
Arsen;4;05.08.2016 06:00;0,756811;
Arsen;8;05.08.2016 06:00;0,695073;
Arsen;3;05.08.2016 06:00;0,607475;
Arsen;7;05.08.2016 06:00;0,536;
Arsen;6;05.08.2016 06:00;0,425998;
Arsen;9;05.08.2016 06:00;0,347075;
Arsen;2;05.08.2016 06:00;0,25212;
Arsen;1;05.08.2016 06:00;0,047639;
Arsen;5;05.08.2016 06:00;0,010726;
Benzol;3;05.08.2016 06:00;2,24014;
Benzol;4;05.08.2016 06:00;1,21174;
Benzol;8;05.08.2016 06:00;0,950883;
Benzol;7;05.08.2016 06:00;0,791049;
Benzol;6;05.08.2016 06:00;0,556607;
Benzol;9;05.08.2016 06:00;0,475117;
Benzol;5;05.08.2016 06:00;0,36905;
Benzol;2;05.08.2016 06:00;0,100361;
Benzol;1;05.08.2016 06:00;0,0707684;
Anilin;7;05.08.2016 06:00;2,13214;
Anilin;3;05.08.2016 06:00;1,29097;
Anilin;5;05.08.2016 06:00;1,01637;
Anilin;4;05.08.2016 06:00;1,01166;
Anilin;6;05.08.2016 06:00;0,612866;
Anilin;1;05.08.2016 06:00;0,405438;
Anilin;9;05.08.2016 06:00;0,391273;
Anilin;2;05.08.2016 06:00;0,08221;
Anilin;8;05.08.2016 06:00;0,0711583;
Natriumchlorid;3;05.08.2016 07:00;1,84465;
Natriumchlorid;8;05.08.2016 07:00;1,00688;
Natriumchlorid;4;05.08.2016 07:00;0,989201;
Natriumchlorid;2;05.08.2016 07:00;0,583086;
Natriumchlorid;9;05.08.2016 07:00;0,372845;
Natriumchlorid;5;05.08.2016 07:00;0,246012;
Natriumchlorid;1;05.08.2016 07:00;0,141568;
Natriumchlorid;6;05.08.2016 07:00;0,0711267;
Natriumchlorid;7;05.08.2016 07:00;0,0567228;
Arsen;4;05.08.2016 07:00;0,882401;
Arsen;7;05.08.2016 07:00;0,714858;
Arsen;3;05.08.2016 07:00;0,675665;
Arsen;2;05.08.2016 07:00;0,593378;
Arsen;8;05.08.2016 07:00;0,551247;
Arsen;5;05.08.2016 07:00;0,489369;
Arsen;6;05.08.2016 07:00;0,440521;
Arsen;9;05.08.2016 07:00;0,356545;
Arsen;1;05.08.2016 07:00;0,0955539;
Benzol;4;05.08.2016 07:00;1,13434;
Benzol;3;05.08.2016 07:00;1,12798;
Benzol;2;05.08.2016 07:00;0,890523;
Benzol;7;05.08.2016 07:00;0,430005;
Benzol;8;05.08.2016 07:00;0,394477;
Benzol;9;05.08.2016 07:00;0,170356;
Benzol;6;05.08.2016 07:00;0,146833;
Benzol;1;05.08.2016 07:00;0,140801;
Benzol;5;05.08.2016 07:00;0,00935936;
Anilin;4;05.08.2016 07:00;1,06419;
Anilin;7;05.08.2016 07:00;0,700637;
Anilin;3;05.08.2016 07:00;0,576985;
Anilin;9;05.08.2016 07:00;0,478304;
Anilin;6;05.08.2016 07:00;0,325919;
Anilin;5;05.08.2016 07:00;0,2887;
Anilin;2;05.08.2016 07:00;0,233633;
Anilin;1;05.08.2016 07:00;0,100523;
Anilin;8;05.08.2016 07:00;0,0762178;
Natriumchlorid;4;05.08.2016 08:00;1,29235;
Natriumchlorid;7;05.08.2016 08:00;1,03425;
Natriumchlorid;8;05.08.2016 08:00;0,960094;
Natriumchlorid;9;05.08.2016 08:00;0,638562;
Natriumchlorid;2;05.08.2016 08:00;0,279732;
Natriumchlorid;3;05.08.2016 08:00;0,257653;
Natriumchlorid;5;05.08.2016 08:00;0,201767;
Natriumchlorid;6;05.08.2016 08:00;0,198896;
Natriumchlorid;1;05.08.2016 08:00;0,180085;
Arsen;3;05.08.2016 08:00;2,16662;
Arsen;7;05.08.2016 08:00;1,13511;
Arsen;2;05.08.2016 08:00;0,95089;
Arsen;4;05.08.2016 08:00;0,90819;
Arsen;8;05.08.2016 08:00;0,418443;
Arsen;6;05.08.2016 08:00;0,404522;
Arsen;5;05.08.2016 08:00;0,249064;
Arsen;1;05.08.2016 08:00;0,201859;
Arsen;9;05.08.2016 08:00;0,0546639;
Benzol;3;05.08.2016 08:00;1,98051;
Benzol;4;05.08.2016 08:00;0,967584;
Benzol;7;05.08.2016 08:00;0,788347;
Benzol;9;05.08.2016 08:00;0,364956;
Benzol;6;05.08.2016 08:00;0,334537;
Benzol;1;05.08.2016 08:00;0,221161;
Benzol;2;05.08.2016 08:00;0,163089;
Benzol;5;05.08.2016 08:00;0,144947;
Benzol;8;05.08.2016 08:00;0,00231043;
Anilin;7;05.08.2016 08:00;0,922868;
Anilin;3;05.08.2016 08:00;0,87034;
Anilin;6;05.08.2016 08:00;0,758872;
Anilin;4;05.08.2016 08:00;0,740787;
Anilin;1;05.08.2016 08:00;0,447015;
Anilin;5;05.08.2016 08:00;0,378584;
Anilin;9;05.08.2016 08:00;0,314215;
Anilin;8;05.08.2016 08:00;0,195799;
Anilin;2;05.08.2016 08:00;0,0417288;
Natriumchlorid;4;05.08.2016 09:00;1,30677;
Natriumchlorid;8;05.08.2016 09:00;1,03549;
Natriumchlorid;7;05.08.2016 09:00;0,857742;
Natriumchlorid;5;05.08.2016 09:00;0,728657;
Natriumchlorid;2;05.08.2016 09:00;0,343765;
Natriumchlorid;6;05.08.2016 09:00;0,322137;
Natriumchlorid;3;05.08.2016 09:00;0,288589;
Natriumchlorid;1;05.08.2016 09:00;0,153931;
Natriumchlorid;9;05.08.2016 09:00;0,0885772;
Arsen;4;05.08.2016 09:00;1,37491;
Arsen;7;05.08.2016 09:00;0,858762;
Arsen;3;05.08.2016 09:00;0,789196;
Arsen;8;05.08.2016 09:00;0,630016;
Arsen;2;05.08.2016 09:00;0,477014;
Arsen;5;05.08.2016 09:00;0,473837;
Arsen;1;05.08.2016 09:00;0,331342;
Arsen;6;05.08.2016 09:00;0,154422;
Arsen;9;05.08.2016 09:00;0,109446;
Benzol;3;05.08.2016 09:00;1,69782;
Benzol;4;05.08.2016 09:00;1,06679;
Benzol;7;05.08.2016 09:00;0,599621;
Benzol;2;05.08.2016 09:00;0,53986;
Benzol;8;05.08.2016 09:00;0,449199;
Benzol;6;05.08.2016 09:00;0,341089;
Benzol;5;05.08.2016 09:00;0,252481;
Benzol;1;05.08.2016 09:00;0,195784;
Benzol;9;05.08.2016 09:00;0,185829;
Anilin;4;05.08.2016 09:00;1,06839;
Anilin;3;05.08.2016 09:00;0,602943;
Anilin;2;05.08.2016 09:00;0,576697;
Anilin;5;05.08.2016 09:00;0,403254;
Anilin;6;05.08.2016 09:00;0,384033;
Anilin;9;05.08.2016 09:00;0,342049;
Anilin;7;05.08.2016 09:00;0,325048;
Anilin;8;05.08.2016 09:00;0,182721;
Anilin;1;05.08.2016 09:00;0,0600895;
Natriumchlorid;7;05.08.2016 10:00;2,44172;
Natriumchlorid;4;05.08.2016 10:00;0,942462;
Natriumchlorid;2;05.08.2016 10:00;0,529482;
Natriumchlorid;9;05.08.2016 10:00;0,51019;
Natriumchlorid;1;05.08.2016 10:00;0,335778;
Natriumchlorid;5;05.08.2016 10:00;0,312194;
Natriumchlorid;6;05.08.2016 10:00;0,264972;
Natriumchlorid;8;05.08.2016 10:00;0,228503;
Natriumchlorid;3;05.08.2016 10:00;0,107163;
Arsen;8;05.08.2016 10:00;0,944227;
Arsen;4;05.08.2016 10:00;0,813243;
Arsen;7;05.08.2016 10:00;0,701685;
Arsen;3;05.08.2016 10:00;0,51694;
Arsen;2;05.08.2016 10:00;0,365978;
Arsen;5;05.08.2016 10:00;0,330742;
Arsen;9;05.08.2016 10:00;0,10024;
Arsen;1;05.08.2016 10:00;0,050751;
Arsen;6;05.08.2016 10:00;0,0448169;
Benzol;3;05.08.2016 10:00;0,962821;
Benzol;4;05.08.2016 10:00;0,807122;
Benzol;8;05.08.2016 10:00;0,540585;
Benzol;9;05.08.2016 10:00;0,354743;
Benzol;2;05.08.2016 10:00;0,264553;
Benzol;5;05.08.2016 10:00;0,218317;
Benzol;1;05.08.2016 10:00;0,162706;
Benzol;7;05.08.2016 10:00;0,117089;
Benzol;6;05.08.2016 10:00;0,109503;
Anilin;8;05.08.2016 10:00;0,88702;
Anilin;4;05.08.2016 10:00;0,764757;
Anilin;7;05.08.2016 10:00;0,70726;
Anilin;6;05.08.2016 10:00;0,628708;
Anilin;3;05.08.2016 10:00;0,615633;
Anilin;9;05.08.2016 10:00;0,255262;
Anilin;1;05.08.2016 10:00;0,214432;
Anilin;2;05.08.2016 10:00;0,114329;
Anilin;5;05.08.2016 10:00;0,0747134;
Natriumchlorid;4;05.08.2016 11:00;1,38037;
Natriumchlorid;3;05.08.2016 11:00;1,03414;
Natriumchlorid;8;05.08.2016 11:00;1,02397;
Natriumchlorid;6;05.08.2016 11:00;0,708469;
Natriumchlorid;9;05.08.2016 11:00;0,526067;
Natriumchlorid;1;05.08.2016 11:00;0,444411;
Natriumchlorid;5;05.08.2016 11:00;0,335557;
Natriumchlorid;7;05.08.2016 11:00;0,299854;
Natriumchlorid;2;05.08.2016 11:00;0,188049;
Arsen;3;05.08.2016 11:00;1,21916;
Arsen;2;05.08.2016 11:00;0,932947;
Arsen;4;05.08.2016 11:00;0,897254;
Arsen;8;05.08.2016 11:00;0,544955;
Arsen;5;05.08.2016 11:00;0,339303;
Arsen;9;05.08.2016 11:00;0,337072;
Arsen;6;05.08.2016 11:00;0,289476;
Arsen;7;05.08.2016 11:00;0,276154;
Arsen;1;05.08.2016 11:00;0,21664;
Benzol;3;05.08.2016 11:00;1,5678;
Benzol;7;05.08.2016 11:00;1,14885;
Benzol;5;05.08.2016 11:00;0,892221;
Benzol;4;05.08.2016 11:00;0,749738;
Benzol;8;05.08.2016 11:00;0,550524;
Benzol;1;05.08.2016 11:00;0,406661;
Benzol;6;05.08.2016 11:00;0,271944;
Benzol;9;05.08.2016 11:00;0,185905;
Benzol;2;05.08.2016 11:00;0,118816;
Anilin;4;05.08.2016 11:00;0,961164;
Anilin;3;05.08.2016 11:00;0,92951;
Anilin;8;05.08.2016 11:00;0,688049;
Anilin;6;05.08.2016 11:00;0,550485;
Anilin;2;05.08.2016 11:00;0,312527;
Anilin;1;05.08.2016 11:00;0,275328;
Anilin;9;05.08.2016 11:00;0,251409;
Anilin;7;05.08.2016 11:00;0,200482;
Anilin;5;05.08.2016 11:00;0,170092;
Natriumchlorid;4;05.08.2016 12:00;0,97289;
Natriumchlorid;2;05.08.2016 12:00;0,916827;
Natriumchlorid;6;05.08.2016 12:00;0,726589;
Natriumchlorid;5;05.08.2016 12:00;0,43889;
Natriumchlorid;9;05.08.2016 12:00;0,370413;
Natriumchlorid;3;05.08.2016 12:00;0,17167;
Natriumchlorid;7;05.08.2016 12:00;0,153269;
Natriumchlorid;1;05.08.2016 12:00;0,137577;
Natriumchlorid;8;05.08.2016 12:00;0,0281665;
Arsen;7;05.08.2016 12:00;4,7417;
Arsen;3;05.08.2016 12:00;1,90575;
Arsen;4;05.08.2016 12:00;1,00855;
Arsen;8;05.08.2016 12:00;0,975514;
Arsen;1;05.08.2016 12:00;0,719431;
Arsen;2;05.08.2016 12:00;0,70247;
Arsen;6;05.08.2016 12:00;0,578516;
Arsen;5;05.08.2016 12:00;0,362867;
Arsen;9;05.08.2016 12:00;0,247623;
Benzol;3;05.08.2016 12:00;2,13987;
Benzol;8;05.08.2016 12:00;0,867879;
Benzol;4;05.08.2016 12:00;0,816996;
Benzol;6;05.08.2016 12:00;0,746971;
Benzol;2;05.08.2016 12:00;0,454912;
Benzol;1;05.08.2016 12:00;0,274064;
Benzol;7;05.08.2016 12:00;0,158772;
Benzol;9;05.08.2016 12:00;0,157653;
Benzol;5;05.08.2016 12:00;0,110715;
Anilin;3;05.08.2016 12:00;1,47551;
Anilin;2;05.08.2016 12:00;0,93927;
Anilin;4;05.08.2016 12:00;0,812342;
Anilin;5;05.08.2016 12:00;0,481931;
Anilin;1;05.08.2016 12:00;0,448035;
Anilin;8;05.08.2016 12:00;0,381496;
Anilin;9;05.08.2016 12:00;0,334336;
Anilin;7;05.08.2016 12:00;0,286233;
Anilin;6;05.08.2016 12:00;0,119708;
Natriumchlorid;3;05.08.2016 13:00;1,33533;
Natriumchlorid;4;05.08.2016 13:00;1,2686;
Natriumchlorid;1;05.08.2016 13:00;0,711791;
Natriumchlorid;7;05.08.2016 13:00;0,656205;
Natriumchlorid;8;05.08.2016 13:00;0,373834;
Natriumchlorid;5;05.08.2016 13:00;0,346695;
Natriumchlorid;6;05.08.2016 13:00;0,243019;
Natriumchlorid;9;05.08.2016 13:00;0,21083;
Natriumchlorid;2;05.08.2016 13:00;0,18661;
Arsen;3;05.08.2016 13:00;1,00371;
Arsen;4;05.08.2016 13:00;0,660047;
Arsen;5;05.08.2016 13:00;0,520546;
Arsen;8;05.08.2016 13:00;0,498297;
Arsen;9;05.08.2016 13:00;0,439419;
Arsen;6;05.08.2016 13:00;0,292917;
Arsen;1;05.08.2016 13:00;0,122566;
Arsen;2;05.08.2016 13:00;0,0630224;
Arsen;7;05.08.2016 13:00;0,0482954;
Benzol;4;05.08.2016 13:00;1,06098;
Benzol;3;05.08.2016 13:00;1,00563;
Benzol;8;05.08.2016 13:00;0,892198;
Benzol;2;05.08.2016 13:00;0,456226;
Benzol;7;05.08.2016 13:00;0,435479;
Benzol;5;05.08.2016 13:00;0,196415;
Benzol;9;05.08.2016 13:00;0,169888;
Benzol;6;05.08.2016 13:00;0,165215;
Benzol;1;05.08.2016 13:00;0,0317544;
Anilin;4;05.08.2016 13:00;0,969009;
Anilin;3;05.08.2016 13:00;0,860639;
Anilin;6;05.08.2016 13:00;0,339938;
Anilin;1;05.08.2016 13:00;0,310809;
Anilin;5;05.08.2016 13:00;0,276402;
Anilin;2;05.08.2016 13:00;0,256768;
Anilin;9;05.08.2016 13:00;0,22498;
Anilin;7;05.08.2016 13:00;0,198729;
Anilin;8;05.08.2016 13:00;0,00937539;
Natriumchlorid;3;05.08.2016 14:00;1,65701;
Natriumchlorid;4;05.08.2016 14:00;0,957509;
Natriumchlorid;5;05.08.2016 14:00;0,756367;
Natriumchlorid;8;05.08.2016 14:00;0,305966;
Natriumchlorid;9;05.08.2016 14:00;0,25369;
Natriumchlorid;6;05.08.2016 14:00;0,164206;
Natriumchlorid;7;05.08.2016 14:00;0,104834;
Natriumchlorid;1;05.08.2016 14:00;0,089403;
Natriumchlorid;2;05.08.2016 14:00;0,0146104;
Arsen;4;05.08.2016 14:00;0,992785;
Arsen;7;05.08.2016 14:00;0,909631;
Arsen;8;05.08.2016 14:00;0,694391;
Arsen;3;05.08.2016 14:00;0,623147;
Arsen;6;05.08.2016 14:00;0,486688;
Arsen;9;05.08.2016 14:00;0,269837;
Arsen;2;05.08.2016 14:00;0,228711;
Arsen;1;05.08.2016 14:00;0,228145;
Arsen;5;05.08.2016 14:00;0,149823;
Benzol;4;05.08.2016 14:00;1,21931;
Benzol;3;05.08.2016 14:00;0,895612;
Benzol;7;05.08.2016 14:00;0,73364;
Benzol;8;05.08.2016 14:00;0,607765;
Benzol;5;05.08.2016 14:00;0,294454;
Benzol;6;05.08.2016 14:00;0,270814;
Benzol;2;05.08.2016 14:00;0,138514;
Benzol;9;05.08.2016 14:00;0,134973;
Benzol;1;05.08.2016 14:00;0,0308088;
Anilin;3;05.08.2016 14:00;1,6965;
Anilin;4;05.08.2016 14:00;1,0982;
Anilin;2;05.08.2016 14:00;0,703484;
Anilin;6;05.08.2016 14:00;0,518291;
Anilin;9;05.08.2016 14:00;0,461247;
Anilin;5;05.08.2016 14:00;0,35014;
Anilin;1;05.08.2016 14:00;0,290672;
Anilin;7;05.08.2016 14:00;0,282309;
Anilin;8;05.08.2016 14:00;0,0668967;
Natriumchlorid;3;05.08.2016 15:00;2,08617;
Natriumchlorid;4;05.08.2016 15:00;1,09225;
Natriumchlorid;9;05.08.2016 15:00;0,4775;
Natriumchlorid;1;05.08.2016 15:00;0,417396;
Natriumchlorid;7;05.08.2016 15:00;0,317937;
Natriumchlorid;2;05.08.2016 15:00;0,284333;
Natriumchlorid;6;05.08.2016 15:00;0,277805;
Natriumchlorid;8;05.08.2016 15:00;0,255699;
Natriumchlorid;5;05.08.2016 15:00;0,0317834;
Arsen;3;05.08.2016 15:00;5,7574;
Arsen;4;05.08.2016 15:00;1,16899;
Arsen;5;05.08.2016 15:00;1,08036;
Arsen;7;05.08.2016 15:00;0,903814;
Arsen;8;05.08.2016 15:00;0,666912;
Arsen;2;05.08.2016 15:00;0,459843;
Arsen;6;05.08.2016 15:00;0,322615;
Arsen;1;05.08.2016 15:00;0,185629;
Arsen;9;05.08.2016 15:00;0,0945089;
Benzol;8;05.08.2016 15:00;0,927854;
Benzol;4;05.08.2016 15:00;0,839433;
Benzol;5;05.08.2016 15:00;0,605329;
Benzol;6;05.08.2016 15:00;0,591858;
Benzol;3;05.08.2016 15:00;0,409014;
Benzol;1;05.08.2016 15:00;0,239008;
Benzol;9;05.08.2016 15:00;0,191361;
Benzol;7;05.08.2016 15:00;0,103735;
Benzol;2;05.08.2016 15:00;0,0787862;
Anilin;4;05.08.2016 15:00;1,40504;
Anilin;7;05.08.2016 15:00;0,771494;
Anilin;3;05.08.2016 15:00;0,548877;
Anilin;9;05.08.2016 15:00;0,357648;
Anilin;1;05.08.2016 15:00;0,260046;
Anilin;8;05.08.2016 15:00;0,139022;
Anilin;5;05.08.2016 15:00;0,135497;
Anilin;6;05.08.2016 15:00;0,116277;
Anilin;2;05.08.2016 15:00;0,0258412;
Natriumchlorid;3;05.08.2016 16:00;1,98021;
Natriumchlorid;4;05.08.2016 16:00;0,809133;
Natriumchlorid;8;05.08.2016 16:00;0,771485;
Natriumchlorid;7;05.08.2016 16:00;0,306111;
Natriumchlorid;6;05.08.2016 16:00;0,245051;
Natriumchlorid;1;05.08.2016 16:00;0,161507;
Natriumchlorid;2;05.08.2016 16:00;0,103558;
Natriumchlorid;9;05.08.2016 16:00;0,0954868;
Natriumchlorid;5;05.08.2016 16:00;0,0876587;
Arsen;7;05.08.2016 16:00;1,84128;
Arsen;3;05.08.2016 16:00;1,43333;
Arsen;4;05.08.2016 16:00;0,793183;
Arsen;5;05.08.2016 16:00;0,722474;
Arsen;6;05.08.2016 16:00;0,551604;
Arsen;9;05.08.2016 16:00;0,427155;
Arsen;8;05.08.2016 16:00;0,372516;
Arsen;1;05.08.2016 16:00;0,312526;
Arsen;2;05.08.2016 16:00;0,222939;
Benzol;4;05.08.2016 16:00;1,30214;
Benzol;5;05.08.2016 16:00;1,06968;
Benzol;3;05.08.2016 16:00;0,695962;
Benzol;6;05.08.2016 16:00;0,562794;
Benzol;7;05.08.2016 16:00;0,524101;
Benzol;1;05.08.2016 16:00;0,338624;
Benzol;8;05.08.2016 16:00;0,269558;
Benzol;2;05.08.2016 16:00;0,032954;
Benzol;9;05.08.2016 16:00;0,00920834;
Anilin;3;05.08.2016 16:00;3,10855;
Anilin;4;05.08.2016 16:00;1,12557;
Anilin;7;05.08.2016 16:00;1,09713;
Anilin;8;05.08.2016 16:00;1,08304;
Anilin;2;05.08.2016 16:00;0,733015;
Anilin;9;05.08.2016 16:00;0,375326;
Anilin;6;05.08.2016 16:00;0,298404;
Anilin;5;05.08.2016 16:00;0,229963;
Anilin;1;05.08.2016 16:00;0,0963276;
Natriumchlorid;3;05.08.2016 17:00;1,7361;
Natriumchlorid;4;05.08.2016 17:00;0,94302;
Natriumchlorid;6;05.08.2016 17:00;0,513549;
Natriumchlorid;1;05.08.2016 17:00;0,47726;
Natriumchlorid;2;05.08.2016 17:00;0,381698;
Natriumchlorid;7;05.08.2016 17:00;0,350074;
Natriumchlorid;8;05.08.2016 17:00;0,283296;
Natriumchlorid;5;05.08.2016 17:00;0,208115;
Natriumchlorid;9;05.08.2016 17:00;0,190227;
Arsen;8;05.08.2016 17:00;1,14474;
Arsen;4;05.08.2016 17:00;0,854325;
Arsen;3;05.08.2016 17:00;0,729385;
Arsen;1;05.08.2016 17:00;0,612063;
Arsen;7;05.08.2016 17:00;0,51375;
Arsen;9;05.08.2016 17:00;0,263754;
Arsen;6;05.08.2016 17:00;0,247722;
Arsen;2;05.08.2016 17:00;0,181128;
Arsen;5;05.08.2016 17:00;0,114149;
Benzol;4;05.08.2016 17:00;1,24093;
Benzol;5;05.08.2016 17:00;1,20474;
Benzol;8;05.08.2016 17:00;0,84165;
Benzol;7;05.08.2016 17:00;0,637869;
Benzol;9;05.08.2016 17:00;0,399387;
Benzol;6;05.08.2016 17:00;0,255162;
Benzol;1;05.08.2016 17:00;0,22901;
Benzol;3;05.08.2016 17:00;0,21061;
Benzol;2;05.08.2016 17:00;0,16647;
Anilin;3;05.08.2016 17:00;1,72761;
Anilin;8;05.08.2016 17:00;1,08769;
Anilin;4;05.08.2016 17:00;0,687134;
Anilin;6;05.08.2016 17:00;0,616844;
Anilin;7;05.08.2016 17:00;0,59923;
Anilin;2;05.08.2016 17:00;0,342507;
Anilin;1;05.08.2016 17:00;0,22515;
Anilin;5;05.08.2016 17:00;0,147378;
Anilin;9;05.08.2016 17:00;0,141313;
Natriumchlorid;4;05.08.2016 18:00;1,02847;
Natriumchlorid;2;05.08.2016 18:00;0,887822;
Natriumchlorid;8;05.08.2016 18:00;0,576003;
Natriumchlorid;5;05.08.2016 18:00;0,506086;
Natriumchlorid;6;05.08.2016 18:00;0,501596;
Natriumchlorid;7;05.08.2016 18:00;0,477867;
Natriumchlorid;1;05.08.2016 18:00;0,386805;
Natriumchlorid;3;05.08.2016 18:00;0,102226;
Natriumchlorid;9;05.08.2016 18:00;0,0751014;
Arsen;5;05.08.2016 18:00;1,22444;
Arsen;3;05.08.2016 18:00;1,14353;
Arsen;7;05.08.2016 18:00;1,02856;
Arsen;4;05.08.2016 18:00;0,885713;
Arsen;6;05.08.2016 18:00;0,388879;
Arsen;8;05.08.2016 18:00;0,206398;
Arsen;1;05.08.2016 18:00;0,184325;
Arsen;9;05.08.2016 18:00;0,108853;
Arsen;2;05.08.2016 18:00;0,0231206;
Benzol;3;05.08.2016 18:00;1,2084;
Benzol;4;05.08.2016 18:00;0,772757;
Benzol;1;05.08.2016 18:00;0,549408;
Benzol;6;05.08.2016 18:00;0,405853;
Benzol;5;05.08.2016 18:00;0,377854;
Benzol;9;05.08.2016 18:00;0,375956;
Benzol;8;05.08.2016 18:00;0,169514;
Benzol;7;05.08.2016 18:00;0,152538;
Benzol;2;05.08.2016 18:00;0,0897168;
Anilin;3;05.08.2016 18:00;1,70382;
Anilin;4;05.08.2016 18:00;1,34338;
Anilin;8;05.08.2016 18:00;0,963293;
Anilin;2;05.08.2016 18:00;0,886485;
Anilin;9;05.08.2016 18:00;0,231734;
Anilin;7;05.08.2016 18:00;0,159825;
Anilin;5;05.08.2016 18:00;0,130442;
Anilin;6;05.08.2016 18:00;0,0686784;
Anilin;1;05.08.2016 18:00;0,0561343;
Natriumchlorid;3;05.08.2016 19:00;1,33905;
Natriumchlorid;4;05.08.2016 19:00;1,03479;
Natriumchlorid;7;05.08.2016 19:00;0,641584;
Natriumchlorid;6;05.08.2016 19:00;0,473819;
Natriumchlorid;1;05.08.2016 19:00;0,255214;
Natriumchlorid;9;05.08.2016 19:00;0,24734;
Natriumchlorid;2;05.08.2016 19:00;0,170184;
Natriumchlorid;5;05.08.2016 19:00;0,038773;
Natriumchlorid;8;05.08.2016 19:00;0,0197946;
Arsen;7;05.08.2016 19:00;0,970812;
Arsen;4;05.08.2016 19:00;0,942031;
Arsen;3;05.08.2016 19:00;0,708325;
Arsen;5;05.08.2016 19:00;0,582613;
Arsen;8;05.08.2016 19:00;0,40433;
Arsen;6;05.08.2016 19:00;0,334279;
Arsen;1;05.08.2016 19:00;0,152187;
Arsen;9;05.08.2016 19:00;0,13544;
Arsen;2;05.08.2016 19:00;0,0996464;
Benzol;3;05.08.2016 19:00;2,67508;
Benzol;4;05.08.2016 19:00;1,06316;
Benzol;6;05.08.2016 19:00;0,537556;
Benzol;7;05.08.2016 19:00;0,474859;
Benzol;8;05.08.2016 19:00;0,339783;
Benzol;9;05.08.2016 19:00;0,311846;
Benzol;2;05.08.2016 19:00;0,202615;
Benzol;5;05.08.2016 19:00;0,188875;
Benzol;1;05.08.2016 19:00;0,0157458;
Anilin;4;05.08.2016 19:00;0,94935;
Anilin;8;05.08.2016 19:00;0,673641;
Anilin;2;05.08.2016 19:00;0,637396;
Anilin;7;05.08.2016 19:00;0,51695;
Anilin;3;05.08.2016 19:00;0,42222;
Anilin;5;05.08.2016 19:00;0,251109;
Anilin;6;05.08.2016 19:00;0,145773;
Anilin;1;05.08.2016 19:00;0,141717;
Anilin;9;05.08.2016 19:00;0,0858752;
Natriumchlorid;7;05.08.2016 20:00;1,21949;
Natriumchlorid;4;05.08.2016 20:00;0,966374;
Natriumchlorid;9;05.08.2016 20:00;0,590287;
Natriumchlorid;8;05.08.2016 20:00;0,421078;
Natriumchlorid;6;05.08.2016 20:00;0,398309;
Natriumchlorid;3;05.08.2016 20:00;0,396334;
Natriumchlorid;2;05.08.2016 20:00;0,166808;
Natriumchlorid;1;05.08.2016 20:00;0,111675;
Natriumchlorid;5;05.08.2016 20:00;0,0768153;
Arsen;3;05.08.2016 20:00;0,893791;
Arsen;4;05.08.2016 20:00;0,867765;
Arsen;7;05.08.2016 20:00;0,760492;
Arsen;9;05.08.2016 20:00;0,597593;
Arsen;6;05.08.2016 20:00;0,51508;
Arsen;2;05.08.2016 20:00;0,42803;
Arsen;8;05.08.2016 20:00;0,29224;
Arsen;5;05.08.2016 20:00;0,137674;
Arsen;1;05.08.2016 20:00;0,090757;
Benzol;3;05.08.2016 20:00;3,73015;
Benzol;7;05.08.2016 20:00;1,02515;
Benzol;4;05.08.2016 20:00;1,00662;
Benzol;8;05.08.2016 20:00;0,825355;
Benzol;2;05.08.2016 20:00;0,651985;
Benzol;1;05.08.2016 20:00;0,432274;
Benzol;5;05.08.2016 20:00;0,231844;
Benzol;6;05.08.2016 20:00;0,220319;
Benzol;9;05.08.2016 20:00;0,117526;
Anilin;7;05.08.2016 20:00;1,3272;
Anilin;4;05.08.2016 20:00;1,06038;
Anilin;8;05.08.2016 20:00;0,899855;
Anilin;6;05.08.2016 20:00;0,61509;
Anilin;3;05.08.2016 20:00;0,524768;
Anilin;2;05.08.2016 20:00;0,515547;
Anilin;1;05.08.2016 20:00;0,148923;
Anilin;9;05.08.2016 20:00;0,0123816;
Anilin;5;05.08.2016 20:00;0,00524653;
Natriumchlorid;5;05.08.2016 21:00;6,6081;
Natriumchlorid;9;05.08.2016 21:00;1,93696;
Natriumchlorid;3;05.08.2016 21:00;1,84573;
Natriumchlorid;7;05.08.2016 21:00;1,81392;
Natriumchlorid;5;05.08.2016 21:00;0,782105;
Natriumchlorid;8;05.08.2016 21:00;0,754258;
Natriumchlorid;4;05.08.2016 21:00;0,539697;
Natriumchlorid;6;05.08.2016 21:00;0,514413;
Natriumchlorid;2;05.08.2016 21:00;0,206801;
Natriumchlorid;1;05.08.2016 21:00;0,0300367;
Arsen;3;05.08.2016 21:00;1,30247;
Arsen;5;05.08.2016 21:00;0,842789;
Arsen;4;05.08.2016 21:00;0,788021;
Arsen;6;05.08.2016 21:00;0,49423;
Arsen;8;05.08.2016 21:00;0,420579;
Arsen;2;05.08.2016 21:00;0,417386;
Arsen;7;05.08.2016 21:00;0,16413;
Arsen;9;05.08.2016 21:00;0,111121;
Arsen;1;05.08.2016 21:00;0,0390108;
Benzol;7;05.08.2016 21:00;0,824655;
Benzol;4;05.08.2016 21:00;0,511812;
Benzol;8;05.08.2016 21:00;0,31927;
Benzol;2;05.08.2016 21:00;0,275553;
Benzol;6;05.08.2016 21:00;0,181441;
Benzol;3;05.08.2016 21:00;0,0752755;
Benzol;9;05.08.2016 21:00;0,0747294;
Benzol;1;05.08.2016 21:00;0,065759;
Benzol;5;05.08.2016 21:00;0,00896377;
Anilin;3;05.08.2016 21:00;3,38385;
Anilin;7;05.08.2016 21:00;1,42242;
Anilin;4;05.08.2016 21:00;1,02068;
Anilin;8;05.08.2016 21:00;0,9709;
Anilin;6;05.08.2016 21:00;0,3121;
Anilin;1;05.08.2016 21:00;0,191192;
Anilin;9;05.08.2016 21:00;0,126525;
Anilin;2;05.08.2016 21:00;0,0724916;
Natriumchlorid;5;05.08.2016 22:00;3,10807;
Natriumchlorid;9;05.08.2016 22:00;2,86536;
Natriumchlorid;4;05.08.2016 22:00;0,910378;
Natriumchlorid;7;05.08.2016 22:00;0,524625;
Natriumchlorid;6;05.08.2016 22:00;0,522694;
Natriumchlorid;8;05.08.2016 22:00;0,508712;
Natriumchlorid;1;05.08.2016 22:00;0,19886;
Natriumchlorid;3;05.08.2016 22:00;0,0351944;
Natriumchlorid;2;05.08.2016 22:00;0,0192316;
Arsen;3;05.08.2016 22:00;1,6119;
Arsen;4;05.08.2016 22:00;0,664878;
Arsen;5;05.08.2016 22:00;0,503647;
Arsen;8;05.08.2016 22:00;0,468991;
Arsen;7;05.08.2016 22:00;0,458169;
Arsen;1;05.08.2016 22:00;0,208241;
Arsen;9;05.08.2016 22:00;0,204567;
Arsen;6;05.08.2016 22:00;0,15351;
Arsen;2;05.08.2016 22:00;0,104678;
Benzol;4;05.08.2016 22:00;0,967708;
Benzol;3;05.08.2016 22:00;0,442252;
Benzol;5;05.08.2016 22:00;0,402393;
Benzol;8;05.08.2016 22:00;0,262568;
Benzol;9;05.08.2016 22:00;0,257618;
Benzol;6;05.08.2016 22:00;0,224966;
Benzol;2;05.08.2016 22:00;0,0727817;
Benzol;1;05.08.2016 22:00;0,0228923;
Benzol;7;05.08.2016 22:00;0,0124123;
Anilin;5;05.08.2016 22:00;23,26202;
Anilin;4;05.08.2016 22:00;1,15514;
Anilin;3;05.08.2016 22:00;1,09875;
Anilin;6;05.08.2016 22:00;0,691644;
Anilin;1;05.08.2016 22:00;0,320412;
Anilin;2;05.08.2016 22:00;0,307189;
Anilin;7;05.08.2016 22:00;0,213445;
Anilin;8;05.08.2016 22:00;0,154576;
Anilin;9;05.08.2016 22:00;0,112347;
Natriumchlorid;9;05.08.2016 23:00;2,29152;
Natriumchlorid;4;05.08.2016 23:00;0,856352;
Natriumchlorid;7;05.08.2016 23:00;0,683895;
Natriumchlorid;2;05.08.2016 23:00;0,402599;
Natriumchlorid;1;05.08.2016 23:00;0,331342;
Natriumchlorid;6;05.08.2016 23:00;0,328942;
Natriumchlorid;5;05.08.2016 23:00;0,21254;
Natriumchlorid;3;05.08.2016 23:00;0,185902;
Natriumchlorid;8;05.08.2016 23:00;0,0100475;
Arsen;3;05.08.2016 23:00;2,15491;
Arsen;4;05.08.2016 23:00;1,18124;
Arsen;8;05.08.2016 23:00;0,698215;
Arsen;6;05.08.2016 23:00;0,610828;
Arsen;2;05.08.2016 23:00;0,381171;
Arsen;5;05.08.2016 23:00;0,256552;
Arsen;9;05.08.2016 23:00;0,195555;
Arsen;1;05.08.2016 23:00;0,156193;
Arsen;7;05.08.2016 23:00;0,0289398;
Benzol;4;05.08.2016 23:00;0,987024;
Benzol;3;05.08.2016 23:00;0,736484;
Benzol;1;05.08.2016 23:00;0,425935;
Benzol;9;05.08.2016 23:00;0,390457;
Benzol;8;05.08.2016 23:00;0,346769;
Benzol;7;05.08.2016 23:00;0,30587;
Benzol;6;05.08.2016 23:00;0,304245;
Benzol;2;05.08.2016 23:00;0,258391;
Benzol;5;05.08.2016 23:00;0,216575;
Anilin;7;05.08.2016 23:00;0,98339;
Anilin;3;05.08.2016 23:00;0,772321;
Anilin;4;05.08.2016 23:00;0,716569;
Anilin;6;05.08.2016 23:00;0,473262;
Anilin;5;05.08.2016 23:00;0,464605;
Anilin;2;05.08.2016 23:00;0,385869;
Anilin;1;05.08.2016 23:00;0,309759;
Anilin;9;05.08.2016 23:00;0,261697;
Anilin;8;05.08.2016 23:00;0,202048;
Natriumchlorid;4;06.08.2016 00:00;1,11646;
Natriumchlorid;3;06.08.2016 00:00;0,676738;
Natriumchlorid;5;06.08.2016 00:00;0,416796;
Natriumchlorid;6;06.08.2016 00:00;0,359572;
Natriumchlorid;2;06.08.2016 00:00;0,316289;
Natriumchlorid;8;06.08.2016 00:00;0,132198;
Natriumchlorid;9;06.08.2016 00:00;0,124802;
Natriumchlorid;7;06.08.2016 00:00;0,107473;
Natriumchlorid;1;06.08.2016 00:00;0,069284;
Arsen;3;06.08.2016 00:00;1,14138;
Arsen;4;06.08.2016 00:00;0,953305;
Arsen;6;06.08.2016 00:00;0,465414;
Arsen;5;06.08.2016 00:00;0,41927;
Arsen;1;06.08.2016 00:00;0,411389;
Arsen;8;06.08.2016 00:00;0,38974;
Arsen;7;06.08.2016 00:00;0,192381;
Arsen;2;06.08.2016 00:00;0,0419974;
Arsen;9;06.08.2016 00:00;0,00353414;
Benzol;7;06.08.2016 00:00;1,05078;
Benzol;4;06.08.2016 00:00;0,724014;
Benzol;8;06.08.2016 00:00;0,641263;
Benzol;6;06.08.2016 00:00;0,374757;
Benzol;9;06.08.2016 00:00;0,278854;
Benzol;3;06.08.2016 00:00;0,235139;
Benzol;1;06.08.2016 00:00;0,225273;
Benzol;5;06.08.2016 00:00;0,14839;
Benzol;2;06.08.2016 00:00;0,0216681;
Anilin;4;06.08.2016 00:00;1,0523;
Anilin;6;06.08.2016 00:00;0,73688;
Anilin;2;06.08.2016 00:00;0,716801;
Anilin;7;06.08.2016 00:00;0,665584;
Anilin;8;06.08.2016 00:00;0,532799;
Anilin;1;06.08.2016 00:00;0,398734;
Anilin;5;06.08.2016 00:00;0,321114;
Anilin;3;06.08.2016 00:00;0,268625;
Anilin;9;06.08.2016 00:00;0,044896;
Natriumchlorid;4;06.08.2016 01:00;1,05124;
Natriumchlorid;2;06.08.2016 01:00;0,963179;
Natriumchlorid;8;06.08.2016 01:00;0,820379;
Natriumchlorid;7;06.08.2016 01:00;0,725371;
Natriumchlorid;1;06.08.2016 01:00;0,373335;
Natriumchlorid;6;06.08.2016 01:00;0,154974;
Natriumchlorid;3;06.08.2016 01:00;0,134499;
Natriumchlorid;9;06.08.2016 01:00;0,0756402;
Natriumchlorid;5;06.08.2016 01:00;0,0327894;
Arsen;3;06.08.2016 01:00;1,35419;
Arsen;8;06.08.2016 01:00;1,27178;
Arsen;4;06.08.2016 01:00;1,20156;
Arsen;2;06.08.2016 01:00;0,619158;
Arsen;5;06.08.2016 01:00;0,357654;
Arsen;6;06.08.2016 01:00;0,353321;
Arsen;9;06.08.2016 01:00;0,352544;
Arsen;1;06.08.2016 01:00;0,309011;
Arsen;7;06.08.2016 01:00;0,233913;
Benzol;3;06.08.2016 01:00;2,28042;
Benzol;7;06.08.2016 01:00;0,989693;
Benzol;8;06.08.2016 01:00;0,871036;
Benzol;4;06.08.2016 01:00;0,829829;
Benzol;5;06.08.2016 01:00;0,561155;
Benzol;2;06.08.2016 01:00;0,505675;
Benzol;1;06.08.2016 01:00;0,360841;
Benzol;6;06.08.2016 01:00;0,3478;
Benzol;9;06.08.2016 01:00;0,0403931;
Anilin;3;06.08.2016 01:00;3,29326;
Anilin;7;06.08.2016 01:00;1,3111;
Anilin;8;06.08.2016 01:00;0,646792;
Anilin;4;06.08.2016 01:00;0,614955;
Anilin;5;06.08.2016 01:00;0,59955;
Anilin;6;06.08.2016 01:00;0,529016;
Anilin;1;06.08.2016 01:00;0,342206;
Anilin;9;06.08.2016 01:00;0,237403;
Anilin;2;06.08.2016 01:00;0,150113;
Natriumchlorid;4;06.08.2016 02:00;1,34608;
Natriumchlorid;7;06.08.2016 02:00;1,24779;
Natriumchlorid;3;06.08.2016 02:00;0,887907;
Natriumchlorid;8;06.08.2016 02:00;0,798723;
Natriumchlorid;1;06.08.2016 02:00;0,643611;
Natriumchlorid;5;06.08.2016 02:00;0,453892;
Natriumchlorid;6;06.08.2016 02:00;0,352519;
Natriumchlorid;2;06.08.2016 02:00;0,213267;
Natriumchlorid;9;06.08.2016 02:00;0,124175;
Arsen;3;06.08.2016 02:00;1,83675;
Arsen;2;06.08.2016 02:00;1,04261;
Arsen;4;06.08.2016 02:00;0,757897;
Arsen;6;06.08.2016 02:00;0,694826;
Arsen;7;06.08.2016 02:00;0,496787;
Arsen;9;06.08.2016 02:00;0,321477;
Arsen;1;06.08.2016 02:00;0,133024;
Arsen;8;06.08.2016 02:00;0,0837842;
Arsen;5;06.08.2016 02:00;0,0190412;
Benzol;4;06.08.2016 02:00;1,09285;
Benzol;3;06.08.2016 02:00;0,942792;
Benzol;7;06.08.2016 02:00;0,800106;
Benzol;9;06.08.2016 02:00;0,387374;
Benzol;6;06.08.2016 02:00;0,385368;
Benzol;8;06.08.2016 02:00;0,325879;
Benzol;1;06.08.2016 02:00;0,287025;
Benzol;5;06.08.2016 02:00;0,246824;
Benzol;2;06.08.2016 02:00;0,151612;
Anilin;3;06.08.2016 02:00;1,74327;
Anilin;8;06.08.2016 02:00;1,16489;
Anilin;4;06.08.2016 02:00;1,14611;
Anilin;7;06.08.2016 02:00;0,907521;
Anilin;6;06.08.2016 02:00;0,882662;
Anilin;5;06.08.2016 02:00;0,407345;
Anilin;1;06.08.2016 02:00;0,407288;
Anilin;9;06.08.2016 02:00;0,0896542;
Anilin;2;06.08.2016 02:00;0,0475364;
Natriumchlorid;9;06.08.2016 03:00;1,5914;
Natriumchlorid;3;06.08.2016 03:00;0,661093;
Natriumchlorid;8;06.08.2016 03:00;0,660183;
Natriumchlorid;4;06.08.2016 03:00;0,563115;
Natriumchlorid;7;06.08.2016 03:00;0,528373;
Natriumchlorid;5;06.08.2016 03:00;0,397951;
Natriumchlorid;2;06.08.2016 03:00;0,11038;
Natriumchlorid;1;06.08.2016 03:00;0,10256;
Natriumchlorid;6;06.08.2016 03:00;0,0804063;
Arsen;3;06.08.2016 03:00;2,86608;
Arsen;4;06.08.2016 03:00;1,06216;
Arsen;8;06.08.2016 03:00;0,829689;
Arsen;1;06.08.2016 03:00;0,667277;
Arsen;7;06.08.2016 03:00;0,587951;
Arsen;6;06.08.2016 03:00;0,298561;
Arsen;5;06.08.2016 03:00;0,170765;
Arsen;2;06.08.2016 03:00;0,104817;
Arsen;9;06.08.2016 03:00;0,100003;
Benzol;7;06.08.2016 03:00;1,42768;
Benzol;4;06.08.2016 03:00;1,04509;
Benzol;8;06.08.2016 03:00;0,715338;
Benzol;1;06.08.2016 03:00;0,635892;
Benzol;6;06.08.2016 03:00;0,550322;
Benzol;2;06.08.2016 03:00;0,466048;
Benzol;5;06.08.2016 03:00;0,113463;
Benzol;9;06.08.2016 03:00;0,107818;
Benzol;3;06.08.2016 03:00;0,0338581;
Anilin;3;06.08.2016 03:00;1,78729;
Anilin;7;06.08.2016 03:00;0,95403;
Anilin;4;06.08.2016 03:00;0,902026;
Anilin;5;06.08.2016 03:00;0,826594;
Anilin;8;06.08.2016 03:00;0,496405;
Anilin;6;06.08.2016 03:00;0,44376;
Anilin;1;06.08.2016 03:00;0,329884;
Anilin;9;06.08.2016 03:00;0,275509;
Anilin;2;06.08.2016 03:00;0,00878133;
Natriumchlorid;9;06.08.2016 04:00;7,28232;
Natriumchlorid;3;06.08.2016 04:00;1,32774;
Natriumchlorid;4;06.08.2016 04:00;1,16059;
Natriumchlorid;5;06.08.2016 04:00;0,440843;
Natriumchlorid;7;06.08.2016 04:00;0,343948;
Natriumchlorid;6;06.08.2016 04:00;0,330732;
Natriumchlorid;8;06.08.2016 04:00;0,208662;
Natriumchlorid;1;06.08.2016 04:00;0,0840881;
Natriumchlorid;2;06.08.2016 04:00;0,0315507;
Arsen;3;06.08.2016 04:00;2,06633;
Arsen;7;06.08.2016 04:00;1,54657;
Arsen;8;06.08.2016 04:00;0,984354;
Arsen;4;06.08.2016 04:00;0,930553;
Arsen;5;06.08.2016 04:00;0,332947;
Arsen;6;06.08.2016 04:00;0,288083;
Arsen;9;06.08.2016 04:00;0,280843;
Arsen;1;06.08.2016 04:00;0,267808;
Arsen;2;06.08.2016 04:00;0,0461208;
Benzol;3;06.08.2016 04:00;1,1129;
Benzol;4;06.08.2016 04:00;0,890846;
Benzol;2;06.08.2016 04:00;0,790288;
Benzol;1;06.08.2016 04:00;0,623155;
Benzol;9;06.08.2016 04:00;0,478465;
Benzol;8;06.08.2016 04:00;0,473187;
Benzol;6;06.08.2016 04:00;0,414571;
Benzol;5;06.08.2016 04:00;0,166557;
Benzol;7;06.08.2016 04:00;0,141371;
Anilin;3;06.08.2016 04:00;2,17209;
Anilin;6;06.08.2016 04:00;0,686385;
Anilin;2;06.08.2016 04:00;0,668353;
Anilin;4;06.08.2016 04:00;0,62641;
Anilin;8;06.08.2016 04:00;0,454374;
Anilin;5;06.08.2016 04:00;0,380267;
Anilin;9;06.08.2016 04:00;0,370171;
Anilin;7;06.08.2016 04:00;0,362789;
Anilin;1;06.08.2016 04:00;0,0844501;
Natriumchlorid;9;06.08.2016 05:00;5,76778;
Natriumchlorid;3;06.08.2016 05:00;2,10268;
Natriumchlorid;4;06.08.2016 05:00;0,888154;
Natriumchlorid;2;06.08.2016 05:00;0,568481;
Natriumchlorid;5;06.08.2016 05:00;0,429621;
Natriumchlorid;6;06.08.2016 05:00;0,364075;
Natriumchlorid;7;06.08.2016 05:00;0,233358;
Natriumchlorid;8;06.08.2016 05:00;0,18869;
Natriumchlorid;1;06.08.2016 05:00;0,0112556;
Arsen;3;06.08.2016 05:00;2,79679;
Arsen;4;06.08.2016 05:00;0,986687;
Arsen;5;06.08.2016 05:00;0,498203;
Arsen;2;06.08.2016 05:00;0,260279;
Arsen;6;06.08.2016 05:00;0,240529;
Arsen;9;06.08.2016 05:00;0,13957;
Arsen;1;06.08.2016 05:00;0,122219;
Arsen;8;06.08.2016 05:00;0,0527949;
Arsen;7;06.08.2016 05:00;0,00408124;
Benzol;4;06.08.2016 05:00;0,964262;
Benzol;7;06.08.2016 05:00;0,354612;
Benzol;3;06.08.2016 05:00;0,354383;
Benzol;6;06.08.2016 05:00;0,331284;
Benzol;8;06.08.2016 05:00;0,288226;
Benzol;1;06.08.2016 05:00;0,265786;
Benzol;9;06.08.2016 05:00;0,103558;
Benzol;5;06.08.2016 05:00;0,0572956;
Benzol;2;06.08.2016 05:00;0,0384146;
Anilin;3;06.08.2016 05:00;2,01876;
Anilin;4;06.08.2016 05:00;0,938447;
Anilin;7;06.08.2016 05:00;0,792489;
Anilin;5;06.08.2016 05:00;0,556929;
Anilin;8;06.08.2016 05:00;0,553814;
Anilin;6;06.08.2016 05:00;0,500969;
Anilin;1;06.08.2016 05:00;0,367854;
Anilin;9;06.08.2016 05:00;0,359913;
Anilin;2;06.08.2016 05:00;0,112857;
Natriumchlorid;9;06.08.2016 06:00;7,80927;
Natriumchlorid;5;06.08.2016 06:00;2,99432;
Natriumchlorid;4;06.08.2016 06:00;1,00951;
Natriumchlorid;6;06.08.2016 06:00;0,729228;
Natriumchlorid;3;06.08.2016 06:00;0,687881;
Natriumchlorid;8;06.08.2016 06:00;0,498712;
Natriumchlorid;7;06.08.2016 06:00;0,386791;
Natriumchlorid;1;06.08.2016 06:00;0,311416;
Natriumchlorid;5;06.08.2016 06:00;0,274737;
Natriumchlorid;2;06.08.2016 06:00;0,144891;
Arsen;3;06.08.2016 06:00;1,80969;
Arsen;4;06.08.2016 06:00;0,899065;
Arsen;5;06.08.2016 06:00;0,682669;
Arsen;1;06.08.2016 06:00;0,395798;
Arsen;2;06.08.2016 06:00;0,317119;
Arsen;7;06.08.2016 06:00;0,272584;
Arsen;6;06.08.2016 06:00;0,203435;
Arsen;8;06.08.2016 06:00;0,102512;
Arsen;9;06.08.2016 06:00;0,0962749;
Benzol;3;06.08.2016 06:00;1,02645;
Benzol;4;06.08.2016 06:00;0,888727;
Benzol;6;06.08.2016 06:00;0,764766;
Benzol;1;06.08.2016 06:00;0,653241;
Benzol;7;06.08.2016 06:00;0,537749;
Benzol;5;06.08.2016 06:00;0,372134;
Benzol;8;06.08.2016 06:00;0,190197;
Benzol;2;06.08.2016 06:00;0,0415306;
Benzol;9;06.08.2016 06:00;0,0142187;
Anilin;4;06.08.2016 06:00;1,25675;
Anilin;7;06.08.2016 06:00;1,1379;
Anilin;3;06.08.2016 06:00;0,820812;
Anilin;2;06.08.2016 06:00;0,583232;
Anilin;6;06.08.2016 06:00;0,428531;
Anilin;8;06.08.2016 06:00;0,265421;
Anilin;9;06.08.2016 06:00;0,0344201;
Anilin;1;06.08.2016 06:00;0,030244;
Natriumchlorid;5;06.08.2016 07:00;10,87348;
Natriumchlorid;9;06.08.2016 07:00;4,14655;
Natriumchlorid;3;06.08.2016 07:00;2,03075;
Natriumchlorid;5;06.08.2016 07:00;1,94442;
Natriumchlorid;4;06.08.2016 07:00;0,752229;
Natriumchlorid;2;06.08.2016 07:00;0,651059;
Natriumchlorid;1;06.08.2016 07:00;0,476622;
Natriumchlorid;7;06.08.2016 07:00;0,44555;
Natriumchlorid;8;06.08.2016 07:00;0,323917;
Natriumchlorid;6;06.08.2016 07:00;0,302698;
Arsen;3;06.08.2016 07:00;2,06939;
Arsen;4;06.08.2016 07:00;1,11548;
Arsen;7;06.08.2016 07:00;0,675952;
Arsen;8;06.08.2016 07:00;0,548063;
Arsen;6;06.08.2016 07:00;0,333584;
Arsen;1;06.08.2016 07:00;0,198218;
Arsen;2;06.08.2016 07:00;0,152182;
Arsen;5;06.08.2016 07:00;0,119392;
Arsen;9;06.08.2016 07:00;0,0193084;
Benzol;4;06.08.2016 07:00;1,06041;
Benzol;6;06.08.2016 07:00;0,811806;
Benzol;3;06.08.2016 07:00;0,679621;
Benzol;5;06.08.2016 07:00;0,496807;
Benzol;8;06.08.2016 07:00;0,49512;
Benzol;2;06.08.2016 07:00;0,368549;
Benzol;7;06.08.2016 07:00;0,34;
Benzol;1;06.08.2016 07:00;0,311381;
Benzol;9;06.08.2016 07:00;0,105034;
Anilin;4;06.08.2016 07:00;1,30114;
Anilin;3;06.08.2016 07:00;1,02274;
Anilin;8;06.08.2016 07:00;0,127928;
Anilin;2;06.08.2016 07:00;0,104883;
Anilin;1;06.08.2016 07:00;0,0620565;
Anilin;6;06.08.2016 07:00;0,0265851;
Anilin;7;06.08.2016 07:00;0,0120419;
Anilin;9;06.08.2016 07:00;0,00811754;
Natriumchlorid;5;06.08.2016 08:00;32,01829;
Natriumchlorid;5;06.08.2016 08:00;3,47444;
Natriumchlorid;7;06.08.2016 08:00;1,69381;
Natriumchlorid;4;06.08.2016 08:00;1,16866;
Natriumchlorid;3;06.08.2016 08:00;1,16304;
Natriumchlorid;8;06.08.2016 08:00;0,424112;
Natriumchlorid;1;06.08.2016 08:00;0,193428;
Natriumchlorid;6;06.08.2016 08:00;0,100608;
Natriumchlorid;9;06.08.2016 08:00;0,0750641;
Natriumchlorid;2;06.08.2016 08:00;0,0397237;
Arsen;3;06.08.2016 08:00;1,60216;
Arsen;4;06.08.2016 08:00;1,09125;
Arsen;7;06.08.2016 08:00;0,716663;
Arsen;8;06.08.2016 08:00;0,398973;
Arsen;6;06.08.2016 08:00;0,345517;
Arsen;1;06.08.2016 08:00;0,248394;
Arsen;5;06.08.2016 08:00;0,127695;
Arsen;2;06.08.2016 08:00;0,100689;
Arsen;9;06.08.2016 08:00;0,0833816;
Benzol;3;06.08.2016 08:00;1,1329;
Benzol;8;06.08.2016 08:00;0,966195;
Benzol;4;06.08.2016 08:00;0,943848;
Benzol;7;06.08.2016 08:00;0,616997;
Benzol;6;06.08.2016 08:00;0,458639;
Benzol;5;06.08.2016 08:00;0,240026;
Benzol;9;06.08.2016 08:00;0,144584;
Benzol;2;06.08.2016 08:00;0,0684046;
Benzol;1;06.08.2016 08:00;0,0120088;
Anilin;7;06.08.2016 08:00;1,44053;
Anilin;4;06.08.2016 08:00;0,966653;
Anilin;6;06.08.2016 08:00;0,320732;
Anilin;3;06.08.2016 08:00;0,313219;
Anilin;9;06.08.2016 08:00;0,291385;
Anilin;1;06.08.2016 08:00;0,266811;
Anilin;8;06.08.2016 08:00;0,115706;
Anilin;2;06.08.2016 08:00;0,0377492;
Natriumchlorid;4;06.08.2016 09:00;1,06744;
Natriumchlorid;7;06.08.2016 09:00;0,804699;
Natriumchlorid;5;06.08.2016 09:00;0,753164;
Natriumchlorid;3;06.08.2016 09:00;0,433343;
Natriumchlorid;6;06.08.2016 09:00;0,38569;
Natriumchlorid;9;06.08.2016 09:00;0,205302;
Natriumchlorid;1;06.08.2016 09:00;0,17099;
Natriumchlorid;2;06.08.2016 09:00;0,162719;
Natriumchlorid;8;06.08.2016 09:00;0,0108242;
Arsen;4;06.08.2016 09:00;1,23989;
Arsen;3;06.08.2016 09:00;0,938496;
Arsen;2;06.08.2016 09:00;0,772941;
Arsen;7;06.08.2016 09:00;0,568489;
Arsen;8;06.08.2016 09:00;0,506967;
Arsen;5;06.08.2016 09:00;0,427848;
Arsen;1;06.08.2016 09:00;0,42153;
Arsen;9;06.08.2016 09:00;0,370084;
Arsen;6;06.08.2016 09:00;0,147038;
Benzol;4;06.08.2016 09:00;1,0302;
Benzol;8;06.08.2016 09:00;0,734274;
Benzol;6;06.08.2016 09:00;0,570325;
Benzol;3;06.08.2016 09:00;0,486318;
Benzol;2;06.08.2016 09:00;0,308744;
Benzol;9;06.08.2016 09:00;0,157653;
Benzol;1;06.08.2016 09:00;0,0941339;
Benzol;7;06.08.2016 09:00;0,0892945;
Benzol;5;06.08.2016 09:00;0,0627296;
Anilin;3;06.08.2016 09:00;3,18449;
Anilin;4;06.08.2016 09:00;1,1722;
Anilin;5;06.08.2016 09:00;0,573556;
Anilin;8;06.08.2016 09:00;0,564146;
Anilin;6;06.08.2016 09:00;0,432478;
Anilin;1;06.08.2016 09:00;0,362389;
Anilin;9;06.08.2016 09:00;0,225625;
Anilin;2;06.08.2016 09:00;0,166961;
Anilin;7;06.08.2016 09:00;0,0561659;
Natriumchlorid;3;06.08.2016 10:00;1,72823;
Natriumchlorid;8;06.08.2016 10:00;1,13034;
Natriumchlorid;4;06.08.2016 10:00;0,652407;
Natriumchlorid;2;06.08.2016 10:00;0,477559;
Natriumchlorid;7;06.08.2016 10:00;0,429242;
Natriumchlorid;1;06.08.2016 10:00;0,329412;
Natriumchlorid;6;06.08.2016 10:00;0,273648;
Natriumchlorid;9;06.08.2016 10:00;0,194132;
Natriumchlorid;5;06.08.2016 10:00;0,0154291;
Arsen;3;06.08.2016 10:00;2,68495;
Arsen;2;06.08.2016 10:00;1,1452;
Arsen;4;06.08.2016 10:00;1,03243;
Arsen;9;06.08.2016 10:00;0,548427;
Arsen;1;06.08.2016 10:00;0,306518;
Arsen;8;06.08.2016 10:00;0,132208;
Arsen;5;06.08.2016 10:00;0,0929425;
Arsen;6;06.08.2016 10:00;0,0718531;
Arsen;7;06.08.2016 10:00;0,00581793;
Benzol;5;06.08.2016 10:00;6,75136;
Benzol;4;06.08.2016 10:00;0,930976;
Benzol;3;06.08.2016 10:00;0,823635;
Benzol;8;06.08.2016 10:00;0,557742;
Benzol;6;06.08.2016 10:00;0,32523;
Benzol;1;06.08.2016 10:00;0,245077;
Benzol;9;06.08.2016 10:00;0,167711;
Benzol;2;06.08.2016 10:00;0,0515432;
Benzol;7;06.08.2016 10:00;0,0448852;
Anilin;4;06.08.2016 10:00;0,805753;
Anilin;3;06.08.2016 10:00;0,600055;
Anilin;6;06.08.2016 10:00;0,530337;
Anilin;8;06.08.2016 10:00;0,443583;
Anilin;1;06.08.2016 10:00;0,204368;
Anilin;7;06.08.2016 10:00;0,196812;
Anilin;9;06.08.2016 10:00;0,159432;
Anilin;2;06.08.2016 10:00;0,131786;
Anilin;5;06.08.2016 10:00;0,106386;
Natriumchlorid;4;06.08.2016 11:00;1,11317;
Natriumchlorid;3;06.08.2016 11:00;0,624369;
Natriumchlorid;2;06.08.2016 11:00;0,416637;
Natriumchlorid;1;06.08.2016 11:00;0,39751;
Natriumchlorid;8;06.08.2016 11:00;0,375705;
Natriumchlorid;9;06.08.2016 11:00;0,324007;
Natriumchlorid;6;06.08.2016 11:00;0,297324;
Natriumchlorid;5;06.08.2016 11:00;0,243373;
Natriumchlorid;7;06.08.2016 11:00;0,0586527;
Arsen;2;06.08.2016 11:00;1,028;
Arsen;6;06.08.2016 11:00;0,725894;
Arsen;3;06.08.2016 11:00;0,706498;
Arsen;4;06.08.2016 11:00;0,655281;
Arsen;9;06.08.2016 11:00;0,646522;
Arsen;8;06.08.2016 11:00;0,617386;
Arsen;5;06.08.2016 11:00;0,449255;
Arsen;7;06.08.2016 11:00;0,309426;
Arsen;1;06.08.2016 11:00;0,25765;
Benzol;5;06.08.2016 11:00;2,56596;
Benzol;3;06.08.2016 11:00;2,1159;
Benzol;8;06.08.2016 11:00;0,972343;
Benzol;4;06.08.2016 11:00;0,800814;
Benzol;7;06.08.2016 11:00;0,358709;
Benzol;2;06.08.2016 11:00;0,236563;
Benzol;1;06.08.2016 11:00;0,154421;
Benzol;9;06.08.2016 11:00;0,101387;
Benzol;6;06.08.2016 11:00;0,0761678;
Anilin;4;06.08.2016 11:00;1,30119;
Anilin;1;06.08.2016 11:00;0,473783;
Anilin;6;06.08.2016 11:00;0,355598;
Anilin;3;06.08.2016 11:00;0,324905;
Anilin;7;06.08.2016 11:00;0,260805;
Anilin;9;06.08.2016 11:00;0,236516;
Anilin;8;06.08.2016 11:00;0,213742;
Anilin;2;06.08.2016 11:00;0,117239;
Anilin;5;06.08.2016 11:00;0,111641;
Natriumchlorid;3;06.08.2016 12:00;0,99935;
Natriumchlorid;4;06.08.2016 12:00;0,969474;
Natriumchlorid;5;06.08.2016 12:00;0,462609;
Natriumchlorid;7;06.08.2016 12:00;0,439424;
Natriumchlorid;6;06.08.2016 12:00;0,265721;
Natriumchlorid;1;06.08.2016 12:00;0,170309;
Natriumchlorid;8;06.08.2016 12:00;0,0890683;
Natriumchlorid;9;06.08.2016 12:00;0,0596394;
Natriumchlorid;2;06.08.2016 12:00;0,0381818;
Arsen;4;06.08.2016 12:00;0,90577;
Arsen;3;06.08.2016 12:00;0,901737;
Arsen;8;06.08.2016 12:00;0,615898;
Arsen;7;06.08.2016 12:00;0,586059;
Arsen;6;06.08.2016 12:00;0,493342;
Arsen;2;06.08.2016 12:00;0,424013;
Arsen;5;06.08.2016 12:00;0,411227;
Arsen;1;06.08.2016 12:00;0,089534;
Arsen;9;06.08.2016 12:00;0,0893594;
Benzol;3;06.08.2016 12:00;2,92209;
Benzol;4;06.08.2016 12:00;0,924327;
Benzol;8;06.08.2016 12:00;0,84323;
Benzol;6;06.08.2016 12:00;0,553487;
Benzol;5;06.08.2016 12:00;0,323745;
Benzol;9;06.08.2016 12:00;0,22833;
Benzol;1;06.08.2016 12:00;0,156;
Benzol;7;06.08.2016 12:00;0,134605;
Benzol;2;06.08.2016 12:00;0,0391113;
Anilin;4;06.08.2016 12:00;0,799579;
Anilin;5;06.08.2016 12:00;0,50875;
Anilin;8;06.08.2016 12:00;0,463128;
Anilin;7;06.08.2016 12:00;0,419848;
Anilin;1;06.08.2016 12:00;0,230619;
Anilin;6;06.08.2016 12:00;0,206316;
Anilin;3;06.08.2016 12:00;0,11591;
Anilin;2;06.08.2016 12:00;0,113671;
Anilin;9;06.08.2016 12:00;0,0114367;
Natriumchlorid;3;06.08.2016 13:00;1,41728;
Natriumchlorid;4;06.08.2016 13:00;1,13512;
Natriumchlorid;5;06.08.2016 13:00;0,936969;
Natriumchlorid;6;06.08.2016 13:00;0,696377;
Natriumchlorid;2;06.08.2016 13:00;0,596567;
Natriumchlorid;9;06.08.2016 13:00;0,320045;
Natriumchlorid;8;06.08.2016 13:00;0,19997;
Natriumchlorid;7;06.08.2016 13:00;0,145988;
Natriumchlorid;1;06.08.2016 13:00;0,061026;
Arsen;8;06.08.2016 13:00;1,0444;
Arsen;4;06.08.2016 13:00;0,869436;
Arsen;7;06.08.2016 13:00;0,798898;
Arsen;6;06.08.2016 13:00;0,353557;
Arsen;2;06.08.2016 13:00;0,268901;
Arsen;9;06.08.2016 13:00;0,240069;
Arsen;3;06.08.2016 13:00;0,222917;
Arsen;1;06.08.2016 13:00;0,175266;
Arsen;5;06.08.2016 13:00;0,0489775;
Benzol;9;06.08.2016 13:00;1,0876;
Benzol;4;06.08.2016 13:00;0,978716;
Benzol;3;06.08.2016 13:00;0,690438;
Benzol;8;06.08.2016 13:00;0,682406;
Benzol;2;06.08.2016 13:00;0,421441;
Benzol;6;06.08.2016 13:00;0,400895;
Benzol;5;06.08.2016 13:00;0,329112;
Benzol;1;06.08.2016 13:00;0,211719;
Benzol;7;06.08.2016 13:00;0,0336009;
Anilin;4;06.08.2016 13:00;0,992341;
Anilin;5;06.08.2016 13:00;0,800609;
Anilin;3;06.08.2016 13:00;0,513224;
Anilin;7;06.08.2016 13:00;0,500223;
Anilin;8;06.08.2016 13:00;0,479575;
Anilin;6;06.08.2016 13:00;0,467144;
Anilin;2;06.08.2016 13:00;0,194385;
Anilin;1;06.08.2016 13:00;0,11851;
Anilin;9;06.08.2016 13:00;0,010072;
Natriumchlorid;4;06.08.2016 14:00;1,07398;
Natriumchlorid;7;06.08.2016 14:00;0,871952;
Natriumchlorid;9;06.08.2016 14:00;0,529288;
Natriumchlorid;1;06.08.2016 14:00;0,483473;
Natriumchlorid;6;06.08.2016 14:00;0,423994;
Natriumchlorid;8;06.08.2016 14:00;0,420986;
Natriumchlorid;3;06.08.2016 14:00;0,14214;
Natriumchlorid;2;06.08.2016 14:00;0,123138;
Natriumchlorid;5;06.08.2016 14:00;0,105529;
Arsen;3;06.08.2016 14:00;1,64269;
Arsen;4;06.08.2016 14:00;1,0291;
Arsen;5;06.08.2016 14:00;0,596459;
Arsen;6;06.08.2016 14:00;0,549836;
Arsen;8;06.08.2016 14:00;0,366163;
Arsen;9;06.08.2016 14:00;0,180792;
Arsen;2;06.08.2016 14:00;0,165487;
Arsen;7;06.08.2016 14:00;0,128909;
Arsen;1;06.08.2016 14:00;0,0130278;
Benzol;3;06.08.2016 14:00;2,03923;
Benzol;4;06.08.2016 14:00;1,16567;
Benzol;8;06.08.2016 14:00;0,937434;
Benzol;1;06.08.2016 14:00;0,446001;
Benzol;9;06.08.2016 14:00;0,424435;
Benzol;5;06.08.2016 14:00;0,171629;
Benzol;6;06.08.2016 14:00;0,134696;
Benzol;7;06.08.2016 14:00;0,012454;
Benzol;2;06.08.2016 14:00;0,0110598;
Anilin;3;06.08.2016 14:00;3,01622;
Anilin;7;06.08.2016 14:00;1,76439;
Anilin;4;06.08.2016 14:00;0,814187;
Anilin;2;06.08.2016 14:00;0,764201;
Anilin;5;06.08.2016 14:00;0,737563;
Anilin;6;06.08.2016 14:00;0,452074;
Anilin;9;06.08.2016 14:00;0,413541;
Anilin;8;06.08.2016 14:00;0,351242;
Anilin;1;06.08.2016 14:00;0,196714;
Natriumchlorid;6;06.08.2016 15:00;19,4659;
Natriumchlorid;6;06.08.2016 15:00;2,24913;
Natriumchlorid;3;06.08.2016 15:00;0,909782;
Natriumchlorid;4;06.08.2016 15:00;0,79399;
Natriumchlorid;2;06.08.2016 15:00;0,60752;
Natriumchlorid;8;06.08.2016 15:00;0,465235;
Natriumchlorid;9;06.08.2016 15:00;0,278623;
Natriumchlorid;7;06.08.2016 15:00;0,263195;
Natriumchlorid;5;06.08.2016 15:00;0,0686727;
Natriumchlorid;1;06.08.2016 15:00;0,00746225;
Arsen;4;06.08.2016 15:00;0,812127;
Arsen;3;06.08.2016 15:00;0,591341;
Arsen;2;06.08.2016 15:00;0,445609;
Arsen;8;06.08.2016 15:00;0,3447;
Arsen;7;06.08.2016 15:00;0,334541;
Arsen;6;06.08.2016 15:00;0,311358;
Arsen;1;06.08.2016 15:00;0,252137;
Arsen;5;06.08.2016 15:00;0,170543;
Arsen;9;06.08.2016 15:00;0,103988;
Benzol;7;06.08.2016 15:00;2,07539;
Benzol;4;06.08.2016 15:00;1,23628;
Benzol;2;06.08.2016 15:00;0,571659;
Benzol;6;06.08.2016 15:00;0,553199;
Benzol;3;06.08.2016 15:00;0,532828;
Benzol;1;06.08.2016 15:00;0,30643;
Benzol;9;06.08.2016 15:00;0,29863;
Benzol;8;06.08.2016 15:00;0,252625;
Benzol;5;06.08.2016 15:00;0,164798;
Anilin;2;06.08.2016 15:00;1,53389;
Anilin;3;06.08.2016 15:00;0,873944;
Anilin;8;06.08.2016 15:00;0,780529;
Anilin;4;06.08.2016 15:00;0,726646;
Anilin;7;06.08.2016 15:00;0,556022;
Anilin;1;06.08.2016 15:00;0,286352;
Anilin;9;06.08.2016 15:00;0,174896;
Anilin;5;06.08.2016 15:00;0,0392551;
Natriumchlorid;6;06.08.2016 16:00;38,57752;
Natriumchlorid;6;06.08.2016 16:00;4,06424;
Natriumchlorid;7;06.08.2016 16:00;0,658076;
Natriumchlorid;4;06.08.2016 16:00;0,652337;
Natriumchlorid;2;06.08.2016 16:00;0,628655;
Natriumchlorid;8;06.08.2016 16:00;0,611803;
Natriumchlorid;3;06.08.2016 16:00;0,168019;
Natriumchlorid;1;06.08.2016 16:00;0,132596;
Natriumchlorid;9;06.08.2016 16:00;0,0308689;
Natriumchlorid;5;06.08.2016 16:00;0,0198796;
Arsen;8;06.08.2016 16:00;1,18361;
Arsen;4;06.08.2016 16:00;0,905137;
Arsen;7;06.08.2016 16:00;0,590051;
Arsen;9;06.08.2016 16:00;0,490849;
Arsen;3;06.08.2016 16:00;0,285906;
Arsen;1;06.08.2016 16:00;0,141169;
Arsen;6;06.08.2016 16:00;0,0746246;
Arsen;2;06.08.2016 16:00;0,061529;
Arsen;5;06.08.2016 16:00;0,0609803;
Benzol;3;06.08.2016 16:00;2,72128;
Benzol;2;06.08.2016 16:00;0,639293;
Benzol;8;06.08.2016 16:00;0,59619;
Benzol;4;06.08.2016 16:00;0,559557;
Benzol;6;06.08.2016 16:00;0,445909;
Benzol;1;06.08.2016 16:00;0,215292;
Benzol;9;06.08.2016 16:00;0,176037;
Benzol;7;06.08.2016 16:00;0,159925;
Benzol;5;06.08.2016 16:00;0,124726;
Anilin;4;06.08.2016 16:00;1,46406;
Anilin;5;06.08.2016 16:00;0,837359;
Anilin;8;06.08.2016 16:00;0,792634;
Anilin;2;06.08.2016 16:00;0,686866;
Anilin;3;06.08.2016 16:00;0,349014;
Anilin;1;06.08.2016 16:00;0,122137;
Anilin;9;06.08.2016 16:00;0,120749;
Anilin;7;06.08.2016 16:00;0,11203;
Natriumchlorid;3;06.08.2016 17:00;2,04397;
Natriumchlorid;4;06.08.2016 17:00;0,970758;
Natriumchlorid;7;06.08.2016 17:00;0,761638;
Natriumchlorid;2;06.08.2016 17:00;0,741247;
Natriumchlorid;9;06.08.2016 17:00;0,517473;
Natriumchlorid;5;06.08.2016 17:00;0,364349;
Natriumchlorid;8;06.08.2016 17:00;0,264125;
Natriumchlorid;1;06.08.2016 17:00;0,182052;
Natriumchlorid;6;06.08.2016 17:00;0,0262183;
Arsen;4;06.08.2016 17:00;1,11924;
Arsen;8;06.08.2016 17:00;0,771249;
Arsen;6;06.08.2016 17:00;0,662003;
Arsen;5;06.08.2016 17:00;0,594443;
Arsen;2;06.08.2016 17:00;0,549998;
Arsen;7;06.08.2016 17:00;0,446252;
Arsen;1;06.08.2016 17:00;0,444444;
Arsen;9;06.08.2016 17:00;0,336704;
Arsen;3;06.08.2016 17:00;0,121262;
Benzol;3;06.08.2016 17:00;1,34371;
Benzol;8;06.08.2016 17:00;0,88129;
Benzol;4;06.08.2016 17:00;0,769131;
Benzol;7;06.08.2016 17:00;0,702004;
Benzol;6;06.08.2016 17:00;0,673043;
Benzol;5;06.08.2016 17:00;0,661506;
Benzol;9;06.08.2016 17:00;0,305585;
Benzol;1;06.08.2016 17:00;0,124146;
Benzol;2;06.08.2016 17:00;0,114986;
Anilin;2;06.08.2016 17:00;1,06917;
Anilin;4;06.08.2016 17:00;0,825705;
Anilin;3;06.08.2016 17:00;0,643661;
Anilin;5;06.08.2016 17:00;0,35518;
Anilin;9;06.08.2016 17:00;0,293616;
Anilin;6;06.08.2016 17:00;0,228992;
Anilin;7;06.08.2016 17:00;0,150768;
Anilin;1;06.08.2016 17:00;0,0718825;
Anilin;8;06.08.2016 17:00;0,0492134;
Natriumchlorid;4;06.08.2016 18:00;1,08306;
Natriumchlorid;8;06.08.2016 18:00;1,05052;
Natriumchlorid;1;06.08.2016 18:00;0,803148;
Natriumchlorid;7;06.08.2016 18:00;0,794061;
Natriumchlorid;6;06.08.2016 18:00;0,690015;
Natriumchlorid;9;06.08.2016 18:00;0,480251;
Natriumchlorid;3;06.08.2016 18:00;0,365509;
Natriumchlorid;2;06.08.2016 18:00;0,0834237;
Natriumchlorid;5;06.08.2016 18:00;0,0614045;
Arsen;7;06.08.2016 18:00;1,18598;
Arsen;4;06.08.2016 18:00;0,906913;
Arsen;6;06.08.2016 18:00;0,849916;
Arsen;5;06.08.2016 18:00;0,788551;
Arsen;8;06.08.2016 18:00;0,634289;
Arsen;1;06.08.2016 18:00;0,533453;
Arsen;3;06.08.2016 18:00;0,22959;
Arsen;2;06.08.2016 18:00;0,206411;
Arsen;9;06.08.2016 18:00;0,0519811;
Benzol;4;06.08.2016 18:00;0,943179;
Benzol;3;06.08.2016 18:00;0,58735;
Benzol;8;06.08.2016 18:00;0,478046;
Benzol;2;06.08.2016 18:00;0,457203;
Benzol;6;06.08.2016 18:00;0,448978;
Benzol;7;06.08.2016 18:00;0,429452;
Benzol;1;06.08.2016 18:00;0,15754;
Benzol;9;06.08.2016 18:00;0,136375;
Benzol;5;06.08.2016 18:00;0,0242766;
Anilin;3;06.08.2016 18:00;1,29739;
Anilin;4;06.08.2016 18:00;1,16653;
Anilin;7;06.08.2016 18:00;0,805733;
Anilin;5;06.08.2016 18:00;0,488992;
Anilin;2;06.08.2016 18:00;0,4098;
Anilin;8;06.08.2016 18:00;0,296298;
Anilin;6;06.08.2016 18:00;0,262696;
Anilin;1;06.08.2016 18:00;0,139617;
Anilin;9;06.08.2016 18:00;0,12811;
Natriumchlorid;3;06.08.2016 19:00;1,43155;
Natriumchlorid;4;06.08.2016 19:00;1,41531;
Natriumchlorid;6;06.08.2016 19:00;0,570986;
Natriumchlorid;1;06.08.2016 19:00;0,490585;
Natriumchlorid;5;06.08.2016 19:00;0,431397;
Natriumchlorid;2;06.08.2016 19:00;0,368873;
Natriumchlorid;8;06.08.2016 19:00;0,275675;
Natriumchlorid;9;06.08.2016 19:00;0,257618;
Natriumchlorid;7;06.08.2016 19:00;0,029047;
Arsen;7;06.08.2016 19:00;1,36803;
Arsen;4;06.08.2016 19:00;1,34759;
Arsen;3;06.08.2016 19:00;0,594549;
Arsen;1;06.08.2016 19:00;0,497206;
Arsen;6;06.08.2016 19:00;0,299881;
Arsen;5;06.08.2016 19:00;0,215364;
Arsen;9;06.08.2016 19:00;0,106111;
Arsen;2;06.08.2016 19:00;0,104754;
Arsen;8;06.08.2016 19:00;0,0727474;
Benzol;6;06.08.2016 19:00;2,81475;
Benzol;3;06.08.2016 19:00;2,04618;
Benzol;4;06.08.2016 19:00;1,0771;
Benzol;7;06.08.2016 19:00;0,597526;
Benzol;2;06.08.2016 19:00;0,588593;
Benzol;8;06.08.2016 19:00;0,534741;
Benzol;5;06.08.2016 19:00;0,495161;
Benzol;1;06.08.2016 19:00;0,248489;
Benzol;9;06.08.2016 19:00;0,0032466;
Anilin;3;06.08.2016 19:00;1,55773;
Anilin;7;06.08.2016 19:00;1,5354;
Anilin;5;06.08.2016 19:00;1,18563;
Anilin;4;06.08.2016 19:00;1,036;
Anilin;8;06.08.2016 19:00;0,78;
Anilin;6;06.08.2016 19:00;0,208093;
Anilin;2;06.08.2016 19:00;0,0836641;
Anilin;1;06.08.2016 19:00;0,074804;
Anilin;9;06.08.2016 19:00;0,0478243;
Natriumchlorid;4;06.08.2016 20:00;1,11456;
Natriumchlorid;8;06.08.2016 20:00;0,609553;
Natriumchlorid;5;06.08.2016 20:00;0,597562;
Natriumchlorid;6;06.08.2016 20:00;0,469398;
Natriumchlorid;7;06.08.2016 20:00;0,459921;
Natriumchlorid;2;06.08.2016 20:00;0,366312;
Natriumchlorid;1;06.08.2016 20:00;0,291419;
Natriumchlorid;9;06.08.2016 20:00;0,194055;
Natriumchlorid;3;06.08.2016 20:00;0,14791;
Arsen;3;06.08.2016 20:00;3,15957;
Arsen;4;06.08.2016 20:00;0,934231;
Arsen;2;06.08.2016 20:00;0,643455;
Arsen;6;06.08.2016 20:00;0,506941;
Arsen;8;06.08.2016 20:00;0,460433;
Arsen;5;06.08.2016 20:00;0,349694;
Arsen;1;06.08.2016 20:00;0,177439;
Arsen;7;06.08.2016 20:00;0,0728443;
Arsen;9;06.08.2016 20:00;0,0299822;
Benzol;6;06.08.2016 20:00;4,33439;
Benzol;3;06.08.2016 20:00;1,82665;
Benzol;4;06.08.2016 20:00;0,819608;
Benzol;8;06.08.2016 20:00;0,383916;
Benzol;7;06.08.2016 20:00;0,379347;
Benzol;1;06.08.2016 20:00;0,350525;
Benzol;2;06.08.2016 20:00;0,142015;
Benzol;5;06.08.2016 20:00;0,106686;
Benzol;9;06.08.2016 20:00;0,101404;
Anilin;4;06.08.2016 20:00;1,1538;
Anilin;8;06.08.2016 20:00;0,985245;
Anilin;2;06.08.2016 20:00;0,528451;
Anilin;6;06.08.2016 20:00;0,340785;
Anilin;3;06.08.2016 20:00;0,213068;
Anilin;9;06.08.2016 20:00;0,192387;
Anilin;7;06.08.2016 20:00;0,140878;
Anilin;1;06.08.2016 20:00;0,0884764;
Anilin;5;06.08.2016 20:00;0,0137989;
Natriumchlorid;3;06.08.2016 21:00;1,45588;
Natriumchlorid;4;06.08.2016 21:00;0,901991;
Natriumchlorid;7;06.08.2016 21:00;0,755857;
Natriumchlorid;5;06.08.2016 21:00;0,270429;
Natriumchlorid;1;06.08.2016 21:00;0,206802;
Natriumchlorid;2;06.08.2016 21:00;0,165733;
Natriumchlorid;8;06.08.2016 21:00;0,139439;
Natriumchlorid;6;06.08.2016 21:00;0,120522;
Natriumchlorid;9;06.08.2016 21:00;0,0333833;
Arsen;8;06.08.2016 21:00;0,821017;
Arsen;6;06.08.2016 21:00;0,714383;
Arsen;2;06.08.2016 21:00;0,640133;
Arsen;3;06.08.2016 21:00;0,565252;
Arsen;4;06.08.2016 21:00;0,428546;
Arsen;9;06.08.2016 21:00;0,195203;
Arsen;1;06.08.2016 21:00;0,192371;
Arsen;5;06.08.2016 21:00;0,163517;
Arsen;7;06.08.2016 21:00;0,113235;
Benzol;3;06.08.2016 21:00;1,26449;
Benzol;4;06.08.2016 21:00;1,18436;
Benzol;6;06.08.2016 21:00;0,55016;
Benzol;7;06.08.2016 21:00;0,436436;
Benzol;2;06.08.2016 21:00;0,198179;
Benzol;9;06.08.2016 21:00;0,112571;
Benzol;8;06.08.2016 21:00;0,103348;
Benzol;1;06.08.2016 21:00;0,0836356;
Benzol;5;06.08.2016 21:00;0,0581176;
Anilin;4;06.08.2016 21:00;1,28335;
Anilin;7;06.08.2016 21:00;0,902402;
Anilin;3;06.08.2016 21:00;0,692391;
Anilin;6;06.08.2016 21:00;0,511649;
Anilin;5;06.08.2016 21:00;0,494552;
Anilin;8;06.08.2016 21:00;0,260001;
Anilin;1;06.08.2016 21:00;0,107646;
Anilin;2;06.08.2016 21:00;0,097972;
Anilin;9;06.08.2016 21:00;0,0403613;
Natriumchlorid;3;06.08.2016 22:00;1,29648;
Natriumchlorid;4;06.08.2016 22:00;1,14242;
Natriumchlorid;2;06.08.2016 22:00;0,753404;
Natriumchlorid;8;06.08.2016 22:00;0,575632;
Natriumchlorid;1;06.08.2016 22:00;0,33047;
Natriumchlorid;7;06.08.2016 22:00;0,269952;
Natriumchlorid;6;06.08.2016 22:00;0,109415;
Natriumchlorid;5;06.08.2016 22:00;0,108534;
Natriumchlorid;9;06.08.2016 22:00;0,0697016;
Arsen;3;06.08.2016 22:00;1,64211;
Arsen;4;06.08.2016 22:00;1,22836;
Arsen;7;06.08.2016 22:00;0,647253;
Arsen;9;06.08.2016 22:00;0,565331;
Arsen;8;06.08.2016 22:00;0,559629;
Arsen;5;06.08.2016 22:00;0,506262;
Arsen;6;06.08.2016 22:00;0,419853;
Arsen;1;06.08.2016 22:00;0,405179;
Arsen;2;06.08.2016 22:00;0,00931352;
Benzol;3;06.08.2016 22:00;4,23786;
Benzol;4;06.08.2016 22:00;1,44652;
Benzol;2;06.08.2016 22:00;0,750313;
Benzol;6;06.08.2016 22:00;0,537963;
Benzol;7;06.08.2016 22:00;0,503364;
Benzol;1;06.08.2016 22:00;0,476821;
Benzol;8;06.08.2016 22:00;0,448329;
Benzol;5;06.08.2016 22:00;0,106172;
Benzol;9;06.08.2016 22:00;0,0441857;
Anilin;3;06.08.2016 22:00;1,78268;
Anilin;4;06.08.2016 22:00;1,14818;
Anilin;6;06.08.2016 22:00;0,760413;
Anilin;7;06.08.2016 22:00;0,333455;
Anilin;5;06.08.2016 22:00;0,310871;
Anilin;8;06.08.2016 22:00;0,276703;
Anilin;1;06.08.2016 22:00;0,25469;
Anilin;9;06.08.2016 22:00;0,105941;
Anilin;2;06.08.2016 22:00;0,0632532;
Natriumchlorid;4;06.08.2016 23:00;0,778074;
Natriumchlorid;3;06.08.2016 23:00;0,476203;
Natriumchlorid;2;06.08.2016 23:00;0,44535;
Natriumchlorid;5;06.08.2016 23:00;0,383163;
Natriumchlorid;7;06.08.2016 23:00;0,249369;
Natriumchlorid;6;06.08.2016 23:00;0,212389;
Natriumchlorid;8;06.08.2016 23:00;0,123103;
Natriumchlorid;9;06.08.2016 23:00;0,119755;
Natriumchlorid;1;06.08.2016 23:00;0,0269545;
Arsen;4;06.08.2016 23:00;0,781079;
Arsen;1;06.08.2016 23:00;0,451606;
Arsen;7;06.08.2016 23:00;0,443232;
Arsen;2;06.08.2016 23:00;0,319645;
Arsen;8;06.08.2016 23:00;0,309626;
Arsen;6;06.08.2016 23:00;0,305821;
Arsen;3;06.08.2016 23:00;0,210861;
Arsen;5;06.08.2016 23:00;0,158825;
Arsen;9;06.08.2016 23:00;0,0693978;
Benzol;4;06.08.2016 23:00;1,07963;
Benzol;7;06.08.2016 23:00;0,708259;
Benzol;1;06.08.2016 23:00;0,253309;
Benzol;9;06.08.2016 23:00;0,247025;
Benzol;2;06.08.2016 23:00;0,240357;
Benzol;6;06.08.2016 23:00;0,228374;
Benzol;8;06.08.2016 23:00;0,159947;
Benzol;5;06.08.2016 23:00;0,157405;
Benzol;3;06.08.2016 23:00;0,131372;
Anilin;7;06.08.2016 23:00;1,50881;
Anilin;4;06.08.2016 23:00;1,05358;
Anilin;3;06.08.2016 23:00;0,740314;
Anilin;5;06.08.2016 23:00;0,563612;
Anilin;1;06.08.2016 23:00;0,517797;
Anilin;9;06.08.2016 23:00;0,347255;
Anilin;6;06.08.2016 23:00;0,252584;
Anilin;2;06.08.2016 23:00;0,148903;
Anilin;8;06.08.2016 23:00;0,019901;
Natriumchlorid;3;07.08.2016 01:00;1,9519;
Natriumchlorid;8;07.08.2016 01:00;1,29603;
Natriumchlorid;4;07.08.2016 01:00;0,988527;
Natriumchlorid;7;07.08.2016 01:00;0,873723;
Natriumchlorid;6;07.08.2016 01:00;0,598384;
Natriumchlorid;9;07.08.2016 01:00;0,561504;
Natriumchlorid;5;07.08.2016 01:00;0,413269;
Natriumchlorid;1;07.08.2016 01:00;0,0837804;
Natriumchlorid;2;07.08.2016 01:00;0,0772476;
Arsen;3;07.08.2016 01:00;3,51141;
Arsen;4;07.08.2016 01:00;0,988343;
Arsen;7;07.08.2016 01:00;0,959702;
Arsen;2;07.08.2016 01:00;0,499631;
Arsen;8;07.08.2016 01:00;0,288764;
Arsen;6;07.08.2016 01:00;0,261785;
Arsen;5;07.08.2016 01:00;0,197977;
Arsen;1;07.08.2016 01:00;0,175174;
Arsen;9;07.08.2016 01:00;0,117528;
Benzol;4;07.08.2016 01:00;1,15148;
Benzol;7;07.08.2016 01:00;0,805829;
Benzol;3;07.08.2016 01:00;0,755616;
Benzol;8;07.08.2016 01:00;0,721809;
Benzol;6;07.08.2016 01:00;0,510328;
Benzol;2;07.08.2016 01:00;0,279482;
Benzol;5;07.08.2016 01:00;0,261599;
Benzol;9;07.08.2016 01:00;0,162675;
Benzol;1;07.08.2016 01:00;0,0181088;
Anilin;7;07.08.2016 01:00;1,38559;
Anilin;3;07.08.2016 01:00;1,21537;
Anilin;4;07.08.2016 01:00;0,697859;
Anilin;6;07.08.2016 01:00;0,473639;
Anilin;9;07.08.2016 01:00;0,328828;
Anilin;8;07.08.2016 01:00;0,283903;
Anilin;2;07.08.2016 01:00;0,25771;
Anilin;5;07.08.2016 01:00;0,21648;
Anilin;1;07.08.2016 01:00;0,161429;
Natriumchlorid;3;07.08.2016 02:00;3,17658;
Natriumchlorid;4;07.08.2016 02:00;1,25412;
Natriumchlorid;7;07.08.2016 02:00;1,03001;
Natriumchlorid;8;07.08.2016 02:00;0,839909;
Natriumchlorid;9;07.08.2016 02:00;0,540278;
Natriumchlorid;2;07.08.2016 02:00;0,369453;
Natriumchlorid;6;07.08.2016 02:00;0,261746;
Natriumchlorid;1;07.08.2016 02:00;0,159525;
Natriumchlorid;5;07.08.2016 02:00;0,0878253;
Arsen;7;07.08.2016 02:00;0,826595;
Arsen;3;07.08.2016 02:00;0,815245;
Arsen;8;07.08.2016 02:00;0,72219;
Arsen;4;07.08.2016 02:00;0,533422;
Arsen;2;07.08.2016 02:00;0,520374;
Arsen;6;07.08.2016 02:00;0,433098;
Arsen;5;07.08.2016 02:00;0,323703;
Arsen;9;07.08.2016 02:00;0,311667;
Arsen;1;07.08.2016 02:00;0,295652;
Benzol;3;07.08.2016 02:00;2,61034;
Benzol;8;07.08.2016 02:00;1,02283;
Benzol;4;07.08.2016 02:00;0,829389;
Benzol;5;07.08.2016 02:00;0,812712;
Benzol;2;07.08.2016 02:00;0,642325;
Benzol;6;07.08.2016 02:00;0,518783;
Benzol;1;07.08.2016 02:00;0,136423;
Benzol;7;07.08.2016 02:00;0,0595554;
Benzol;9;07.08.2016 02:00;0,0476063;
Anilin;7;07.08.2016 02:00;1,04983;
Anilin;4;07.08.2016 02:00;1,00781;
Anilin;5;07.08.2016 02:00;0,935222;
Anilin;3;07.08.2016 02:00;0,877048;
Anilin;6;07.08.2016 02:00;0,662871;
Anilin;2;07.08.2016 02:00;0,526569;
Anilin;9;07.08.2016 02:00;0,378402;
Anilin;1;07.08.2016 02:00;0,263996;
Anilin;8;07.08.2016 02:00;0,0340839;
Natriumchlorid;7;07.08.2016 03:00;0,932844;
Natriumchlorid;4;07.08.2016 03:00;0,718807;
Natriumchlorid;6;07.08.2016 03:00;0,594738;
Natriumchlorid;3;07.08.2016 03:00;0,500751;
Natriumchlorid;9;07.08.2016 03:00;0,405646;
Natriumchlorid;8;07.08.2016 03:00;0,369325;
Natriumchlorid;2;07.08.2016 03:00;0,206717;
Natriumchlorid;1;07.08.2016 03:00;0,0867691;
Natriumchlorid;5;07.08.2016 03:00;0,057838;
Arsen;3;07.08.2016 03:00;1,25838;
Arsen;4;07.08.2016 03:00;1,20417;
Arsen;7;07.08.2016 03:00;0,78624;
Arsen;8;07.08.2016 03:00;0,772381;
Arsen;6;07.08.2016 03:00;0,563733;
Arsen;2;07.08.2016 03:00;0,161492;
Arsen;9;07.08.2016 03:00;0,085046;
Arsen;1;07.08.2016 03:00;0,0607094;
Arsen;5;07.08.2016 03:00;0,0571992;
Benzol;3;07.08.2016 03:00;1,80891;
Benzol;4;07.08.2016 03:00;1,05371;
Benzol;7;07.08.2016 03:00;0,830502;
Benzol;8;07.08.2016 03:00;0,804804;
Benzol;5;07.08.2016 03:00;0,611532;
Benzol;6;07.08.2016 03:00;0,48486;
Benzol;9;07.08.2016 03:00;0,44033;
Benzol;2;07.08.2016 03:00;0,43205;
Benzol;1;07.08.2016 03:00;0,199258;
Anilin;3;07.08.2016 03:00;2,40759;
Anilin;4;07.08.2016 03:00;0,917344;
Anilin;5;07.08.2016 03:00;0,852434;
Anilin;7;07.08.2016 03:00;0,834222;
Anilin;8;07.08.2016 03:00;0,705251;
Anilin;6;07.08.2016 03:00;0,325313;
Anilin;1;07.08.2016 03:00;0,287075;
Anilin;2;07.08.2016 03:00;0,229416;
Anilin;9;07.08.2016 03:00;0,0958374;
Natriumchlorid;5;07.08.2016 04:00;1,49818;
Natriumchlorid;3;07.08.2016 04:00;1,09095;
Natriumchlorid;8;07.08.2016 04:00;0,683349;
Natriumchlorid;4;07.08.2016 04:00;0,634831;
Natriumchlorid;2;07.08.2016 04:00;0,607711;
Natriumchlorid;6;07.08.2016 04:00;0,264549;
Natriumchlorid;7;07.08.2016 04:00;0,248491;
Natriumchlorid;9;07.08.2016 04:00;0,121585;
Natriumchlorid;1;07.08.2016 04:00;0,0505486;
Arsen;3;07.08.2016 04:00;1,76213;
Arsen;4;07.08.2016 04:00;1,36103;
Arsen;8;07.08.2016 04:00;0,57982;
Arsen;6;07.08.2016 04:00;0,426199;
Arsen;7;07.08.2016 04:00;0,29056;
Arsen;9;07.08.2016 04:00;0,0830731;
Arsen;2;07.08.2016 04:00;0,0784545;
Arsen;1;07.08.2016 04:00;0,0638559;
Arsen;5;07.08.2016 04:00;0,029698;
Benzol;5;07.08.2016 04:00;1,11188;
Benzol;4;07.08.2016 04:00;1,01572;
Benzol;3;07.08.2016 04:00;0,530891;
Benzol;1;07.08.2016 04:00;0,436254;
Benzol;6;07.08.2016 04:00;0,417502;
Benzol;2;07.08.2016 04:00;0,413212;
Benzol;7;07.08.2016 04:00;0,320486;
Benzol;8;07.08.2016 04:00;0,084369;
Benzol;9;07.08.2016 04:00;0,0281082;
Anilin;7;07.08.2016 04:00;2,2238;
Anilin;4;07.08.2016 04:00;0,691782;
Anilin;6;07.08.2016 04:00;0,609367;
Anilin;8;07.08.2016 04:00;0,547834;
Anilin;1;07.08.2016 04:00;0,172891;
Anilin;3;07.08.2016 04:00;0,168271;
Anilin;5;07.08.2016 04:00;0,157585;
Anilin;9;07.08.2016 04:00;0,140083;
Anilin;2;07.08.2016 04:00;0,0128369;
Natriumchlorid;3;07.08.2016 05:00;1,66306;
Natriumchlorid;4;07.08.2016 05:00;0,927931;
Natriumchlorid;2;07.08.2016 05:00;0,658122;
Natriumchlorid;6;07.08.2016 05:00;0,554207;
Natriumchlorid;5;07.08.2016 05:00;0,517901;
Natriumchlorid;8;07.08.2016 05:00;0,487223;
Natriumchlorid;1;07.08.2016 05:00;0,215015;
Natriumchlorid;7;07.08.2016 05:00;0,0931628;
Natriumchlorid;9;07.08.2016 05:00;0,0692086;
Arsen;3;07.08.2016 05:00;1,54825;
Arsen;8;07.08.2016 05:00;1,24545;
Arsen;4;07.08.2016 05:00;1,02805;
Arsen;6;07.08.2016 05:00;0,588229;
Arsen;5;07.08.2016 05:00;0,502707;
Arsen;9;07.08.2016 05:00;0,214632;
Arsen;1;07.08.2016 05:00;0,14761;
Arsen;7;07.08.2016 05:00;0,0352465;
Arsen;2;07.08.2016 05:00;0,00752909;
Benzol;3;07.08.2016 05:00;4,80942;
Benzol;6;07.08.2016 05:00;1,87493;
Benzol;4;07.08.2016 05:00;1,2986;
Benzol;9;07.08.2016 05:00;0,493025;
Benzol;5;07.08.2016 05:00;0,47621;
Benzol;7;07.08.2016 05:00;0,376691;
Benzol;1;07.08.2016 05:00;0,241162;
Benzol;2;07.08.2016 05:00;0,0981751;
Benzol;8;07.08.2016 05:00;0,0701317;
Anilin;4;07.08.2016 05:00;1,10678;
Anilin;3;07.08.2016 05:00;0,78474;
Anilin;7;07.08.2016 05:00;0,755845;
Anilin;8;07.08.2016 05:00;0,465484;
Anilin;5;07.08.2016 05:00;0,388683;
Anilin;2;07.08.2016 05:00;0,344367;
Anilin;9;07.08.2016 05:00;0,334509;
Anilin;6;07.08.2016 05:00;0,28271;
Anilin;1;07.08.2016 05:00;0,224179;
Natriumchlorid;3;07.08.2016 06:00;1,933;
Natriumchlorid;4;07.08.2016 06:00;1,16384;
Natriumchlorid;2;07.08.2016 06:00;0,642495;
Natriumchlorid;8;07.08.2016 06:00;0,556717;
Natriumchlorid;1;07.08.2016 06:00;0,540278;
Natriumchlorid;5;07.08.2016 06:00;0,310424;
Natriumchlorid;7;07.08.2016 06:00;0,126959;
Natriumchlorid;9;07.08.2016 06:00;0,0303333;
Natriumchlorid;6;07.08.2016 06:00;0,0118065;
Arsen;4;07.08.2016 06:00;0,998707;
Arsen;3;07.08.2016 06:00;0,821446;
Arsen;8;07.08.2016 06:00;0,547015;
Arsen;6;07.08.2016 06:00;0,474064;
Arsen;5;07.08.2016 06:00;0,403442;
Arsen;9;07.08.2016 06:00;0,312544;
Arsen;1;07.08.2016 06:00;0,304847;
Arsen;2;07.08.2016 06:00;0,248727;
Arsen;7;07.08.2016 06:00;0,19884;
Benzol;3;07.08.2016 06:00;1,91823;
Benzol;4;07.08.2016 06:00;0,952534;
Benzol;5;07.08.2016 06:00;0,712062;
Benzol;6;07.08.2016 06:00;0,711213;
Benzol;7;07.08.2016 06:00;0,509069;
Benzol;2;07.08.2016 06:00;0,394122;
Benzol;1;07.08.2016 06:00;0,150392;
Benzol;9;07.08.2016 06:00;0,0941867;
Benzol;8;07.08.2016 06:00;0,0336871;
Anilin;3;07.08.2016 06:00;1,47195;
Anilin;4;07.08.2016 06:00;0,886397;
Anilin;5;07.08.2016 06:00;0,839094;
Anilin;6;07.08.2016 06:00;0,66411;
Anilin;8;07.08.2016 06:00;0,216537;
Anilin;9;07.08.2016 06:00;0,204322;
Anilin;1;07.08.2016 06:00;0,191759;
Anilin;2;07.08.2016 06:00;0,141918;
Anilin;7;07.08.2016 06:00;0,035945;
Natriumchlorid;2;07.08.2016 07:00;1,03844;
Natriumchlorid;4;07.08.2016 07:00;0,915625;
Natriumchlorid;6;07.08.2016 07:00;0,613947;
Natriumchlorid;3;07.08.2016 07:00;0,498761;
Natriumchlorid;7;07.08.2016 07:00;0,438622;
Natriumchlorid;5;07.08.2016 07:00;0,157236;
Natriumchlorid;9;07.08.2016 07:00;0,154279;
Natriumchlorid;8;07.08.2016 07:00;0,0755348;
Natriumchlorid;1;07.08.2016 07:00;0,0275543;
Arsen;3;07.08.2016 07:00;1,98803;
Arsen;8;07.08.2016 07:00;0,772947;
Arsen;4;07.08.2016 07:00;0,752262;
Arsen;6;07.08.2016 07:00;0,515514;
Arsen;2;07.08.2016 07:00;0,192151;
Arsen;5;07.08.2016 07:00;0,117508;
Arsen;9;07.08.2016 07:00;0,108768;
Arsen;1;07.08.2016 07:00;0,0168163;
Arsen;7;07.08.2016 07:00;0,00416299;
Benzol;7;07.08.2016 07:00;1,51728;
Benzol;4;07.08.2016 07:00;1,02393;
Benzol;6;07.08.2016 07:00;0,505321;
Benzol;8;07.08.2016 07:00;0,451256;
Benzol;1;07.08.2016 07:00;0,331646;
Benzol;3;07.08.2016 07:00;0,292212;
Benzol;9;07.08.2016 07:00;0,245988;
Benzol;5;07.08.2016 07:00;0,189817;
Benzol;2;07.08.2016 07:00;0,116269;
Anilin;3;07.08.2016 07:00;1,73142;
Anilin;4;07.08.2016 07:00;1,2306;
Anilin;8;07.08.2016 07:00;0,953006;
Anilin;7;07.08.2016 07:00;0,880328;
Anilin;5;07.08.2016 07:00;0,869169;
Anilin;6;07.08.2016 07:00;0,372937;
Anilin;9;07.08.2016 07:00;0,288473;
Anilin;2;07.08.2016 07:00;0,0752668;
Anilin;1;07.08.2016 07:00;0,0644033;
Natriumchlorid;3;07.08.2016 08:00;2,73547;
Natriumchlorid;4;07.08.2016 08:00;1,12019;
Natriumchlorid;6;07.08.2016 08:00;0,385951;
Natriumchlorid;5;07.08.2016 08:00;0,350711;
Natriumchlorid;8;07.08.2016 08:00;0,314986;
Natriumchlorid;7;07.08.2016 08:00;0,255462;
Natriumchlorid;1;07.08.2016 08:00;0,248221;
Natriumchlorid;2;07.08.2016 08:00;0,239307;
Natriumchlorid;9;07.08.2016 08:00;0,227697;
Arsen;4;07.08.2016 08:00;1,19974;
Arsen;8;07.08.2016 08:00;1,00237;
Arsen;3;07.08.2016 08:00;0,870412;
Arsen;2;07.08.2016 08:00;0,44597;
Arsen;5;07.08.2016 08:00;0,43174;
Arsen;1;07.08.2016 08:00;0,383028;
Arsen;9;07.08.2016 08:00;0,325606;
Arsen;6;07.08.2016 08:00;0,124922;
Arsen;7;07.08.2016 08:00;0,0128297;
Benzol;7;07.08.2016 08:00;1,93888;
Benzol;4;07.08.2016 08:00;0,99404;
Benzol;3;07.08.2016 08:00;0,952779;
Benzol;5;07.08.2016 08:00;0,474941;
Benzol;2;07.08.2016 08:00;0,334773;
Benzol;8;07.08.2016 08:00;0,318551;
Benzol;6;07.08.2016 08:00;0,264376;
Benzol;9;07.08.2016 08:00;0,242491;
Benzol;1;07.08.2016 08:00;0,114604;
Anilin;3;07.08.2016 08:00;0,973288;
Anilin;4;07.08.2016 08:00;0,739041;
Anilin;9;07.08.2016 08:00;0,31147;
Anilin;2;07.08.2016 08:00;0,268961;
Anilin;5;07.08.2016 08:00;0,23962;
Anilin;1;07.08.2016 08:00;0,23893;
Anilin;7;07.08.2016 08:00;0,181471;
Anilin;8;07.08.2016 08:00;0,157093;
Anilin;6;07.08.2016 08:00;0,036917;
Natriumchlorid;4;07.08.2016 09:00;1,02521;
Natriumchlorid;7;07.08.2016 09:00;0,996957;
Natriumchlorid;3;07.08.2016 09:00;0,65423;
Natriumchlorid;1;07.08.2016 09:00;0,495965;
Natriumchlorid;2;07.08.2016 09:00;0,430992;
Natriumchlorid;8;07.08.2016 09:00;0,424939;
Natriumchlorid;6;07.08.2016 09:00;0,393091;
Natriumchlorid;5;07.08.2016 09:00;0,315791;
Natriumchlorid;9;07.08.2016 09:00;0,0845224;
Arsen;3;07.08.2016 09:00;3,22702;
Arsen;5;07.08.2016 09:00;0,848818;
Arsen;4;07.08.2016 09:00;0,716652;
Arsen;2;07.08.2016 09:00;0,611746;
Arsen;7;07.08.2016 09:00;0,383616;
Arsen;1;07.08.2016 09:00;0,372246;
Arsen;8;07.08.2016 09:00;0,280815;
Arsen;6;07.08.2016 09:00;0,275287;
Arsen;9;07.08.2016 09:00;0,0867925;
Benzol;7;07.08.2016 09:00;1,40828;
Benzol;6;07.08.2016 09:00;1,37016;
Benzol;3;07.08.2016 09:00;1,29902;
Benzol;4;07.08.2016 09:00;0,792293;
Benzol;9;07.08.2016 09:00;0,471883;
Benzol;5;07.08.2016 09:00;0,440804;
Benzol;8;07.08.2016 09:00;0,423868;
Benzol;2;07.08.2016 09:00;0,163951;
Benzol;1;07.08.2016 09:00;0,119672;
Anilin;3;07.08.2016 09:00;2,18684;
Anilin;4;07.08.2016 09:00;0,99303;
Anilin;6;07.08.2016 09:00;0,741323;
Anilin;8;07.08.2016 09:00;0,673601;
Anilin;1;07.08.2016 09:00;0,393831;
Anilin;2;07.08.2016 09:00;0,364079;
Anilin;5;07.08.2016 09:00;0,275582;
Anilin;7;07.08.2016 09:00;0,203038;
Anilin;9;07.08.2016 09:00;0,071718;
Natriumchlorid;4;07.08.2016 10:00;1,15061;
Natriumchlorid;6;07.08.2016 10:00;0,705194;
Natriumchlorid;3;07.08.2016 10:00;0,657093;
Natriumchlorid;7;07.08.2016 10:00;0,650372;
Natriumchlorid;1;07.08.2016 10:00;0,342797;
Natriumchlorid;9;07.08.2016 10:00;0,246066;
Natriumchlorid;8;07.08.2016 10:00;0,180518;
Natriumchlorid;5;07.08.2016 10:00;0,164535;
Natriumchlorid;2;07.08.2016 10:00;0,0524057;
Arsen;4;07.08.2016 10:00;1,08793;
Arsen;6;07.08.2016 10:00;0,900862;
Arsen;8;07.08.2016 10:00;0,753356;
Arsen;3;07.08.2016 10:00;0,384236;
Arsen;7;07.08.2016 10:00;0,365618;
Arsen;9;07.08.2016 10:00;0,36369;
Arsen;5;07.08.2016 10:00;0,352104;
Arsen;2;07.08.2016 10:00;0,322708;
Arsen;1;07.08.2016 10:00;0,0164311;
Benzol;3;07.08.2016 10:00;2,23733;
Benzol;4;07.08.2016 10:00;0,859444;
Benzol;6;07.08.2016 10:00;0,539325;
Benzol;1;07.08.2016 10:00;0,524802;
Benzol;5;07.08.2016 10:00;0,340414;
Benzol;2;07.08.2016 10:00;0,213298;
Benzol;8;07.08.2016 10:00;0,180732;
Benzol;7;07.08.2016 10:00;0,145177;
Benzol;9;07.08.2016 10:00;0,0038561;
Anilin;4;07.08.2016 10:00;1,07032;
Anilin;8;07.08.2016 10:00;0,892524;
Anilin;9;07.08.2016 10:00;0,525548;
Anilin;1;07.08.2016 10:00;0,475828;
Anilin;6;07.08.2016 10:00;0,332889;
Anilin;3;07.08.2016 10:00;0,324956;
Anilin;5;07.08.2016 10:00;0,232967;
Anilin;2;07.08.2016 10:00;0,169632;
Anilin;7;07.08.2016 10:00;0,0556089;
Natriumchlorid;8;07.08.2016 11:00;1,41418;
Natriumchlorid;4;07.08.2016 11:00;1,36485;
Natriumchlorid;5;07.08.2016 11:00;0,817002;
Natriumchlorid;7;07.08.2016 11:00;0,737325;
Natriumchlorid;3;07.08.2016 11:00;0,650038;
Natriumchlorid;9;07.08.2016 11:00;0,499346;
Natriumchlorid;2;07.08.2016 11:00;0,334935;
Natriumchlorid;1;07.08.2016 11:00;0,30231;
Natriumchlorid;6;07.08.2016 11:00;0,239412;
Arsen;4;07.08.2016 11:00;0,942238;
Arsen;5;07.08.2016 11:00;0,505401;
Arsen;3;07.08.2016 11:00;0,405779;
Arsen;8;07.08.2016 11:00;0,317801;
Arsen;2;07.08.2016 11:00;0,271383;
Arsen;7;07.08.2016 11:00;0,25338;
Arsen;9;07.08.2016 11:00;0,145818;
Arsen;6;07.08.2016 11:00;0,0603025;
Arsen;1;07.08.2016 11:00;0,042873;
Benzol;7;07.08.2016 11:00;1,18999;
Benzol;4;07.08.2016 11:00;1,01606;
Benzol;5;07.08.2016 11:00;0,6744;
Benzol;9;07.08.2016 11:00;0,59487;
Benzol;1;07.08.2016 11:00;0,401333;
Benzol;3;07.08.2016 11:00;0,122092;
Benzol;2;07.08.2016 11:00;0,113546;
Benzol;6;07.08.2016 11:00;0,0791385;
Benzol;8;07.08.2016 11:00;0,0486983;
Anilin;8;07.08.2016 11:00;1,16224;
Anilin;3;07.08.2016 11:00;1,06245;
Anilin;4;07.08.2016 11:00;1,00037;
Anilin;6;07.08.2016 11:00;0,587255;
Anilin;2;07.08.2016 11:00;0,29383;
Anilin;7;07.08.2016 11:00;0,25309;
Anilin;1;07.08.2016 11:00;0,251393;
Anilin;9;07.08.2016 11:00;0,0431435;
Anilin;5;07.08.2016 11:00;0,00700641;
Natriumchlorid;4;07.08.2016 12:00;1,57912;
Natriumchlorid;3;07.08.2016 12:00;1,48492;
Natriumchlorid;6;07.08.2016 12:00;0,459023;
Natriumchlorid;7;07.08.2016 12:00;0,444471;
Natriumchlorid;9;07.08.2016 12:00;0,143275;
Natriumchlorid;1;07.08.2016 12:00;0,0922281;
Natriumchlorid;8;07.08.2016 12:00;0,0867446;
Natriumchlorid;2;07.08.2016 12:00;0,0602289;
Natriumchlorid;5;07.08.2016 12:00;0,0241235;
Arsen;4;07.08.2016 12:00;1,30038;
Arsen;7;07.08.2016 12:00;0,553204;
Arsen;8;07.08.2016 12:00;0,478764;
Arsen;5;07.08.2016 12:00;0,472694;
Arsen;6;07.08.2016 12:00;0,167932;
Arsen;9;07.08.2016 12:00;0,0404877;
Arsen;2;07.08.2016 12:00;0,0301791;
Arsen;1;07.08.2016 12:00;0,0084962;
Arsen;3;07.08.2016 12:00;0,00721501;
Benzol;4;07.08.2016 12:00;0,965054;
Benzol;3;07.08.2016 12:00;0,700956;
Benzol;6;07.08.2016 12:00;0,616074;
Benzol;9;07.08.2016 12:00;0,510803;
Benzol;8;07.08.2016 12:00;0,410359;
Benzol;1;07.08.2016 12:00;0,341675;
Benzol;7;07.08.2016 12:00;0,331026;
Benzol;2;07.08.2016 12:00;0,16432;
Benzol;5;07.08.2016 12:00;0,0354349;
Anilin;4;07.08.2016 12:00;1,14986;
Anilin;6;07.08.2016 12:00;0,621558;
Anilin;1;07.08.2016 12:00;0,601762;
Anilin;3;07.08.2016 12:00;0,499403;
Anilin;2;07.08.2016 12:00;0,46695;
Anilin;5;07.08.2016 12:00;0,365931;
Anilin;9;07.08.2016 12:00;0,342403;
Anilin;8;07.08.2016 12:00;0,126012;
Anilin;7;07.08.2016 12:00;0,0244238;
Natriumchlorid;7;07.08.2016 13:00;2,25893;
Natriumchlorid;3;07.08.2016 13:00;1,36078;
Natriumchlorid;4;07.08.2016 13:00;1,00611;
Natriumchlorid;2;07.08.2016 13:00;0,95089;
Natriumchlorid;9;07.08.2016 13:00;0,584363;
Natriumchlorid;1;07.08.2016 13:00;0,532291;
Natriumchlorid;6;07.08.2016 13:00;0,519605;
Natriumchlorid;5;07.08.2016 13:00;0,28013;
Natriumchlorid;8;07.08.2016 13:00;0,0538199;
Arsen;4;07.08.2016 13:00;1,0982;
Arsen;5;07.08.2016 13:00;0,782899;
Arsen;3;07.08.2016 13:00;0,249507;
Arsen;6;07.08.2016 13:00;0,210983;
Arsen;7;07.08.2016 13:00;0,163028;
Arsen;1;07.08.2016 13:00;0,0952762;
Arsen;8;07.08.2016 13:00;0,0700578;
Arsen;9;07.08.2016 13:00;0,0552256;
Arsen;2;07.08.2016 13:00;0,0390449;
Benzol;3;07.08.2016 13:00;2,22635;
Benzol;4;07.08.2016 13:00;0,950218;
Benzol;8;07.08.2016 13:00;0,795169;
Benzol;2;07.08.2016 13:00;0,590756;
Benzol;7;07.08.2016 13:00;0,446037;
Benzol;6;07.08.2016 13:00;0,289226;
Benzol;9;07.08.2016 13:00;0,230929;
Benzol;5;07.08.2016 13:00;0,204392;
Benzol;1;07.08.2016 13:00;0,202425;
Anilin;4;07.08.2016 13:00;1,14909;
Anilin;3;07.08.2016 13:00;0,990575;
Anilin;7;07.08.2016 13:00;0,795174;
Anilin;5;07.08.2016 13:00;0,593036;
Anilin;2;07.08.2016 13:00;0,560693;
Anilin;6;07.08.2016 13:00;0,380731;
Anilin;9;07.08.2016 13:00;0,340478;
Anilin;8;07.08.2016 13:00;0,182792;
Anilin;1;07.08.2016 13:00;0,176884;
Natriumchlorid;4;07.08.2016 14:00;1,28368;
Natriumchlorid;3;07.08.2016 14:00;0,943827;
Natriumchlorid;7;07.08.2016 14:00;0,327214;
Natriumchlorid;2;07.08.2016 14:00;0,292393;
Natriumchlorid;9;07.08.2016 14:00;0,243603;
Natriumchlorid;6;07.08.2016 14:00;0,207316;
Natriumchlorid;1;07.08.2016 14:00;0,188006;
Natriumchlorid;8;07.08.2016 14:00;0,169045;
Natriumchlorid;5;07.08.2016 14:00;0,0498954;
Arsen;3;07.08.2016 14:00;5,08426;
Arsen;4;07.08.2016 14:00;1,17733;
Arsen;7;07.08.2016 14:00;0,692649;
Arsen;9;07.08.2016 14:00;0,432876;
Arsen;6;07.08.2016 14:00;0,400987;
Arsen;1;07.08.2016 14:00;0,264656;
Arsen;2;07.08.2016 14:00;0,121049;
Arsen;5;07.08.2016 14:00;0,10297;
Arsen;8;07.08.2016 14:00;0,0640313;
Benzol;3;07.08.2016 14:00;1,18447;
Benzol;7;07.08.2016 14:00;1,10153;
Benzol;4;07.08.2016 14:00;0,866678;
Benzol;8;07.08.2016 14:00;0,359678;
Benzol;6;07.08.2016 14:00;0,290241;
Benzol;1;07.08.2016 14:00;0,223609;
Benzol;5;07.08.2016 14:00;0,157023;
Benzol;2;07.08.2016 14:00;0,108276;
Benzol;9;07.08.2016 14:00;0,0774204;
Anilin;4;07.08.2016 14:00;1,10541;
Anilin;3;07.08.2016 14:00;0,870917;
Anilin;7;07.08.2016 14:00;0,521873;
Anilin;6;07.08.2016 14:00;0,448426;
Anilin;9;07.08.2016 14:00;0,212025;
Anilin;2;07.08.2016 14:00;0,168097;
Anilin;5;07.08.2016 14:00;0,0703604;
Anilin;1;07.08.2016 14:00;0,0553638;
Anilin;8;07.08.2016 14:00;0,033578;
Natriumchlorid;3;07.08.2016 15:00;1,12667;
Natriumchlorid;4;07.08.2016 15:00;0,858718;
Natriumchlorid;8;07.08.2016 15:00;0,631209;
Natriumchlorid;7;07.08.2016 15:00;0,504126;
Natriumchlorid;1;07.08.2016 15:00;0,30606;
Natriumchlorid;9;07.08.2016 15:00;0,276676;
Natriumchlorid;5;07.08.2016 15:00;0,275445;
Natriumchlorid;6;07.08.2016 15:00;0,0413123;
Natriumchlorid;2;07.08.2016 15:00;0,0290064;
Arsen;3;07.08.2016 15:00;2,70008;
Arsen;4;07.08.2016 15:00;1,25341;
Arsen;1;07.08.2016 15:00;0,667982;
Arsen;8;07.08.2016 15:00;0,565078;
Arsen;7;07.08.2016 15:00;0,435912;
Arsen;2;07.08.2016 15:00;0,320846;
Arsen;6;07.08.2016 15:00;0,246554;
Arsen;9;07.08.2016 15:00;0,238384;
Arsen;5;07.08.2016 15:00;0,195147;
Benzol;3;07.08.2016 15:00;2,04999;
Benzol;4;07.08.2016 15:00;1,18273;
Benzol;8;07.08.2016 15:00;0,615615;
Benzol;2;07.08.2016 15:00;0,481034;
Benzol;7;07.08.2016 15:00;0,409854;
Benzol;6;07.08.2016 15:00;0,325362;
Benzol;1;07.08.2016 15:00;0,309954;
Benzol;9;07.08.2016 15:00;0,1687;
Benzol;5;07.08.2016 15:00;0,121513;
Anilin;3;07.08.2016 15:00;2,7131;
Anilin;4;07.08.2016 15:00;1,11364;
Anilin;7;07.08.2016 15:00;0,886682;
Anilin;8;07.08.2016 15:00;0,653003;
Anilin;6;07.08.2016 15:00;0,541144;
Anilin;9;07.08.2016 15:00;0,351217;
Anilin;5;07.08.2016 15:00;0,327205;
Anilin;1;07.08.2016 15:00;0,320797;
Anilin;2;07.08.2016 15:00;0,029241;
Natriumchlorid;7;07.08.2016 16:00;1,60291;
Natriumchlorid;3;07.08.2016 16:00;1,25114;
Natriumchlorid;4;07.08.2016 16:00;1,00366;
Natriumchlorid;9;07.08.2016 16:00;0,525261;
Natriumchlorid;1;07.08.2016 16:00;0,436347;
Natriumchlorid;6;07.08.2016 16:00;0,354342;
Natriumchlorid;8;07.08.2016 16:00;0,204776;
Natriumchlorid;5;07.08.2016 16:00;0,188742;
Natriumchlorid;2;07.08.2016 16:00;0,144182;
Arsen;3;07.08.2016 16:00;2,19944;
Arsen;4;07.08.2016 16:00;1,16916;
Arsen;5;07.08.2016 16:00;0,758847;
Arsen;8;07.08.2016 16:00;0,464522;
Arsen;6;07.08.2016 16:00;0,413221;
Arsen;7;07.08.2016 16:00;0,258233;
Arsen;2;07.08.2016 16:00;0,220986;
Arsen;9;07.08.2016 16:00;0,208287;
Arsen;1;07.08.2016 16:00;0,0550878;
Benzol;3;07.08.2016 16:00;2,82888;
Benzol;4;07.08.2016 16:00;0,727771;
Benzol;1;07.08.2016 16:00;0,559948;
Benzol;6;07.08.2016 16:00;0,393275;
Benzol;8;07.08.2016 16:00;0,292906;
Benzol;7;07.08.2016 16:00;0,216747;
Benzol;5;07.08.2016 16:00;0,213786;
Benzol;9;07.08.2016 16:00;0,0313159;
Benzol;2;07.08.2016 16:00;0,00752909;
Anilin;3;07.08.2016 16:00;1,14741;
Anilin;4;07.08.2016 16:00;1,09972;
Anilin;6;07.08.2016 16:00;0,475689;
Anilin;7;07.08.2016 16:00;0,435049;
Anilin;2;07.08.2016 16:00;0,34254;
Anilin;1;07.08.2016 16:00;0,250208;
Anilin;8;07.08.2016 16:00;0,173968;
Anilin;5;07.08.2016 16:00;0,0347486;
Anilin;9;07.08.2016 16:00;0,0134602;
Natriumchlorid;3;07.08.2016 17:00;1,36135;
Natriumchlorid;2;07.08.2016 17:00;0,963746;
Natriumchlorid;4;07.08.2016 17:00;0,752723;
Natriumchlorid;7;07.08.2016 17:00;0,576356;
Natriumchlorid;6;07.08.2016 17:00;0,463014;
Natriumchlorid;9;07.08.2016 17:00;0,320393;
Natriumchlorid;5;07.08.2016 17:00;0,238944;
Natriumchlorid;8;07.08.2016 17:00;0,116258;
Natriumchlorid;1;07.08.2016 17:00;0,00684365;
Arsen;3;07.08.2016 17:00;2,98409;
Arsen;4;07.08.2016 17:00;1,18969;
Arsen;5;07.08.2016 17:00;0,370036;
Arsen;8;07.08.2016 17:00;0,355124;
Arsen;9;07.08.2016 17:00;0,107517;
Arsen;6;07.08.2016 17:00;0,102425;
Arsen;1;07.08.2016 17:00;0,0593853;
Arsen;2;07.08.2016 17:00;0,0283932;
Arsen;7;07.08.2016 17:00;0,0249366;
Benzol;4;07.08.2016 17:00;0,875492;
Benzol;5;07.08.2016 17:00;0,825299;
Benzol;3;07.08.2016 17:00;0,765474;
Benzol;6;07.08.2016 17:00;0,62105;
Benzol;1;07.08.2016 17:00;0,446393;
Benzol;9;07.08.2016 17:00;0,076826;
Benzol;2;07.08.2016 17:00;0,0763145;
Benzol;8;07.08.2016 17:00;0,0696151;
Benzol;7;07.08.2016 17:00;0,0326885;
Anilin;3;07.08.2016 17:00;1,35871;
Anilin;7;07.08.2016 17:00;0,837475;
Anilin;5;07.08.2016 17:00;0,796533;
Anilin;4;07.08.2016 17:00;0,753019;
Anilin;8;07.08.2016 17:00;0,623834;
Anilin;6;07.08.2016 17:00;0,587516;
Anilin;2;07.08.2016 17:00;0,3955;
Anilin;9;07.08.2016 17:00;0,068265;
Anilin;1;07.08.2016 17:00;0,0382054;
Natriumchlorid;4;07.08.2016 18:00;1,13518;
Natriumchlorid;2;07.08.2016 18:00;0,586147;
Natriumchlorid;5;07.08.2016 18:00;0,521965;
Natriumchlorid;8;07.08.2016 18:00;0,478764;
Natriumchlorid;3;07.08.2016 18:00;0,473773;
Natriumchlorid;1;07.08.2016 18:00;0,408654;
Natriumchlorid;7;07.08.2016 18:00;0,371272;
Natriumchlorid;9;07.08.2016 18:00;0,226014;
Natriumchlorid;6;07.08.2016 18:00;0,195828;
Arsen;4;07.08.2016 18:00;1,27433;
Arsen;3;07.08.2016 18:00;0,57923;
Arsen;6;07.08.2016 18:00;0,267613;
Arsen;2;07.08.2016 18:00;0,248468;
Arsen;8;07.08.2016 18:00;0,247701;
Arsen;7;07.08.2016 18:00;0,173745;
Arsen;1;07.08.2016 18:00;0,163624;
Arsen;5;07.08.2016 18:00;0,0214448;
Arsen;9;07.08.2016 18:00;0,0126508;
Benzol;4;07.08.2016 18:00;1,23141;
Benzol;8;07.08.2016 18:00;0,737714;
Benzol;5;07.08.2016 18:00;0,588342;
Benzol;2;07.08.2016 18:00;0,384443;
Benzol;1;07.08.2016 18:00;0,37289;
Benzol;7;07.08.2016 18:00;0,308472;
Benzol;9;07.08.2016 18:00;0,293803;
Benzol;6;07.08.2016 18:00;0,104127;
Benzol;3;07.08.2016 18:00;0,0661702;
Anilin;8;07.08.2016 18:00;1,34125;
Anilin;4;07.08.2016 18:00;1,32752;
Anilin;7;07.08.2016 18:00;1,03531;
Anilin;1;07.08.2016 18:00;0,819446;
Anilin;6;07.08.2016 18:00;0,486588;
Anilin;9;07.08.2016 18:00;0,450832;
Anilin;3;07.08.2016 18:00;0,299214;
Anilin;2;07.08.2016 18:00;0,25765;
Anilin;5;07.08.2016 18:00;0,0191173;
Natriumchlorid;3;07.08.2016 19:00;2,47649;
Natriumchlorid;4;07.08.2016 19:00;0,946009;
Natriumchlorid;8;07.08.2016 19:00;0,693108;
Natriumchlorid;7;07.08.2016 19:00;0,688455;
Natriumchlorid;9;07.08.2016 19:00;0,652252;
Natriumchlorid;1;07.08.2016 19:00;0,644692;
Natriumchlorid;5;07.08.2016 19:00;0,468545;
Natriumchlorid;2;07.08.2016 19:00;0,386719;
Natriumchlorid;6;07.08.2016 19:00;0,0856168;
Arsen;3;07.08.2016 19:00;3,53075;
Arsen;7;07.08.2016 19:00;1,91724;
Arsen;4;07.08.2016 19:00;1,36905;
Arsen;6;07.08.2016 19:00;0,634724;
Arsen;8;07.08.2016 19:00;0,434894;
Arsen;9;07.08.2016 19:00;0,132046;
Arsen;5;07.08.2016 19:00;0,0883955;
Arsen;2;07.08.2016 19:00;0,0231879;
Arsen;1;07.08.2016 19:00;0,0125313;
Benzol;3;07.08.2016 19:00;1,32876;
Benzol;4;07.08.2016 19:00;0,915742;
Benzol;7;07.08.2016 19:00;0,339889;
Benzol;6;07.08.2016 19:00;0,292423;
Benzol;2;07.08.2016 19:00;0,276706;
Benzol;5;07.08.2016 19:00;0,230103;
Benzol;1;07.08.2016 19:00;0,0436382;
Benzol;8;07.08.2016 19:00;0,02171;
Benzol;9;07.08.2016 19:00;0,00702646;
Anilin;8;07.08.2016 19:00;0,66875;
Anilin;4;07.08.2016 19:00;0,589207;
Anilin;9;07.08.2016 19:00;0,414572;
Anilin;6;07.08.2016 19:00;0,308428;
Anilin;3;07.08.2016 19:00;0,286157;
Anilin;7;07.08.2016 19:00;0,189396;
Anilin;1;07.08.2016 19:00;0,171531;
Anilin;2;07.08.2016 19:00;0,0731678;
Anilin;5;07.08.2016 19:00;0,0167271;
Natriumchlorid;4;07.08.2016 20:00;1,26222;
Natriumchlorid;3;07.08.2016 20:00;1,10052;
Natriumchlorid;8;07.08.2016 20:00;0,522913;
Natriumchlorid;9;07.08.2016 20:00;0,254325;
Natriumchlorid;1;07.08.2016 20:00;0,245846;
Natriumchlorid;7;07.08.2016 20:00;0,240698;
Natriumchlorid;5;07.08.2016 20:00;0,227164;
Natriumchlorid;6;07.08.2016 20:00;0,202316;
Natriumchlorid;2;07.08.2016 20:00;0,177605;
Arsen;3;07.08.2016 20:00;3,37525;
Arsen;5;07.08.2016 20:00;0,899592;
Arsen;4;07.08.2016 20:00;0,594365;
Arsen;2;07.08.2016 20:00;0,547294;
Arsen;8;07.08.2016 20:00;0,447803;
Arsen;1;07.08.2016 20:00;0,199778;
Arsen;7;07.08.2016 20:00;0,191078;
Arsen;6;07.08.2016 20:00;0,181691;
Arsen;9;07.08.2016 20:00;0,0523507;
Benzol;3;07.08.2016 20:00;2,80982;
Benzol;2;07.08.2016 20:00;1,25886;
Benzol;7;07.08.2016 20:00;0,905776;
Benzol;8;07.08.2016 20:00;0,882745;
Benzol;4;07.08.2016 20:00;0,77611;
Benzol;1;07.08.2016 20:00;0,43967;
Benzol;6;07.08.2016 20:00;0,383772;
Benzol;9;07.08.2016 20:00;0,370942;
Benzol;5;07.08.2016 20:00;0,132706;
Anilin;3;07.08.2016 20:00;2,0599;
Anilin;4;07.08.2016 20:00;1,05352;
Anilin;5;07.08.2016 20:00;0,764836;
Anilin;8;07.08.2016 20:00;0,710642;
Anilin;7;07.08.2016 20:00;0,691459;
Anilin;2;07.08.2016 20:00;0,230616;
Anilin;1;07.08.2016 20:00;0,151117;
Anilin;9;07.08.2016 20:00;0,140018;
Anilin;6;07.08.2016 20:00;0,0182621;
Natriumchlorid;4;07.08.2016 21:00;1,12034;
Natriumchlorid;7;07.08.2016 21:00;0,41172;
Natriumchlorid;5;07.08.2016 21:00;0,364168;
Natriumchlorid;6;07.08.2016 21:00;0,292529;
Natriumchlorid;3;07.08.2016 21:00;0,288932;
Natriumchlorid;8;07.08.2016 21:00;0,236568;
Natriumchlorid;9;07.08.2016 21:00;0,132306;
Natriumchlorid;1;07.08.2016 21:00;0,0934645;
Natriumchlorid;2;07.08.2016 21:00;0,0385802;
Arsen;4;07.08.2016 21:00;0,931317;
Arsen;7;07.08.2016 21:00;0,723541;
Arsen;8;07.08.2016 21:00;0,701986;
Arsen;2;07.08.2016 21:00;0,644597;
Arsen;3;07.08.2016 21:00;0,473197;
Arsen;6;07.08.2016 21:00;0,410018;
Arsen;9;07.08.2016 21:00;0,188373;
Arsen;1;07.08.2016 21:00;0,122252;
Arsen;5;07.08.2016 21:00;0,0982034;
Benzol;3;07.08.2016 21:00;2,00017;
Benzol;4;07.08.2016 21:00;0,673179;
Benzol;5;07.08.2016 21:00;0,494866;
Benzol;6;07.08.2016 21:00;0,4761;
Benzol;2;07.08.2016 21:00;0,383554;
Benzol;9;07.08.2016 21:00;0,346834;
Benzol;7;07.08.2016 21:00;0,209898;
Benzol;8;07.08.2016 21:00;0,0989086;
Benzol;1;07.08.2016 21:00;0,0622311;
Anilin;7;07.08.2016 21:00;1,68523;
Anilin;4;07.08.2016 21:00;1,21381;
Anilin;8;07.08.2016 21:00;0,798975;
Anilin;6;07.08.2016 21:00;0,373832;
Anilin;3;07.08.2016 21:00;0,237472;
Anilin;2;07.08.2016 21:00;0,110756;
Anilin;5;07.08.2016 21:00;0,102798;
Anilin;9;07.08.2016 21:00;0,0725392;
Anilin;1;07.08.2016 21:00;0,00559401;
Natriumchlorid;3;07.08.2016 22:00;1,73857;
Natriumchlorid;4;07.08.2016 22:00;0,912032;
Natriumchlorid;9;07.08.2016 22:00;0,452283;
Natriumchlorid;1;07.08.2016 22:00;0,443093;
Natriumchlorid;5;07.08.2016 22:00;0,251907;
Natriumchlorid;6;07.08.2016 22:00;0,250488;
Natriumchlorid;2;07.08.2016 22:00;0,176602;
Natriumchlorid;8;07.08.2016 22:00;0,0847037;
Natriumchlorid;7;07.08.2016 22:00;0,00597875;
Arsen;7;07.08.2016 22:00;1,7431;
Arsen;4;07.08.2016 22:00;0,893817;
Arsen;6;07.08.2016 22:00;0,481108;
Arsen;8;07.08.2016 22:00;0,466693;
Arsen;5;07.08.2016 22:00;0,286606;
Arsen;9;07.08.2016 22:00;0,274786;
Arsen;2;07.08.2016 22:00;0,178656;
Arsen;3;07.08.2016 22:00;0,129706;
Arsen;1;07.08.2016 22:00;0,0851111;
Benzol;4;07.08.2016 22:00;1,02924;
Benzol;2;07.08.2016 22:00;0,893943;
Benzol;3;07.08.2016 22:00;0,788499;
Benzol;9;07.08.2016 22:00;0,528696;
Benzol;6;07.08.2016 22:00;0,476808;
Benzol;7;07.08.2016 22:00;0,33348;
Benzol;1;07.08.2016 22:00;0,214939;
Benzol;8;07.08.2016 22:00;0,0525275;
Benzol;5;07.08.2016 22:00;0,028774;
Anilin;3;07.08.2016 22:00;1,39609;
Anilin;4;07.08.2016 22:00;1,18837;
Anilin;2;07.08.2016 22:00;0,620379;
Anilin;1;07.08.2016 22:00;0,610289;
Anilin;6;07.08.2016 22:00;0,43223;
Anilin;8;07.08.2016 22:00;0,367176;
Anilin;9;07.08.2016 22:00;0,257522;
Anilin;7;07.08.2016 22:00;0,16451;
Anilin;5;07.08.2016 22:00;0,141411;
Natriumchlorid;3;07.08.2016 23:00;2,57481;
Natriumchlorid;4;07.08.2016 23:00;1,13464;
Natriumchlorid;5;07.08.2016 23:00;0,508664;
Natriumchlorid;6;07.08.2016 23:00;0,367351;
Natriumchlorid;2;07.08.2016 23:00;0,322422;
Natriumchlorid;9;07.08.2016 23:00;0,305216;
Natriumchlorid;7;07.08.2016 23:00;0,0977761;
Natriumchlorid;8;07.08.2016 23:00;0,0927851;
Natriumchlorid;1;07.08.2016 23:00;0,0581191;
Arsen;3;07.08.2016 23:00;2,56871;
Arsen;5;07.08.2016 23:00;1,2493;
Arsen;4;07.08.2016 23:00;1,08221;
Arsen;2;07.08.2016 23:00;0,661233;
Arsen;6;07.08.2016 23:00;0,460046;
Arsen;8;07.08.2016 23:00;0,404177;
Arsen;7;07.08.2016 23:00;0,284889;
Arsen;9;07.08.2016 23:00;0,0913781;
Arsen;1;07.08.2016 23:00;0,00378593;
Benzol;4;07.08.2016 23:00;1,16923;
Benzol;3;07.08.2016 23:00;1,15222;
Benzol;6;07.08.2016 23:00;1,06299;
Benzol;7;07.08.2016 23:00;0,852666;
Benzol;8;07.08.2016 23:00;0,613388;
Benzol;1;07.08.2016 23:00;0,367789;
Benzol;2;07.08.2016 23:00;0,232916;
Benzol;9;07.08.2016 23:00;0,0222575;
Benzol;5;07.08.2016 23:00;0,00327766;
Anilin;7;07.08.2016 23:00;1,60605;
Anilin;2;07.08.2016 23:00;1,27047;
Anilin;4;07.08.2016 23:00;1,02224;
Anilin;3;07.08.2016 23:00;0,792333;
Anilin;6;07.08.2016 23:00;0,411274;
Anilin;1;07.08.2016 23:00;0,360039;
Anilin;5;07.08.2016 23:00;0,351019;
Anilin;8;07.08.2016 23:00;0,316144;
Anilin;9;07.08.2016 23:00;0,0809062;
Natriumchlorid;4;08.08.2016 00:00;1,35474;
Natriumchlorid;7;08.08.2016 00:00;0,4285;
Natriumchlorid;9;08.08.2016 00:00;0,400269;
Natriumchlorid;8;08.08.2016 00:00;0,349762;
Natriumchlorid;6;08.08.2016 00:00;0,341488;
Natriumchlorid;2;08.08.2016 00:00;0,225614;
Natriumchlorid;1;08.08.2016 00:00;0,182912;
Natriumchlorid;5;08.08.2016 00:00;0,105186;
Natriumchlorid;3;08.08.2016 00:00;0,101354;
Arsen;4;08.08.2016 00:00;1,17813;
Arsen;7;08.08.2016 00:00;0,982653;
Arsen;8;08.08.2016 00:00;0,597563;
Arsen;3;08.08.2016 00:00;0,533733;
Arsen;2;08.08.2016 00:00;0,516592;
Arsen;6;08.08.2016 00:00;0,50562;
Arsen;1;08.08.2016 00:00;0,332578;
Arsen;9;08.08.2016 00:00;0,321238;
Arsen;5;08.08.2016 00:00;0,113806;
Benzol;6;08.08.2016 00:00;3,75327;
Benzol;3;08.08.2016 00:00;1,45618;
Benzol;4;08.08.2016 00:00;0,90206;
Benzol;1;08.08.2016 00:00;0,317654;
Benzol;5;08.08.2016 00:00;0,277393;
Benzol;9;08.08.2016 00:00;0,23999;
Benzol;2;08.08.2016 00:00;0,230835;
Benzol;8;08.08.2016 00:00;0,227933;
Benzol;7;08.08.2016 00:00;0,160394;
Anilin;8;08.08.2016 00:00;1,19343;
Anilin;4;08.08.2016 00:00;0,681932;
Anilin;3;08.08.2016 00:00;0,477923;
Anilin;2;08.08.2016 00:00;0,24738;
Anilin;1;08.08.2016 00:00;0,237076;
Anilin;5;08.08.2016 00:00;0,201435;
Anilin;6;08.08.2016 00:00;0,119749;
Anilin;7;08.08.2016 00:00;0,118164;
Anilin;9;08.08.2016 00:00;0,0398764;
Natriumchlorid;4;08.08.2016 01:00;0,952031;
Natriumchlorid;3;08.08.2016 01:00;0,935432;
Natriumchlorid;8;08.08.2016 01:00;0,791842;
Natriumchlorid;6;08.08.2016 01:00;0,382805;
Natriumchlorid;2;08.08.2016 01:00;0,305788;
Natriumchlorid;1;08.08.2016 01:00;0,199717;
Natriumchlorid;7;08.08.2016 01:00;0,171649;
Natriumchlorid;5;08.08.2016 01:00;0,0707476;
Natriumchlorid;9;08.08.2016 01:00;0,050463;
Arsen;3;08.08.2016 01:00;1,30274;
Arsen;7;08.08.2016 01:00;1,05187;
Arsen;4;08.08.2016 01:00;0,842184;
Arsen;8;08.08.2016 01:00;0,305321;
Arsen;5;08.08.2016 01:00;0,281019;
Arsen;6;08.08.2016 01:00;0,270249;
Arsen;2;08.08.2016 01:00;0,217861;
Arsen;9;08.08.2016 01:00;0,199304;
Arsen;1;08.08.2016 01:00;0,112504;
Benzol;6;08.08.2016 01:00;11,24994;
Benzol;3;08.08.2016 01:00;2,79363;
Benzol;4;08.08.2016 01:00;1,2741;
Benzol;7;08.08.2016 01:00;0,364989;
Benzol;1;08.08.2016 01:00;0,124114;
Benzol;9;08.08.2016 01:00;0,0688481;
Benzol;5;08.08.2016 01:00;0,0651136;
Benzol;8;08.08.2016 01:00;0,0635961;
Benzol;2;08.08.2016 01:00;0,00731022;
Anilin;3;08.08.2016 01:00;2,06102;
Anilin;4;08.08.2016 01:00;1,18342;
Anilin;8;08.08.2016 01:00;1,03237;
Anilin;5;08.08.2016 01:00;0,625783;
Anilin;6;08.08.2016 01:00;0,246739;
Anilin;1;08.08.2016 01:00;0,0397498;
Anilin;9;08.08.2016 01:00;0,0260628;
Anilin;7;08.08.2016 01:00;0,0189014;
Anilin;2;08.08.2016 01:00;0,0105809;
Natriumchlorid;7;08.08.2016 02:00;1,22743;
Natriumchlorid;8;08.08.2016 02:00;1,00171;
Natriumchlorid;4;08.08.2016 02:00;0,955896;
Natriumchlorid;3;08.08.2016 02:00;0,860568;
Natriumchlorid;5;08.08.2016 02:00;0,580162;
Natriumchlorid;1;08.08.2016 02:00;0,535497;
Natriumchlorid;6;08.08.2016 02:00;0,258266;
Natriumchlorid;9;08.08.2016 02:00;0,0282633;
Natriumchlorid;2;08.08.2016 02:00;0,00930747;
Arsen;3;08.08.2016 02:00;2,88281;
Arsen;5;08.08.2016 02:00;1,08262;
Arsen;4;08.08.2016 02:00;0,856293;
Arsen;9;08.08.2016 02:00;0,510803;
Arsen;6;08.08.2016 02:00;0,433812;
Arsen;1;08.08.2016 02:00;0,427333;
Arsen;8;08.08.2016 02:00;0,353578;
Arsen;2;08.08.2016 02:00;0,051248;
Arsen;7;08.08.2016 02:00;0,0300205;
Benzol;6;08.08.2016 02:00;7,12418;
Benzol;3;08.08.2016 02:00;1,85179;
Benzol;4;08.08.2016 02:00;1,23327;
Benzol;8;08.08.2016 02:00;0,830343;
Benzol;1;08.08.2016 02:00;0,401918;
Benzol;7;08.08.2016 02:00;0,365698;
Benzol;9;08.08.2016 02:00;0,137934;
Benzol;2;08.08.2016 02:00;0,110191;
Benzol;5;08.08.2016 02:00;0,107655;
Anilin;3;08.08.2016 02:00;1,48235;
Anilin;7;08.08.2016 02:00;1,13234;
Anilin;4;08.08.2016 02:00;0,935731;
Anilin;8;08.08.2016 02:00;0,454281;
Anilin;9;08.08.2016 02:00;0,333341;
Anilin;6;08.08.2016 02:00;0,289743;
Anilin;1;08.08.2016 02:00;0,172782;
Anilin;2;08.08.2016 02:00;0,103211;
Anilin;5;08.08.2016 02:00;0,0733108;
Natriumchlorid;4;08.08.2016 03:00;1,20189;
Natriumchlorid;2;08.08.2016 03:00;0,97724;
Natriumchlorid;8;08.08.2016 03:00;0,762258;
Natriumchlorid;9;08.08.2016 03:00;0,634909;
Natriumchlorid;3;08.08.2016 03:00;0,622685;
Natriumchlorid;7;08.08.2016 03:00;0,538875;
Natriumchlorid;5;08.08.2016 03:00;0,393418;
Natriumchlorid;6;08.08.2016 03:00;0,201316;
Natriumchlorid;1;08.08.2016 03:00;0,192677;
Arsen;3;08.08.2016 03:00;1,21545;
Arsen;4;08.08.2016 03:00;0,948085;
Arsen;8;08.08.2016 03:00;0,727895;
Arsen;2;08.08.2016 03:00;0,684378;
Arsen;6;08.08.2016 03:00;0,293605;
Arsen;5;08.08.2016 03:00;0,282149;
Arsen;1;08.08.2016 03:00;0,258352;
Arsen;9;08.08.2016 03:00;0,22073;
Arsen;7;08.08.2016 03:00;0,170621;
Benzol;6;08.08.2016 03:00;2,83466;
Benzol;4;08.08.2016 03:00;1,2044;
Benzol;2;08.08.2016 03:00;0,909479;
Benzol;3;08.08.2016 03:00;0,85355;
Benzol;7;08.08.2016 03:00;0,836737;
Benzol;8;08.08.2016 03:00;0,531087;
Benzol;5;08.08.2016 03:00;0,3494;
Benzol;9;08.08.2016 03:00;0,275607;
Benzol;1;08.08.2016 03:00;0,262709;
Anilin;3;08.08.2016 03:00;1,1684;
Anilin;4;08.08.2016 03:00;1,08706;
Anilin;7;08.08.2016 03:00;0,797217;
Anilin;5;08.08.2016 03:00;0,512377;
Anilin;6;08.08.2016 03:00;0,359229;
Anilin;9;08.08.2016 03:00;0,342147;
Anilin;1;08.08.2016 03:00;0,194285;
Anilin;2;08.08.2016 03:00;0,179535;
Anilin;8;08.08.2016 03:00;0,0297435;
Natriumchlorid;4;08.08.2016 04:00;1,10062;
Natriumchlorid;6;08.08.2016 04:00;0,361553;
Natriumchlorid;2;08.08.2016 04:00;0,349867;
Natriumchlorid;7;08.08.2016 04:00;0,334599;
Natriumchlorid;5;08.08.2016 04:00;0,301657;
Natriumchlorid;3;08.08.2016 04:00;0,25803;
Natriumchlorid;1;08.08.2016 04:00;0,190901;
Natriumchlorid;9;08.08.2016 04:00;0,126574;
Natriumchlorid;8;08.08.2016 04:00;0,0546609;
Arsen;3;08.08.2016 04:00;1,72517;
Arsen;4;08.08.2016 04:00;1,08513;
Arsen;6;08.08.2016 04:00;0,447009;
Arsen;2;08.08.2016 04:00;0,408628;
Arsen;7;08.08.2016 04:00;0,284758;
Arsen;5;08.08.2016 04:00;0,27565;
Arsen;8;08.08.2016 04:00;0,262438;
Arsen;9;08.08.2016 04:00;0,228175;
Arsen;1;08.08.2016 04:00;0,174156;
Benzol;6;08.08.2016 04:00;6,31054;
Benzol;3;08.08.2016 04:00;1,16706;
Benzol;4;08.08.2016 04:00;1,03706;
Benzol;7;08.08.2016 04:00;0,600585;
Benzol;5;08.08.2016 04:00;0,220172;
Benzol;8;08.08.2016 04:00;0,12053;
Benzol;1;08.08.2016 04:00;0,111007;
Benzol;9;08.08.2016 04:00;0,0487627;
Benzol;2;08.08.2016 04:00;0,0250078;
Anilin;4;08.08.2016 04:00;1,46249;
Anilin;8;08.08.2016 04:00;0,735229;
Anilin;6;08.08.2016 04:00;0,412194;
Anilin;2;08.08.2016 04:00;0,353023;
Anilin;7;08.08.2016 04:00;0,267809;
Anilin;3;08.08.2016 04:00;0,193939;
Anilin;5;08.08.2016 04:00;0,159298;
Anilin;9;08.08.2016 04:00;0,0273324;
Anilin;1;08.08.2016 04:00;0,0180873;
Natriumchlorid;3;08.08.2016 05:00;1,68483;
Natriumchlorid;4;08.08.2016 05:00;1,34773;
Natriumchlorid;7;08.08.2016 05:00;0,889241;
Natriumchlorid;2;08.08.2016 05:00;0,53047;
Natriumchlorid;5;08.08.2016 05:00;0,436592;
Natriumchlorid;9;08.08.2016 05:00;0,28174;
Natriumchlorid;6;08.08.2016 05:00;0,138609;
Natriumchlorid;1;08.08.2016 05:00;0,111054;
Natriumchlorid;8;08.08.2016 05:00;0,0595689;
Arsen;7;08.08.2016 05:00;2,20061;
Arsen;4;08.08.2016 05:00;1,36501;
Arsen;3;08.08.2016 05:00;1,01101;
Arsen;5;08.08.2016 05:00;0,693883;
Arsen;9;08.08.2016 05:00;0,335951;
Arsen;8;08.08.2016 05:00;0,305447;
Arsen;6;08.08.2016 05:00;0,298248;
Arsen;1;08.08.2016 05:00;0,203114;
Arsen;2;08.08.2016 05:00;0,161383;
Benzol;4;08.08.2016 05:00;1,53045;
Benzol;3;08.08.2016 05:00;1,41738;
Benzol;2;08.08.2016 05:00;0,350984;
Benzol;6;08.08.2016 05:00;0,302095;
Benzol;9;08.08.2016 05:00;0,207522;
Benzol;5;08.08.2016 05:00;0,143075;
Benzol;8;08.08.2016 05:00;0,11669;
Benzol;7;08.08.2016 05:00;0,114435;
Benzol;1;08.08.2016 05:00;0,00204166;
Anilin;4;08.08.2016 05:00;1,21903;
Anilin;8;08.08.2016 05:00;0,796917;
Anilin;5;08.08.2016 05:00;0,52817;
Anilin;3;08.08.2016 05:00;0,517282;
Anilin;6;08.08.2016 05:00;0,482456;
Anilin;1;08.08.2016 05:00;0,382401;
Anilin;7;08.08.2016 05:00;0,264886;
Anilin;2;08.08.2016 05:00;0,249498;
Anilin;9;08.08.2016 05:00;0,071536;
Natriumchlorid;4;08.08.2016 06:00;1,02876;
Natriumchlorid;7;08.08.2016 06:00;0,855606;
Natriumchlorid;2;08.08.2016 06:00;0,824901;
Natriumchlorid;8;08.08.2016 06:00;0,741839;
Natriumchlorid;1;08.08.2016 06:00;0,468152;
Natriumchlorid;6;08.08.2016 06:00;0,218755;
Natriumchlorid;3;08.08.2016 06:00;0,107163;
Natriumchlorid;9;08.08.2016 06:00;0,103249;
Natriumchlorid;5;08.08.2016 06:00;0,0645425;
Arsen;4;08.08.2016 06:00;1,04331;
Arsen;8;08.08.2016 06:00;1,01564;
Arsen;5;08.08.2016 06:00;0,712858;
Arsen;7;08.08.2016 06:00;0,704263;
Arsen;2;08.08.2016 06:00;0,542501;
Arsen;3;08.08.2016 06:00;0,406922;
Arsen;6;08.08.2016 06:00;0,354499;
Arsen;9;08.08.2016 06:00;0,310417;
Arsen;1;08.08.2016 06:00;0,0127581;
Benzol;6;08.08.2016 06:00;4,5529;
Benzol;8;08.08.2016 06:00;1,42038;
Benzol;7;08.08.2016 06:00;1,17195;
Benzol;4;08.08.2016 06:00;1,09174;
Benzol;3;08.08.2016 06:00;1,06364;
Benzol;2;08.08.2016 06:00;0,511056;
Benzol;5;08.08.2016 06:00;0,377233;
Benzol;1;08.08.2016 06:00;0,107237;
Benzol;9;08.08.2016 06:00;0,0923994;
Anilin;3;08.08.2016 06:00;2,20506;
Anilin;4;08.08.2016 06:00;1,20863;
Anilin;8;08.08.2016 06:00;0,216788;
Anilin;2;08.08.2016 06:00;0,205187;
Anilin;9;08.08.2016 06:00;0,20495;
Anilin;7;08.08.2016 06:00;0,193004;
Anilin;1;08.08.2016 06:00;0,178793;
Anilin;6;08.08.2016 06:00;0,142146;
Anilin;5;08.08.2016 06:00;0,0439773;
Natriumchlorid;3;08.08.2016 07:00;1,96471;
Natriumchlorid;4;08.08.2016 07:00;1,02475;
Natriumchlorid;7;08.08.2016 07:00;0,687825;
Natriumchlorid;8;08.08.2016 07:00;0,617137;
Natriumchlorid;6;08.08.2016 07:00;0,566292;
Natriumchlorid;2;08.08.2016 07:00;0,527253;
Natriumchlorid;5;08.08.2016 07:00;0,511295;
Natriumchlorid;1;08.08.2016 07:00;0,26213;
Natriumchlorid;9;08.08.2016 07:00;0,257219;
Arsen;4;08.08.2016 07:00;1,04674;
Arsen;3;08.08.2016 07:00;1,01833;
Arsen;5;08.08.2016 07:00;0,797801;
Arsen;2;08.08.2016 07:00;0,754121;
Arsen;7;08.08.2016 07:00;0,565618;
Arsen;8;08.08.2016 07:00;0,25115;
Arsen;9;08.08.2016 07:00;0,239975;
Arsen;6;08.08.2016 07:00;0,177109;
Arsen;1;08.08.2016 07:00;0,0051635;
Benzol;2;08.08.2016 07:00;1,09379;
Benzol;6;08.08.2016 07:00;0,896417;
Benzol;4;08.08.2016 07:00;0,790421;
Benzol;3;08.08.2016 07:00;0,789405;
Benzol;8;08.08.2016 07:00;0,737146;
Benzol;9;08.08.2016 07:00;0,354743;
Benzol;7;08.08.2016 07:00;0,286844;
Benzol;1;08.08.2016 07:00;0,284091;
Benzol;5;08.08.2016 07:00;0,11729;
Anilin;3;08.08.2016 07:00;1,24377;
Anilin;4;08.08.2016 07:00;1,07686;
Anilin;5;08.08.2016 07:00;0,930454;
Anilin;2;08.08.2016 07:00;0,451734;
Anilin;8;08.08.2016 07:00;0,342413;
Anilin;6;08.08.2016 07:00;0,27006;
Anilin;9;08.08.2016 07:00;0,249467;
Anilin;1;08.08.2016 07:00;0,243618;
Anilin;7;08.08.2016 07:00;0,0374983;
Natriumchlorid;6;08.08.2016 08:00;32,1964;
Natriumchlorid;6;08.08.2016 08:00;3,28042;
Natriumchlorid;3;08.08.2016 08:00;1,47195;
Natriumchlorid;4;08.08.2016 08:00;0,990365;
Natriumchlorid;8;08.08.2016 08:00;0,526189;
Natriumchlorid;5;08.08.2016 08:00;0,498076;
Natriumchlorid;1;08.08.2016 08:00;0,287816;
Natriumchlorid;7;08.08.2016 08:00;0,271306;
Natriumchlorid;2;08.08.2016 08:00;0,0499828;
Natriumchlorid;9;08.08.2016 08:00;0,0392432;
Arsen;4;08.08.2016 08:00;1,33963;
Arsen;2;08.08.2016 08:00;0,698188;
Arsen;6;08.08.2016 08:00;0,584943;
Arsen;5;08.08.2016 08:00;0,53495;
Arsen;7;08.08.2016 08:00;0,486287;
Arsen;3;08.08.2016 08:00;0,408571;
Arsen;9;08.08.2016 08:00;0,301596;
Arsen;1;08.08.2016 08:00;0,141455;
Arsen;8;08.08.2016 08:00;0,0654503;
Benzol;3;08.08.2016 08:00;1,84519;
Benzol;7;08.08.2016 08:00;0,981058;
Benzol;5;08.08.2016 08:00;0,969474;
Benzol;8;08.08.2016 08:00;0,917154;
Benzol;4;08.08.2016 08:00;0,818663;
Benzol;1;08.08.2016 08:00;0,692833;
Benzol;6;08.08.2016 08:00;0,330196;
Benzol;2;08.08.2016 08:00;0,108866;
Benzol;9;08.08.2016 08:00;0,0484163;
Anilin;4;08.08.2016 08:00;0,942701;
Anilin;5;08.08.2016 08:00;0,350134;
Anilin;8;08.08.2016 08:00;0,310217;
Anilin;1;08.08.2016 08:00;0,248284;
Anilin;2;08.08.2016 08:00;0,213237;
Anilin;3;08.08.2016 08:00;0,170033;
Anilin;9;08.08.2016 08:00;0,121046;
Anilin;7;08.08.2016 08:00;0,0139929;
Natriumchlorid;6;08.08.2016 09:00;21,12387;
Natriumchlorid;6;08.08.2016 09:00;2,19394;
Natriumchlorid;7;08.08.2016 09:00;2,06768;
Natriumchlorid;3;08.08.2016 09:00;1,83489;
Natriumchlorid;4;08.08.2016 09:00;0,745704;
Natriumchlorid;8;08.08.2016 09:00;0,74281;
Natriumchlorid;1;08.08.2016 09:00;0,515016;
Natriumchlorid;5;08.08.2016 09:00;0,374098;
Natriumchlorid;2;08.08.2016 09:00;0,317886;
Natriumchlorid;9;08.08.2016 09:00;0,139665;
Arsen;3;08.08.2016 09:00;1,28871;
Arsen;4;08.08.2016 09:00;1,00331;
Arsen;8;08.08.2016 09:00;0,592849;
Arsen;9;08.08.2016 09:00;0,54093;
Arsen;5;08.08.2016 09:00;0,368941;
Arsen;1;08.08.2016 09:00;0,164604;
Arsen;2;08.08.2016 09:00;0,159924;
Arsen;6;08.08.2016 09:00;0,143596;
Arsen;7;08.08.2016 09:00;0,04173;
Benzol;3;08.08.2016 09:00;1,15238;
Benzol;4;08.08.2016 09:00;1,01853;
Benzol;8;08.08.2016 09:00;0,901328;
Benzol;1;08.08.2016 09:00;0,472307;
Benzol;2;08.08.2016 09:00;0,379617;
Benzol;6;08.08.2016 09:00;0,336004;
Benzol;7;08.08.2016 09:00;0,190378;
Benzol;9;08.08.2016 09:00;0,145126;
Benzol;5;08.08.2016 09:00;0,14467;
Anilin;4;08.08.2016 09:00;1,02073;
Anilin;3;08.08.2016 09:00;0,657626;
Anilin;5;08.08.2016 09:00;0,481523;
Anilin;2;08.08.2016 09:00;0,3965;
Anilin;8;08.08.2016 09:00;0,340965;
Anilin;1;08.08.2016 09:00;0,216596;
Anilin;7;08.08.2016 09:00;0,205024;
Anilin;9;08.08.2016 09:00;0,102526;
Natriumchlorid;6;08.08.2016 10:00;16,00771;
Natriumchlorid;6;08.08.2016 10:00;2,1642;
Natriumchlorid;8;08.08.2016 10:00;0,814891;
Natriumchlorid;4;08.08.2016 10:00;0,54176;
Natriumchlorid;7;08.08.2016 10:00;0,453267;
Natriumchlorid;5;08.08.2016 10:00;0,368721;
Natriumchlorid;3;08.08.2016 10:00;0,27468;
Natriumchlorid;9;08.08.2016 10:00;0,217825;
Natriumchlorid;2;08.08.2016 10:00;0,202953;
Natriumchlorid;1;08.08.2016 10:00;0,0584433;
Arsen;4;08.08.2016 10:00;1,22729;
Arsen;8;08.08.2016 10:00;0,523683;
Arsen;7;08.08.2016 10:00;0,320521;
Arsen;6;08.08.2016 10:00;0,301076;
Arsen;3;08.08.2016 10:00;0,26339;
Arsen;1;08.08.2016 10:00;0,246711;
Arsen;2;08.08.2016 10:00;0,208768;
Arsen;9;08.08.2016 10:00;0,144086;
Arsen;5;08.08.2016 10:00;0,0549964;
Benzol;4;08.08.2016 10:00;1,2338;
Benzol;9;08.08.2016 10:00;0,436654;
Benzol;6;08.08.2016 10:00;0,355754;
Benzol;3;08.08.2016 10:00;0,305774;
Benzol;7;08.08.2016 10:00;0,291257;
Benzol;8;08.08.2016 10:00;0,287823;
Benzol;2;08.08.2016 10:00;0,256815;
Benzol;5;08.08.2016 10:00;0,127664;
Benzol;1;08.08.2016 10:00;0,0465231;
Anilin;7;08.08.2016 10:00;2,23281;
Anilin;3;08.08.2016 10:00;1,16898;
Anilin;4;08.08.2016 10:00;0,961982;
Anilin;5;08.08.2016 10:00;0,651778;
Anilin;9;08.08.2016 10:00;0,434724;
Anilin;8;08.08.2016 10:00;0,217039;
Anilin;2;08.08.2016 10:00;0,177053;
Anilin;1;08.08.2016 10:00;0,127996;
Natriumchlorid;6;08.08.2016 11:00;16,2752;
Natriumchlorid;6;08.08.2016 11:00;1,70658;
Natriumchlorid;8;08.08.2016 11:00;1,0581;
Natriumchlorid;4;08.08.2016 11:00;0,904225;
Natriumchlorid;3;08.08.2016 11:00;0,436779;
Natriumchlorid;7;08.08.2016 11:00;0,160596;
Natriumchlorid;9;08.08.2016 11:00;0,127053;
Natriumchlorid;2;08.08.2016 11:00;0,0751885;
Natriumchlorid;1;08.08.2016 11:00;0,0228057;
Natriumchlorid;5;08.08.2016 11:00;0,00682004;
Arsen;3;08.08.2016 11:00;2,05414;
Arsen;4;08.08.2016 11:00;1,11609;
Arsen;5;08.08.2016 11:00;0,820203;
Arsen;6;08.08.2016 11:00;0,580531;
Arsen;1;08.08.2016 11:00;0,556074;
Arsen;8;08.08.2016 11:00;0,471632;
Arsen;2;08.08.2016 11:00;0,388837;
Arsen;9;08.08.2016 11:00;0,35744;
Arsen;7;08.08.2016 11:00;0,197154;
Benzol;3;08.08.2016 11:00;1,20806;
Benzol;4;08.08.2016 11:00;1,01723;
Benzol;6;08.08.2016 11:00;0,45114;
Benzol;2;08.08.2016 11:00;0,352628;
Benzol;5;08.08.2016 11:00;0,289329;
Benzol;8;08.08.2016 11:00;0,245165;
Benzol;1;08.08.2016 11:00;0,124114;
Benzol;9;08.08.2016 11:00;0,0437346;
Benzol;7;08.08.2016 11:00;0,0292765;
Anilin;3;08.08.2016 11:00;1,23922;
Anilin;4;08.08.2016 11:00;1,09975;
Anilin;2;08.08.2016 11:00;0,777328;
Anilin;5;08.08.2016 11:00;0,311675;
Anilin;8;08.08.2016 11:00;0,146475;
Anilin;1;08.08.2016 11:00;0,10697;
Anilin;9;08.08.2016 11:00;0,0595026;
Anilin;7;08.08.2016 11:00;0,0189518;
Natriumchlorid;7;08.08.2016 12:00;1,03279;
Natriumchlorid;5;08.08.2016 12:00;0,958605;
Natriumchlorid;4;08.08.2016 12:00;0,864916;
Natriumchlorid;9;08.08.2016 12:00;0,511829;
Natriumchlorid;2;08.08.2016 12:00;0,434729;
Natriumchlorid;6;08.08.2016 12:00;0,247252;
Natriumchlorid;3;08.08.2016 12:00;0,103515;
Natriumchlorid;1;08.08.2016 12:00;0,0602261;
Natriumchlorid;8;08.08.2016 12:00;0,0262959;
Arsen;3;08.08.2016 12:00;3,86343;
Arsen;8;08.08.2016 12:00;1,16111;
Arsen;4;08.08.2016 12:00;0,949951;
Arsen;7;08.08.2016 12:00;0,705477;
Arsen;5;08.08.2016 12:00;0,588241;
Arsen;2;08.08.2016 12:00;0,526014;
Arsen;9;08.08.2016 12:00;0,377879;
Arsen;6;08.08.2016 12:00;0,200814;
Arsen;1;08.08.2016 12:00;0,162021;
Benzol;3;08.08.2016 12:00;1,83529;
Benzol;4;08.08.2016 12:00;1,09169;
Benzol;8;08.08.2016 12:00;0,535499;
Benzol;5;08.08.2016 12:00;0,497077;
Benzol;6;08.08.2016 12:00;0,370727;
Benzol;2;08.08.2016 12:00;0,363879;
Benzol;7;08.08.2016 12:00;0,178395;
Benzol;9;08.08.2016 12:00;0,0862571;
Benzol;1;08.08.2016 12:00;0,0650685;
Anilin;7;08.08.2016 12:00;2,95745;
Anilin;3;08.08.2016 12:00;2,08208;
Anilin;4;08.08.2016 12:00;1,01947;
Anilin;2;08.08.2016 12:00;0,869996;
Anilin;9;08.08.2016 12:00;0,345715;
Anilin;1;08.08.2016 12:00;0,220715;
Anilin;5;08.08.2016 12:00;0,160601;
Anilin;8;08.08.2016 12:00;0,139061;
Anilin;6;08.08.2016 12:00;0,109011;
Natriumchlorid;6;08.08.2016 13:00;3,88061;
Natriumchlorid;3;08.08.2016 13:00;1,47796;
Natriumchlorid;8;08.08.2016 13:00;1,47268;
Natriumchlorid;4;08.08.2016 13:00;0,938351;
Natriumchlorid;6;08.08.2016 13:00;0,757546;
Natriumchlorid;7;08.08.2016 13:00;0,644213;
Natriumchlorid;5;08.08.2016 13:00;0,328698;
Natriumchlorid;2;08.08.2016 13:00;0,234206;
Natriumchlorid;9;08.08.2016 13:00;0,142717;
Natriumchlorid;1;08.08.2016 13:00;0,0409912;
Arsen;3;08.08.2016 13:00;2,14313;
Arsen;4;08.08.2016 13:00;1,10781;
Arsen;6;08.08.2016 13:00;0,461536;
Arsen;9;08.08.2016 13:00;0,226014;
Arsen;1;08.08.2016 13:00;0,209022;
Arsen;7;08.08.2016 13:00;0,178755;
Arsen;2;08.08.2016 13:00;0,169079;
Arsen;8;08.08.2016 13:00;0,049445;
Arsen;5;08.08.2016 13:00;0,029563;
Benzol;3;08.08.2016 13:00;0,891684;
Benzol;4;08.08.2016 13:00;0,824007;
Benzol;2;08.08.2016 13:00;0,777242;
Benzol;8;08.08.2016 13:00;0,712549;
Benzol;7;08.08.2016 13:00;0,476219;
Benzol;6;08.08.2016 13:00;0,268734;
Benzol;5;08.08.2016 13:00;0,22795;
Benzol;1;08.08.2016 13:00;0,074841;
Benzol;9;08.08.2016 13:00;0,0108156;
Anilin;3;08.08.2016 13:00;3,62804;
Anilin;4;08.08.2016 13:00;0,933998;
Anilin;8;08.08.2016 13:00;0,780384;
Anilin;5;08.08.2016 13:00;0,454042;
Anilin;9;08.08.2016 13:00;0,453099;
Anilin;1;08.08.2016 13:00;0,284442;
Anilin;7;08.08.2016 13:00;0,133195;
Anilin;2;08.08.2016 13:00;0,0803873;
Natriumchlorid;6;08.08.2016 14:00;17,99585;
Natriumchlorid;6;08.08.2016 14:00;2,05283;
Natriumchlorid;3;08.08.2016 14:00;1,23207;
Natriumchlorid;4;08.08.2016 14:00;1,16126;
Natriumchlorid;8;08.08.2016 14:00;0,585764;
Natriumchlorid;5;08.08.2016 14:00;0,408326;
Natriumchlorid;9;08.08.2016 14:00;0,294624;
Natriumchlorid;7;08.08.2016 14:00;0,214545;
Natriumchlorid;2;08.08.2016 14:00;0,13462;
Natriumchlorid;1;08.08.2016 14:00;0,00721896;
Arsen;3;08.08.2016 14:00;1,47195;
Arsen;4;08.08.2016 14:00;0,959463;
Arsen;5;08.08.2016 14:00;0,64398;
Arsen;8;08.08.2016 14:00;0,575868;
Arsen;7;08.08.2016 14:00;0,395041;
Arsen;2;08.08.2016 14:00;0,378838;
Arsen;9;08.08.2016 14:00;0,363455;
Arsen;6;08.08.2016 14:00;0,242101;
Arsen;1;08.08.2016 14:00;0,0324943;
Benzol;3;08.08.2016 14:00;2,83379;
Benzol;4;08.08.2016 14:00;1,09479;
Benzol;7;08.08.2016 14:00;0,614879;
Benzol;5;08.08.2016 14:00;0,585792;
Benzol;6;08.08.2016 14:00;0,310496;
Benzol;8;08.08.2016 14:00;0,239957;
Benzol;9;08.08.2016 14:00;0,21365;
Benzol;2;08.08.2016 14:00;0,182078;
Benzol;1;08.08.2016 14:00;0,130841;
Anilin;7;08.08.2016 14:00;1,43371;
Anilin;4;08.08.2016 14:00;1,06014;
Anilin;2;08.08.2016 14:00;0,636507;
Anilin;3;08.08.2016 14:00;0,468403;
Anilin;8;08.08.2016 14:00;0,289922;
Anilin;1;08.08.2016 14:00;0,150865;
Anilin;5;08.08.2016 14:00;0,0871115;
Anilin;9;08.08.2016 14:00;0,0515582;
Natriumchlorid;7;08.08.2016 15:00;2,725;
Natriumchlorid;3;08.08.2016 15:00;1,94357;
Natriumchlorid;4;08.08.2016 15:00;1,36116;
Natriumchlorid;8;08.08.2016 15:00;0,620193;
Natriumchlorid;1;08.08.2016 15:00;0,477581;
Natriumchlorid;6;08.08.2016 15:00;0,428083;
Natriumchlorid;9;08.08.2016 15:00;0,245846;
Natriumchlorid;5;08.08.2016 15:00;0,150351;
Natriumchlorid;2;08.08.2016 15:00;0,0577214;
Arsen;4;08.08.2016 15:00;0,999855;
Arsen;8;08.08.2016 15:00;0,844702;
Arsen;3;08.08.2016 15:00;0,829433;
Arsen;7;08.08.2016 15:00;0,510374;
Arsen;6;08.08.2016 15:00;0,475065;
Arsen;5;08.08.2016 15:00;0,244152;
Arsen;1;08.08.2016 15:00;0,116761;
Arsen;9;08.08.2016 15:00;0,0994393;
Arsen;2;08.08.2016 15:00;0,0710549;
Benzol;3;08.08.2016 15:00;1,33914;
Benzol;4;08.08.2016 15:00;0,922731;
Benzol;5;08.08.2016 15:00;0,70443;
Benzol;2;08.08.2016 15:00;0,572248;
Benzol;7;08.08.2016 15:00;0,508053;
Benzol;1;08.08.2016 15:00;0,252121;
Benzol;9;08.08.2016 15:00;0,233114;
Benzol;6;08.08.2016 15:00;0,201742;
Benzol;8;08.08.2016 15:00;0,170417;
Anilin;3;08.08.2016 15:00;2,84632;
Anilin;5;08.08.2016 15:00;1,03065;
Anilin;4;08.08.2016 15:00;0,901699;
Anilin;7;08.08.2016 15:00;0,644445;
Anilin;9;08.08.2016 15:00;0,523664;
Anilin;6;08.08.2016 15:00;0,347293;
Anilin;2;08.08.2016 15:00;0,339783;
Anilin;1;08.08.2016 15:00;0,181161;
Anilin;8;08.08.2016 15:00;0,0699598;
Natriumchlorid;4;08.08.2016 16:00;0,960969;
Natriumchlorid;8;08.08.2016 16:00;0,940011;
Natriumchlorid;5;08.08.2016 16:00;0,650697;
Natriumchlorid;2;08.08.2016 16:00;0,432157;
Natriumchlorid;6;08.08.2016 16:00;0,372396;
Natriumchlorid;1;08.08.2016 16:00;0,316183;
Natriumchlorid;9;08.08.2016 16:00;0,297164;
Natriumchlorid;3;08.08.2016 16:00;0,21887;
Natriumchlorid;7;08.08.2016 16:00;0,164415;
Arsen;7;08.08.2016 16:00;1,19167;
Arsen;4;08.08.2016 16:00;1,08874;
Arsen;8;08.08.2016 16:00;0,989653;
Arsen;3;08.08.2016 16:00;0,908537;
Arsen;9;08.08.2016 16:00;0,349471;
Arsen;6;08.08.2016 16:00;0,270814;
Arsen;1;08.08.2016 16:00;0,231982;
Arsen;2;08.08.2016 16:00;0,178656;
Arsen;5;08.08.2016 16:00;0,0796317;
Benzol;4;08.08.2016 16:00;0,741229;
Benzol;7;08.08.2016 16:00;0,688691;
Benzol;2;08.08.2016 16:00;0,567547;
Benzol;6;08.08.2016 16:00;0,538196;
Benzol;5;08.08.2016 16:00;0,34992;
Benzol;3;08.08.2016 16:00;0,243538;
Benzol;8;08.08.2016 16:00;0,185835;
Benzol;1;08.08.2016 16:00;0,105975;
Benzol;9;08.08.2016 16:00;0,0579515;
Anilin;4;08.08.2016 16:00;1,23;
Anilin;3;08.08.2016 16:00;1,04781;
Anilin;8;08.08.2016 16:00;0,964451;
Anilin;7;08.08.2016 16:00;0,655428;
Anilin;5;08.08.2016 16:00;0,45197;
Anilin;6;08.08.2016 16:00;0,393611;
Anilin;2;08.08.2016 16:00;0,0951128;
Anilin;1;08.08.2016 16:00;0,08985;
Anilin;9;08.08.2016 16:00;0,0698895;
Natriumchlorid;4;08.08.2016 17:00;1,17122;
Natriumchlorid;7;08.08.2016 17:00;0,810221;
Natriumchlorid;3;08.08.2016 17:00;0,769759;
Natriumchlorid;1;08.08.2016 17:00;0,407812;
Natriumchlorid;8;08.08.2016 17:00;0,310662;
Natriumchlorid;9;08.08.2016 17:00;0,290452;
Natriumchlorid;5;08.08.2016 17:00;0,274568;
Natriumchlorid;2;08.08.2016 17:00;0,120081;
Natriumchlorid;6;08.08.2016 17:00;0,0135793;
Arsen;4;08.08.2016 17:00;1,08245;
Arsen;3;08.08.2016 17:00;0,828654;
Arsen;8;08.08.2016 17:00;0,651137;
Arsen;5;08.08.2016 17:00;0,590148;
Arsen;6;08.08.2016 17:00;0,406802;
Arsen;2;08.08.2016 17:00;0,332476;
Arsen;1;08.08.2016 17:00;0,289995;
Arsen;9;08.08.2016 17:00;0,109599;
Arsen;7;08.08.2016 17:00;0,0860233;
Benzol;7;08.08.2016 17:00;1,38267;
Benzol;4;08.08.2016 17:00;1,07035;
Benzol;2;08.08.2016 17:00;0,450636;
Benzol;6;08.08.2016 17:00;0,295995;
Benzol;3;08.08.2016 17:00;0,280878;
Benzol;1;08.08.2016 17:00;0,157775;
Benzol;8;08.08.2016 17:00;0,0745828;
Benzol;5;08.08.2016 17:00;0,0590187;
Benzol;9;08.08.2016 17:00;0,0331668;
Anilin;7;08.08.2016 17:00;1,38853;
Anilin;6;08.08.2016 17:00;1,12224;
Anilin;2;08.08.2016 17:00;0,941304;
Anilin;3;08.08.2016 17:00;0,776406;
Anilin;4;08.08.2016 17:00;0,7135;
Anilin;9;08.08.2016 17:00;0,605755;
Anilin;1;08.08.2016 17:00;0,45385;
Anilin;8;08.08.2016 17:00;0,371258;
Anilin;5;08.08.2016 17:00;0,238355;
Natriumchlorid;4;08.08.2016 18:00;0,722771;
Natriumchlorid;6;08.08.2016 18:00;0,564076;
Natriumchlorid;3;08.08.2016 18:00;0,486062;
Natriumchlorid;1;08.08.2016 18:00;0,360461;
Natriumchlorid;2;08.08.2016 18:00;0,161797;
Natriumchlorid;8;08.08.2016 18:00;0,1126;
Natriumchlorid;7;08.08.2016 18:00;0,104307;
Natriumchlorid;9;08.08.2016 18:00;0,060441;
Natriumchlorid;5;08.08.2016 18:00;0,0336635;
Arsen;3;08.08.2016 18:00;1,23905;
Arsen;4;08.08.2016 18:00;1,05002;
Arsen;7;08.08.2016 18:00;0,810842;
Arsen;9;08.08.2016 18:00;0,324564;
Arsen;2;08.08.2016 18:00;0,317023;
Arsen;8;08.08.2016 18:00;0,227297;
Arsen;1;08.08.2016 18:00;0,0436219;
Arsen;6;08.08.2016 18:00;0,0224403;
Arsen;5;08.08.2016 18:00;0,0139661;
Benzol;4;08.08.2016 18:00;0,864399;
Benzol;8;08.08.2016 18:00;0,809324;
Benzol;7;08.08.2016 18:00;0,570482;
Benzol;2;08.08.2016 18:00;0,398021;
Benzol;1;08.08.2016 18:00;0,373625;
Benzol;9;08.08.2016 18:00;0,318054;
Benzol;3;08.08.2016 18:00;0,287166;
Benzol;5;08.08.2016 18:00;0,259673;
Benzol;6;08.08.2016 18:00;0,239349;
Anilin;4;08.08.2016 18:00;0,964017;
Anilin;3;08.08.2016 18:00;0,854551;
Anilin;9;08.08.2016 18:00;0,52372;
Anilin;2;08.08.2016 18:00;0,462523;
Anilin;6;08.08.2016 18:00;0,397912;
Anilin;7;08.08.2016 18:00;0,305062;
Anilin;8;08.08.2016 18:00;0,298857;
Anilin;5;08.08.2016 18:00;0,161126;
Anilin;1;08.08.2016 18:00;0,135585;
Natriumchlorid;8;08.08.2016 19:00;0,676275;
Natriumchlorid;4;08.08.2016 19:00;0,655772;
Natriumchlorid;2;08.08.2016 19:00;0,334741;
Natriumchlorid;7;08.08.2016 19:00;0,272864;
Natriumchlorid;3;08.08.2016 19:00;0,242959;
Natriumchlorid;6;08.08.2016 19:00;0,212745;
Natriumchlorid;9;08.08.2016 19:00;0,184509;
Natriumchlorid;5;08.08.2016 19:00;0,179196;
Natriumchlorid;1;08.08.2016 19:00;0,0813628;
Arsen;7;08.08.2016 19:00;1,26616;
Arsen;4;08.08.2016 19:00;1,21921;
Arsen;8;08.08.2016 19:00;0,786342;
Arsen;6;08.08.2016 19:00;0,475278;
Arsen;3;08.08.2016 19:00;0,449769;
Arsen;9;08.08.2016 19:00;0,198019;
Arsen;2;08.08.2016 19:00;0,177843;
Arsen;5;08.08.2016 19:00;0,171423;
Arsen;1;08.08.2016 19:00;0,161538;
Benzol;4;08.08.2016 19:00;1,0111;
Benzol;5;08.08.2016 19:00;0,897454;
Benzol;3;08.08.2016 19:00;0,842707;
Benzol;6;08.08.2016 19:00;0,809713;
Benzol;1;08.08.2016 19:00;0,495372;
Benzol;9;08.08.2016 19:00;0,247544;
Benzol;8;08.08.2016 19:00;0,0892099;
Benzol;2;08.08.2016 19:00;0,0658423;
Benzol;7;08.08.2016 19:00;0,0100877;
Anilin;7;08.08.2016 19:00;1,15646;
Anilin;4;08.08.2016 19:00;1,15641;
Anilin;5;08.08.2016 19:00;0,640535;
Anilin;3;08.08.2016 19:00;0,56316;
Anilin;2;08.08.2016 19:00;0,489439;
Anilin;8;08.08.2016 19:00;0,326315;
Anilin;6;08.08.2016 19:00;0,24356;
Anilin;1;08.08.2016 19:00;0,210799;
Anilin;9;08.08.2016 19:00;0,146627;
Natriumchlorid;4;08.08.2016 20:00;1,33737;
Natriumchlorid;7;08.08.2016 20:00;1,25774;
Natriumchlorid;3;08.08.2016 20:00;0,747371;
Natriumchlorid;2;08.08.2016 20:00;0,540079;
Natriumchlorid;6;08.08.2016 20:00;0,48169;
Natriumchlorid;8;08.08.2016 20:00;0,380301;
Natriumchlorid;1;08.08.2016 20:00;0,125261;
Natriumchlorid;9;08.08.2016 20:00;0,105051;
Natriumchlorid;5;08.08.2016 20:00;0,056826;
Arsen;3;08.08.2016 20:00;1,52496;
Arsen;2;08.08.2016 20:00;0,902936;
Arsen;4;08.08.2016 20:00;0,77988;
Arsen;7;08.08.2016 20:00;0,710923;
Arsen;6;08.08.2016 20:00;0,558066;
Arsen;5;08.08.2016 20:00;0,477784;
Arsen;8;08.08.2016 20:00;0,361277;
Arsen;9;08.08.2016 20:00;0,0632766;
Arsen;1;08.08.2016 20:00;0,0178658;
Benzol;6;08.08.2016 20:00;6,74723;
Benzol;3;08.08.2016 20:00;1,65829;
Benzol;4;08.08.2016 20:00;1,08448;
Benzol;7;08.08.2016 20:00;0,415601;
Benzol;9;08.08.2016 20:00;0,402965;
Benzol;1;08.08.2016 20:00;0,237278;
Benzol;5;08.08.2016 20:00;0,188041;
Benzol;2;08.08.2016 20:00;0,0198073;
Benzol;8;08.08.2016 20:00;0,0141048;
Anilin;3;08.08.2016 20:00;2,28042;
Anilin;4;08.08.2016 20:00;0,963429;
Anilin;7;08.08.2016 20:00;0,901296;
Anilin;9;08.08.2016 20:00;0,532231;
Anilin;8;08.08.2016 20:00;0,419147;
Anilin;5;08.08.2016 20:00;0,404198;
Anilin;6;08.08.2016 20:00;0,394637;
Anilin;1;08.08.2016 20:00;0,202854;
Anilin;2;08.08.2016 20:00;0,0510255;
Natriumchlorid;7;08.08.2016 21:00;1,13867;
Natriumchlorid;4;08.08.2016 21:00;1,08617;
Natriumchlorid;3;08.08.2016 21:00;0,836168;
Natriumchlorid;8;08.08.2016 21:00;0,513929;
Natriumchlorid;6;08.08.2016 21:00;0,510791;
Natriumchlorid;5;08.08.2016 21:00;0,488174;
Natriumchlorid;1;08.08.2016 21:00;0,21339;
Natriumchlorid;2;08.08.2016 21:00;0,178322;
Natriumchlorid;9;08.08.2016 21:00;0,0657399;
Arsen;4;08.08.2016 21:00;0,96053;
Arsen;8;08.08.2016 21:00;0,631534;
Arsen;7;08.08.2016 21:00;0,524318;
Arsen;1;08.08.2016 21:00;0,469095;
Arsen;3;08.08.2016 21:00;0,318582;
Arsen;6;08.08.2016 21:00;0,241725;
Arsen;5;08.08.2016 21:00;0,220853;
Arsen;9;08.08.2016 21:00;0,163721;
Arsen;2;08.08.2016 21:00;0,0273136;
Benzol;4;08.08.2016 21:00;1,35687;
Benzol;7;08.08.2016 21:00;1,31271;
Benzol;3;08.08.2016 21:00;1,15929;
Benzol;2;08.08.2016 21:00;0,788205;
Benzol;8;08.08.2016 21:00;0,723292;
Benzol;6;08.08.2016 21:00;0,391988;
Benzol;5;08.08.2016 21:00;0,303017;
Benzol;9;08.08.2016 21:00;0,208747;
Benzol;1;08.08.2016 21:00;0,0518401;
Anilin;6;08.08.2016 21:00;0,812703;
Anilin;4;08.08.2016 21:00;0,778272;
Anilin;3;08.08.2016 21:00;0,776892;
Anilin;1;08.08.2016 21:00;0,487757;
Anilin;2;08.08.2016 21:00;0,321419;
Anilin;7;08.08.2016 21:00;0,226238;
Anilin;9;08.08.2016 21:00;0,16639;
Anilin;8;08.08.2016 21:00;0,136975;
Anilin;5;08.08.2016 21:00;0,0912641;
Natriumchlorid;3;08.08.2016 22:00;2,11674;
Natriumchlorid;7;08.08.2016 22:00;1,86143;
Natriumchlorid;4;08.08.2016 22:00;0,981057;
Natriumchlorid;8;08.08.2016 22:00;0,675267;
Natriumchlorid;5;08.08.2016 22:00;0,473769;
Natriumchlorid;2;08.08.2016 22:00;0,354571;
Natriumchlorid;9;08.08.2016 22:00;0,198845;
Natriumchlorid;6;08.08.2016 22:00;0,164543;
Natriumchlorid;1;08.08.2016 22:00;0,0260182;
Arsen;3;08.08.2016 22:00;2,11708;
Arsen;4;08.08.2016 22:00;1,25552;
Arsen;7;08.08.2016 22:00;0,99304;
Arsen;6;08.08.2016 22:00;0,495669;
Arsen;1;08.08.2016 22:00;0,461931;
Arsen;9;08.08.2016 22:00;0,277913;
Arsen;5;08.08.2016 22:00;0,212909;
Arsen;8;08.08.2016 22:00;0,156826;
Arsen;2;08.08.2016 22:00;0,0599563;
Benzol;4;08.08.2016 22:00;1,02822;
Benzol;1;08.08.2016 22:00;0,734143;
Benzol;6;08.08.2016 22:00;0,722143;
Benzol;7;08.08.2016 22:00;0,715839;
Benzol;3;08.08.2016 22:00;0,680829;
Benzol;2;08.08.2016 22:00;0,566382;
Benzol;5;08.08.2016 22:00;0,316884;
Benzol;8;08.08.2016 22:00;0,128733;
Benzol;9;08.08.2016 22:00;0,0953813;
Anilin;3;08.08.2016 22:00;2,17332;
Anilin;4;08.08.2016 22:00;1,35652;
Anilin;2;08.08.2016 22:00;0,701463;
Anilin;8;08.08.2016 22:00;0,684688;
Anilin;7;08.08.2016 22:00;0,216975;
Anilin;6;08.08.2016 22:00;0,135523;
Anilin;9;08.08.2016 22:00;0,100333;
Anilin;1;08.08.2016 22:00;0,0422472;
Anilin;5;08.08.2016 22:00;0,039233;
Natriumchlorid;4;08.08.2016 23:00;1,12205;
Natriumchlorid;3;08.08.2016 23:00;0,839079;
Natriumchlorid;9;08.08.2016 23:00;0,73634;
Natriumchlorid;6;08.08.2016 23:00;0,726821;
Natriumchlorid;7;08.08.2016 23:00;0,321229;
Natriumchlorid;2;08.08.2016 23:00;0,234074;
Natriumchlorid;1;08.08.2016 23:00;0,160413;
Natriumchlorid;8;08.08.2016 23:00;0,120489;
Natriumchlorid;5;08.08.2016 23:00;0,0725434;
Arsen;4;08.08.2016 23:00;0,997721;
Arsen;5;08.08.2016 23:00;0,557322;
Arsen;6;08.08.2016 23:00;0,502903;
Arsen;9;08.08.2016 23:00;0,484732;
Arsen;3;08.08.2016 23:00;0,381134;
Arsen;1;08.08.2016 23:00;0,349047;
Arsen;8;08.08.2016 23:00;0,246779;
Arsen;2;08.08.2016 23:00;0,0807992;
Arsen;7;08.08.2016 23:00;0,0624163;
Benzol;3;08.08.2016 23:00;1,71299;
Benzol;7;08.08.2016 23:00;0,902289;
Benzol;4;08.08.2016 23:00;0,817635;
Benzol;8;08.08.2016 23:00;0,36865;
Benzol;6;08.08.2016 23:00;0,349413;
Benzol;1;08.08.2016 23:00;0,239413;
Benzol;5;08.08.2016 23:00;0,144993;
Benzol;2;08.08.2016 23:00;0,119657;
Benzol;9;08.08.2016 23:00;0,0934995;
Anilin;8;08.08.2016 23:00;1,84448;
Anilin;4;08.08.2016 23:00;1,14483;
Anilin;7;08.08.2016 23:00;1,10403;
Anilin;1;08.08.2016 23:00;0,360609;
Anilin;2;08.08.2016 23:00;0,325771;
Anilin;6;08.08.2016 23:00;0,279295;
Anilin;5;08.08.2016 23:00;0,254937;
Anilin;9;08.08.2016 23:00;0,101888;
Anilin;3;08.08.2016 23:00;0,047006;
Natriumchlorid;3;09.08.2016 00:00;2,42009;
Natriumchlorid;4;09.08.2016 00:00;0,82651;
Natriumchlorid;7;09.08.2016 00:00;0,63525;
Natriumchlorid;8;09.08.2016 00:00;0,577825;
Natriumchlorid;6;09.08.2016 00:00;0,5236;
Natriumchlorid;1;09.08.2016 00:00;0,333647;
Natriumchlorid;9;09.08.2016 00:00;0,228206;
Natriumchlorid;5;09.08.2016 00:00;0,203568;
Natriumchlorid;2;09.08.2016 00:00;0,145441;
Arsen;4;09.08.2016 00:00;1,28445;
Arsen;7;09.08.2016 00:00;1,05405;
Arsen;5;09.08.2016 00:00;0,541799;
Arsen;8;09.08.2016 00:00;0,504305;
Arsen;6;09.08.2016 00:00;0,41867;
Arsen;3;09.08.2016 00:00;0,319528;
Arsen;9;09.08.2016 00:00;0,123307;
Arsen;2;09.08.2016 00:00;0,0961988;
Arsen;1;09.08.2016 00:00;0,00227435;
Benzol;4;09.08.2016 00:00;1,00038;
Benzol;6;09.08.2016 00:00;0,59565;
Benzol;9;09.08.2016 00:00;0,310097;
Benzol;3;09.08.2016 00:00;0,155004;
Benzol;1;09.08.2016 00:00;0,14799;
Benzol;5;09.08.2016 00:00;0,147798;
Benzol;7;09.08.2016 00:00;0,139496;
Benzol;8;09.08.2016 00:00;0,122597;
Benzol;2;09.08.2016 00:00;0,064579;
Anilin;3;09.08.2016 00:00;1,56259;
Anilin;4;09.08.2016 00:00;1,28117;
Anilin;8;09.08.2016 00:00;0,600445;
Anilin;9;09.08.2016 00:00;0,505341;
Anilin;5;09.08.2016 00:00;0,486644;
Anilin;6;09.08.2016 00:00;0,408027;
Anilin;7;09.08.2016 00:00;0,397357;
Anilin;1;09.08.2016 00:00;0,381221;
Anilin;2;09.08.2016 00:00;0,0563384;
Natriumchlorid;4;09.08.2016 01:00;1,23;
Natriumchlorid;5;09.08.2016 01:00;0,72065;
Natriumchlorid;3;09.08.2016 01:00;0,637031;
Natriumchlorid;8;09.08.2016 01:00;0,619588;
Natriumchlorid;2;09.08.2016 01:00;0,58874;
Natriumchlorid;1;09.08.2016 01:00;0,382222;
Natriumchlorid;7;09.08.2016 01:00;0,221345;
Natriumchlorid;6;09.08.2016 01:00;0,118971;
Natriumchlorid;9;09.08.2016 01:00;0,0712478;
Arsen;4;09.08.2016 01:00;1,37287;
Arsen;5;09.08.2016 01:00;1,10807;
Arsen;3;09.08.2016 01:00;1,00019;
Arsen;7;09.08.2016 01:00;0,899142;
Arsen;1;09.08.2016 01:00;0,609664;
Arsen;8;09.08.2016 01:00;0,560358;
Arsen;9;09.08.2016 01:00;0,173066;
Arsen;6;09.08.2016 01:00;0,112931;
Arsen;2;09.08.2016 01:00;0,0204507;
Benzol;4;09.08.2016 01:00;0,786073;
Benzol;3;09.08.2016 01:00;0,679352;
Benzol;2;09.08.2016 01:00;0,519616;
Benzol;9;09.08.2016 01:00;0,314413;
Benzol;5;09.08.2016 01:00;0,272266;
Benzol;8;09.08.2016 01:00;0,137284;
Benzol;1;09.08.2016 01:00;0,128192;
Benzol;7;09.08.2016 01:00;0,0861224;
Benzol;6;09.08.2016 01:00;0,0162169;
Anilin;4;09.08.2016 01:00;0,981122;
Anilin;6;09.08.2016 01:00;0,608285;
Anilin;8;09.08.2016 01:00;0,564845;
Anilin;3;09.08.2016 01:00;0,47569;
Anilin;7;09.08.2016 01:00;0,334016;
Anilin;9;09.08.2016 01:00;0,198692;
Anilin;1;09.08.2016 01:00;0,109529;
Anilin;5;09.08.2016 01:00;0,077365;
Anilin;2;09.08.2016 01:00;0,0538356;
Natriumchlorid;4;09.08.2016 02:00;1,33827;
Natriumchlorid;2;09.08.2016 02:00;1,11465;
Natriumchlorid;8;09.08.2016 02:00;0,654013;
Natriumchlorid;5;09.08.2016 02:00;0,547223;
Natriumchlorid;6;09.08.2016 02:00;0,325853;
Natriumchlorid;9;09.08.2016 02:00;0,27336;
Natriumchlorid;1;09.08.2016 02:00;0,24329;
Natriumchlorid;3;09.08.2016 02:00;0,13031;
Natriumchlorid;7;09.08.2016 02:00;0,0396384;
Arsen;2;09.08.2016 02:00;1,00514;
Arsen;7;09.08.2016 02:00;0,935867;
Arsen;4;09.08.2016 02:00;0,776451;
Arsen;3;09.08.2016 02:00;0,725161;
Arsen;5;09.08.2016 02:00;0,554062;
Arsen;6;09.08.2016 02:00;0,337629;
Arsen;8;09.08.2016 02:00;0,328368;
Arsen;9;09.08.2016 02:00;0,0593066;
Arsen;1;09.08.2016 02:00;0,0102644;
Benzol;7;09.08.2016 02:00;2,17671;
Benzol;4;09.08.2016 02:00;1,1461;
Benzol;3;09.08.2016 02:00;0,791774;
Benzol;6;09.08.2016 02:00;0,586781;
Benzol;2;09.08.2016 02:00;0,216203;
Benzol;5;09.08.2016 02:00;0,152314;
Benzol;9;09.08.2016 02:00;0,116611;
Benzol;1;09.08.2016 02:00;0,0954515;
Benzol;8;09.08.2016 02:00;0,0863708;
Anilin;3;09.08.2016 02:00;1,04923;
Anilin;4;09.08.2016 02:00;0,969755;
Anilin;8;09.08.2016 02:00;0,83812;
Anilin;9;09.08.2016 02:00;0,441944;
Anilin;5;09.08.2016 02:00;0,435073;
Anilin;7;09.08.2016 02:00;0,384842;
Anilin;1;09.08.2016 02:00;0,279218;
Anilin;6;09.08.2016 02:00;0,126801;
Anilin;2;09.08.2016 02:00;0,0513795;
Natriumchlorid;3;09.08.2016 03:00;1,36342;
Natriumchlorid;4;09.08.2016 03:00;1,00279;
Natriumchlorid;7;09.08.2016 03:00;0,607937;
Natriumchlorid;8;09.08.2016 03:00;0,504464;
Natriumchlorid;6;09.08.2016 03:00;0,431068;
Natriumchlorid;2;09.08.2016 03:00;0,382227;
Natriumchlorid;5;09.08.2016 03:00;0,30048;
Natriumchlorid;9;09.08.2016 03:00;0,293138;
Natriumchlorid;1;09.08.2016 03:00;0,288659;
Arsen;4;09.08.2016 03:00;0,981576;
Arsen;3;09.08.2016 03:00;0,876903;
Arsen;1;09.08.2016 03:00;0,640272;
Arsen;8;09.08.2016 03:00;0,6311;
Arsen;6;09.08.2016 03:00;0,478705;
Arsen;2;09.08.2016 03:00;0,298123;
Arsen;7;09.08.2016 03:00;0,26773;
Arsen;9;09.08.2016 03:00;0,254356;
Arsen;5;09.08.2016 03:00;0,134318;
Benzol;3;09.08.2016 03:00;1,54793;
Benzol;7;09.08.2016 03:00;1,1947;
Benzol;4;09.08.2016 03:00;1,17462;
Benzol;8;09.08.2016 03:00;0,664356;
Benzol;5;09.08.2016 03:00;0,520032;
Benzol;6;09.08.2016 03:00;0,366995;
Benzol;1;09.08.2016 03:00;0,273933;
Benzol;9;09.08.2016 03:00;0,226122;
Benzol;2;09.08.2016 03:00;0,211063;
Anilin;3;09.08.2016 03:00;3,09183;
Anilin;4;09.08.2016 03:00;0,964117;
Anilin;8;09.08.2016 03:00;0,947801;
Anilin;6;09.08.2016 03:00;0,446302;
Anilin;5;09.08.2016 03:00;0,386299;
Anilin;2;09.08.2016 03:00;0,355885;
Anilin;7;09.08.2016 03:00;0,318105;
Anilin;1;09.08.2016 03:00;0,0675362;
Anilin;9;09.08.2016 03:00;0,0560218;
Natriumchlorid;3;09.08.2016 04:00;1,55859;
Natriumchlorid;4;09.08.2016 04:00;1,10547;
Natriumchlorid;1;09.08.2016 04:00;0,748433;
Natriumchlorid;7;09.08.2016 04:00;0,743982;
Natriumchlorid;2;09.08.2016 04:00;0,67934;
Natriumchlorid;8;09.08.2016 04:00;0,287018;
Natriumchlorid;6;09.08.2016 04:00;0,158754;
Natriumchlorid;5;09.08.2016 04:00;0,113739;
Natriumchlorid;9;09.08.2016 04:00;0,052724;
Arsen;4;09.08.2016 04:00;1,05171;
Arsen;2;09.08.2016 04:00;0,562535;
Arsen;3;09.08.2016 04:00;0,492215;
Arsen;6;09.08.2016 04:00;0,437123;
Arsen;7;09.08.2016 04:00;0,343538;
Arsen;1;09.08.2016 04:00;0,240412;
Arsen;5;09.08.2016 04:00;0,197233;
Arsen;8;09.08.2016 04:00;0,14215;
Arsen;9;09.08.2016 04:00;0,0723374;
Benzol;7;09.08.2016 04:00;2,63528;
Benzol;4;09.08.2016 04:00;0,949395;
Benzol;3;09.08.2016 04:00;0,828584;
Benzol;5;09.08.2016 04:00;0,612489;
Benzol;2;09.08.2016 04:00;0,589181;
Benzol;6;09.08.2016 04:00;0,446553;
Benzol;9;09.08.2016 04:00;0,175975;
Benzol;1;09.08.2016 04:00;0,0993953;
Benzol;8;09.08.2016 04:00;0,001752;
Anilin;4;09.08.2016 04:00;1,52908;
Anilin;3;09.08.2016 04:00;0,691179;
Anilin;9;09.08.2016 04:00;0,435365;
Anilin;6;09.08.2016 04:00;0,354327;
Anilin;8;09.08.2016 04:00;0,250986;
Anilin;1;09.08.2016 04:00;0,177008;
Anilin;7;09.08.2016 04:00;0,128812;
Anilin;5;09.08.2016 04:00;0,0318825;
Anilin;2;09.08.2016 04:00;0,0226476;
Natriumchlorid;8;09.08.2016 05:00;1,27211;
Natriumchlorid;4;09.08.2016 05:00;1,04064;
Natriumchlorid;3;09.08.2016 05:00;0,945765;
Natriumchlorid;5;09.08.2016 05:00;0,601069;
Natriumchlorid;7;09.08.2016 05:00;0,482551;
Natriumchlorid;6;09.08.2016 05:00;0,47189;
Natriumchlorid;2;09.08.2016 05:00;0,444575;
Natriumchlorid;1;09.08.2016 05:00;0,0645494;
Natriumchlorid;9;09.08.2016 05:00;0,0522829;
Arsen;4;09.08.2016 05:00;0,994627;
Arsen;3;09.08.2016 05:00;0,963722;
Arsen;1;09.08.2016 05:00;0,684655;
Arsen;2;09.08.2016 05:00;0,567733;
Arsen;8;09.08.2016 05:00;0,500006;
Arsen;9;09.08.2016 05:00;0,443928;
Arsen;5;09.08.2016 05:00;0,419366;
Arsen;6;09.08.2016 05:00;0,395295;
Arsen;7;09.08.2016 05:00;0,310914;
Benzol;3;09.08.2016 05:00;1,23651;
Benzol;4;09.08.2016 05:00;0,586169;
Benzol;7;09.08.2016 05:00;0,43394;
Benzol;9;09.08.2016 05:00;0,325531;
Benzol;5;09.08.2016 05:00;0,198625;
Benzol;1;09.08.2016 05:00;0,138158;
Benzol;8;09.08.2016 05:00;0,103036;
Benzol;6;09.08.2016 05:00;0,0329516;
Benzol;2;09.08.2016 05:00;0,0310827;
Anilin;3;09.08.2016 05:00;4,59381;
Anilin;4;09.08.2016 05:00;0,848362;
Anilin;2;09.08.2016 05:00;0,728002;
Anilin;1;09.08.2016 05:00;0,428913;
Anilin;6;09.08.2016 05:00;0,382175;
Anilin;8;09.08.2016 05:00;0,369816;
Anilin;9;09.08.2016 05:00;0,14631;
Anilin;5;09.08.2016 05:00;0,104151;
Anilin;7;09.08.2016 05:00;0,0153842;
Natriumchlorid;3;09.08.2016 06:00;2,71165;
Natriumchlorid;4;09.08.2016 06:00;0,737912;
Natriumchlorid;2;09.08.2016 06:00;0,689987;
Natriumchlorid;9;09.08.2016 06:00;0,475828;
Natriumchlorid;5;09.08.2016 06:00;0,425711;
Natriumchlorid;6;09.08.2016 06:00;0,38753;
Natriumchlorid;7;09.08.2016 06:00;0,382794;
Natriumchlorid;1;09.08.2016 06:00;0,1604;
Natriumchlorid;8;09.08.2016 06:00;0,097322;
Arsen;3;09.08.2016 06:00;1,23966;
Arsen;4;09.08.2016 06:00;1,19136;
Arsen;5;09.08.2016 06:00;0,623851;
Arsen;6;09.08.2016 06:00;0,442632;
Arsen;7;09.08.2016 06:00;0,412261;
Arsen;8;09.08.2016 06:00;0,308528;
Arsen;9;09.08.2016 06:00;0,0932929;
Arsen;2;09.08.2016 06:00;0,0927482;
Arsen;1;09.08.2016 06:00;0,0255487;
Benzol;4;09.08.2016 06:00;1,1144;
Benzol;3;09.08.2016 06:00;0,850121;
Benzol;5;09.08.2016 06:00;0,676491;
Benzol;2;09.08.2016 06:00;0,423619;
Benzol;8;09.08.2016 06:00;0,257428;
Benzol;1;09.08.2016 06:00;0,251979;
Benzol;6;09.08.2016 06:00;0,209615;
Benzol;7;09.08.2016 06:00;0,206445;
Benzol;9;09.08.2016 06:00;0,0849016;
Anilin;8;09.08.2016 06:00;0,990744;
Anilin;3;09.08.2016 06:00;0,897454;
Anilin;4;09.08.2016 06:00;0,694149;
Anilin;7;09.08.2016 06:00;0,451029;
Anilin;5;09.08.2016 06:00;0,405375;
Anilin;1;09.08.2016 06:00;0,387065;
Anilin;2;09.08.2016 06:00;0,30328;
Anilin;9;09.08.2016 06:00;0,250745;
Anilin;6;09.08.2016 06:00;0,199326;
Natriumchlorid;4;09.08.2016 07:00;1,06405;
Natriumchlorid;6;09.08.2016 07:00;0,915094;
Natriumchlorid;2;09.08.2016 07:00;0,657004;
Natriumchlorid;3;09.08.2016 07:00;0,599794;
Natriumchlorid;8;09.08.2016 07:00;0,532929;
Natriumchlorid;5;09.08.2016 07:00;0,444095;
Natriumchlorid;1;09.08.2016 07:00;0,166948;
Natriumchlorid;9;09.08.2016 07:00;0,121526;
Natriumchlorid;7;09.08.2016 07:00;0,108961;
Arsen;4;09.08.2016 07:00;0,818385;
Arsen;2;09.08.2016 07:00;0,724438;
Arsen;8;09.08.2016 07:00;0,700685;
Arsen;3;09.08.2016 07:00;0,679956;
Arsen;7;09.08.2016 07:00;0,454581;
Arsen;9;09.08.2016 07:00;0,400851;
Arsen;6;09.08.2016 07:00;0,388419;
Arsen;5;09.08.2016 07:00;0,165246;
Arsen;1;09.08.2016 07:00;0,11919;
Benzol;4;09.08.2016 07:00;1,32826;
Benzol;7;09.08.2016 07:00;1,22477;
Benzol;3;09.08.2016 07:00;1,14551;
Benzol;8;09.08.2016 07:00;0,61735;
Benzol;2;09.08.2016 07:00;0,482957;
Benzol;5;09.08.2016 07:00;0,423925;
Benzol;6;09.08.2016 07:00;0,339329;
Benzol;1;09.08.2016 07:00;0,0347216;
Benzol;9;09.08.2016 07:00;0,0205152;
Anilin;3;09.08.2016 07:00;1,5862;
Anilin;4;09.08.2016 07:00;1,37864;
Anilin;2;09.08.2016 07:00;0,817643;
Anilin;5;09.08.2016 07:00;0,657166;
Anilin;1;09.08.2016 07:00;0,574734;
Anilin;7;09.08.2016 07:00;0,527459;
Anilin;8;09.08.2016 07:00;0,343359;
Anilin;9;09.08.2016 07:00;0,180178;
Anilin;6;09.08.2016 07:00;0,176024;
Natriumchlorid;3;09.08.2016 08:00;1,63318;
Natriumchlorid;4;09.08.2016 08:00;1,11901;
Natriumchlorid;2;09.08.2016 08:00;0,68129;
Natriumchlorid;7;09.08.2016 08:00;0,475775;
Natriumchlorid;8;09.08.2016 08:00;0,444538;
Natriumchlorid;6;09.08.2016 08:00;0,379485;
Natriumchlorid;1;09.08.2016 08:00;0,364741;
Natriumchlorid;9;09.08.2016 08:00;0,343371;
Natriumchlorid;5;09.08.2016 08:00;0,121193;
Arsen;4;09.08.2016 08:00;1,13061;
Arsen;2;09.08.2016 08:00;0,883172;
Arsen;7;09.08.2016 08:00;0,626765;
Arsen;1;09.08.2016 08:00;0,535497;
Arsen;9;09.08.2016 08:00;0,405412;
Arsen;5;09.08.2016 08:00;0,402855;
Arsen;8;09.08.2016 08:00;0,371748;
Arsen;6;09.08.2016 08:00;0,316577;
Arsen;3;09.08.2016 08:00;0,239088;
Benzol;4;09.08.2016 08:00;1,10195;
Benzol;7;09.08.2016 08:00;0,977024;
Benzol;3;09.08.2016 08:00;0,651635;
Benzol;8;09.08.2016 08:00;0,646166;
Benzol;6;09.08.2016 08:00;0,575843;
Benzol;5;09.08.2016 08:00;0,487494;
Benzol;9;09.08.2016 08:00;0,26493;
Benzol;2;09.08.2016 08:00;0,139629;
Benzol;1;09.08.2016 08:00;0,0787483;
Anilin;3;09.08.2016 08:00;1,70647;
Anilin;4;09.08.2016 08:00;1,05376;
Anilin;8;09.08.2016 08:00;0,771861;
Anilin;5;09.08.2016 08:00;0,425524;
Anilin;1;09.08.2016 08:00;0,419758;
Anilin;6;09.08.2016 08:00;0,38773;
Anilin;2;09.08.2016 08:00;0,282873;
Anilin;9;09.08.2016 08:00;0,280295;
Anilin;7;09.08.2016 08:00;0,0847417;
Natriumchlorid;4;09.08.2016 09:00;1,1783;
Natriumchlorid;3;09.08.2016 09:00;1,14319;
Natriumchlorid;8;09.08.2016 09:00;0,426196;
Natriumchlorid;6;09.08.2016 09:00;0,403481;
Natriumchlorid;2;09.08.2016 09:00;0,280418;
Natriumchlorid;1;09.08.2016 09:00;0,240256;
Natriumchlorid;9;09.08.2016 09:00;0,23507;
Natriumchlorid;7;09.08.2016 09:00;0,170506;
Natriumchlorid;5;09.08.2016 09:00;0,164137;
Arsen;7;09.08.2016 09:00;0,971806;
Arsen;4;09.08.2016 09:00;0,864469;
Arsen;5;09.08.2016 09:00;0,752309;
Arsen;2;09.08.2016 09:00;0,335324;
Arsen;3;09.08.2016 09:00;0,22959;
Arsen;9;09.08.2016 09:00;0,187015;
Arsen;1;09.08.2016 09:00;0,135935;
Arsen;8;09.08.2016 09:00;0,0684955;
Arsen;6;09.08.2016 09:00;0,0162393;
Benzol;3;09.08.2016 09:00;1,86278;
Benzol;7;09.08.2016 09:00;0,776704;
Benzol;4;09.08.2016 09:00;0,706357;
Benzol;2;09.08.2016 09:00;0,68478;
Benzol;9;09.08.2016 09:00;0,582157;
Benzol;1;09.08.2016 09:00;0,454021;
Benzol;8;09.08.2016 09:00;0,42166;
Benzol;5;09.08.2016 09:00;0,160811;
Benzol;6;09.08.2016 09:00;0,148663;
Anilin;4;09.08.2016 09:00;1,14178;
Anilin;7;09.08.2016 09:00;1,08901;
Anilin;8;09.08.2016 09:00;0,918215;
Anilin;3;09.08.2016 09:00;0,744902;
Anilin;9;09.08.2016 09:00;0,54567;
Anilin;1;09.08.2016 09:00;0,374586;
Anilin;2;09.08.2016 09:00;0,341002;
Anilin;6;09.08.2016 09:00;0,206951;
Anilin;5;09.08.2016 09:00;0,115192;
Natriumchlorid;3;09.08.2016 10:00;1,10125;
Natriumchlorid;4;09.08.2016 10:00;0,931764;
Natriumchlorid;6;09.08.2016 10:00;0,775712;
Natriumchlorid;9;09.08.2016 10:00;0,316328;
Natriumchlorid;7;09.08.2016 10:00;0,297008;
Natriumchlorid;1;09.08.2016 10:00;0,210539;
Natriumchlorid;2;09.08.2016 10:00;0,175827;
Natriumchlorid;8;09.08.2016 10:00;0,119208;
Natriumchlorid;5;09.08.2016 10:00;0,116466;
Arsen;4;09.08.2016 10:00;1,27833;
Arsen;8;09.08.2016 10:00;1,20124;
Arsen;6;09.08.2016 10:00;0,256847;
Arsen;3;09.08.2016 10:00;0,220635;
Arsen;7;09.08.2016 10:00;0,187987;
Arsen;1;09.08.2016 10:00;0,169046;
Arsen;2;09.08.2016 10:00;0,162351;
Arsen;5;09.08.2016 10:00;0,0587265;
Arsen;9;09.08.2016 10:00;0,041913;
Benzol;7;09.08.2016 10:00;1,99065;
Benzol;4;09.08.2016 10:00;1,14497;
Benzol;6;09.08.2016 10:00;0,765819;
Benzol;3;09.08.2016 10:00;0,652699;
Benzol;8;09.08.2016 10:00;0,465002;
Benzol;2;09.08.2016 10:00;0,128337;
Benzol;9;09.08.2016 10:00;0,0903216;
Benzol;1;09.08.2016 10:00;0,0491611;
Benzol;5;09.08.2016 10:00;0,0361541;
Anilin;3;09.08.2016 10:00;1,53608;
Anilin;4;09.08.2016 10:00;1,09912;
Anilin;7;09.08.2016 10:00;0,927038;
Anilin;9;09.08.2016 10:00;0,476384;
Anilin;1;09.08.2016 10:00;0,452724;
Anilin;2;09.08.2016 10:00;0,19318;
Anilin;6;09.08.2016 10:00;0,0232988;
Anilin;8;09.08.2016 10:00;0,0141575;
Anilin;5;09.08.2016 10:00;0,00898328;
Natriumchlorid;4;09.08.2016 11:00;1,33532;
Natriumchlorid;5;09.08.2016 11:00;1,14125;
Natriumchlorid;7;09.08.2016 11:00;0,773494;
Natriumchlorid;8;09.08.2016 11:00;0,549113;
Natriumchlorid;3;09.08.2016 11:00;0,509749;
Natriumchlorid;6;09.08.2016 11:00;0,196394;
Natriumchlorid;1;09.08.2016 11:00;0,188527;
Natriumchlorid;9;09.08.2016 11:00;0,0818366;
Natriumchlorid;2;09.08.2016 11:00;0,0200783;
Arsen;7;09.08.2016 11:00;2,55394;
Arsen;3;09.08.2016 11:00;2,12434;
Arsen;4;09.08.2016 11:00;1,36888;
Arsen;2;09.08.2016 11:00;0,681101;
Arsen;5;09.08.2016 11:00;0,552389;
Arsen;8;09.08.2016 11:00;0,403524;
Arsen;6;09.08.2016 11:00;0,326918;
Arsen;9;09.08.2016 11:00;0,240256;
Arsen;1;09.08.2016 11:00;0,158807;
Benzol;4;09.08.2016 11:00;1,1882;
Benzol;6;09.08.2016 11:00;0,734378;
Benzol;3;09.08.2016 11:00;0,536254;
Benzol;7;09.08.2016 11:00;0,452557;
Benzol;9;09.08.2016 11:00;0,406452;
Benzol;2;09.08.2016 11:00;0,268171;
Benzol;5;09.08.2016 11:00;0,25567;
Benzol;1;09.08.2016 11:00;0,168777;
Benzol;8;09.08.2016 11:00;0,072508;
Anilin;3;09.08.2016 11:00;2,23155;
Anilin;7;09.08.2016 11:00;1,20819;
Anilin;2;09.08.2016 11:00;1,14619;
Anilin;4;09.08.2016 11:00;1,08779;
Anilin;6;09.08.2016 11:00;0,666136;
Anilin;5;09.08.2016 11:00;0,469803;
Anilin;1;09.08.2016 11:00;0,292797;
Anilin;9;09.08.2016 11:00;0,223586;
Anilin;8;09.08.2016 11:00;0,0709475;
Natriumchlorid;4;09.08.2016 12:00;0,903226;
Natriumchlorid;7;09.08.2016 12:00;0,56523;
Natriumchlorid;5;09.08.2016 12:00;0,274663;
Natriumchlorid;6;09.08.2016 12:00;0,266295;
Natriumchlorid;9;09.08.2016 12:00;0,23493;
Natriumchlorid;3;09.08.2016 12:00;0,171732;
Natriumchlorid;2;09.08.2016 12:00;0,123419;
Natriumchlorid;1;09.08.2016 12:00;0,0955994;
Natriumchlorid;8;09.08.2016 12:00;0,0260555;
Arsen;4;09.08.2016 12:00;1,22024;
Arsen;3;09.08.2016 12:00;1,21614;
Arsen;2;09.08.2016 12:00;0,699587;
Arsen;5;09.08.2016 12:00;0,621532;
Arsen;6;09.08.2016 12:00;0,557565;
Arsen;7;09.08.2016 12:00;0,456338;
Arsen;1;09.08.2016 12:00;0,197373;
Arsen;8;09.08.2016 12:00;0,140875;
Arsen;9;09.08.2016 12:00;0,0901703;
Benzol;3;09.08.2016 12:00;1,49304;
Benzol;4;09.08.2016 12:00;0,946205;
Benzol;2;09.08.2016 12:00;0,602665;
Benzol;7;09.08.2016 12:00;0,494206;
Benzol;1;09.08.2016 12:00;0,437519;
Benzol;9;09.08.2016 12:00;0,401918;
Benzol;6;09.08.2016 12:00;0,355519;
Benzol;8;09.08.2016 12:00;0,234729;
Benzol;5;09.08.2016 12:00;0,0158537;
Anilin;8;09.08.2016 12:00;1,02232;
Anilin;4;09.08.2016 12:00;0,851166;
Anilin;9;09.08.2016 12:00;0,566064;
Anilin;3;09.08.2016 12:00;0,539358;
Anilin;6;09.08.2016 12:00;0,454134;
Anilin;7;09.08.2016 12:00;0,392611;
Anilin;5;09.08.2016 12:00;0,14606;
Anilin;1;09.08.2016 12:00;0,11816;
Anilin;2;09.08.2016 12:00;0,117707;
Natriumchlorid;8;09.08.2016 13:00;0,794522;
Natriumchlorid;4;09.08.2016 13:00;0,692347;
Natriumchlorid;9;09.08.2016 13:00;0,539112;
Natriumchlorid;3;09.08.2016 13:00;0,53257;
Natriumchlorid;1;09.08.2016 13:00;0,346214;
Natriumchlorid;2;09.08.2016 13:00;0,335259;
Natriumchlorid;7;09.08.2016 13:00;0,124582;
Natriumchlorid;5;09.08.2016 13:00;0,100186;
Natriumchlorid;6;09.08.2016 13:00;0,0286642;
Arsen;4;09.08.2016 13:00;1,56854;
Arsen;3;09.08.2016 13:00;0,963797;
Arsen;7;09.08.2016 13:00;0,958399;
Arsen;8;09.08.2016 13:00;0,823367;
Arsen;2;09.08.2016 13:00;0,460122;
Arsen;1;09.08.2016 13:00;0,408839;
Arsen;6;09.08.2016 13:00;0,40518;
Arsen;9;09.08.2016 13:00;0,114369;
Arsen;5;09.08.2016 13:00;0,0830803;
Benzol;3;09.08.2016 13:00;0,864514;
Benzol;6;09.08.2016 13:00;0,779718;
Benzol;7;09.08.2016 13:00;0,689243;
Benzol;4;09.08.2016 13:00;0,659028;
Benzol;1;09.08.2016 13:00;0,302571;
Benzol;2;09.08.2016 13:00;0,181067;
Benzol;9;09.08.2016 13:00;0,156789;
Benzol;8;09.08.2016 13:00;0,123717;
Benzol;5;09.08.2016 13:00;0,0356561;
Anilin;4;09.08.2016 13:00;1,15814;
Anilin;5;09.08.2016 13:00;0,908359;
Anilin;7;09.08.2016 13:00;0,777876;
Anilin;6;09.08.2016 13:00;0,688145;
Anilin;8;09.08.2016 13:00;0,646126;
Anilin;3;09.08.2016 13:00;0,430926;
Anilin;2;09.08.2016 13:00;0,419058;
Anilin;1;09.08.2016 13:00;0,377312;
Anilin;9;09.08.2016 13:00;0,0710782;
Natriumchlorid;4;09.08.2016 14:00;0,996913;
Natriumchlorid;3;09.08.2016 14:00;0,968387;
Natriumchlorid;8;09.08.2016 14:00;0,466104;
Natriumchlorid;6;09.08.2016 14:00;0,386549;
Natriumchlorid;9;09.08.2016 14:00;0,333552;
Natriumchlorid;7;09.08.2016 14:00;0,208901;
Natriumchlorid;2;09.08.2016 14:00;0,126657;
Natriumchlorid;5;09.08.2016 14:00;0,101765;
Natriumchlorid;1;09.08.2016 14:00;0,0314051;
Arsen;4;09.08.2016 14:00;1,05336;
Arsen;8;09.08.2016 14:00;0,927052;
Arsen;5;09.08.2016 14:00;0,718238;
Arsen;6;09.08.2016 14:00;0,599563;
Arsen;3;09.08.2016 14:00;0,500944;
Arsen;9;09.08.2016 14:00;0,425184;
Arsen;7;09.08.2016 14:00;0,186632;
Arsen;1;09.08.2016 14:00;0,0829826;
Arsen;2;09.08.2016 14:00;0,0142357;
Benzol;6;09.08.2016 14:00;1,97182;
Benzol;3;09.08.2016 14:00;0,963648;
Benzol;5;09.08.2016 14:00;0,691352;
Benzol;4;09.08.2016 14:00;0,608862;
Benzol;8;09.08.2016 14:00;0,543616;
Benzol;7;09.08.2016 14:00;0,350445;
Benzol;1;09.08.2016 14:00;0,181899;
Benzol;2;09.08.2016 14:00;0,0955953;
Benzol;9;09.08.2016 14:00;0,0776941;
Anilin;4;09.08.2016 14:00;0,957731;
Anilin;8;09.08.2016 14:00;0,736012;
Anilin;6;09.08.2016 14:00;0,411443;
Anilin;3;09.08.2016 14:00;0,396524;
Anilin;1;09.08.2016 14:00;0,302153;
Anilin;9;09.08.2016 14:00;0,298198;
Anilin;7;09.08.2016 14:00;0,29056;
Anilin;2;09.08.2016 14:00;0,222487;
Anilin;5;09.08.2016 14:00;0,0472761;
Natriumchlorid;3;09.08.2016 15:00;0,985817;
Natriumchlorid;4;09.08.2016 15:00;0,972104;
Natriumchlorid;8;09.08.2016 15:00;0,817995;
Natriumchlorid;5;09.08.2016 15:00;0,767674;
Natriumchlorid;1;09.08.2016 15:00;0,598146;
Natriumchlorid;2;09.08.2016 15:00;0,429547;
Natriumchlorid;6;09.08.2016 15:00;0,397131;
Natriumchlorid;7;09.08.2016 15:00;0,119077;
Natriumchlorid;9;09.08.2016 15:00;0,105342;
Arsen;4;09.08.2016 15:00;1,09636;
Arsen;8;09.08.2016 15:00;0,681582;
Arsen;7;09.08.2016 15:00;0,640839;
Arsen;6;09.08.2016 15:00;0,596664;
Arsen;2;09.08.2016 15:00;0,538764;
Arsen;3;09.08.2016 15:00;0,407175;
Arsen;5;09.08.2016 15:00;0,383464;
Arsen;1;09.08.2016 15:00;0,311577;
Arsen;9;09.08.2016 15:00;0,121696;
Benzol;6;09.08.2016 15:00;7,95759;
Benzol;4;09.08.2016 15:00;1,27074;
Benzol;5;09.08.2016 15:00;0,640798;
Benzol;1;09.08.2016 15:00;0,336898;
Benzol;3;09.08.2016 15:00;0,329564;
Benzol;9;09.08.2016 15:00;0,275049;
Benzol;8;09.08.2016 15:00;0,274069;
Benzol;2;09.08.2016 15:00;0,244938;
Benzol;7;09.08.2016 15:00;0,0283204;
Anilin;3;09.08.2016 15:00;2,6504;
Anilin;7;09.08.2016 15:00;2,26065;
Anilin;4;09.08.2016 15:00;1,11672;
Anilin;5;09.08.2016 15:00;0,884767;
Anilin;9;09.08.2016 15:00;0,516506;
Anilin;2;09.08.2016 15:00;0,370056;
Anilin;8;09.08.2016 15:00;0,308528;
Anilin;1;09.08.2016 15:00;0,169149;
Anilin;6;09.08.2016 15:00;0,164696;
Natriumchlorid;7;09.08.2016 16:00;1,23672;
Natriumchlorid;3;09.08.2016 16:00;0,951995;
Natriumchlorid;4;09.08.2016 16:00;0,93969;
Natriumchlorid;9;09.08.2016 16:00;0,465544;
Natriumchlorid;2;09.08.2016 16:00;0,45248;
Natriumchlorid;1;09.08.2016 16:00;0,372446;
Natriumchlorid;6;09.08.2016 16:00;0,365458;
Natriumchlorid;8;09.08.2016 16:00;0,350255;
Natriumchlorid;5;09.08.2016 16:00;0,255038;
Arsen;4;09.08.2016 16:00;1,21694;
Arsen;6;09.08.2016 16:00;0,400344;
Arsen;8;09.08.2016 16:00;0,395852;
Arsen;9;09.08.2016 16:00;0,313226;
Arsen;3;09.08.2016 16:00;0,310938;
Arsen;5;09.08.2016 16:00;0,271342;
Arsen;2;09.08.2016 16:00;0,2231;
Arsen;1;09.08.2016 16:00;0,132986;
Arsen;7;09.08.2016 16:00;0,130846;
Benzol;3;09.08.2016 16:00;2,95593;
Benzol;6;09.08.2016 16:00;2,46743;
Benzol;7;09.08.2016 16:00;1,11818;
Benzol;5;09.08.2016 16:00;0,960287;
Benzol;4;09.08.2016 16:00;0,910636;
Benzol;2;09.08.2016 16:00;0,502393;
Benzol;9;09.08.2016 16:00;0,447837;
Benzol;8;09.08.2016 16:00;0,265;
Benzol;1;09.08.2016 16:00;0,139954;
Anilin;7;09.08.2016 16:00;1,41626;
Anilin;4;09.08.2016 16:00;0,894948;
Anilin;3;09.08.2016 16:00;0,723391;
Anilin;2;09.08.2016 16:00;0,580529;
Anilin;9;09.08.2016 16:00;0,575445;
Anilin;6;09.08.2016 16:00;0,354028;
Anilin;1;09.08.2016 16:00;0,277286;
Anilin;5;09.08.2016 16:00;0,0725072;
Anilin;8;09.08.2016 16:00;0,0571014;
Natriumchlorid;4;09.08.2016 17:00;0,896246;
Natriumchlorid;2;09.08.2016 17:00;0,516592;
Natriumchlorid;8;09.08.2016 17:00;0,377023;
Natriumchlorid;6;09.08.2016 17:00;0,36364;
Natriumchlorid;7;09.08.2016 17:00;0,348704;
Natriumchlorid;5;09.08.2016 17:00;0,221954;
Natriumchlorid;3;09.08.2016 17:00;0,210864;
Natriumchlorid;9;09.08.2016 17:00;0,0256831;
Natriumchlorid;1;09.08.2016 17:00;0,012745;
Arsen;7;09.08.2016 17:00;2,95745;
Arsen;3;09.08.2016 17:00;1,29748;
Arsen;4;09.08.2016 17:00;0,965223;
Arsen;8;09.08.2016 17:00;0,723971;
Arsen;9;09.08.2016 17:00;0,366573;
Arsen;6;09.08.2016 17:00;0,253426;
Arsen;1;09.08.2016 17:00;0,124984;
Arsen;2;09.08.2016 17:00;0,108307;
Arsen;5;09.08.2016 17:00;0,0680845;
Benzol;3;09.08.2016 17:00;2,05957;
Benzol;4;09.08.2016 17:00;0,996612;
Benzol;2;09.08.2016 17:00;0,698297;
Benzol;5;09.08.2016 17:00;0,561458;
Benzol;7;09.08.2016 17:00;0,55873;
Benzol;8;09.08.2016 17:00;0,416911;
Benzol;1;09.08.2016 17:00;0,400345;
Benzol;9;09.08.2016 17:00;0,34264;
Benzol;6;09.08.2016 17:00;0,160487;
Anilin;7;09.08.2016 17:00;1,04793;
Anilin;4;09.08.2016 17:00;0,890466;
Anilin;3;09.08.2016 17:00;0,743943;
Anilin;5;09.08.2016 17:00;0,553497;
Anilin;1;09.08.2016 17:00;0,547316;
Anilin;6;09.08.2016 17:00;0,374017;
Anilin;8;09.08.2016 17:00;0,309218;
Anilin;2;09.08.2016 17:00;0,122452;
Anilin;9;09.08.2016 17:00;0,0528651;
Natriumchlorid;4;09.08.2016 18:00;1,13346;
Natriumchlorid;8;09.08.2016 18:00;0,731031;
Natriumchlorid;7;09.08.2016 18:00;0,592226;
Natriumchlorid;5;09.08.2016 18:00;0,355815;
Natriumchlorid;6;09.08.2016 18:00;0,342302;
Natriumchlorid;2;09.08.2016 18:00;0,301193;
Natriumchlorid;1;09.08.2016 18:00;0,145136;
Natriumchlorid;3;09.08.2016 18:00;0,110678;
Natriumchlorid;9;09.08.2016 18:00;0,0443144;
Arsen;3;09.08.2016 18:00;2,49762;
Arsen;5;09.08.2016 18:00;1,04616;
Arsen;4;09.08.2016 18:00;1,02371;
Arsen;7;09.08.2016 18:00;0,67027;
Arsen;9;09.08.2016 18:00;0,650302;
Arsen;6;09.08.2016 18:00;0,449656;
Arsen;2;09.08.2016 18:00;0,323572;
Arsen;1;09.08.2016 18:00;0,282039;
Arsen;8;09.08.2016 18:00;0,102808;
Benzol;7;09.08.2016 18:00;1,37443;
Benzol;5;09.08.2016 18:00;1,28092;
Benzol;4;09.08.2016 18:00;1,13528;
Benzol;6;09.08.2016 18:00;0,633843;
Benzol;1;09.08.2016 18:00;0,455156;
Benzol;3;09.08.2016 18:00;0,391455;
Benzol;8;09.08.2016 18:00;0,180198;
Benzol;2;09.08.2016 18:00;0,166334;
Benzol;9;09.08.2016 18:00;0,0150565;
Anilin;4;09.08.2016 18:00;1,26528;
Anilin;3;09.08.2016 18:00;0,928401;
Anilin;6;09.08.2016 18:00;0,574944;
Anilin;2;09.08.2016 18:00;0,495636;
Anilin;7;09.08.2016 18:00;0,340724;
Anilin;8;09.08.2016 18:00;0,263866;
Anilin;9;09.08.2016 18:00;0,217825;
Anilin;5;09.08.2016 18:00;0,130368;
Anilin;1;09.08.2016 18:00;0,111999;
Natriumchlorid;6;09.08.2016 19:00;21,38705;
Natriumchlorid;6;09.08.2016 19:00;2,58436;
Natriumchlorid;3;09.08.2016 19:00;1,78948;
Natriumchlorid;4;09.08.2016 19:00;1,06166;
Natriumchlorid;2;09.08.2016 19:00;0,822014;
Natriumchlorid;8;09.08.2016 19:00;0,758493;
Natriumchlorid;5;09.08.2016 19:00;0,554533;
Natriumchlorid;7;09.08.2016 19:00;0,41644;
Natriumchlorid;9;09.08.2016 19:00;0,231239;
Natriumchlorid;1;09.08.2016 19:00;0,0718681;
Arsen;3;09.08.2016 19:00;1,60306;
Arsen;4;09.08.2016 19:00;1,35792;
Arsen;7;09.08.2016 19:00;1,23313;
Arsen;6;09.08.2016 19:00;0,707318;
Arsen;2;09.08.2016 19:00;0,400654;
Arsen;5;09.08.2016 19:00;0,210654;
Arsen;9;09.08.2016 19:00;0,153164;
Arsen;1;09.08.2016 19:00;0,077823;
Arsen;8;09.08.2016 19:00;0,0581605;
Benzol;7;09.08.2016 19:00;1,426;
Benzol;4;09.08.2016 19:00;1,06687;
Benzol;3;09.08.2016 19:00;1,00724;
Benzol;2;09.08.2016 19:00;0,712044;
Benzol;1;09.08.2016 19:00;0,469853;
Benzol;5;09.08.2016 19:00;0,462917;
Benzol;9;09.08.2016 19:00;0,338002;
Benzol;6;09.08.2016 19:00;0,192345;
Benzol;8;09.08.2016 19:00;0,0587118;
Anilin;3;09.08.2016 19:00;1,11225;
Anilin;4;09.08.2016 19:00;1,07035;
Anilin;8;09.08.2016 19:00;0,835786;
Anilin;5;09.08.2016 19:00;0,532319;
Anilin;2;09.08.2016 19:00;0,340227;
Anilin;9;09.08.2016 19:00;0,243431;
Anilin;7;09.08.2016 19:00;0,195687;
Anilin;1;09.08.2016 19:00;0,0627736;
Natriumchlorid;6;09.08.2016 20:00;56,59016;
Natriumchlorid;6;09.08.2016 20:00;5,65116;
Natriumchlorid;7;09.08.2016 20:00;1,63075;
Natriumchlorid;4;09.08.2016 20:00;1,15373;
Natriumchlorid;3;09.08.2016 20:00;0,668237;
Natriumchlorid;2;09.08.2016 20:00;0,29053;
Natriumchlorid;9;09.08.2016 20:00;0,27377;
Natriumchlorid;5;09.08.2016 20:00;0,253534;
Natriumchlorid;8;09.08.2016 20:00;0,238779;
Natriumchlorid;1;09.08.2016 20:00;0,00833582;
Arsen;3;09.08.2016 20:00;2,18095;
Arsen;4;09.08.2016 20:00;1,05838;
Arsen;2;09.08.2016 20:00;0,956237;
Arsen;7;09.08.2016 20:00;0,875395;
Arsen;6;09.08.2016 20:00;0,594419;
Arsen;8;09.08.2016 20:00;0,438999;
Arsen;9;09.08.2016 20:00;0,370216;
Arsen;1;09.08.2016 20:00;0,201762;
Arsen;5;09.08.2016 20:00;0,0872387;
Benzol;7;09.08.2016 20:00;1,22849;
Benzol;5;09.08.2016 20:00;0,908125;
Benzol;4;09.08.2016 20:00;0,888778;
Benzol;1;09.08.2016 20:00;0,442326;
Benzol;6;09.08.2016 20:00;0,426708;
Benzol;9;09.08.2016 20:00;0,426311;
Benzol;8;09.08.2016 20:00;0,301004;
Benzol;2;09.08.2016 20:00;0,188593;
Benzol;3;09.08.2016 20:00;0,131799;
Anilin;5;09.08.2016 20:00;0,939056;
Anilin;8;09.08.2016 20:00;0,827623;
Anilin;4;09.08.2016 20:00;0,807259;
Anilin;9;09.08.2016 20:00;0,461282;
Anilin;3;09.08.2016 20:00;0,359629;
Anilin;1;09.08.2016 20:00;0,278259;
Anilin;7;09.08.2016 20:00;0,134517;
Anilin;2;09.08.2016 20:00;0,0353551;
Natriumchlorid;4;09.08.2016 21:00;1,13489;
Natriumchlorid;3;09.08.2016 21:00;0,767132;
Natriumchlorid;9;09.08.2016 21:00;0,580649;
Natriumchlorid;8;09.08.2016 21:00;0,579549;
Natriumchlorid;5;09.08.2016 21:00;0,519454;
Natriumchlorid;1;09.08.2016 21:00;0,430422;
Natriumchlorid;2;09.08.2016 21:00;0,424765;
Natriumchlorid;6;09.08.2016 21:00;0,346802;
Natriumchlorid;7;09.08.2016 21:00;0,290813;
Arsen;3;09.08.2016 21:00;2,51748;
Arsen;6;09.08.2016 21:00;0,869896;
Arsen;4;09.08.2016 21:00;0,806907;
Arsen;2;09.08.2016 21:00;0,437092;
Arsen;5;09.08.2016 21:00;0,195319;
Arsen;1;09.08.2016 21:00;0,128078;
Arsen;8;09.08.2016 21:00;0,101906;
Arsen;7;09.08.2016 21:00;0,0876111;
Arsen;9;09.08.2016 21:00;0,0325751;
Benzol;4;09.08.2016 21:00;0,954794;
Benzol;3;09.08.2016 21:00;0,574945;
Benzol;1;09.08.2016 21:00;0,383401;
Benzol;6;09.08.2016 21:00;0,347562;
Benzol;8;09.08.2016 21:00;0,317176;
Benzol;9;09.08.2016 21:00;0,22643;
Benzol;7;09.08.2016 21:00;0,219402;
Benzol;5;09.08.2016 21:00;0,0914566;
Benzol;2;09.08.2016 21:00;0,0500343;
Anilin;3;09.08.2016 21:00;2,42474;
Anilin;4;09.08.2016 21:00;1,46651;
Anilin;7;09.08.2016 21:00;1,28447;
Anilin;2;09.08.2016 21:00;0,593924;
Anilin;5;09.08.2016 21:00;0,444235;
Anilin;6;09.08.2016 21:00;0,304091;
Anilin;1;09.08.2016 21:00;0,0897086;
Anilin;9;09.08.2016 21:00;0,0896183;
Anilin;8;09.08.2016 21:00;0,0667229;
Natriumchlorid;3;09.08.2016 22:00;1,81034;
Natriumchlorid;4;09.08.2016 22:00;1,28622;
Natriumchlorid;7;09.08.2016 22:00;0,461296;
Natriumchlorid;8;09.08.2016 22:00;0,434513;
Natriumchlorid;6;09.08.2016 22:00;0,401782;
Natriumchlorid;5;09.08.2016 22:00;0,388724;
Natriumchlorid;2;09.08.2016 22:00;0,384266;
Natriumchlorid;1;09.08.2016 22:00;0,352237;
Natriumchlorid;9;09.08.2016 22:00;0,179947;
Arsen;3;09.08.2016 22:00;1,25529;
Arsen;4;09.08.2016 22:00;1,22806;
Arsen;8;09.08.2016 22:00;0,657655;
Arsen;7;09.08.2016 22:00;0,569813;
Arsen;9;09.08.2016 22:00;0,452114;
Arsen;6;09.08.2016 22:00;0,416765;
Arsen;1;09.08.2016 22:00;0,28647;
Arsen;2;09.08.2016 22:00;0,232241;
Arsen;5;09.08.2016 22:00;0,197539;
Benzol;3;09.08.2016 22:00;1,37005;
Benzol;4;09.08.2016 22:00;1,15003;
Benzol;6;09.08.2016 22:00;0,631825;
Benzol;9;09.08.2016 22:00;0,569382;
Benzol;7;09.08.2016 22:00;0,470907;
Benzol;5;09.08.2016 22:00;0,333928;
Benzol;2;09.08.2016 22:00;0,304527;
Benzol;8;09.08.2016 22:00;0,124074;
Benzol;1;09.08.2016 22:00;0,113513;
Anilin;4;09.08.2016 22:00;1,23603;
Anilin;7;09.08.2016 22:00;0,795429;
Anilin;8;09.08.2016 22:00;0,585662;
Anilin;2;09.08.2016 22:00;0,425411;
Anilin;1;09.08.2016 22:00;0,382123;
Anilin;6;09.08.2016 22:00;0,354892;
Anilin;3;09.08.2016 22:00;0,212564;
Anilin;9;09.08.2016 22:00;0,185368;
Anilin;5;09.08.2016 22:00;0,16165;
Natriumchlorid;4;09.08.2016 23:00;0,917993;
Natriumchlorid;3;09.08.2016 23:00;0,682506;
Natriumchlorid;1;09.08.2016 23:00;0,499157;
Natriumchlorid;9;09.08.2016 23:00;0,3277;
Natriumchlorid;7;09.08.2016 23:00;0,317435;
Natriumchlorid;5;09.08.2016 23:00;0,165561;
Natriumchlorid;8;09.08.2016 23:00;0,147801;
Natriumchlorid;2;09.08.2016 23:00;0,097448;
Natriumchlorid;6;09.08.2016 23:00;0,0178431;
Arsen;4;09.08.2016 23:00;1,09747;
Arsen;5;09.08.2016 23:00;0,500057;
Arsen;8;09.08.2016 23:00;0,487425;
Arsen;6;09.08.2016 23:00;0,285641;
Arsen;7;09.08.2016 23:00;0,25113;
Arsen;3;09.08.2016 23:00;0,183759;
Arsen;2;09.08.2016 23:00;0,141267;
Arsen;1;09.08.2016 23:00;0,105273;
Arsen;9;09.08.2016 23:00;0,1044;
Benzol;9;09.08.2016 23:00;1,42679;
Benzol;4;09.08.2016 23:00;1,24691;
Benzol;8;09.08.2016 23:00;0,890246;
Benzol;7;09.08.2016 23:00;0,852798;
Benzol;5;09.08.2016 23:00;0,576939;
Benzol;6;09.08.2016 23:00;0,348749;
Benzol;2;09.08.2016 23:00;0,324656;
Benzol;3;09.08.2016 23:00;0,119768;
Benzol;1;09.08.2016 23:00;0,00507559;
Anilin;3;09.08.2016 23:00;1,65411;
Anilin;4;09.08.2016 23:00;0,975591;
Anilin;5;09.08.2016 23:00;0,544389;
Anilin;6;09.08.2016 23:00;0,291005;
Anilin;1;09.08.2016 23:00;0,283974;
Anilin;2;09.08.2016 23:00;0,162415;
Anilin;7;09.08.2016 23:00;0,106499;
Anilin;9;09.08.2016 23:00;0,0666934;
Anilin;8;09.08.2016 23:00;0,0151525;
Natriumchlorid;3;10.08.2016 00:00;2,93325;
Natriumchlorid;5;10.08.2016 00:00;2,48458;
Natriumchlorid;7;10.08.2016 00:00;1,04644;
Natriumchlorid;4;10.08.2016 00:00;1,02918;
Natriumchlorid;6;10.08.2016 00:00;0,524824;
Natriumchlorid;8;10.08.2016 00:00;0,493798;
Natriumchlorid;1;10.08.2016 00:00;0,2675;
Natriumchlorid;9;10.08.2016 00:00;0,0625412;
Natriumchlorid;2;10.08.2016 00:00;0,0536017;
Arsen;3;10.08.2016 00:00;1,38752;
Arsen;4;10.08.2016 00:00;1,0375;
Arsen;8;10.08.2016 00:00;0,912948;
Arsen;5;10.08.2016 00:00;0,679558;
Arsen;7;10.08.2016 00:00;0,483066;
Arsen;9;10.08.2016 00:00;0,165738;
Arsen;2;10.08.2016 00:00;0,0804192;
Arsen;1;10.08.2016 00:00;0,0596039;
Arsen;6;10.08.2016 00:00;0,0162393;
Benzol;3;10.08.2016 00:00;1,94897;
Benzol;5;10.08.2016 00:00;1,40816;
Benzol;4;10.08.2016 00:00;0,739147;
Benzol;6;10.08.2016 00:00;0,672114;
Benzol;8;10.08.2016 00:00;0,560325;
Benzol;7;10.08.2016 00:00;0,263091;
Benzol;1;10.08.2016 00:00;0,182237;
Benzol;9;10.08.2016 00:00;0,100349;
Benzol;2;10.08.2016 00:00;0,0503921;
Anilin;5;10.08.2016 00:00;21,6263;
Anilin;7;10.08.2016 00:00;1,0807;
Anilin;2;10.08.2016 00:00;1,01416;
Anilin;4;10.08.2016 00:00;0,723295;
Anilin;6;10.08.2016 00:00;0,545217;
Anilin;1;10.08.2016 00:00;0,491911;
Anilin;3;10.08.2016 00:00;0,379406;
Anilin;9;10.08.2016 00:00;0,312544;
Anilin;8;10.08.2016 00:00;0,12888;
Natriumchlorid;4;10.08.2016 01:00;3,10512;
Natriumchlorid;3;10.08.2016 01:00;2,27654;
Natriumchlorid;7;10.08.2016 01:00;1,93158;
Natriumchlorid;2;10.08.2016 01:00;1,10099;
Natriumchlorid;8;10.08.2016 01:00;1,079;
Natriumchlorid;6;10.08.2016 01:00;0,531399;
Natriumchlorid;9;10.08.2016 01:00;0,425964;
Natriumchlorid;1;10.08.2016 01:00;0,356191;
Natriumchlorid;5;10.08.2016 01:00;0,228787;
Arsen;7;10.08.2016 01:00;1,46981;
Arsen;9;10.08.2016 01:00;1,18483;
Arsen;5;10.08.2016 01:00;1,1185;
Arsen;4;10.08.2016 01:00;0,937205;
Arsen;8;10.08.2016 01:00;0,386365;
Arsen;6;10.08.2016 01:00;0,271379;
Arsen;2;10.08.2016 01:00;0,00829066;
Arsen;1;10.08.2016 01:00;0,00313714;
Arsen;3;10.08.2016 01:00;0,00189918;
Benzol;4;10.08.2016 01:00;2,81068;
Benzol;3;10.08.2016 01:00;0,570123;
Benzol;7;10.08.2016 01:00;0,538988;
Benzol;6;10.08.2016 01:00;0,490944;
Benzol;1;10.08.2016 01:00;0,28149;
Benzol;2;10.08.2016 01:00;0,181864;
Benzol;5;10.08.2016 01:00;0,0965176;
Benzol;9;10.08.2016 01:00;0,0871513;
Benzol;8;10.08.2016 01:00;0,0708527;
Anilin;4;10.08.2016 01:00;22,01572;
Anilin;7;10.08.2016 01:00;0,656505;
Anilin;9;10.08.2016 01:00;0,570227;
Anilin;2;10.08.2016 01:00;0,36132;
Anilin;8;10.08.2016 01:00;0,191044;
Anilin;6;10.08.2016 01:00;0,144671;
Anilin;1;10.08.2016 01:00;0,128339;
Anilin;3;10.08.2016 01:00;0,0754672;
Anilin;5;10.08.2016 01:00;0,0751474;
Natriumchlorid;4;10.08.2016 02:00;2,12611;
Natriumchlorid;3;10.08.2016 02:00;0,856268;
Natriumchlorid;5;10.08.2016 02:00;0,820819;
Natriumchlorid;8;10.08.2016 02:00;0,647199;
Natriumchlorid;7;10.08.2016 02:00;0,533872;
Natriumchlorid;6;10.08.2016 02:00;0,469495;
Natriumchlorid;1;10.08.2016 02:00;0,458401;
Natriumchlorid;2;10.08.2016 02:00;0,0774805;
Natriumchlorid;9;10.08.2016 02:00;0,0428051;
Arsen;9;10.08.2016 02:00;5,2378;
Arsen;3;10.08.2016 02:00;4,82986;
Arsen;4;10.08.2016 02:00;1,14116;
Arsen;7;10.08.2016 02:00;1,12576;
Arsen;2;10.08.2016 02:00;0,639405;
Arsen;6;10.08.2016 02:00;0,460511;
Arsen;8;10.08.2016 02:00;0,263866;
Arsen;5;10.08.2016 02:00;0,2542;
Arsen;1;10.08.2016 02:00;0,0252802;
Benzol;4;10.08.2016 02:00;0,935082;
Benzol;8;10.08.2016 02:00;0,52635;
Benzol;3;10.08.2016 02:00;0,521897;
Benzol;9;10.08.2016 02:00;0,373825;
Benzol;5;10.08.2016 02:00;0,339667;
Benzol;6;10.08.2016 02:00;0,315859;
Benzol;1;10.08.2016 02:00;0,204292;
Benzol;7;10.08.2016 02:00;0,154998;
Benzol;2;10.08.2016 02:00;0,124184;
Anilin;4;10.08.2016 02:00;11,57398;
Anilin;7;10.08.2016 02:00;0,934769;
Anilin;2;10.08.2016 02:00;0,801725;
Anilin;3;10.08.2016 02:00;0,765688;
Anilin;8;10.08.2016 02:00;0,385069;
Anilin;6;10.08.2016 02:00;0,343036;
Anilin;1;10.08.2016 02:00;0,312132;
Anilin;9;10.08.2016 02:00;0,212255;
Anilin;5;10.08.2016 02:00;0,0877063;
Natriumchlorid;5;10.08.2016 03:00;3,93271;
Natriumchlorid;3;10.08.2016 03:00;1,59438;
Natriumchlorid;4;10.08.2016 03:00;1,08155;
Natriumchlorid;7;10.08.2016 03:00;0,852666;
Natriumchlorid;8;10.08.2016 03:00;0,775317;
Natriumchlorid;1;10.08.2016 03:00;0,721235;
Natriumchlorid;6;10.08.2016 03:00;0,399992;
Natriumchlorid;9;10.08.2016 03:00;0,369996;
Natriumchlorid;2;10.08.2016 03:00;0,0350889;
Arsen;4;10.08.2016 03:00;1,06491;
Arsen;3;10.08.2016 03:00;0,630612;
Arsen;7;10.08.2016 03:00;0,597627;
Arsen;1;10.08.2016 03:00;0,429267;
Arsen;9;10.08.2016 03:00;0,258352;
Arsen;6;10.08.2016 03:00;0,251175;
Arsen;8;10.08.2016 03:00;0,243977;
Arsen;2;10.08.2016 03:00;0,190376;
Arsen;5;10.08.2016 03:00;0,0737011;
Benzol;3;10.08.2016 03:00;2,18255;
Benzol;4;10.08.2016 03:00;1,19776;
Benzol;8;10.08.2016 03:00;0,60253;
Benzol;6;10.08.2016 03:00;0,54937;
Benzol;5;10.08.2016 03:00;0,53313;
Benzol;9;10.08.2016 03:00;0,520862;
Benzol;7;10.08.2016 03:00;0,282838;
Benzol;2;10.08.2016 03:00;0,129439;
Benzol;1;10.08.2016 03:00;0,106709;
Anilin;3;10.08.2016 03:00;1,71761;
Anilin;4;10.08.2016 03:00;0,98697;
Anilin;7;10.08.2016 03:00;0,955325;
Anilin;6;10.08.2016 03:00;0,494984;
Anilin;5;10.08.2016 03:00;0,259769;
Anilin;8;10.08.2016 03:00;0,249706;
Anilin;9;10.08.2016 03:00;0,180089;
Anilin;1;10.08.2016 03:00;0,169056;
Anilin;2;10.08.2016 03:00;0,140211;
Natriumchlorid;3;10.08.2016 04:00;1,28404;
Natriumchlorid;4;10.08.2016 04:00;1,2341;
Natriumchlorid;9;10.08.2016 04:00;0,46955;
Natriumchlorid;6;10.08.2016 04:00;0,469333;
Natriumchlorid;2;10.08.2016 04:00;0,462266;
Natriumchlorid;8;10.08.2016 04:00;0,38612;
Natriumchlorid;7;10.08.2016 04:00;0,138471;
Natriumchlorid;5;10.08.2016 04:00;0,0850935;
Natriumchlorid;1;10.08.2016 04:00;0,0567876;
Arsen;3;10.08.2016 04:00;1,44676;
Arsen;4;10.08.2016 04:00;1,02856;
Arsen;7;10.08.2016 04:00;0,826405;
Arsen;5;10.08.2016 04:00;0,623854;
Arsen;8;10.08.2016 04:00;0,553517;
Arsen;6;10.08.2016 04:00;0,292706;
Arsen;1;10.08.2016 04:00;0,155347;
Arsen;9;10.08.2016 04:00;0,0907924;
Arsen;2;10.08.2016 04:00;0,0903134;
Benzol;3;10.08.2016 04:00;1,84573;
Benzol;4;10.08.2016 04:00;1,25461;
Benzol;2;10.08.2016 04:00;0,500523;
Benzol;6;10.08.2016 04:00;0,424025;
Benzol;7;10.08.2016 04:00;0,384464;
Benzol;8;10.08.2016 04:00;0,17002;
Benzol;5;10.08.2016 04:00;0,154239;
Benzol;1;10.08.2016 04:00;0,101568;
Benzol;9;10.08.2016 04:00;0,0907924;
Anilin;4;10.08.2016 04:00;1,12958;
Anilin;3;10.08.2016 04:00;0,635972;
Anilin;7;10.08.2016 04:00;0,588426;
Anilin;9;10.08.2016 04:00;0,2879;
Anilin;6;10.08.2016 04:00;0,247006;
Anilin;1;10.08.2016 04:00;0,151432;
Anilin;2;10.08.2016 04:00;0,130792;
Anilin;8;10.08.2016 04:00;0,123429;
Anilin;5;10.08.2016 04:00;0,0898307;
Natriumchlorid;5;10.08.2016 05:00;1,63054;
Natriumchlorid;4;10.08.2016 05:00;0,878904;
Natriumchlorid;6;10.08.2016 05:00;0,737283;
Natriumchlorid;8;10.08.2016 05:00;0,7028;
Natriumchlorid;3;10.08.2016 05:00;0,657493;
Natriumchlorid;7;10.08.2016 05:00;0,425118;
Natriumchlorid;1;10.08.2016 05:00;0,348946;
Natriumchlorid;9;10.08.2016 05:00;0,18776;
Natriumchlorid;2;10.08.2016 05:00;0,123123;
Arsen;4;10.08.2016 05:00;1,04739;
Arsen;5;10.08.2016 05:00;0,60148;
Arsen;3;10.08.2016 05:00;0,464442;
Arsen;7;10.08.2016 05:00;0,338656;
Arsen;6;10.08.2016 05:00;0,297812;
Arsen;9;10.08.2016 05:00;0,217932;
Arsen;8;10.08.2016 05:00;0,0810381;
Arsen;2;10.08.2016 05:00;0,0747112;
Arsen;1;10.08.2016 05:00;0,00697521;
Benzol;3;10.08.2016 05:00;1,47908;
Benzol;4;10.08.2016 05:00;1,28096;
Benzol;7;10.08.2016 05:00;0,592207;
Benzol;6;10.08.2016 05:00;0,369659;
Benzol;5;10.08.2016 05:00;0,32993;
Benzol;2;10.08.2016 05:00;0,302787;
Benzol;9;10.08.2016 05:00;0,226014;
Benzol;8;10.08.2016 05:00;0,139022;
Benzol;1;10.08.2016 05:00;0,134688;
Anilin;3;10.08.2016 05:00;1,58962;
Anilin;8;10.08.2016 05:00;1,079;
Anilin;4;10.08.2016 05:00;0,92275;
Anilin;7;10.08.2016 05:00;0,660508;
Anilin;5;10.08.2016 05:00;0,65081;
Anilin;6;10.08.2016 05:00;0,398003;
Anilin;2;10.08.2016 05:00;0,24694;
Anilin;9;10.08.2016 05:00;0,214647;
Anilin;1;10.08.2016 05:00;0,20096;
Natriumchlorid;4;10.08.2016 06:00;1,34711;
Natriumchlorid;2;10.08.2016 06:00;0,904375;
Natriumchlorid;3;10.08.2016 06:00;0,803378;
Natriumchlorid;5;10.08.2016 06:00;0,55157;
Natriumchlorid;7;10.08.2016 06:00;0,486748;
Natriumchlorid;6;10.08.2016 06:00;0,257084;
Natriumchlorid;1;10.08.2016 06:00;0,100419;
Natriumchlorid;8;10.08.2016 06:00;0,0170591;
Natriumchlorid;9;10.08.2016 06:00;0,0139042;
Arsen;3;10.08.2016 06:00;1,42327;
Arsen;4;10.08.2016 06:00;1,14758;
Arsen;5;10.08.2016 06:00;0,795646;
Arsen;7;10.08.2016 06:00;0,695993;
Arsen;6;10.08.2016 06:00;0,65488;
Arsen;8;10.08.2016 06:00;0,270745;
Arsen;2;10.08.2016 06:00;0,208962;
Arsen;9;10.08.2016 06:00;0,174645;
Arsen;1;10.08.2016 06:00;0,0196184;
Benzol;4;10.08.2016 06:00;2,87764;
Benzol;3;10.08.2016 06:00;1,97721;
Benzol;7;10.08.2016 06:00;1,7914;
Benzol;6;10.08.2016 06:00;0,665803;
Benzol;9;10.08.2016 06:00;0,62741;
Benzol;8;10.08.2016 06:00;0,416603;
Benzol;5;10.08.2016 06:00;0,401124;
Benzol;2;10.08.2016 06:00;0,114046;
Benzol;1;10.08.2016 06:00;0,0377983;
Anilin;7;10.08.2016 06:00;1,14366;
Anilin;4;10.08.2016 06:00;0,800373;
Anilin;3;10.08.2016 06:00;0,620509;
Anilin;2;10.08.2016 06:00;0,498538;
Anilin;6;10.08.2016 06:00;0,375328;
Anilin;1;10.08.2016 06:00;0,316763;
Anilin;5;10.08.2016 06:00;0,204786;
Anilin;8;10.08.2016 06:00;0,170128;
Anilin;9;10.08.2016 06:00;0,133099;
Natriumchlorid;4;10.08.2016 07:00;22,31719;
Natriumchlorid;4;10.08.2016 07:00;3,33316;
Natriumchlorid;3;10.08.2016 07:00;2,29058;
Natriumchlorid;6;10.08.2016 07:00;0,747385;
Natriumchlorid;1;10.08.2016 07:00;0,603037;
Natriumchlorid;5;10.08.2016 07:00;0,470855;
Natriumchlorid;7;10.08.2016 07:00;0,402733;
Natriumchlorid;8;10.08.2016 07:00;0,334857;
Natriumchlorid;9;10.08.2016 07:00;0,248205;
Natriumchlorid;2;10.08.2016 07:00;0,0706235;
Arsen;7;10.08.2016 07:00;1,29147;
Arsen;4;10.08.2016 07:00;1,1568;
Arsen;6;10.08.2016 07:00;0,805274;
Arsen;5;10.08.2016 07:00;0,511415;
Arsen;9;10.08.2016 07:00;0,481029;
Arsen;2;10.08.2016 07:00;0,473601;
Arsen;3;10.08.2016 07:00;0,406731;
Arsen;1;10.08.2016 07:00;0,141073;
Arsen;8;10.08.2016 07:00;0,0509187;
Benzol;3;10.08.2016 07:00;1,74737;
Benzol;4;10.08.2016 07:00;1,50866;
Benzol;7;10.08.2016 07:00;0,993055;
Benzol;6;10.08.2016 07:00;0,696561;
Benzol;1;10.08.2016 07:00;0,644692;
Benzol;9;10.08.2016 07:00;0,638562;
Benzol;8;10.08.2016 07:00;0,597571;
Benzol;5;10.08.2016 07:00;0,375102;
Benzol;2;10.08.2016 07:00;0,297672;
Anilin;3;10.08.2016 07:00;0,810534;
Anilin;2;10.08.2016 07:00;0,583188;
Anilin;6;10.08.2016 07:00;0,457012;
Anilin;9;10.08.2016 07:00;0,223875;
Anilin;5;10.08.2016 07:00;0,140784;
Anilin;7;10.08.2016 07:00;0,068328;
Anilin;8;10.08.2016 07:00;0,0245406;
Anilin;1;10.08.2016 07:00;0,0170918;
Natriumchlorid;3;10.08.2016 08:00;1,59194;
Natriumchlorid;4;10.08.2016 08:00;1,0017;
Natriumchlorid;7;10.08.2016 08:00;0,76519;
Natriumchlorid;6;10.08.2016 08:00;0,524063;
Natriumchlorid;8;10.08.2016 08:00;0,354231;
Natriumchlorid;2;10.08.2016 08:00;0,342083;
Natriumchlorid;9;10.08.2016 08:00;0,299114;
Natriumchlorid;1;10.08.2016 08:00;0,169719;
Natriumchlorid;5;10.08.2016 08:00;0,0622652;
Arsen;3;10.08.2016 08:00;1,43323;
Arsen;5;10.08.2016 08:00;0,989515;
Arsen;8;10.08.2016 08:00;0,915605;
Arsen;4;10.08.2016 08:00;0,833953;
Arsen;9;10.08.2016 08:00;0,734679;
Arsen;7;10.08.2016 08:00;0,109986;
Arsen;6;10.08.2016 08:00;0,0566912;
Arsen;2;10.08.2016 08:00;0,0473107;
Arsen;1;10.08.2016 08:00;0,0409611;
Benzol;4;10.08.2016 08:00;4,53965;
Benzol;3;10.08.2016 08:00;1,46394;
Benzol;7;10.08.2016 08:00;1,2351;
Benzol;2;10.08.2016 08:00;0,903367;
Benzol;8;10.08.2016 08:00;0,634108;
Benzol;5;10.08.2016 08:00;0,515723;
Benzol;1;10.08.2016 08:00;0,278144;
Benzol;9;10.08.2016 08:00;0,244904;
Benzol;6;10.08.2016 08:00;0,151039;
Anilin;3;10.08.2016 08:00;2,04081;
Anilin;4;10.08.2016 08:00;1,08798;
Anilin;1;10.08.2016 08:00;0,605515;
Anilin;2;10.08.2016 08:00;0,37143;
Anilin;9;10.08.2016 08:00;0,356771;
Anilin;6;10.08.2016 08:00;0,350518;
Anilin;8;10.08.2016 08:00;0,0740708;
Anilin;7;10.08.2016 08:00;0,0121216;
Anilin;5;10.08.2016 08:00;0,00867395;
Natriumchlorid;4;10.08.2016 09:00;18,28853;
Natriumchlorid;4;10.08.2016 09:00;2,96457;
Natriumchlorid;1;10.08.2016 09:00;0,372912;
Natriumchlorid;5;10.08.2016 09:00;0,306159;
Natriumchlorid;2;10.08.2016 09:00;0,254719;
Natriumchlorid;9;10.08.2016 09:00;0,203573;
Natriumchlorid;6;10.08.2016 09:00;0,183404;
Natriumchlorid;7;10.08.2016 09:00;0,13263;
Natriumchlorid;8;10.08.2016 09:00;0,0403573;
Natriumchlorid;3;10.08.2016 09:00;0,0216219;
Arsen;4;10.08.2016 09:00;1,13925;
Arsen;3;10.08.2016 09:00;0,847624;
Arsen;5;10.08.2016 09:00;0,628331;
Arsen;8;10.08.2016 09:00;0,471125;
Arsen;2;10.08.2016 09:00;0,449128;
Arsen;6;10.08.2016 09:00;0,297917;
Arsen;1;10.08.2016 09:00;0,207445;
Arsen;9;10.08.2016 09:00;0,0743756;
Arsen;7;10.08.2016 09:00;0,0134934;
Benzol;4;10.08.2016 09:00;1,45863;
Benzol;3;10.08.2016 09:00;0,736757;
Benzol;6;10.08.2016 09:00;0,364511;
Benzol;5;10.08.2016 09:00;0,364329;
Benzol;8;10.08.2016 09:00;0,304093;
Benzol;1;10.08.2016 09:00;0,185215;
Benzol;7;10.08.2016 09:00;0,164197;
Benzol;2;10.08.2016 09:00;0,0442798;
Benzol;9;10.08.2016 09:00;0,00713105;
Anilin;7;10.08.2016 09:00;1,06024;
Anilin;8;10.08.2016 09:00;0,498775;
Anilin;1;10.08.2016 09:00;0,448233;
Anilin;3;10.08.2016 09:00;0,424507;
Anilin;6;10.08.2016 09:00;0,368653;
Anilin;2;10.08.2016 09:00;0,282176;
Anilin;9;10.08.2016 09:00;0,251536;
Anilin;5;10.08.2016 09:00;0,153168;
Natriumchlorid;4;10.08.2016 10:00;0,933146;
Natriumchlorid;3;10.08.2016 10:00;0,603205;
Natriumchlorid;9;10.08.2016 10:00;0,290927;
Natriumchlorid;1;10.08.2016 10:00;0,282639;
Natriumchlorid;7;10.08.2016 10:00;0,244087;
Natriumchlorid;2;10.08.2016 10:00;0,187906;
Natriumchlorid;5;10.08.2016 10:00;0,179497;
Natriumchlorid;8;10.08.2016 10:00;0,153882;
Natriumchlorid;6;10.08.2016 10:00;0,023391;
Arsen;4;10.08.2016 10:00;1,15777;
Arsen;2;10.08.2016 10:00;0,755483;
Arsen;3;10.08.2016 10:00;0,55452;
Arsen;6;10.08.2016 10:00;0,458144;
Arsen;8;10.08.2016 10:00;0,377727;
Arsen;7;10.08.2016 10:00;0,361941;
Arsen;9;10.08.2016 10:00;0,160493;
Arsen;1;10.08.2016 10:00;0,129466;
Arsen;5;10.08.2016 10:00;0,0852027;
Benzol;3;10.08.2016 10:00;1,43432;
Benzol;4;10.08.2016 10:00;0,968925;
Benzol;5;10.08.2016 10:00;0,569147;
Benzol;1;10.08.2016 10:00;0,483348;
Benzol;6;10.08.2016 10:00;0,475328;
Benzol;9;10.08.2016 10:00;0,188016;
Benzol;2;10.08.2016 10:00;0,178892;
Benzol;7;10.08.2016 10:00;0,120249;
Benzol;8;10.08.2016 10:00;0,0625726;
Anilin;4;10.08.2016 10:00;0,829063;
Anilin;3;10.08.2016 10:00;0,636568;
Anilin;9;10.08.2016 10:00;0,519594;
Anilin;8;10.08.2016 10:00;0,288091;
Anilin;7;10.08.2016 10:00;0,275486;
Anilin;6;10.08.2016 10:00;0,12649;
Anilin;1;10.08.2016 10:00;0,114553;
Anilin;2;10.08.2016 10:00;0,0933484;
Anilin;5;10.08.2016 10:00;0,0819056;
Natriumchlorid;3;10.08.2016 11:00;2,20724;
Natriumchlorid;5;10.08.2016 11:00;1,43474;
Natriumchlorid;4;10.08.2016 11:00;1,22077;
Natriumchlorid;7;10.08.2016 11:00;1,03931;
Natriumchlorid;6;10.08.2016 11:00;0,803154;
Natriumchlorid;9;10.08.2016 11:00;0,306254;
Natriumchlorid;2;10.08.2016 11:00;0,209655;
Natriumchlorid;1;10.08.2016 11:00;0,111315;
Natriumchlorid;8;10.08.2016 11:00;0,0241604;
Arsen;9;10.08.2016 11:00;2,53285;
Arsen;3;10.08.2016 11:00;2,53012;
Arsen;4;10.08.2016 11:00;1,14543;
Arsen;7;10.08.2016 11:00;0,96447;
Arsen;5;10.08.2016 11:00;0,717575;
Arsen;2;10.08.2016 11:00;0,577647;
Arsen;6;10.08.2016 11:00;0,516401;
Arsen;8;10.08.2016 11:00;0,119749;
Arsen;1;10.08.2016 11:00;0,118293;
Benzol;4;10.08.2016 11:00;2,29062;
Benzol;3;10.08.2016 11:00;0,921936;
Benzol;8;10.08.2016 11:00;0,709857;
Benzol;5;10.08.2016 11:00;0,599173;
Benzol;2;10.08.2016 11:00;0,454341;
Benzol;6;10.08.2016 11:00;0,45054;
Benzol;7;10.08.2016 11:00;0,297594;
Benzol;1;10.08.2016 11:00;0,239132;
Benzol;9;10.08.2016 11:00;0,201767;
Anilin;4;10.08.2016 11:00;0,920946;
Anilin;2;10.08.2016 11:00;0,671342;
Anilin;3;10.08.2016 11:00;0,427176;
Anilin;1;10.08.2016 11:00;0,346614;
Anilin;5;10.08.2016 11:00;0,256514;
Anilin;8;10.08.2016 11:00;0,238422;
Anilin;7;10.08.2016 11:00;0,190824;
Anilin;9;10.08.2016 11:00;0,12217;
Anilin;6;10.08.2016 11:00;0,0928809;
Natriumchlorid;3;10.08.2016 12:00;1,26573;
Natriumchlorid;4;10.08.2016 12:00;0,956794;
Natriumchlorid;8;10.08.2016 12:00;0,604899;
Natriumchlorid;6;10.08.2016 12:00;0,458017;
Natriumchlorid;7;10.08.2016 12:00;0,343948;
Natriumchlorid;9;10.08.2016 12:00;0,256614;
Natriumchlorid;1;10.08.2016 12:00;0,236718;
Natriumchlorid;5;10.08.2016 12:00;0,128298;
Natriumchlorid;2;10.08.2016 12:00;0,0120496;
Arsen;7;10.08.2016 12:00;1,17901;
Arsen;4;10.08.2016 12:00;1,1651;
Arsen;2;10.08.2016 12:00;0,922695;
Arsen;9;10.08.2016 12:00;0,792901;
Arsen;6;10.08.2016 12:00;0,653337;
Arsen;5;10.08.2016 12:00;0,392258;
Arsen;8;10.08.2016 12:00;0,367391;
Arsen;3;10.08.2016 12:00;0,144585;
Arsen;1;10.08.2016 12:00;0,0997077;
Benzol;4;10.08.2016 12:00;2,62822;
Benzol;3;10.08.2016 12:00;0,729017;
Benzol;7;10.08.2016 12:00;0,600241;
Benzol;2;10.08.2016 12:00;0,528795;
Benzol;6;10.08.2016 12:00;0,379824;
Benzol;9;10.08.2016 12:00;0,349289;
Benzol;5;10.08.2016 12:00;0,211597;
Benzol;8;10.08.2016 12:00;0,208353;
Benzol;1;10.08.2016 12:00;0,105957;
Anilin;3;10.08.2016 12:00;1,21124;
Anilin;7;10.08.2016 12:00;0,942245;
Anilin;5;10.08.2016 12:00;0,855923;
Anilin;4;10.08.2016 12:00;0,818833;
Anilin;6;10.08.2016 12:00;0,324031;
Anilin;8;10.08.2016 12:00;0,263975;
Anilin;2;10.08.2016 12:00;0,26031;
Anilin;9;10.08.2016 12:00;0,21014;
Anilin;1;10.08.2016 12:00;0,0117104;
Natriumchlorid;4;10.08.2016 13:00;15,34465;
Natriumchlorid;4;10.08.2016 13:00;2,68391;
Natriumchlorid;3;10.08.2016 13:00;1,70526;
Natriumchlorid;6;10.08.2016 13:00;0,855875;
Natriumchlorid;9;10.08.2016 13:00;0,521585;
Natriumchlorid;2;10.08.2016 13:00;0,492029;
Natriumchlorid;5;10.08.2016 13:00;0,334495;
Natriumchlorid;7;10.08.2016 13:00;0,230115;
Natriumchlorid;1;10.08.2016 13:00;0,106622;
Natriumchlorid;8;10.08.2016 13:00;0,077937;
Arsen;9;10.08.2016 13:00;2,60597;
Arsen;4;10.08.2016 13:00;1,14224;
Arsen;5;10.08.2016 13:00;0,643365;
Arsen;8;10.08.2016 13:00;0,468027;
Arsen;6;10.08.2016 13:00;0,391039;
Arsen;1;10.08.2016 13:00;0,309314;
Arsen;7;10.08.2016 13:00;0,237666;
Arsen;3;10.08.2016 13:00;0,196804;
Arsen;2;10.08.2016 13:00;0,0200446;
Benzol;4;10.08.2016 13:00;6,95417;
Benzol;8;10.08.2016 13:00;0,613777;
Benzol;7;10.08.2016 13:00;0,5968;
Benzol;3;10.08.2016 13:00;0,443463;
Benzol;5;10.08.2016 13:00;0,393057;
Benzol;6;10.08.2016 13:00;0,272469;
Benzol;2;10.08.2016 13:00;0,226779;
Benzol;1;10.08.2016 13:00;0,110648;
Benzol;9;10.08.2016 13:00;0,0461433;
Anilin;7;10.08.2016 13:00;1,85772;
Anilin;3;10.08.2016 13:00;1,75924;
Anilin;8;10.08.2016 13:00;1,13018;
Anilin;9;10.08.2016 13:00;0,367658;
Anilin;5;10.08.2016 13:00;0,298489;
Anilin;6;10.08.2016 13:00;0,253346;
Anilin;2;10.08.2016 13:00;0,229264;
Anilin;1;10.08.2016 13:00;0,120751;
Natriumchlorid;3;10.08.2016 14:00;1,66306;
Natriumchlorid;4;10.08.2016 14:00;1,27164;
Natriumchlorid;7;10.08.2016 14:00;0,852971;
Natriumchlorid;8;10.08.2016 14:00;0,722148;
Natriumchlorid;6;10.08.2016 14:00;0,464914;
Natriumchlorid;5;10.08.2016 14:00;0,41862;
Natriumchlorid;1;10.08.2016 14:00;0,416157;
Natriumchlorid;9;10.08.2016 14:00;0,290944;
Natriumchlorid;2;10.08.2016 14:00;0,204238;
Arsen;3;10.08.2016 14:00;3,62356;
Arsen;4;10.08.2016 14:00;1,00785;
Arsen;5;10.08.2016 14:00;0,761361;
Arsen;2;10.08.2016 14:00;0,475189;
Arsen;7;10.08.2016 14:00;0,440739;
Arsen;1;10.08.2016 14:00;0,333322;
Arsen;6;10.08.2016 14:00;0,311779;
Arsen;8;10.08.2016 14:00;0,0759067;
Arsen;9;10.08.2016 14:00;0,0199978;
Benzol;4;10.08.2016 14:00;1,51095;
Benzol;3;10.08.2016 14:00;1,42484;
Benzol;5;10.08.2016 14:00;0,492783;
Benzol;6;10.08.2016 14:00;0,47336;
Benzol;1;10.08.2016 14:00;0,43721;
Benzol;9;10.08.2016 14:00;0,394468;
Benzol;7;10.08.2016 14:00;0,389009;
Benzol;2;10.08.2016 14:00;0,312432;
Benzol;8;10.08.2016 14:00;0,238016;
Anilin;3;10.08.2016 14:00;4,92055;
Anilin;4;10.08.2016 14:00;0,92361;
Anilin;8;10.08.2016 14:00;0,648757;
Anilin;6;10.08.2016 14:00;0,49278;
Anilin;1;10.08.2016 14:00;0,177854;
Anilin;5;10.08.2016 14:00;0,144158;
Anilin;9;10.08.2016 14:00;0,0742136;
Anilin;2;10.08.2016 14:00;0,0184858;
Anilin;7;10.08.2016 14:00;0,0158931;
Natriumchlorid;7;10.08.2016 15:00;1,78475;
Natriumchlorid;4;10.08.2016 15:00;1,41404;
Natriumchlorid;8;10.08.2016 15:00;0,719321;
Natriumchlorid;5;10.08.2016 15:00;0,479464;
Natriumchlorid;3;10.08.2016 15:00;0,444099;
Natriumchlorid;6;10.08.2016 15:00;0,364899;
Natriumchlorid;2;10.08.2016 15:00;0,222303;
Natriumchlorid;9;10.08.2016 15:00;0,172631;
Natriumchlorid;1;10.08.2016 15:00;0,0282851;
Arsen;3;10.08.2016 15:00;1,45427;
Arsen;4;10.08.2016 15:00;0,930431;
Arsen;7;10.08.2016 15:00;0,735286;
Arsen;2;10.08.2016 15:00;0,592932;
Arsen;6;10.08.2016 15:00;0,529016;
Arsen;1;10.08.2016 15:00;0,472462;
Arsen;5;10.08.2016 15:00;0,409216;
Arsen;9;10.08.2016 15:00;0,29713;
Arsen;8;10.08.2016 15:00;0,012045;
Benzol;4;10.08.2016 15:00;1,11774;
Benzol;5;10.08.2016 15:00;0,82598;
Benzol;2;10.08.2016 15:00;0,694029;
Benzol;9;10.08.2016 15:00;0,606115;
Benzol;3;10.08.2016 15:00;0,438688;
Benzol;6;10.08.2016 15:00;0,226977;
Benzol;1;10.08.2016 15:00;0,198248;
Benzol;8;10.08.2016 15:00;0,128675;
Benzol;7;10.08.2016 15:00;0,127642;
Anilin;4;10.08.2016 15:00;1,10618;
Anilin;3;10.08.2016 15:00;0,820742;
Anilin;6;10.08.2016 15:00;0,719758;
Anilin;5;10.08.2016 15:00;0,530339;
Anilin;2;10.08.2016 15:00;0,372343;
Anilin;9;10.08.2016 15:00;0,258256;
Anilin;7;10.08.2016 15:00;0,24492;
Anilin;8;10.08.2016 15:00;0,202636;
Anilin;1;10.08.2016 15:00;0,147087;
Natriumchlorid;4;10.08.2016 16:00;0,945609;
Natriumchlorid;2;10.08.2016 16:00;0,827088;
Natriumchlorid;3;10.08.2016 16:00;0,796103;
Natriumchlorid;8;10.08.2016 16:00;0,737714;
Natriumchlorid;7;10.08.2016 16:00;0,421191;
Natriumchlorid;9;10.08.2016 16:00;0,374362;
Natriumchlorid;1;10.08.2016 16:00;0,288237;
Natriumchlorid;6;10.08.2016 16:00;0,112631;
Natriumchlorid;5;10.08.2016 16:00;0,0275731;
Arsen;7;10.08.2016 16:00;1,67327;
Arsen;8;10.08.2016 16:00;1,24066;
Arsen;4;10.08.2016 16:00;1,06333;
Arsen;6;10.08.2016 16:00;0,635518;
Arsen;3;10.08.2016 16:00;0,628034;
Arsen;1;10.08.2016 16:00;0,291793;
Arsen;9;10.08.2016 16:00;0,201859;
Arsen;2;10.08.2016 16:00;0,143784;
Arsen;5;10.08.2016 16:00;0,0111242;
Benzol;4;10.08.2016 16:00;1,38241;
Benzol;8;10.08.2016 16:00;1,04721;
Benzol;5;10.08.2016 16:00;0,971921;
Benzol;3;10.08.2016 16:00;0,616723;
Benzol;2;10.08.2016 16:00;0,404377;
Benzol;6;10.08.2016 16:00;0,308377;
Benzol;1;10.08.2016 16:00;0,161117;
Benzol;7;10.08.2016 16:00;0,15592;
Benzol;9;10.08.2016 16:00;0,122302;
Anilin;4;10.08.2016 16:00;1,29993;
Anilin;3;10.08.2016 16:00;0,654828;
Anilin;8;10.08.2016 16:00;0,540292;
Anilin;6;10.08.2016 16:00;0,440209;
Anilin;7;10.08.2016 16:00;0,344358;
Anilin;1;10.08.2016 16:00;0,259423;
Anilin;2;10.08.2016 16:00;0,223805;
Anilin;5;10.08.2016 16:00;0,148809;
Anilin;9;10.08.2016 16:00;0,0561541;
Natriumchlorid;7;10.08.2016 17:00;1,71464;
Natriumchlorid;3;10.08.2016 17:00;1,55989;
Natriumchlorid;8;10.08.2016 17:00;1,17887;
Natriumchlorid;4;10.08.2016 17:00;0,96626;
Natriumchlorid;5;10.08.2016 17:00;0,700141;
Natriumchlorid;9;10.08.2016 17:00;0,648174;
Natriumchlorid;2;10.08.2016 17:00;0,253818;
Natriumchlorid;1;10.08.2016 17:00;0,120088;
Natriumchlorid;6;10.08.2016 17:00;0,114846;
Arsen;3;10.08.2016 17:00;2,0397;
Arsen;4;10.08.2016 17:00;1,32911;
Arsen;2;10.08.2016 17:00;0,740467;
Arsen;8;10.08.2016 17:00;0,678766;
Arsen;5;10.08.2016 17:00;0,507013;
Arsen;6;10.08.2016 17:00;0,248192;
Arsen;9;10.08.2016 17:00;0,24492;
Arsen;1;10.08.2016 17:00;0,055082;
Arsen;7;10.08.2016 17:00;0,00664751;
Benzol;4;10.08.2016 17:00;1,19784;
Benzol;3;10.08.2016 17:00;0,82406;
Benzol;2;10.08.2016 17:00;0,733622;
Benzol;5;10.08.2016 17:00;0,481274;
Benzol;8;10.08.2016 17:00;0,380424;
Benzol;7;10.08.2016 17:00;0,139614;
Benzol;9;10.08.2016 17:00;0,131398;
Benzol;1;10.08.2016 17:00;0,113753;
Benzol;6;10.08.2016 17:00;0,0808438;
Anilin;4;10.08.2016 17:00;1,37958;
Anilin;7;10.08.2016 17:00;0,652161;
Anilin;6;10.08.2016 17:00;0,492303;
Anilin;5;10.08.2016 17:00;0,313344;
Anilin;2;10.08.2016 17:00;0,211084;
Anilin;1;10.08.2016 17:00;0,183987;
Anilin;3;10.08.2016 17:00;0,127;
Anilin;9;10.08.2016 17:00;0,120964;
Anilin;8;10.08.2016 17:00;0,105288;
Natriumchlorid;3;10.08.2016 18:00;1,50049;
Natriumchlorid;4;10.08.2016 18:00;0,846009;
Natriumchlorid;2;10.08.2016 18:00;0,452366;
Natriumchlorid;5;10.08.2016 18:00;0,343467;
Natriumchlorid;7;10.08.2016 18:00;0,231938;
Natriumchlorid;6;10.08.2016 18:00;0,202216;
Natriumchlorid;8;10.08.2016 18:00;0,202083;
Natriumchlorid;9;10.08.2016 18:00;0,153148;
Natriumchlorid;1;10.08.2016 18:00;0,0193084;
Arsen;4;10.08.2016 18:00;1,41088;
Arsen;2;10.08.2016 18:00;0,930826;
Arsen;1;10.08.2016 18:00;0,506424;
Arsen;9;10.08.2016 18:00;0,462328;
Arsen;7;10.08.2016 18:00;0,301801;
Arsen;8;10.08.2016 18:00;0,197922;
Arsen;3;10.08.2016 18:00;0,14634;
Arsen;5;10.08.2016 18:00;0,118979;
Arsen;6;10.08.2016 18:00;0,0810075;
Benzol;3;10.08.2016 18:00;1,22643;
Benzol;4;10.08.2016 18:00;1,22383;
Benzol;6;10.08.2016 18:00;0,474524;
Benzol;9;10.08.2016 18:00;0,369996;
Benzol;8;10.08.2016 18:00;0,332128;
Benzol;7;10.08.2016 18:00;0,310313;
Benzol;5;10.08.2016 18:00;0,309846;
Benzol;2;10.08.2016 18:00;0,29148;
Benzol;1;10.08.2016 18:00;0,0841606;
Anilin;3;10.08.2016 18:00;1,94023;
Anilin;4;10.08.2016 18:00;0,966444;
Anilin;8;10.08.2016 18:00;0,663215;
Anilin;6;10.08.2016 18:00;0,472347;
Anilin;1;10.08.2016 18:00;0,219772;
Anilin;5;10.08.2016 18:00;0,20959;
Anilin;2;10.08.2016 18:00;0,0333883;
Anilin;9;10.08.2016 18:00;0,0159099;
Anilin;7;10.08.2016 18:00;0,00119276;
Natriumchlorid;3;10.08.2016 19:00;2,55111;
Natriumchlorid;4;10.08.2016 19:00;1,00637;
Natriumchlorid;9;10.08.2016 19:00;0,505439;
Natriumchlorid;7;10.08.2016 19:00;0,418739;
Natriumchlorid;5;10.08.2016 19:00;0,265048;
Natriumchlorid;6;10.08.2016 19:00;0,156618;
Natriumchlorid;2;10.08.2016 19:00;0,124907;
Natriumchlorid;1;10.08.2016 19:00;0,0584235;
Natriumchlorid;8;10.08.2016 19:00;0,0414806;
Arsen;4;10.08.2016 19:00;0,837941;
Arsen;3;10.08.2016 19:00;0,71904;
Arsen;2;10.08.2016 19:00;0,574225;
Arsen;9;10.08.2016 19:00;0,48545;
Arsen;6;10.08.2016 19:00;0,429412;
Arsen;7;10.08.2016 19:00;0,332764;
Arsen;1;10.08.2016 19:00;0,233409;
Arsen;8;10.08.2016 19:00;0,186894;
Arsen;5;10.08.2016 19:00;0,184038;
Benzol;4;10.08.2016 19:00;1,15694;
Benzol;3;10.08.2016 19:00;0,637231;
Benzol;7;10.08.2016 19:00;0,626333;
Benzol;9;10.08.2016 19:00;0,47718;
Benzol;5;10.08.2016 19:00;0,392791;
Benzol;6;10.08.2016 19:00;0,370526;
Benzol;2;10.08.2016 19:00;0,296069;
Benzol;8;10.08.2016 19:00;0,274069;
Benzol;1;10.08.2016 19:00;0,0659318;
Anilin;4;10.08.2016 19:00;0,998243;
Anilin;2;10.08.2016 19:00;0,778631;
Anilin;3;10.08.2016 19:00;0,730209;
Anilin;1;10.08.2016 19:00;0,354207;
Anilin;6;10.08.2016 19:00;0,251679;
Anilin;5;10.08.2016 19:00;0,240909;
Anilin;7;10.08.2016 19:00;0,167441;
Anilin;8;10.08.2016 19:00;0,128328;
Anilin;9;10.08.2016 19:00;0,112015;
Natriumchlorid;9;10.08.2016 20:00;3,17558;
Natriumchlorid;3;10.08.2016 20:00;1,28593;
Natriumchlorid;4;10.08.2016 20:00;1,23384;
Natriumchlorid;6;10.08.2016 20:00;0,529412;
Natriumchlorid;2;10.08.2016 20:00;0,513131;
Natriumchlorid;8;10.08.2016 20:00;0,275418;
Natriumchlorid;7;10.08.2016 20:00;0,274691;
Natriumchlorid;5;10.08.2016 20:00;0,105354;
Natriumchlorid;1;10.08.2016 20:00;0,0359456;
Arsen;3;10.08.2016 20:00;1,35805;
Arsen;4;10.08.2016 20:00;1,13884;
Arsen;2;10.08.2016 20:00;0,613269;
Arsen;6;10.08.2016 20:00;0,412071;
Arsen;8;10.08.2016 20:00;0,373438;
Arsen;5;10.08.2016 20:00;0,339777;
Arsen;7;10.08.2016 20:00;0,258272;
Arsen;9;10.08.2016 20:00;0,125001;
Arsen;1;10.08.2016 20:00;0,0462293;
Benzol;3;10.08.2016 20:00;2,18935;
Benzol;4;10.08.2016 20:00;0,970699;
Benzol;5;10.08.2016 20:00;0,931605;
Benzol;6;10.08.2016 20:00;0,639169;
Benzol;8;10.08.2016 20:00;0,55599;
Benzol;9;10.08.2016 20:00;0,435978;
Benzol;1;10.08.2016 20:00;0,307153;
Benzol;7;10.08.2016 20:00;0,26088;
Benzol;2;10.08.2016 20:00;0,211216;
Anilin;4;10.08.2016 20:00;0,99337;
Anilin;3;10.08.2016 20:00;0,920728;
Anilin;9;10.08.2016 20:00;0,699123;
Anilin;1;10.08.2016 20:00;0,537196;
Anilin;8;10.08.2016 20:00;0,417983;
Anilin;7;10.08.2016 20:00;0,359457;
Anilin;2;10.08.2016 20:00;0,258595;
Anilin;6;10.08.2016 20:00;0,217993;
Anilin;5;10.08.2016 20:00;0,10815;
Natriumchlorid;5;10.08.2016 21:00;8,48644;
Natriumchlorid;9;10.08.2016 21:00;1,27591;
Natriumchlorid;4;10.08.2016 21:00;0,963513;
Natriumchlorid;5;10.08.2016 21:00;0,888132;
Natriumchlorid;8;10.08.2016 21:00;0,773657;
Natriumchlorid;1;10.08.2016 21:00;0,341164;
Natriumchlorid;3;10.08.2016 21:00;0,226941;
Natriumchlorid;6;10.08.2016 21:00;0,190076;
Natriumchlorid;2;10.08.2016 21:00;0,136625;
Natriumchlorid;7;10.08.2016 21:00;0,0245949;
Arsen;3;10.08.2016 21:00;2,68043;
Arsen;4;10.08.2016 21:00;1,44693;
Arsen;7;10.08.2016 21:00;0,471391;
Arsen;5;10.08.2016 21:00;0,457343;
Arsen;2;10.08.2016 21:00;0,373983;
Arsen;6;10.08.2016 21:00;0,237844;
Arsen;9;10.08.2016 21:00;0,196933;
Arsen;8;10.08.2016 21:00;0,185729;
Arsen;1;10.08.2016 21:00;0,0280418;
Benzol;8;10.08.2016 21:00;0,869083;
Benzol;4;10.08.2016 21:00;0,695334;
Benzol;7;10.08.2016 21:00;0,449669;
Benzol;5;10.08.2016 21:00;0,435298;
Benzol;9;10.08.2016 21:00;0,351095;
Benzol;2;10.08.2016 21:00;0,338872;
Benzol;3;10.08.2016 21:00;0,127562;
Benzol;6;10.08.2016 21:00;0,0814986;
Benzol;1;10.08.2016 21:00;0,0769924;
Anilin;7;10.08.2016 21:00;1,43419;
Anilin;4;10.08.2016 21:00;0,805395;
Anilin;9;10.08.2016 21:00;0,307719;
Anilin;1;10.08.2016 21:00;0,248804;
Anilin;3;10.08.2016 21:00;0,248319;
Anilin;6;10.08.2016 21:00;0,228042;
Anilin;2;10.08.2016 21:00;0,20231;
Anilin;8;10.08.2016 21:00;0,0741723;
Natriumchlorid;8;10.08.2016 22:00;1,48549;
Natriumchlorid;4;10.08.2016 22:00;1,32123;
Natriumchlorid;3;10.08.2016 22:00;0,837162;
Natriumchlorid;6;10.08.2016 22:00;0,663964;
Natriumchlorid;7;10.08.2016 22:00;0,610523;
Natriumchlorid;5;10.08.2016 22:00;0,271314;
Natriumchlorid;1;10.08.2016 22:00;0,148353;
Natriumchlorid;9;10.08.2016 22:00;0,146057;
Natriumchlorid;2;10.08.2016 22:00;0,140278;
Arsen;7;10.08.2016 22:00;2,25122;
Arsen;4;10.08.2016 22:00;1,08582;
Arsen;3;10.08.2016 22:00;0,912202;
Arsen;5;10.08.2016 22:00;0,619058;
Arsen;1;10.08.2016 22:00;0,402632;
Arsen;6;10.08.2016 22:00;0,336294;
Arsen;8;10.08.2016 22:00;0,297182;
Arsen;2;10.08.2016 22:00;0,157306;
Arsen;9;10.08.2016 22:00;0,0948372;
Benzol;7;10.08.2016 22:00;1,73693;
Benzol;3;10.08.2016 22:00;1,5313;
Benzol;4;10.08.2016 22:00;1,06795;
Benzol;5;10.08.2016 22:00;0,849302;
Benzol;9;10.08.2016 22:00;0,514804;
Benzol;6;10.08.2016 22:00;0,496167;
Benzol;1;10.08.2016 22:00;0,406087;
Benzol;2;10.08.2016 22:00;0,183885;
Benzol;8;10.08.2016 22:00;0,0718331;
Anilin;3;10.08.2016 22:00;3,24826;
Anilin;4;10.08.2016 22:00;1,33545;
Anilin;5;10.08.2016 22:00;0,652576;
Anilin;8;10.08.2016 22:00;0,457371;
Anilin;6;10.08.2016 22:00;0,417855;
Anilin;1;10.08.2016 22:00;0,257251;
Anilin;9;10.08.2016 22:00;0,252232;
Anilin;2;10.08.2016 22:00;0,229325;
Anilin;7;10.08.2016 22:00;0,0946671;
Natriumchlorid;5;10.08.2016 23:00;5,29454;
Natriumchlorid;9;10.08.2016 23:00;1,17653;
Natriumchlorid;4;10.08.2016 23:00;0,80137;
Natriumchlorid;8;10.08.2016 23:00;0,750562;
Natriumchlorid;7;10.08.2016 23:00;0,685307;
Natriumchlorid;3;10.08.2016 23:00;0,597826;
Natriumchlorid;6;10.08.2016 23:00;0,332435;
Natriumchlorid;2;10.08.2016 23:00;0,153029;
Natriumchlorid;1;10.08.2016 23:00;0,0909374;
Arsen;4;10.08.2016 23:00;1,02221;
Arsen;7;10.08.2016 23:00;1,01064;
Arsen;3;10.08.2016 23:00;0,787246;
Arsen;8;10.08.2016 23:00;0,680877;
Arsen;9;10.08.2016 23:00;0,571336;
Arsen;5;10.08.2016 23:00;0,318;
Arsen;1;10.08.2016 23:00;0,299287;
Arsen;2;10.08.2016 23:00;0,0630874;
Arsen;6;10.08.2016 23:00;0,059527;
Benzol;7;10.08.2016 23:00;2,39966;
Benzol;3;10.08.2016 23:00;1,97961;
Benzol;4;10.08.2016 23:00;1,04145;
Benzol;9;10.08.2016 23:00;0,589025;
Benzol;1;10.08.2016 23:00;0,239444;
Benzol;8;10.08.2016 23:00;0,180292;
Benzol;2;10.08.2016 23:00;0,178524;
Benzol;5;10.08.2016 23:00;0,115369;
Benzol;6;10.08.2016 23:00;0,0512694;
Anilin;5;10.08.2016 23:00;53,6496;
Anilin;4;10.08.2016 23:00;1,07943;
Anilin;1;10.08.2016 23:00;0,691884;
Anilin;3;10.08.2016 23:00;0,549007;
Anilin;7;10.08.2016 23:00;0,375536;
Anilin;9;10.08.2016 23:00;0,229582;
Anilin;8;10.08.2016 23:00;0,184421;
Anilin;6;10.08.2016 23:00;0,0972829;
Anilin;2;10.08.2016 23:00;0,068267;
Natriumchlorid;9;11.08.2016 00:00;4,96175;
Natriumchlorid;3;11.08.2016 00:00;1,2708;
Natriumchlorid;4;11.08.2016 00:00;0,899414;
Natriumchlorid;8;11.08.2016 00:00;0,58447;
Natriumchlorid;6;11.08.2016 00:00;0,500015;
Natriumchlorid;5;11.08.2016 00:00;0,393286;
Natriumchlorid;2;11.08.2016 00:00;0,204549;
Natriumchlorid;7;11.08.2016 00:00;0,0525344;
Natriumchlorid;1;11.08.2016 00:00;0,0378601;
Arsen;4;11.08.2016 00:00;1,12681;
Arsen;6;11.08.2016 00:00;0,905956;
Arsen;3;11.08.2016 00:00;0,649108;
Arsen;9;11.08.2016 00:00;0,600505;
Arsen;5;11.08.2016 00:00;0,460946;
Arsen;2;11.08.2016 00:00;0,159032;
Arsen;7;11.08.2016 00:00;0,138729;
Arsen;8;11.08.2016 00:00;0,135644;
Arsen;1;11.08.2016 00:00;0,108479;
Benzol;4;11.08.2016 00:00;0,933835;
Benzol;2;11.08.2016 00:00;0,827191;
Benzol;3;11.08.2016 00:00;0,521276;
Benzol;7;11.08.2016 00:00;0,418813;
Benzol;6;11.08.2016 00:00;0,361787;
Benzol;1;11.08.2016 00:00;0,155739;
Benzol;8;11.08.2016 00:00;0,13029;
Benzol;9;11.08.2016 00:00;0,0423262;
Benzol;5;11.08.2016 00:00;0,0228514;
Anilin;4;11.08.2016 00:00;1,12279;
Anilin;8;11.08.2016 00:00;0,881796;
Anilin;6;11.08.2016 00:00;0,766064;
Anilin;3;11.08.2016 00:00;0,652716;
Anilin;2;11.08.2016 00:00;0,43063;
Anilin;7;11.08.2016 00:00;0,294835;
Anilin;5;11.08.2016 00:00;0,191759;
Anilin;9;11.08.2016 00:00;0,0656548;
Anilin;1;11.08.2016 00:00;0,0223025;
Natriumchlorid;3;11.08.2016 01:00;3,58488;
Natriumchlorid;4;11.08.2016 01:00;1,00246;
Natriumchlorid;2;11.08.2016 01:00;0,629568;
Natriumchlorid;6;11.08.2016 01:00;0,570127;
Natriumchlorid;1;11.08.2016 01:00;0,330451;
Natriumchlorid;7;11.08.2016 01:00;0,182735;
Natriumchlorid;9;11.08.2016 01:00;0,159562;
Natriumchlorid;5;11.08.2016 01:00;0,0843979;
Natriumchlorid;8;11.08.2016 01:00;0,0760716;
Arsen;3;11.08.2016 01:00;4,30881;
Arsen;4;11.08.2016 01:00;0,903226;
Arsen;8;11.08.2016 01:00;0,670786;
Arsen;2;11.08.2016 01:00;0,572239;
Arsen;9;11.08.2016 01:00;0,516452;
Arsen;1;11.08.2016 01:00;0,489055;
Arsen;6;11.08.2016 01:00;0,415614;
Arsen;7;11.08.2016 01:00;0,372271;
Arsen;5;11.08.2016 01:00;0,146525;
Benzol;4;11.08.2016 01:00;1,32834;
Benzol;2;11.08.2016 01:00;1,08615;
Benzol;7;11.08.2016 01:00;0,576585;
Benzol;1;11.08.2016 01:00;0,413839;
Benzol;8;11.08.2016 01:00;0,383212;
Benzol;6;11.08.2016 01:00;0,271737;
Benzol;3;11.08.2016 01:00;0,125752;
Benzol;9;11.08.2016 01:00;0,123637;
Benzol;5;11.08.2016 01:00;0,0308324;
Anilin;3;11.08.2016 01:00;2,23434;
Anilin;4;11.08.2016 01:00;0,959006;
Anilin;5;11.08.2016 01:00;0,777743;
Anilin;6;11.08.2016 01:00;0,722087;
Anilin;8;11.08.2016 01:00;0,318817;
Anilin;7;11.08.2016 01:00;0,228682;
Anilin;2;11.08.2016 01:00;0,200033;
Anilin;1;11.08.2016 01:00;0,17981;
Anilin;9;11.08.2016 01:00;0,0297626;
Natriumchlorid;2;11.08.2016 02:00;1,08193;
Natriumchlorid;4;11.08.2016 02:00;0,969157;
Natriumchlorid;6;11.08.2016 02:00;0,66175;
Natriumchlorid;1;11.08.2016 02:00;0,448134;
Natriumchlorid;5;11.08.2016 02:00;0,364053;
Natriumchlorid;9;11.08.2016 02:00;0,236578;
Natriumchlorid;7;11.08.2016 02:00;0,0258748;
Natriumchlorid;3;11.08.2016 02:00;0,0139038;
Natriumchlorid;8;11.08.2016 02:00;0,00603209;
Arsen;3;11.08.2016 02:00;2,15074;
Arsen;2;11.08.2016 02:00;1,01223;
Arsen;8;11.08.2016 02:00;0,868535;
Arsen;4;11.08.2016 02:00;0,854499;
Arsen;6;11.08.2016 02:00;0,434837;
Arsen;1;11.08.2016 02:00;0,396714;
Arsen;9;11.08.2016 02:00;0,393684;
Arsen;7;11.08.2016 02:00;0,224061;
Arsen;5;11.08.2016 02:00;0,202732;
Benzol;4;11.08.2016 02:00;1,21634;
Benzol;8;11.08.2016 02:00;0,637457;
Benzol;6;11.08.2016 02:00;0,505409;
Benzol;7;11.08.2016 02:00;0,495394;
Benzol;1;11.08.2016 02:00;0,441404;
Benzol;3;11.08.2016 02:00;0,372971;
Benzol;5;11.08.2016 02:00;0,31072;
Benzol;9;11.08.2016 02:00;0,256701;
Benzol;2;11.08.2016 02:00;0,0740363;
Anilin;4;11.08.2016 02:00;1,34601;
Anilin;3;11.08.2016 02:00;1,15504;
Anilin;8;11.08.2016 02:00;0,835233;
Anilin;2;11.08.2016 02:00;0,469517;
Anilin;5;11.08.2016 02:00;0,379921;
Anilin;9;11.08.2016 02:00;0,325196;
Anilin;7;11.08.2016 02:00;0,26682;
Anilin;6;11.08.2016 02:00;0,231012;
Anilin;1;11.08.2016 02:00;0,0398583;
Natriumchlorid;4;11.08.2016 03:00;1,42014;
Natriumchlorid;3;11.08.2016 03:00;1,30438;
Natriumchlorid;7;11.08.2016 03:00;0,981303;
Natriumchlorid;8;11.08.2016 03:00;0,691949;
Natriumchlorid;5;11.08.2016 03:00;0,614857;
Natriumchlorid;6;11.08.2016 03:00;0,514774;
Natriumchlorid;9;11.08.2016 03:00;0,437364;
Natriumchlorid;1;11.08.2016 03:00;0,320283;
Natriumchlorid;2;11.08.2016 03:00;0,051445;
Arsen;3;11.08.2016 03:00;2,01583;
Arsen;4;11.08.2016 03:00;1,01966;
Arsen;5;11.08.2016 03:00;0,500705;
Arsen;8;11.08.2016 03:00;0,491724;
Arsen;6;11.08.2016 03:00;0,423932;
Arsen;9;11.08.2016 03:00;0,322546;
Arsen;7;11.08.2016 03:00;0,227376;
Arsen;2;11.08.2016 03:00;0,142148;
Arsen;1;11.08.2016 03:00;0,0481717;
Benzol;3;11.08.2016 03:00;4,14921;
Benzol;4;11.08.2016 03:00;0,775355;
Benzol;2;11.08.2016 03:00;0,410958;
Benzol;8;11.08.2016 03:00;0,401545;
Benzol;1;11.08.2016 03:00;0,233564;
Benzol;7;11.08.2016 03:00;0,228795;
Benzol;6;11.08.2016 03:00;0,182549;
Benzol;9;11.08.2016 03:00;0,0795996;
Benzol;5;11.08.2016 03:00;0,00693539;
Anilin;7;11.08.2016 03:00;0,719137;
Anilin;3;11.08.2016 03:00;0,690102;
Anilin;4;11.08.2016 03:00;0,677889;
Anilin;6;11.08.2016 03:00;0,668039;
Anilin;5;11.08.2016 03:00;0,308504;
Anilin;2;11.08.2016 03:00;0,305699;
Anilin;9;11.08.2016 03:00;0,219392;
Anilin;1;11.08.2016 03:00;0,132596;
Anilin;8;11.08.2016 03:00;0,0676858;
Natriumchlorid;4;11.08.2016 04:00;1,26077;
Natriumchlorid;7;11.08.2016 04:00;0,939154;
Natriumchlorid;3;11.08.2016 04:00;0,817005;
Natriumchlorid;5;11.08.2016 04:00;0,459347;
Natriumchlorid;2;11.08.2016 04:00;0,34026;
Natriumchlorid;9;11.08.2016 04:00;0,227511;
Natriumchlorid;1;11.08.2016 04:00;0,211535;
Natriumchlorid;6;11.08.2016 04:00;0,127229;
Natriumchlorid;8;11.08.2016 04:00;0,0896472;
Arsen;4;11.08.2016 04:00;1,44191;
Arsen;3;11.08.2016 04:00;0,868149;
Arsen;2;11.08.2016 04:00;0,573373;
Arsen;7;11.08.2016 04:00;0,559442;
Arsen;8;11.08.2016 04:00;0,41636;
Arsen;6;11.08.2016 04:00;0,243684;
Arsen;5;11.08.2016 04:00;0,237861;
Arsen;1;11.08.2016 04:00;0,196963;
Arsen;9;11.08.2016 04:00;0,0863426;
Benzol;3;11.08.2016 04:00;1,68139;
Benzol;8;11.08.2016 04:00;1,15777;
Benzol;4;11.08.2016 04:00;1,11048;
Benzol;6;11.08.2016 04:00;0,723154;
Benzol;7;11.08.2016 04:00;0,6374;
Benzol;5;11.08.2016 04:00;0,339301;
Benzol;1;11.08.2016 04:00;0,166467;
Benzol;9;11.08.2016 04:00;0,0617503;
Benzol;2;11.08.2016 04:00;0,060489;
Anilin;4;11.08.2016 04:00;1,25585;
Anilin;8;11.08.2016 04:00;0,622476;
Anilin;7;11.08.2016 04:00;0,616997;
Anilin;9;11.08.2016 04:00;0,468002;
Anilin;6;11.08.2016 04:00;0,441178;
Anilin;2;11.08.2016 04:00;0,422322;
Anilin;3;11.08.2016 04:00;0,352615;
Anilin;5;11.08.2016 04:00;0,223592;
Anilin;1;11.08.2016 04:00;0,170897;
Natriumchlorid;4;11.08.2016 05:00;1,11816;
Natriumchlorid;3;11.08.2016 05:00;0,443463;
Natriumchlorid;2;11.08.2016 05:00;0,382668;
Natriumchlorid;5;11.08.2016 05:00;0,238769;
Natriumchlorid;9;11.08.2016 05:00;0,191146;
Natriumchlorid;6;11.08.2016 05:00;0,178301;
Natriumchlorid;8;11.08.2016 05:00;0,126592;
Natriumchlorid;1;11.08.2016 05:00;0,0844319;
Natriumchlorid;7;11.08.2016 05:00;0,00200602;
Arsen;3;11.08.2016 05:00;2,4601;
Arsen;7;11.08.2016 05:00;1,82922;
Arsen;4;11.08.2016 05:00;1,04396;
Arsen;6;11.08.2016 05:00;0,588158;
Arsen;8;11.08.2016 05:00;0,571362;
Arsen;1;11.08.2016 05:00;0,263465;
Arsen;9;11.08.2016 05:00;0,106128;
Arsen;5;11.08.2016 05:00;0,104788;
Arsen;2;11.08.2016 05:00;0,0323304;
Benzol;4;11.08.2016 05:00;1,31057;
Benzol;3;11.08.2016 05:00;1,05284;
Benzol;8;11.08.2016 05:00;1,01805;
Benzol;2;11.08.2016 05:00;0,721275;
Benzol;5;11.08.2016 05:00;0,497906;
Benzol;9;11.08.2016 05:00;0,39523;
Benzol;7;11.08.2016 05:00;0,279952;
Benzol;6;11.08.2016 05:00;0,0608876;
Benzol;1;11.08.2016 05:00;0,0194511;
Anilin;4;11.08.2016 05:00;0,994881;
Anilin;6;11.08.2016 05:00;0,760258;
Anilin;2;11.08.2016 05:00;0,589034;
Anilin;3;11.08.2016 05:00;0,456465;
Anilin;9;11.08.2016 05:00;0,267791;
Anilin;5;11.08.2016 05:00;0,235068;
Anilin;7;11.08.2016 05:00;0,180099;
Anilin;8;11.08.2016 05:00;0,0637262;
Anilin;1;11.08.2016 05:00;0,0488287;
Natriumchlorid;9;11.08.2016 06:00;4,91124;
Natriumchlorid;3;11.08.2016 06:00;2,40737;
Natriumchlorid;7;11.08.2016 06:00;1,33885;
Natriumchlorid;4;11.08.2016 06:00;0,884118;
Natriumchlorid;8;11.08.2016 06:00;0,578399;
Natriumchlorid;2;11.08.2016 06:00;0,550337;
Natriumchlorid;6;11.08.2016 06:00;0,445642;
Natriumchlorid;1;11.08.2016 06:00;0,367332;
Natriumchlorid;5;11.08.2016 06:00;0,251047;
Arsen;3;11.08.2016 06:00;0,953827;
Arsen;6;11.08.2016 06:00;0,528959;
Arsen;4;11.08.2016 06:00;0,455001;
Arsen;8;11.08.2016 06:00;0,395058;
Arsen;2;11.08.2016 06:00;0,280918;
Arsen;1;11.08.2016 06:00;0,126357;
Arsen;9;11.08.2016 06:00;0,12334;
Arsen;7;11.08.2016 06:00;0,0736441;
Arsen;5;11.08.2016 06:00;0,0607702;
Benzol;4;11.08.2016 06:00;0,898905;
Benzol;8;11.08.2016 06:00;0,720289;
Benzol;2;11.08.2016 06:00;0,398055;
Benzol;7;11.08.2016 06:00;0,276648;
Benzol;9;11.08.2016 06:00;0,269138;
Benzol;3;11.08.2016 06:00;0,212185;
Benzol;6;11.08.2016 06:00;0,206634;
Benzol;1;11.08.2016 06:00;0,146009;
Benzol;5;11.08.2016 06:00;0,0202676;
Anilin;3;11.08.2016 06:00;1,54151;
Anilin;4;11.08.2016 06:00;0,910031;
Anilin;6;11.08.2016 06:00;0,624924;
Anilin;8;11.08.2016 06:00;0,596811;
Anilin;2;11.08.2016 06:00;0,379854;
Anilin;7;11.08.2016 06:00;0,225583;
Anilin;5;11.08.2016 06:00;0,149089;
Anilin;1;11.08.2016 06:00;0,100245;
Anilin;9;11.08.2016 06:00;0,0224389;
Natriumchlorid;5;11.08.2016 07:00;10,68078;
Natriumchlorid;9;11.08.2016 07:00;3,86375;
Natriumchlorid;3;11.08.2016 07:00;2,26959;
Natriumchlorid;5;11.08.2016 07:00;1,2406;
Natriumchlorid;8;11.08.2016 07:00;1,0568;
Natriumchlorid;4;11.08.2016 07:00;0,555882;
Natriumchlorid;6;11.08.2016 07:00;0,388619;
Natriumchlorid;7;11.08.2016 07:00;0,264619;
Natriumchlorid;1;11.08.2016 07:00;0,202823;
Natriumchlorid;2;11.08.2016 07:00;0,0460216;
Arsen;8;11.08.2016 07:00;0,858063;
Arsen;7;11.08.2016 07:00;0,84323;
Arsen;4;11.08.2016 07:00;0,824586;
Arsen;3;11.08.2016 07:00;0,766855;
Arsen;2;11.08.2016 07:00;0,506692;
Arsen;9;11.08.2016 07:00;0,27694;
Arsen;5;11.08.2016 07:00;0,222618;
Arsen;1;11.08.2016 07:00;0,0834905;
Arsen;6;11.08.2016 07:00;0,00599298;
Benzol;3;11.08.2016 07:00;2,47672;
Benzol;7;11.08.2016 07:00;1,3237;
Benzol;4;11.08.2016 07:00;1,00668;
Benzol;5;11.08.2016 07:00;0,689515;
Benzol;8;11.08.2016 07:00;0,609237;
Benzol;1;11.08.2016 07:00;0,357732;
Benzol;6;11.08.2016 07:00;0,260792;
Benzol;9;11.08.2016 07:00;0,235054;
Benzol;2;11.08.2016 07:00;0,211982;
Anilin;3;11.08.2016 07:00;1,9218;
Anilin;7;11.08.2016 07:00;1,08227;
Anilin;4;11.08.2016 07:00;0,99037;
Anilin;8;11.08.2016 07:00;0,691829;
Anilin;6;11.08.2016 07:00;0,478292;
Anilin;2;11.08.2016 07:00;0,404829;
Anilin;1;11.08.2016 07:00;0,210998;
Anilin;9;11.08.2016 07:00;0,0985786;
Natriumchlorid;5;11.08.2016 08:00;1,01871;
Natriumchlorid;4;11.08.2016 08:00;0,854227;
Natriumchlorid;3;11.08.2016 08:00;0,588659;
Natriumchlorid;6;11.08.2016 08:00;0,561901;
Natriumchlorid;1;11.08.2016 08:00;0,406687;
Natriumchlorid;8;11.08.2016 08:00;0,311666;
Natriumchlorid;9;11.08.2016 08:00;0,263319;
Natriumchlorid;2;11.08.2016 08:00;0,177175;
Natriumchlorid;7;11.08.2016 08:00;0,142629;
Arsen;3;11.08.2016 08:00;1,7521;
Arsen;8;11.08.2016 08:00;1,27477;
Arsen;4;11.08.2016 08:00;1,22198;
Arsen;7;11.08.2016 08:00;0,62154;
Arsen;5;11.08.2016 08:00;0,578758;
Arsen;1;11.08.2016 08:00;0,42909;
Arsen;2;11.08.2016 08:00;0,341269;
Arsen;9;11.08.2016 08:00;0,220807;
Arsen;6;11.08.2016 08:00;0,135234;
Benzol;5;11.08.2016 08:00;1,00386;
Benzol;4;11.08.2016 08:00;0,942264;
Benzol;3;11.08.2016 08:00;0,772665;
Benzol;6;11.08.2016 08:00;0,568966;
Benzol;2;11.08.2016 08:00;0,297459;
Benzol;8;11.08.2016 08:00;0,172856;
Benzol;1;11.08.2016 08:00;0,155394;
Benzol;9;11.08.2016 08:00;0,101283;
Benzol;7;11.08.2016 08:00;0,0877101;
Anilin;3;11.08.2016 08:00;4,31688;
Anilin;4;11.08.2016 08:00;1,47892;
Anilin;8;11.08.2016 08:00;0,839461;
Anilin;2;11.08.2016 08:00;0,838969;
Anilin;6;11.08.2016 08:00;0,470048;
Anilin;5;11.08.2016 08:00;0,410046;
Anilin;1;11.08.2016 08:00;0,233192;
Anilin;9;11.08.2016 08:00;0,215583;
Anilin;7;11.08.2016 08:00;0,029892;
Natriumchlorid;9;11.08.2016 09:00;2,84461;
Natriumchlorid;4;11.08.2016 09:00;1,17917;
Natriumchlorid;3;11.08.2016 09:00;0,585053;
Natriumchlorid;2;11.08.2016 09:00;0,392574;
Natriumchlorid;7;11.08.2016 09:00;0,379783;
Natriumchlorid;6;11.08.2016 09:00;0,318892;
Natriumchlorid;8;11.08.2016 09:00;0,255143;
Natriumchlorid;5;11.08.2016 09:00;0,204577;
Natriumchlorid;1;11.08.2016 09:00;0,195999;
Arsen;3;11.08.2016 09:00;1,76037;
Arsen;4;11.08.2016 09:00;1,1;
Arsen;7;11.08.2016 09:00;0,683269;
Arsen;8;11.08.2016 09:00;0,597744;
Arsen;1;11.08.2016 09:00;0,592325;
Arsen;6;11.08.2016 09:00;0,347578;
Arsen;9;11.08.2016 09:00;0,184877;
Arsen;2;11.08.2016 09:00;0,0838606;
Arsen;5;11.08.2016 09:00;0,0574473;
Benzol;4;11.08.2016 09:00;0,968925;
Benzol;3;11.08.2016 09:00;0,663962;
Benzol;6;11.08.2016 09:00;0,558024;
Benzol;1;11.08.2016 09:00;0,549974;
Benzol;9;11.08.2016 09:00;0,496975;
Benzol;8;11.08.2016 09:00;0,483606;
Benzol;7;11.08.2016 09:00;0,277404;
Benzol;2;11.08.2016 09:00;0,223689;
Benzol;5;11.08.2016 09:00;0,046032;
Anilin;3;11.08.2016 09:00;2,33827;
Anilin;4;11.08.2016 09:00;1,07524;
Anilin;8;11.08.2016 09:00;0,67826;
Anilin;9;11.08.2016 09:00;0,497021;
Anilin;7;11.08.2016 09:00;0,332988;
Anilin;6;11.08.2016 09:00;0,280358;
Anilin;2;11.08.2016 09:00;0,253262;
Anilin;1;11.08.2016 09:00;0,224472;
Anilin;5;11.08.2016 09:00;0,177038;
Natriumchlorid;4;11.08.2016 10:00;1,34996;
Natriumchlorid;2;11.08.2016 10:00;0,91425;
Natriumchlorid;3;11.08.2016 10:00;0,843988;
Natriumchlorid;5;11.08.2016 10:00;0,699314;
Natriumchlorid;8;11.08.2016 10:00;0,543159;
Natriumchlorid;7;11.08.2016 10:00;0,407748;
Natriumchlorid;6;11.08.2016 10:00;0,357227;
Natriumchlorid;9;11.08.2016 10:00;0,0670286;
Natriumchlorid;1;11.08.2016 10:00;0,0380157;
Arsen;3;11.08.2016 10:00;1,57796;
Arsen;4;11.08.2016 10:00;0,942688;
Arsen;6;11.08.2016 10:00;0,709478;
Arsen;7;11.08.2016 10:00;0,377511;
Arsen;5;11.08.2016 10:00;0,372942;
Arsen;9;11.08.2016 10:00;0,302816;
Arsen;8;11.08.2016 10:00;0,274904;
Arsen;1;11.08.2016 10:00;0,234909;
Arsen;2;11.08.2016 10:00;0,0148718;
Benzol;3;11.08.2016 10:00;1,58125;
Benzol;7;11.08.2016 10:00;1,21529;
Benzol;4;11.08.2016 10:00;1,09398;
Benzol;8;11.08.2016 10:00;0,611029;
Benzol;5;11.08.2016 10:00;0,577858;
Benzol;6;11.08.2016 10:00;0,512651;
Benzol;2;11.08.2016 10:00;0,422868;
Benzol;9;11.08.2016 10:00;0,166964;
Benzol;1;11.08.2016 10:00;0,0259514;
Anilin;7;11.08.2016 10:00;1,60385;
Anilin;3;11.08.2016 10:00;0,969593;
Anilin;4;11.08.2016 10:00;0,964922;
Anilin;5;11.08.2016 10:00;0,548575;
Anilin;8;11.08.2016 10:00;0,430675;
Anilin;6;11.08.2016 10:00;0,301024;
Anilin;9;11.08.2016 10:00;0,267905;
Anilin;1;11.08.2016 10:00;0,205256;
Anilin;2;11.08.2016 10:00;0,118989;
Natriumchlorid;5;11.08.2016 11:00;16,00466;
Natriumchlorid;5;11.08.2016 11:00;2,18217;
Natriumchlorid;3;11.08.2016 11:00;2,08453;
Natriumchlorid;4;11.08.2016 11:00;1,02325;
Natriumchlorid;8;11.08.2016 11:00;0,93638;
Natriumchlorid;6;11.08.2016 11:00;0,344325;
Natriumchlorid;7;11.08.2016 11:00;0,253512;
Natriumchlorid;9;11.08.2016 11:00;0,0909374;
Natriumchlorid;1;11.08.2016 11:00;0,0373026;
Natriumchlorid;2;11.08.2016 11:00;0,0318181;
Arsen;4;11.08.2016 11:00;1,28191;
Arsen;8;11.08.2016 11:00;0,823582;
Arsen;3;11.08.2016 11:00;0,786779;
Arsen;5;11.08.2016 11:00;0,618988;
Arsen;1;11.08.2016 11:00;0,348019;
Arsen;7;11.08.2016 11:00;0,314749;
Arsen;6;11.08.2016 11:00;0,189624;
Arsen;9;11.08.2016 11:00;0,110614;
Arsen;2;11.08.2016 11:00;0,098377;
Benzol;7;11.08.2016 11:00;2,3099;
Benzol;3;11.08.2016 11:00;1,39821;
Benzol;4;11.08.2016 11:00;0,940633;
Benzol;2;11.08.2016 11:00;0,557671;
Benzol;6;11.08.2016 11:00;0,431843;
Benzol;5;11.08.2016 11:00;0,235312;
Benzol;1;11.08.2016 11:00;0,151653;
Benzol;9;11.08.2016 11:00;0,0931116;
Benzol;8;11.08.2016 11:00;0,0747529;
Anilin;4;11.08.2016 11:00;1,01505;
Anilin;3;11.08.2016 11:00;0,847338;
Anilin;8;11.08.2016 11:00;0,691829;
Anilin;6;11.08.2016 11:00;0,527194;
Anilin;7;11.08.2016 11:00;0,201552;
Anilin;2;11.08.2016 11:00;0,112466;
Anilin;9;11.08.2016 11:00;0,10722;
Anilin;1;11.08.2016 11:00;0,0173207;
Natriumchlorid;5;11.08.2016 12:00;10,61055;
Natriumchlorid;5;11.08.2016 12:00;2,264;
Natriumchlorid;4;11.08.2016 12:00;1,26376;
Natriumchlorid;3;11.08.2016 12:00;0,723391;
Natriumchlorid;1;11.08.2016 12:00;0,53606;
Natriumchlorid;7;11.08.2016 12:00;0,482149;
Natriumchlorid;6;11.08.2016 12:00;0,275442;
Natriumchlorid;9;11.08.2016 12:00;0,230093;
Natriumchlorid;2;11.08.2016 12:00;0,131289;
Natriumchlorid;8;11.08.2016 12:00;0,0448323;
Arsen;3;11.08.2016 12:00;1,66166;
Arsen;4;11.08.2016 12:00;1,08249;
Arsen;7;11.08.2016 12:00;0,626984;
Arsen;2;11.08.2016 12:00;0,29272;
Arsen;6;11.08.2016 12:00;0,212603;
Arsen;5;11.08.2016 12:00;0,208515;
Arsen;8;11.08.2016 12:00;0,169984;
Arsen;1;11.08.2016 12:00;0,160961;
Arsen;9;11.08.2016 12:00;0,0825154;
Benzol;4;11.08.2016 12:00;1,02059;
Benzol;2;11.08.2016 12:00;0,849605;
Benzol;7;11.08.2016 12:00;0,694319;
Benzol;1;11.08.2016 12:00;0,432004;
Benzol;8;11.08.2016 12:00;0,38563;
Benzol;9;11.08.2016 12:00;0,367202;
Benzol;3;11.08.2016 12:00;0,36241;
Benzol;5;11.08.2016 12:00;0,313218;
Benzol;6;11.08.2016 12:00;0,29837;
Anilin;3;11.08.2016 12:00;1,45186;
Anilin;4;11.08.2016 12:00;1,01678;
Anilin;6;11.08.2016 12:00;0,590963;
Anilin;2;11.08.2016 12:00;0,572758;
Anilin;7;11.08.2016 12:00;0,480375;
Anilin;1;11.08.2016 12:00;0,335508;
Anilin;9;11.08.2016 12:00;0,13339;
Anilin;8;11.08.2016 12:00;0,118849;
Natriumchlorid;5;11.08.2016 13:00;6,493;
Natriumchlorid;3;11.08.2016 13:00;1,66856;
Natriumchlorid;5;11.08.2016 13:00;1,10989;
Natriumchlorid;4;11.08.2016 13:00;0,902122;
Natriumchlorid;8;11.08.2016 13:00;0,883507;
Natriumchlorid;9;11.08.2016 13:00;0,615346;
Natriumchlorid;6;11.08.2016 13:00;0,331787;
Natriumchlorid;1;11.08.2016 13:00;0,17616;
Natriumchlorid;7;11.08.2016 13:00;0,16714;
Natriumchlorid;2;11.08.2016 13:00;0,0435474;
Arsen;5;11.08.2016 13:00;0,79977;
Arsen;4;11.08.2016 13:00;0,782448;
Arsen;8;11.08.2016 13:00;0,60794;
Arsen;7;11.08.2016 13:00;0,606752;
Arsen;2;11.08.2016 13:00;0,571156;
Arsen;3;11.08.2016 13:00;0,486062;
Arsen;1;11.08.2016 13:00;0,349674;
Arsen;6;11.08.2016 13:00;0,314151;
Arsen;9;11.08.2016 13:00;0,295052;
Benzol;5;11.08.2016 13:00;3,5203;
Benzol;4;11.08.2016 13:00;1,08057;
Benzol;7;11.08.2016 13:00;0,505363;
Benzol;1;11.08.2016 13:00;0,406166;
Benzol;6;11.08.2016 13:00;0,392494;
Benzol;8;11.08.2016 13:00;0,201993;
Benzol;9;11.08.2016 13:00;0,164697;
Benzol;3;11.08.2016 13:00;0,148537;
Benzol;2;11.08.2016 13:00;0,079118;
Anilin;7;11.08.2016 13:00;1,46802;
Anilin;2;11.08.2016 13:00;1,26194;
Anilin;3;11.08.2016 13:00;1,03827;
Anilin;8;11.08.2016 13:00;0,932718;
Anilin;4;11.08.2016 13:00;0,798461;
Anilin;9;11.08.2016 13:00;0,334682;
Anilin;1;11.08.2016 13:00;0,0879287;
Anilin;6;11.08.2016 13:00;0,00426612;
Natriumchlorid;9;11.08.2016 14:00;3,66018;
Natriumchlorid;3;11.08.2016 14:00;2,32768;
Natriumchlorid;8;11.08.2016 14:00;1,21858;
Natriumchlorid;4;11.08.2016 14:00;1,20332;
Natriumchlorid;9;11.08.2016 14:00;0,557952;
Natriumchlorid;1;11.08.2016 14:00;0,401434;
Natriumchlorid;6;11.08.2016 14:00;0,387224;
Natriumchlorid;2;11.08.2016 14:00;0,256444;
Natriumchlorid;7;11.08.2016 14:00;0,16625;
Natriumchlorid;5;11.08.2016 14:00;0,0670313;
Arsen;3;11.08.2016 14:00;1,80747;
Arsen;4;11.08.2016 14:00;1,24886;
Arsen;7;11.08.2016 14:00;0,558085;
Arsen;5;11.08.2016 14:00;0,333582;
Arsen;6;11.08.2016 14:00;0,287797;
Arsen;9;11.08.2016 14:00;0,119074;
Arsen;1;11.08.2016 14:00;0,079607;
Arsen;2;11.08.2016 14:00;0,0464173;
Arsen;8;11.08.2016 14:00;0,0129254;
Benzol;4;11.08.2016 14:00;1,31925;
Benzol;9;11.08.2016 14:00;0,712797;
Benzol;6;11.08.2016 14:00;0,537944;
Benzol;3;11.08.2016 14:00;0,467168;
Benzol;5;11.08.2016 14:00;0,396605;
Benzol;8;11.08.2016 14:00;0,213417;
Benzol;1;11.08.2016 14:00;0,127755;
Benzol;2;11.08.2016 14:00;0,0848851;
Benzol;7;11.08.2016 14:00;0,0092391;
Anilin;4;11.08.2016 14:00;1,31666;
Anilin;6;11.08.2016 14:00;0,702717;
Anilin;3;11.08.2016 14:00;0,670711;
Anilin;7;11.08.2016 14:00;0,630649;
Anilin;5;11.08.2016 14:00;0,371184;
Anilin;8;11.08.2016 14:00;0,367913;
Anilin;2;11.08.2016 14:00;0,169089;
Anilin;1;11.08.2016 14:00;0,0277317;
Natriumchlorid;3;11.08.2016 15:00;1,33005;
Natriumchlorid;4;11.08.2016 15:00;1,25645;
Natriumchlorid;2;11.08.2016 15:00;0,540827;
Natriumchlorid;5;11.08.2016 15:00;0,457752;
Natriumchlorid;1;11.08.2016 15:00;0,36444;
Natriumchlorid;8;11.08.2016 15:00;0,337244;
Natriumchlorid;6;11.08.2016 15:00;0,262928;
Natriumchlorid;9;11.08.2016 15:00;0,243775;
Natriumchlorid;7;11.08.2016 15:00;0,108442;
Arsen;3;11.08.2016 15:00;0,886311;
Arsen;4;11.08.2016 15:00;0,670282;
Arsen;6;11.08.2016 15:00;0,379085;
Arsen;8;11.08.2016 15:00;0,183199;
Arsen;1;11.08.2016 15:00;0,17598;
Arsen;5;11.08.2016 15:00;0,0823246;
Arsen;7;11.08.2016 15:00;0,0359292;
Arsen;2;11.08.2016 15:00;0,0289727;
Arsen;9;11.08.2016 15:00;0,0106949;
Benzol;4;11.08.2016 15:00;1,09088;
Benzol;7;11.08.2016 15:00;0,610874;
Benzol;8;11.08.2016 15:00;0,603783;
Benzol;6;11.08.2016 15:00;0,551074;
Benzol;2;11.08.2016 15:00;0,540211;
Benzol;3;11.08.2016 15:00;0,512259;
Benzol;9;11.08.2016 15:00;0,347336;
Benzol;5;11.08.2016 15:00;0,164618;
Benzol;1;11.08.2016 15:00;0,109684;
Anilin;3;11.08.2016 15:00;1,7639;
Anilin;4;11.08.2016 15:00;1,27524;
Anilin;7;11.08.2016 15:00;1,14601;
Anilin;2;11.08.2016 15:00;0,64698;
Anilin;5;11.08.2016 15:00;0,58027;
Anilin;6;11.08.2016 15:00;0,290952;
Anilin;1;11.08.2016 15:00;0,253103;
Anilin;8;11.08.2016 15:00;0,16035;
Anilin;9;11.08.2016 15:00;0,0635261;
Natriumchlorid;5;11.08.2016 16:00;1,04325;
Natriumchlorid;6;11.08.2016 16:00;0,620712;
Natriumchlorid;4;11.08.2016 16:00;0,547712;
Natriumchlorid;2;11.08.2016 16:00;0,521809;
Natriumchlorid;8;11.08.2016 16:00;0,516129;
Natriumchlorid;7;11.08.2016 16:00;0,342993;
Natriumchlorid;9;11.08.2016 16:00;0,328771;
Natriumchlorid;3;11.08.2016 16:00;0,274553;
Natriumchlorid;1;11.08.2016 16:00;0,0649917;
Arsen;3;11.08.2016 16:00;4,18471;
Arsen;4;11.08.2016 16:00;1,08558;
Arsen;7;11.08.2016 16:00;0,985049;
Arsen;8;11.08.2016 16:00;0,501396;
Arsen;6;11.08.2016 16:00;0,496081;
Arsen;9;11.08.2016 16:00;0,393855;
Arsen;2;11.08.2016 16:00;0,291159;
Arsen;1;11.08.2016 16:00;0,164122;
Arsen;5;11.08.2016 16:00;0,133932;
Benzol;4;11.08.2016 16:00;1,05636;
Benzol;7;11.08.2016 16:00;0,575029;
Benzol;3;11.08.2016 16:00;0,474731;
Benzol;6;11.08.2016 16:00;0,33705;
Benzol;8;11.08.2016 16:00;0,301698;
Benzol;5;11.08.2016 16:00;0,277876;
Benzol;1;11.08.2016 16:00;0,132775;
Benzol;2;11.08.2016 16:00;0,0884854;
Benzol;9;11.08.2016 16:00;0,0827645;
Anilin;3;11.08.2016 16:00;1,94809;
Anilin;4;11.08.2016 16:00;1,10931;
Anilin;8;11.08.2016 16:00;0,887469;
Anilin;9;11.08.2016 16:00;0,364398;
Anilin;5;11.08.2016 16:00;0,248768;
Anilin;7;11.08.2016 16:00;0,143417;
Anilin;2;11.08.2016 16:00;0,132065;
Anilin;6;11.08.2016 16:00;0,107734;
Anilin;1;11.08.2016 16:00;0,00156645;
Natriumchlorid;6;11.08.2016 17:00;71,68124;
Natriumchlorid;6;11.08.2016 17:00;7,52552;
Natriumchlorid;4;11.08.2016 17:00;1,0512;
Natriumchlorid;8;11.08.2016 17:00;0,636873;
Natriumchlorid;5;11.08.2016 17:00;0,486066;
Natriumchlorid;2;11.08.2016 17:00;0,274791;
Natriumchlorid;7;11.08.2016 17:00;0,163878;
Natriumchlorid;1;11.08.2016 17:00;0,111914;
Natriumchlorid;3;11.08.2016 17:00;0,101364;
Natriumchlorid;9;11.08.2016 17:00;0,0466213;
Arsen;3;11.08.2016 17:00;1,80253;
Arsen;5;11.08.2016 17:00;1,62248;
Arsen;4;11.08.2016 17:00;1,21055;
Arsen;8;11.08.2016 17:00;0,970139;
Arsen;7;11.08.2016 17:00;0,695115;
Arsen;6;11.08.2016 17:00;0,475377;
Arsen;2;11.08.2016 17:00;0,417563;
Arsen;9;11.08.2016 17:00;0,400496;
Arsen;1;11.08.2016 17:00;0,224888;
Benzol;4;11.08.2016 17:00;1,49896;
Benzol;8;11.08.2016 17:00;1,21734;
Benzol;3;11.08.2016 17:00;0,835883;
Benzol;7;11.08.2016 17:00;0,58856;
Benzol;5;11.08.2016 17:00;0,384144;
Benzol;2;11.08.2016 17:00;0,351498;
Benzol;6;11.08.2016 17:00;0,349223;
Benzol;9;11.08.2016 17:00;0,115407;
Benzol;1;11.08.2016 17:00;0,0412144;
Anilin;3;11.08.2016 17:00;1,58169;
Anilin;4;11.08.2016 17:00;0,713814;
Anilin;7;11.08.2016 17:00;0,689729;
Anilin;2;11.08.2016 17:00;0,516341;
Anilin;5;11.08.2016 17:00;0,354705;
Anilin;8;11.08.2016 17:00;0,297135;
Anilin;1;11.08.2016 17:00;0,167876;
Anilin;9;11.08.2016 17:00;0,0497604;
Natriumchlorid;6;11.08.2016 18:00;50,82869;
Natriumchlorid;6;11.08.2016 18:00;5,18779;
Natriumchlorid;4;11.08.2016 18:00;1,32666;
Natriumchlorid;3;11.08.2016 18:00;1,06498;
Natriumchlorid;7;11.08.2016 18:00;0,728041;
Natriumchlorid;2;11.08.2016 18:00;0,670181;
Natriumchlorid;9;11.08.2016 18:00;0,219561;
Natriumchlorid;8;11.08.2016 18:00;0,194688;
Natriumchlorid;1;11.08.2016 18:00;0,0669913;
Natriumchlorid;5;11.08.2016 18:00;0,0655778;
Arsen;7;11.08.2016 18:00;1,26522;
Arsen;4;11.08.2016 18:00;1,11739;
Arsen;5;11.08.2016 18:00;0,86466;
Arsen;9;11.08.2016 18:00;0,237216;
Arsen;1;11.08.2016 18:00;0,228923;
Arsen;6;11.08.2016 18:00;0,149202;
Arsen;3;11.08.2016 18:00;0,118087;
Arsen;2;11.08.2016 18:00;0,101824;
Arsen;8;11.08.2016 18:00;0,0342392;
Benzol;3;11.08.2016 18:00;3,25026;
Benzol;4;11.08.2016 18:00;1,10533;
Benzol;8;11.08.2016 18:00;0,502028;
Benzol;7;11.08.2016 18:00;0,494879;
Benzol;2;11.08.2016 18:00;0,412472;
Benzol;1;11.08.2016 18:00;0,375821;
Benzol;9;11.08.2016 18:00;0,340987;
Benzol;6;11.08.2016 18:00;0,158405;
Benzol;5;11.08.2016 18:00;0,0969051;
Anilin;4;11.08.2016 18:00;1,05328;
Anilin;7;11.08.2016 18:00;0,605988;
Anilin;2;11.08.2016 18:00;0,5882;
Anilin;1;11.08.2016 18:00;0,260591;
Anilin;3;11.08.2016 18:00;0,215665;
Anilin;9;11.08.2016 18:00;0,200278;
Anilin;8;11.08.2016 18:00;0,18389;
Anilin;5;11.08.2016 18:00;0,0398997;
Natriumchlorid;4;11.08.2016 19:00;0,907044;
Natriumchlorid;2;11.08.2016 19:00;0,847782;
Natriumchlorid;3;11.08.2016 19:00;0,568821;
Natriumchlorid;6;11.08.2016 19:00;0,405103;
Natriumchlorid;7;11.08.2016 19:00;0,236251;
Natriumchlorid;1;11.08.2016 19:00;0,158729;
Natriumchlorid;8;11.08.2016 19:00;0,039077;
Natriumchlorid;9;11.08.2016 19:00;0,0302455;
Natriumchlorid;5;11.08.2016 19:00;0,00873132;
Arsen;3;11.08.2016 19:00;1,88311;
Arsen;7;11.08.2016 19:00;1,56105;
Arsen;4;11.08.2016 19:00;1,07265;
Arsen;2;11.08.2016 19:00;0,523419;
Arsen;9;11.08.2016 19:00;0,452622;
Arsen;6;11.08.2016 19:00;0,385138;
Arsen;8;11.08.2016 19:00;0,379444;
Arsen;5;11.08.2016 19:00;0,245376;
Arsen;1;11.08.2016 19:00;0,171516;
Benzol;7;11.08.2016 19:00;1,11983;
Benzol;4;11.08.2016 19:00;0,949968;
Benzol;5;11.08.2016 19:00;0,532493;
Benzol;8;11.08.2016 19:00;0,480012;
Benzol;6;11.08.2016 19:00;0,460719;
Benzol;3;11.08.2016 19:00;0,453212;
Benzol;2;11.08.2016 19:00;0,345466;
Benzol;1;11.08.2016 19:00;0,0964677;
Benzol;9;11.08.2016 19:00;0,0778601;
Anilin;3;11.08.2016 19:00;1,76087;
Anilin;7;11.08.2016 19:00;1,30489;
Anilin;4;11.08.2016 19:00;1,30364;
Anilin;1;11.08.2016 19:00;0,379018;
Anilin;9;11.08.2016 19:00;0,372957;
Anilin;2;11.08.2016 19:00;0,315605;
Anilin;5;11.08.2016 19:00;0,287966;
Anilin;6;11.08.2016 19:00;0,266066;
Anilin;8;11.08.2016 19:00;0,0440602;
Natriumchlorid;4;11.08.2016 20:00;0,863219;
Natriumchlorid;3;11.08.2016 20:00;0,635243;
Natriumchlorid;2;11.08.2016 20:00;0,449463;
Natriumchlorid;8;11.08.2016 20:00;0,432272;
Natriumchlorid;1;11.08.2016 20:00;0,393953;
Natriumchlorid;7;11.08.2016 20:00;0,224601;
Natriumchlorid;9;11.08.2016 20:00;0,211259;
Natriumchlorid;5;11.08.2016 20:00;0,200888;
Natriumchlorid;6;11.08.2016 20:00;0,16033;
Arsen;4;11.08.2016 20:00;1,13152;
Arsen;8;11.08.2016 20:00;0,77813;
Arsen;6;11.08.2016 20:00;0,534452;
Arsen;7;11.08.2016 20:00;0,476843;
Arsen;3;11.08.2016 20:00;0,367279;
Arsen;9;11.08.2016 20:00;0,230617;
Arsen;5;11.08.2016 20:00;0,216972;
Arsen;2;11.08.2016 20:00;0,13462;
Arsen;1;11.08.2016 20:00;0,0191159;
Benzol;3;11.08.2016 20:00;1,11672;
Benzol;8;11.08.2016 20:00;1,01997;
Benzol;4;11.08.2016 20:00;1,00452;
Benzol;2;11.08.2016 20:00;0,659683;
Benzol;5;11.08.2016 20:00;0,612751;
Benzol;7;11.08.2016 20:00;0,606543;
Benzol;1;11.08.2016 20:00;0,230279;
Benzol;6;11.08.2016 20:00;0,191978;
Benzol;9;11.08.2016 20:00;0,083164;
Anilin;4;11.08.2016 20:00;1,10479;
Anilin;3;11.08.2016 20:00;0,616752;
Anilin;6;11.08.2016 20:00;0,456359;
Anilin;9;11.08.2016 20:00;0,337963;
Anilin;1;11.08.2016 20:00;0,226986;
Anilin;5;11.08.2016 20:00;0,219654;
Anilin;7;11.08.2016 20:00;0,191719;
Anilin;2;11.08.2016 20:00;0,111509;
Anilin;8;11.08.2016 20:00;0,0541944;
Natriumchlorid;4;11.08.2016 21:00;1,48789;
Natriumchlorid;8;11.08.2016 21:00;1,00247;
Natriumchlorid;3;11.08.2016 21:00;0,460611;
Natriumchlorid;2;11.08.2016 21:00;0,435853;
Natriumchlorid;5;11.08.2016 21:00;0,248315;
Natriumchlorid;9;11.08.2016 21:00;0,217809;
Natriumchlorid;7;11.08.2016 21:00;0,204172;
Natriumchlorid;1;11.08.2016 21:00;0,201614;
Natriumchlorid;6;11.08.2016 21:00;0,0577544;
Arsen;4;11.08.2016 21:00;1,02153;
Arsen;5;11.08.2016 21:00;0,573273;
Arsen;7;11.08.2016 21:00;0,518709;
Arsen;2;11.08.2016 21:00;0,453115;
Arsen;3;11.08.2016 21:00;0,386135;
Arsen;6;11.08.2016 21:00;0,341632;
Arsen;8;11.08.2016 21:00;0,184887;
Arsen;9;11.08.2016 21:00;0,12486;
Arsen;1;11.08.2016 21:00;0,0302019;
Benzol;3;11.08.2016 21:00;1,74575;
Benzol;7;11.08.2016 21:00;0,973014;
Benzol;4;11.08.2016 21:00;0,934088;
Benzol;6;11.08.2016 21:00;0,74744;
Benzol;9;11.08.2016 21:00;0,683509;
Benzol;1;11.08.2016 21:00;0,62373;
Benzol;2;11.08.2016 21:00;0,53115;
Benzol;8;11.08.2016 21:00;0,377544;
Benzol;5;11.08.2016 21:00;0,026745;
Anilin;7;11.08.2016 21:00;1,47649;
Anilin;4;11.08.2016 21:00;1,14575;
Anilin;3;11.08.2016 21:00;1,14493;
Anilin;8;11.08.2016 21:00;0,805366;
Anilin;6;11.08.2016 21:00;0,5446;
Anilin;5;11.08.2016 21:00;0,438766;
Anilin;9;11.08.2016 21:00;0,32643;
Anilin;2;11.08.2016 21:00;0,295871;
Anilin;1;11.08.2016 21:00;0,203386;
Natriumchlorid;3;11.08.2016 22:00;1,85829;
Natriumchlorid;4;11.08.2016 22:00;1,09176;
Natriumchlorid;7;11.08.2016 22:00;1,06425;
Natriumchlorid;6;11.08.2016 22:00;0,469967;
Natriumchlorid;5;11.08.2016 22:00;0,459102;
Natriumchlorid;8;11.08.2016 22:00;0,260391;
Natriumchlorid;2;11.08.2016 22:00;0,23264;
Natriumchlorid;9;11.08.2016 22:00;0,102958;
Natriumchlorid;1;11.08.2016 22:00;0,0450096;
Arsen;4;11.08.2016 22:00;1,04989;
Arsen;3;11.08.2016 22:00;0,828018;
Arsen;5;11.08.2016 22:00;0,329087;
Arsen;1;11.08.2016 22:00;0,303742;
Arsen;8;11.08.2016 22:00;0,223357;
Arsen;2;11.08.2016 22:00;0,149037;
Arsen;9;11.08.2016 22:00;0,102112;
Arsen;7;11.08.2016 22:00;0,0777639;
Arsen;6;11.08.2016 22:00;0,0340175;
Benzol;6;11.08.2016 22:00;11,29447;
Benzol;4;11.08.2016 22:00;1,10244;
Benzol;7;11.08.2016 22:00;0,512066;
Benzol;5;11.08.2016 22:00;0,457699;
Benzol;3;11.08.2016 22:00;0,444799;
Benzol;9;11.08.2016 22:00;0,261938;
Benzol;1;11.08.2016 22:00;0,204736;
Benzol;8;11.08.2016 22:00;0,0865781;
Benzol;2;11.08.2016 22:00;0,0150132;
Anilin;3;11.08.2016 22:00;1,86715;
Anilin;7;11.08.2016 22:00;1,73847;
Anilin;4;11.08.2016 22:00;0,836999;
Anilin;5;11.08.2016 22:00;0,581817;
Anilin;8;11.08.2016 22:00;0,544922;
Anilin;6;11.08.2016 22:00;0,345136;
Anilin;2;11.08.2016 22:00;0,29512;
Anilin;9;11.08.2016 22:00;0,205038;
Anilin;1;11.08.2016 22:00;0,174973;
Natriumchlorid;3;11.08.2016 23:00;0,984872;
Natriumchlorid;4;11.08.2016 23:00;0,89807;
Natriumchlorid;6;11.08.2016 23:00;0,718447;
Natriumchlorid;2;11.08.2016 23:00;0,548142;
Natriumchlorid;9;11.08.2016 23:00;0,448266;
Natriumchlorid;5;11.08.2016 23:00;0,414868;
Natriumchlorid;1;11.08.2016 23:00;0,275344;
Natriumchlorid;7;11.08.2016 23:00;0,274414;
Natriumchlorid;8;11.08.2016 23:00;0,172182;
Arsen;4;11.08.2016 23:00;1,11181;
Arsen;5;11.08.2016 23:00;0,84329;
Arsen;6;11.08.2016 23:00;0,567963;
Arsen;3;11.08.2016 23:00;0,527921;
Arsen;8;11.08.2016 23:00;0,471912;
Arsen;7;11.08.2016 23:00;0,232103;
Arsen;2;11.08.2016 23:00;0,214615;
Arsen;9;11.08.2016 23:00;0,151259;
Arsen;1;11.08.2016 23:00;0,0977604;
Benzol;6;11.08.2016 23:00;3,2273;
Benzol;4;11.08.2016 23:00;1,21403;
Benzol;9;11.08.2016 23:00;0,628012;
Benzol;8;11.08.2016 23:00;0,562848;
Benzol;2;11.08.2016 23:00;0,561935;
Benzol;7;11.08.2016 23:00;0,291047;
Benzol;5;11.08.2016 23:00;0,2487;
Benzol;3;11.08.2016 23:00;0,114853;
Benzol;1;11.08.2016 23:00;0,10057;
Anilin;4;11.08.2016 23:00;1,24691;
Anilin;7;11.08.2016 23:00;0,937886;
Anilin;9;11.08.2016 23:00;0,512658;
Anilin;2;11.08.2016 23:00;0,453639;
Anilin;1;11.08.2016 23:00;0,45063;
Anilin;3;11.08.2016 23:00;0,409331;
Anilin;6;11.08.2016 23:00;0,389492;
Anilin;5;11.08.2016 23:00;0,25757;
Anilin;8;11.08.2016 23:00;0,155462;
Natriumchlorid;4;12.08.2016 00:00;1,07486;
Natriumchlorid;5;12.08.2016 00:00;0,690137;
Natriumchlorid;7;12.08.2016 00:00;0,507159;
Natriumchlorid;6;12.08.2016 00:00;0,497354;
Natriumchlorid;3;12.08.2016 00:00;0,493691;
Natriumchlorid;2;12.08.2016 00:00;0,420264;
Natriumchlorid;1;12.08.2016 00:00;0,254896;
Natriumchlorid;9;12.08.2016 00:00;0,132273;
Natriumchlorid;8;12.08.2016 00:00;0,0221095;
Arsen;3;12.08.2016 00:00;3,18029;
Arsen;4;12.08.2016 00:00;1,22178;
Arsen;6;12.08.2016 00:00;0,771938;
Arsen;8;12.08.2016 00:00;0,58481;
Arsen;7;12.08.2016 00:00;0,511607;
Arsen;5;12.08.2016 00:00;0,399322;
Arsen;9;12.08.2016 00:00;0,211872;
Arsen;2;12.08.2016 00:00;0,155278;
Arsen;1;12.08.2016 00:00;0,13373;
Benzol;4;12.08.2016 00:00;1,10461;
Benzol;3;12.08.2016 00:00;1,03243;
Benzol;8;12.08.2016 00:00;0,657015;
Benzol;6;12.08.2016 00:00;0,453436;
Benzol;2;12.08.2016 00:00;0,201904;
Benzol;1;12.08.2016 00:00;0,142127;
Benzol;7;12.08.2016 00:00;0,109351;
Benzol;9;12.08.2016 00:00;0,0710218;
Benzol;5;12.08.2016 00:00;0,00204559;
Anilin;3;12.08.2016 00:00;2,09242;
Anilin;4;12.08.2016 00:00;1,19621;
Anilin;7;12.08.2016 00:00;1,04915;
Anilin;2;12.08.2016 00:00;0,821605;
Anilin;8;12.08.2016 00:00;0,589419;
Anilin;5;12.08.2016 00:00;0,468264;
Anilin;1;12.08.2016 00:00;0,468002;
Anilin;6;12.08.2016 00:00;0,199883;
Anilin;9;12.08.2016 00:00;0,151889;
Natriumchlorid;7;12.08.2016 01:00;1,01265;
Natriumchlorid;4;12.08.2016 01:00;0,919757;
Natriumchlorid;6;12.08.2016 01:00;0,633995;
Natriumchlorid;3;12.08.2016 01:00;0,354004;
Natriumchlorid;1;12.08.2016 01:00;0,299218;
Natriumchlorid;8;12.08.2016 01:00;0,281795;
Natriumchlorid;9;12.08.2016 01:00;0,205379;
Natriumchlorid;5;12.08.2016 01:00;0,151054;
Natriumchlorid;2;12.08.2016 01:00;0,0211195;
Arsen;3;12.08.2016 01:00;1,24868;
Arsen;7;12.08.2016 01:00;0,977087;
Arsen;4;12.08.2016 01:00;0,97413;
Arsen;6;12.08.2016 01:00;0,544183;
Arsen;8;12.08.2016 01:00;0,357186;
Arsen;2;12.08.2016 01:00;0,258979;
Arsen;1;12.08.2016 01:00;0,249403;
Arsen;5;12.08.2016 01:00;0,237582;
Arsen;9;12.08.2016 01:00;0,0736478;
Benzol;3;12.08.2016 01:00;2,25657;
Benzol;4;12.08.2016 01:00;1,02628;
Benzol;8;12.08.2016 01:00;0,924222;
Benzol;6;12.08.2016 01:00;0,663672;
Benzol;2;12.08.2016 01:00;0,420175;
Benzol;7;12.08.2016 01:00;0,377945;
Benzol;1;12.08.2016 01:00;0,319002;
Benzol;5;12.08.2016 01:00;0,285192;
Benzol;9;12.08.2016 01:00;0,033924;
Anilin;4;12.08.2016 01:00;0,923536;
Anilin;3;12.08.2016 01:00;0,677058;
Anilin;6;12.08.2016 01:00;0,547155;
Anilin;5;12.08.2016 01:00;0,410919;
Anilin;8;12.08.2016 01:00;0,342907;
Anilin;1;12.08.2016 01:00;0,208992;
Anilin;7;12.08.2016 01:00;0,168573;
Anilin;9;12.08.2016 01:00;0,110291;
Anilin;2;12.08.2016 01:00;0,0326871;
Natriumchlorid;4;12.08.2016 02:00;0,87613;
Natriumchlorid;3;12.08.2016 02:00;0,81602;
Natriumchlorid;6;12.08.2016 02:00;0,545795;
Natriumchlorid;1;12.08.2016 02:00;0,539824;
Natriumchlorid;8;12.08.2016 02:00;0,373438;
Natriumchlorid;2;12.08.2016 02:00;0,242906;
Natriumchlorid;7;12.08.2016 02:00;0,172776;
Natriumchlorid;5;12.08.2016 02:00;0,13182;
Natriumchlorid;9;12.08.2016 02:00;0,00789093;
Arsen;3;12.08.2016 02:00;2,43677;
Arsen;4;12.08.2016 02:00;1,17048;
Arsen;7;12.08.2016 02:00;1,12166;
Arsen;8;12.08.2016 02:00;0,56328;
Arsen;1;12.08.2016 02:00;0,286975;
Arsen;5;12.08.2016 02:00;0,268908;
Arsen;6;12.08.2016 02:00;0,203261;
Arsen;2;12.08.2016 02:00;0,199529;
Arsen;9;12.08.2016 02:00;0,117294;
Benzol;6;12.08.2016 02:00;9,06231;
Benzol;3;12.08.2016 02:00;1,49428;
Benzol;4;12.08.2016 02:00;1,02544;
Benzol;7;12.08.2016 02:00;0,604528;
Benzol;2;12.08.2016 02:00;0,32676;
Benzol;9;12.08.2016 02:00;0,240787;
Benzol;1;12.08.2016 02:00;0,204368;
Benzol;5;12.08.2016 02:00;0,143416;
Benzol;8;12.08.2016 02:00;0,0475026;
Anilin;4;12.08.2016 02:00;1,34514;
Anilin;7;12.08.2016 02:00;0,757419;
Anilin;2;12.08.2016 02:00;0,736445;
Anilin;3;12.08.2016 02:00;0,671715;
Anilin;6;12.08.2016 02:00;0,363966;
Anilin;1;12.08.2016 02:00;0,142781;
Anilin;9;12.08.2016 02:00;0,134537;
Anilin;8;12.08.2016 02:00;0,105788;
Anilin;5;12.08.2016 02:00;0,047034;
Natriumchlorid;3;12.08.2016 03:00;3,63858;
Natriumchlorid;8;12.08.2016 03:00;1,31931;
Natriumchlorid;5;12.08.2016 03:00;1,25832;
Natriumchlorid;4;12.08.2016 03:00;0,827365;
Natriumchlorid;6;12.08.2016 03:00;0,256075;
Natriumchlorid;7;12.08.2016 03:00;0,204648;
Natriumchlorid;1;12.08.2016 03:00;0,154372;
Natriumchlorid;2;12.08.2016 03:00;0,0833919;
Natriumchlorid;9;12.08.2016 03:00;0,0522152;
Arsen;3;12.08.2016 03:00;1,91553;
Arsen;4;12.08.2016 03:00;0,953472;
Arsen;8;12.08.2016 03:00;0,408859;
Arsen;6;12.08.2016 03:00;0,289993;
Arsen;2;12.08.2016 03:00;0,236233;
Arsen;1;12.08.2016 03:00;0,0723563;
Arsen;7;12.08.2016 03:00;0,0718186;
Arsen;5;12.08.2016 03:00;0,0648867;
Arsen;9;12.08.2016 03:00;0,00749758;
Benzol;4;12.08.2016 03:00;1,19937;
Benzol;8;12.08.2016 03:00;0,644649;
Benzol;2;12.08.2016 03:00;0,554352;
Benzol;5;12.08.2016 03:00;0,43216;
Benzol;6;12.08.2016 03:00;0,25964;
Benzol;7;12.08.2016 03:00;0,186443;
Benzol;1;12.08.2016 03:00;0,176777;
Benzol;3;12.08.2016 03:00;0,0768841;
Benzol;9;12.08.2016 03:00;0,0378911;
Anilin;3;12.08.2016 03:00;2,75621;
Anilin;7;12.08.2016 03:00;1,87033;
Anilin;4;12.08.2016 03:00;1,1949;
Anilin;5;12.08.2016 03:00;1,0413;
Anilin;6;12.08.2016 03:00;0,653269;
Anilin;9;12.08.2016 03:00;0,459995;
Anilin;2;12.08.2016 03:00;0,314566;
Anilin;1;12.08.2016 03:00;0,260927;
Anilin;8;12.08.2016 03:00;0,174518;
Natriumchlorid;3;12.08.2016 04:00;1,5762;
Natriumchlorid;5;12.08.2016 04:00;1,10054;
Natriumchlorid;4;12.08.2016 04:00;0,734878;
Natriumchlorid;8;12.08.2016 04:00;0,714296;
Natriumchlorid;9;12.08.2016 04:00;0,560802;
Natriumchlorid;7;12.08.2016 04:00;0,550894;
Natriumchlorid;6;12.08.2016 04:00;0,320103;
Natriumchlorid;1;12.08.2016 04:00;0,152692;
Natriumchlorid;2;12.08.2016 04:00;0,0808671;
Arsen;3;12.08.2016 04:00;1,40529;
Arsen;4;12.08.2016 04:00;1,18827;
Arsen;8;12.08.2016 04:00;0,751371;
Arsen;2;12.08.2016 04:00;0,675038;
Arsen;6;12.08.2016 04:00;0,375837;
Arsen;5;12.08.2016 04:00;0,338682;
Arsen;9;12.08.2016 04:00;0,235909;
Arsen;7;12.08.2016 04:00;0,139821;
Arsen;1;12.08.2016 04:00;0,0339474;
Benzol;5;12.08.2016 04:00;5,76907;
Benzol;3;12.08.2016 04:00;1,77376;
Benzol;4;12.08.2016 04:00;0,931326;
Benzol;7;12.08.2016 04:00;0,821173;
Benzol;8;12.08.2016 04:00;0,508395;
Benzol;9;12.08.2016 04:00;0,325196;
Benzol;6;12.08.2016 04:00;0,229741;
Benzol;2;12.08.2016 04:00;0,176103;
Benzol;1;12.08.2016 04:00;0,00511438;
Anilin;7;12.08.2016 04:00;1,00059;
Anilin;4;12.08.2016 04:00;0,980114;
Anilin;3;12.08.2016 04:00;0,769274;
Anilin;8;12.08.2016 04:00;0,73384;
Anilin;9;12.08.2016 04:00;0,321992;
Anilin;5;12.08.2016 04:00;0,27216;
Anilin;1;12.08.2016 04:00;0,12053;
Anilin;2;12.08.2016 04:00;0,044802;
Anilin;6;12.08.2016 04:00;0,0390713;
Natriumchlorid;5;12.08.2016 05:00;2,65254;
Natriumchlorid;3;12.08.2016 05:00;1,30383;
Natriumchlorid;4;12.08.2016 05:00;0,859711;
Natriumchlorid;8;12.08.2016 05:00;0,257787;
Natriumchlorid;9;12.08.2016 05:00;0,193933;
Natriumchlorid;6;12.08.2016 05:00;0,187995;
Natriumchlorid;2;12.08.2016 05:00;0,175184;
Natriumchlorid;7;12.08.2016 05:00;0,146274;
Natriumchlorid;1;12.08.2016 05:00;0,0942834;
Arsen;3;12.08.2016 05:00;1,83089;
Arsen;4;12.08.2016 05:00;1,49783;
Arsen;7;12.08.2016 05:00;1,06134;
Arsen;9;12.08.2016 05:00;0,453816;
Arsen;5;12.08.2016 05:00;0,420931;
Arsen;6;12.08.2016 05:00;0,290117;
Arsen;2;12.08.2016 05:00;0,0792349;
Arsen;8;12.08.2016 05:00;0,0692656;
Arsen;1;12.08.2016 05:00;0,0580106;
Benzol;5;12.08.2016 05:00;3,8298;
Benzol;4;12.08.2016 05:00;1,53849;
Benzol;3;12.08.2016 05:00;1,17579;
Benzol;7;12.08.2016 05:00;0,808189;
Benzol;6;12.08.2016 05:00;0,649461;
Benzol;2;12.08.2016 05:00;0,634515;
Benzol;1;12.08.2016 05:00;0,348885;
Benzol;8;12.08.2016 05:00;0,319738;
Benzol;9;12.08.2016 05:00;0,129512;
Anilin;5;12.08.2016 05:00;21,45568;
Anilin;4;12.08.2016 05:00;1,09888;
Anilin;8;12.08.2016 05:00;0,416482;
Anilin;6;12.08.2016 05:00;0,392433;
Anilin;2;12.08.2016 05:00;0,372135;
Anilin;3;12.08.2016 05:00;0,259733;
Anilin;1;12.08.2016 05:00;0,199671;
Anilin;9;12.08.2016 05:00;0,0288252;
Anilin;7;12.08.2016 05:00;0,00294981;
Natriumchlorid;5;12.08.2016 06:00;42,76565;
Natriumchlorid;5;12.08.2016 06:00;4,36501;
Natriumchlorid;9;12.08.2016 06:00;2,12484;
Natriumchlorid;4;12.08.2016 06:00;1,03411;
Natriumchlorid;3;12.08.2016 06:00;1,0074;
Natriumchlorid;7;12.08.2016 06:00;0,595182;
Natriumchlorid;8;12.08.2016 06:00;0,450022;
Natriumchlorid;6;12.08.2016 06:00;0,367584;
Natriumchlorid;1;12.08.2016 06:00;0,210569;
Natriumchlorid;2;12.08.2016 06:00;0,19668;
Arsen;4;12.08.2016 06:00;1,14103;
Arsen;7;12.08.2016 06:00;0,987627;
Arsen;3;12.08.2016 06:00;0,39307;
Arsen;2;12.08.2016 06:00;0,365113;
Arsen;1;12.08.2016 06:00;0,363092;
Arsen;8;12.08.2016 06:00;0,236026;
Arsen;6;12.08.2016 06:00;0,195545;
Arsen;9;12.08.2016 06:00;0,110124;
Arsen;5;12.08.2016 06:00;0,0410838;
Benzol;5;12.08.2016 06:00;8,50022;
Benzol;4;12.08.2016 06:00;1,03436;
Benzol;3;12.08.2016 06:00;0,5865;
Benzol;6;12.08.2016 06:00;0,433098;
Benzol;8;12.08.2016 06:00;0,409441;
Benzol;1;12.08.2016 06:00;0,258975;
Benzol;2;12.08.2016 06:00;0,160004;
Benzol;7;12.08.2016 06:00;0,098524;
Benzol;9;12.08.2016 06:00;0,0529287;
Anilin;7;12.08.2016 06:00;1,4967;
Anilin;4;12.08.2016 06:00;1,15336;
Anilin;3;12.08.2016 06:00;0,702914;
Anilin;1;12.08.2016 06:00;0,360039;
Anilin;2;12.08.2016 06:00;0,305129;
Anilin;6;12.08.2016 06:00;0,299256;
Anilin;8;12.08.2016 06:00;0,25821;
Anilin;9;12.08.2016 06:00;0,0367794;
Natriumchlorid;9;12.08.2016 07:00;2,5066;
Natriumchlorid;4;12.08.2016 07:00;0,822114;
Natriumchlorid;3;12.08.2016 07:00;0,624335;
Natriumchlorid;2;12.08.2016 07:00;0,492708;
Natriumchlorid;6;12.08.2016 07:00;0,461424;
Natriumchlorid;8;12.08.2016 07:00;0,169695;
Natriumchlorid;7;12.08.2016 07:00;0,0518626;
Natriumchlorid;5;12.08.2016 07:00;0,0382466;
Natriumchlorid;1;12.08.2016 07:00;0,0138805;
Arsen;9;12.08.2016 07:00;4,67996;
Arsen;3;12.08.2016 07:00;1,13372;
Arsen;4;12.08.2016 07:00;0,857924;
Arsen;7;12.08.2016 07:00;0,725192;
Arsen;5;12.08.2016 07:00;0,51823;
Arsen;2;12.08.2016 07:00;0,323426;
Arsen;6;12.08.2016 07:00;0,18786;
Arsen;8;12.08.2016 07:00;0,12248;
Arsen;1;12.08.2016 07:00;0,0974981;
Benzol;3;12.08.2016 07:00;1,42199;
Benzol;4;12.08.2016 07:00;1,06011;
Benzol;7;12.08.2016 07:00;0,484789;
Benzol;2;12.08.2016 07:00;0,386446;
Benzol;6;12.08.2016 07:00;0,373986;
Benzol;1;12.08.2016 07:00;0,21434;
Benzol;9;12.08.2016 07:00;0,177151;
Benzol;8;12.08.2016 07:00;0,0903498;
Benzol;5;12.08.2016 07:00;0,0817126;
Anilin;3;12.08.2016 07:00;0,88305;
Anilin;4;12.08.2016 07:00;0,828922;
Anilin;5;12.08.2016 07:00;0,47073;
Anilin;6;12.08.2016 07:00;0,455739;
Anilin;9;12.08.2016 07:00;0,275738;
Anilin;2;12.08.2016 07:00;0,162304;
Anilin;1;12.08.2016 07:00;0,0845627;
Anilin;8;12.08.2016 07:00;0,0809117;
Anilin;7;12.08.2016 07:00;0,0201582;
Natriumchlorid;4;12.08.2016 08:00;1,04871;
Natriumchlorid;5;12.08.2016 08:00;0,760766;
Natriumchlorid;3;12.08.2016 08:00;0,533022;
Natriumchlorid;7;12.08.2016 08:00;0,342044;
Natriumchlorid;6;12.08.2016 08:00;0,300799;
Natriumchlorid;2;12.08.2016 08:00;0,241491;
Natriumchlorid;8;12.08.2016 08:00;0,140573;
Natriumchlorid;9;12.08.2016 08:00;0,126165;
Natriumchlorid;1;12.08.2016 08:00;0,035304;
Arsen;3;12.08.2016 08:00;2,67312;
Arsen;4;12.08.2016 08:00;1,12571;
Arsen;8;12.08.2016 08:00;1,08238;
Arsen;6;12.08.2016 08:00;0,717635;
Arsen;7;12.08.2016 08:00;0,551338;
Arsen;5;12.08.2016 08:00;0,378491;
Arsen;2;12.08.2016 08:00;0,359728;
Arsen;1;12.08.2016 08:00;0,129089;
Arsen;9;12.08.2016 08:00;0,101664;
Benzol;3;12.08.2016 08:00;1,15446;
Benzol;5;12.08.2016 08:00;1,06134;
Benzol;4;12.08.2016 08:00;1,00456;
Benzol;2;12.08.2016 08:00;0,631764;
Benzol;7;12.08.2016 08:00;0,462263;
Benzol;6;12.08.2016 08:00;0,386488;
Benzol;1;12.08.2016 08:00;0,319551;
Benzol;9;12.08.2016 08:00;0,150028;
Benzol;8;12.08.2016 08:00;0,0568865;
Anilin;4;12.08.2016 08:00;0,878904;
Anilin;5;12.08.2016 08:00;0,742831;
Anilin;3;12.08.2016 08:00;0,645614;
Anilin;2;12.08.2016 08:00;0,478884;
Anilin;8;12.08.2016 08:00;0,271397;
Anilin;6;12.08.2016 08:00;0,224269;
Anilin;7;12.08.2016 08:00;0,161521;
Anilin;1;12.08.2016 08:00;0,085641;
Anilin;9;12.08.2016 08:00;0,0063895;
Natriumchlorid;3;12.08.2016 09:00;2,2853;
Natriumchlorid;9;12.08.2016 09:00;1,81076;
Natriumchlorid;4;12.08.2016 09:00;1,45635;
Natriumchlorid;5;12.08.2016 09:00;0,763005;
Natriumchlorid;6;12.08.2016 09:00;0,594714;
Natriumchlorid;2;12.08.2016 09:00;0,282511;
Natriumchlorid;1;12.08.2016 09:00;0,155974;
Natriumchlorid;7;12.08.2016 09:00;0,148521;
Natriumchlorid;8;12.08.2016 09:00;0,0678907;
Arsen;3;12.08.2016 09:00;1,77287;
Arsen;4;12.08.2016 09:00;1,11104;
Arsen;8;12.08.2016 09:00;1,07861;
Arsen;2;12.08.2016 09:00;0,729173;
Arsen;6;12.08.2016 09:00;0,64367;
Arsen;5;12.08.2016 09:00;0,444425;
Arsen;1;12.08.2016 09:00;0,406348;
Arsen;7;12.08.2016 09:00;0,300451;
Arsen;9;12.08.2016 09:00;0,185429;
Benzol;4;12.08.2016 09:00;1,5567;
Benzol;2;12.08.2016 09:00;1,08687;
Benzol;3;12.08.2016 09:00;0,724752;
Benzol;5;12.08.2016 09:00;0,545038;
Benzol;8;12.08.2016 09:00;0,524646;
Benzol;1;12.08.2016 09:00;0,408285;
Benzol;7;12.08.2016 09:00;0,25355;
Benzol;9;12.08.2016 09:00;0,238041;
Benzol;6;12.08.2016 09:00;0,182134;
Anilin;3;12.08.2016 09:00;2,20925;
Anilin;4;12.08.2016 09:00;1,14548;
Anilin;5;12.08.2016 09:00;0,490944;
Anilin;9;12.08.2016 09:00;0,474684;
Anilin;2;12.08.2016 09:00;0,436801;
Anilin;6;12.08.2016 09:00;0,41454;
Anilin;8;12.08.2016 09:00;0,324852;
Anilin;1;12.08.2016 09:00;0,0933384;
Anilin;7;12.08.2016 09:00;0,0309621;
Natriumchlorid;9;12.08.2016 10:00;2,48725;
Natriumchlorid;3;12.08.2016 10:00;1,98984;
Natriumchlorid;4;12.08.2016 10:00;1,08273;
Natriumchlorid;7;12.08.2016 10:00;0,664021;
Natriumchlorid;5;12.08.2016 10:00;0,416869;
Natriumchlorid;2;12.08.2016 10:00;0,367179;
Natriumchlorid;1;12.08.2016 10:00;0,339501;
Natriumchlorid;6;12.08.2016 10:00;0,309378;
Natriumchlorid;8;12.08.2016 10:00;0,278113;
Arsen;4;12.08.2016 10:00;1,00699;
Arsen;3;12.08.2016 10:00;0,487791;
Arsen;8;12.08.2016 10:00;0,487551;
Arsen;7;12.08.2016 10:00;0,450103;
Arsen;2;12.08.2016 10:00;0,386719;
Arsen;5;12.08.2016 10:00;0,335732;
Arsen;6;12.08.2016 10:00;0,330634;
Arsen;1;12.08.2016 10:00;0,0810702;
Arsen;9;12.08.2016 10:00;0,0683925;
Benzol;7;12.08.2016 10:00;1,52921;
Benzol;4;12.08.2016 10:00;1,26425;
Benzol;5;12.08.2016 10:00;0,884767;
Benzol;8;12.08.2016 10:00;0,688485;
Benzol;3;12.08.2016 10:00;0,67828;
Benzol;2;12.08.2016 10:00;0,518101;
Benzol;6;12.08.2016 10:00;0,378347;
Benzol;9;12.08.2016 10:00;0,148417;
Benzol;1;12.08.2016 10:00;0,0396443;
Anilin;4;12.08.2016 10:00;1,11237;
Anilin;5;12.08.2016 10:00;0,701353;
Anilin;7;12.08.2016 10:00;0,597353;
Anilin;6;12.08.2016 10:00;0,434604;
Anilin;3;12.08.2016 10:00;0,378033;
Anilin;8;12.08.2016 10:00;0,203741;
Anilin;2;12.08.2016 10:00;0,194416;
Anilin;9;12.08.2016 10:00;0,16434;
Anilin;1;12.08.2016 10:00;0,0912717;
Natriumchlorid;5;12.08.2016 11:00;26,83651;
Natriumchlorid;9;12.08.2016 11:00;12,32269;
Natriumchlorid;5;12.08.2016 11:00;2,93314;
Natriumchlorid;3;12.08.2016 11:00;1,46071;
Natriumchlorid;4;12.08.2016 11:00;0,963446;
Natriumchlorid;8;12.08.2016 11:00;0,410175;
Natriumchlorid;6;12.08.2016 11:00;0,404078;
Natriumchlorid;1;12.08.2016 11:00;0,364226;
Natriumchlorid;7;12.08.2016 11:00;0,141486;
Natriumchlorid;2;12.08.2016 11:00;0,0613183;
Arsen;3;12.08.2016 11:00;1,30647;
Arsen;4;12.08.2016 11:00;1,24671;
Arsen;2;12.08.2016 11:00;0,706197;
Arsen;8;12.08.2016 11:00;0,54826;
Arsen;7;12.08.2016 11:00;0,251934;
Arsen;1;12.08.2016 11:00;0,191075;
Arsen;5;12.08.2016 11:00;0,189609;
Arsen;9;12.08.2016 11:00;0,112066;
Arsen;6;12.08.2016 11:00;0,0421193;
Benzol;4;12.08.2016 11:00;1,45769;
Benzol;7;12.08.2016 11:00;0,974592;
Benzol;3;12.08.2016 11:00;0,916093;
Benzol;2;12.08.2016 11:00;0,832905;
Benzol;8;12.08.2016 11:00;0,743694;
Benzol;6;12.08.2016 11:00;0,347103;
Benzol;1;12.08.2016 11:00;0,309865;
Benzol;9;12.08.2016 11:00;0,125968;
Benzol;5;12.08.2016 11:00;0,0542449;
Anilin;3;12.08.2016 11:00;1,60083;
Anilin;4;12.08.2016 11:00;0,998844;
Anilin;8;12.08.2016 11:00;0,86805;
Anilin;2;12.08.2016 11:00;0,205878;
Anilin;7;12.08.2016 11:00;0,167441;
Anilin;9;12.08.2016 11:00;0,096485;
Anilin;1;12.08.2016 11:00;0,0928645;
Anilin;6;12.08.2016 11:00;0,0135793;
Natriumchlorid;5;12.08.2016 12:00;84,63599;
Natriumchlorid;5;12.08.2016 12:00;8,54366;
Natriumchlorid;4;12.08.2016 12:00;1,13307;
Natriumchlorid;3;12.08.2016 12:00;0,68311;
Natriumchlorid;8;12.08.2016 12:00;0,675577;
Natriumchlorid;6;12.08.2016 12:00;0,638078;
Natriumchlorid;9;12.08.2016 12:00;0,632945;
Natriumchlorid;7;12.08.2016 12:00;0,49022;
Natriumchlorid;1;12.08.2016 12:00;0,383121;
Natriumchlorid;2;12.08.2016 12:00;0,116341;
Arsen;4;12.08.2016 12:00;1,11977;
Arsen;3;12.08.2016 12:00;0,967408;
Arsen;6;12.08.2016 12:00;0,726183;
Arsen;5;12.08.2016 12:00;0,509026;
Arsen;7;12.08.2016 12:00;0,504185;
Arsen;8;12.08.2016 12:00;0,280557;
Arsen;9;12.08.2016 12:00;0,180792;
Arsen;2;12.08.2016 12:00;0,117179;
Arsen;1;12.08.2016 12:00;0,0909343;
Benzol;7;12.08.2016 12:00;1,68169;
Benzol;4;12.08.2016 12:00;1,37764;
Benzol;3;12.08.2016 12:00;1,34408;
Benzol;5;12.08.2016 12:00;0,680789;
Benzol;6;12.08.2016 12:00;0,505655;
Benzol;1;12.08.2016 12:00;0,214755;
Benzol;8;12.08.2016 12:00;0,182969;
Benzol;2;12.08.2016 12:00;0,0919857;
Benzol;9;12.08.2016 12:00;0,0740959;
Anilin;3;12.08.2016 12:00;1,56661;
Anilin;4;12.08.2016 12:00;0,898946;
Anilin;1;12.08.2016 12:00;0,659655;
Anilin;6;12.08.2016 12:00;0,418009;
Anilin;2;12.08.2016 12:00;0,398228;
Anilin;8;12.08.2016 12:00;0,153722;
Anilin;7;12.08.2016 12:00;0,075162;
Anilin;9;12.08.2016 12:00;0,0566491;
Natriumchlorid;5;12.08.2016 13:00;13,49685;
Natriumchlorid;5;12.08.2016 13:00;1,69718;
Natriumchlorid;3;12.08.2016 13:00;1,11688;
Natriumchlorid;4;12.08.2016 13:00;1,03036;
Natriumchlorid;8;12.08.2016 13:00;0,965279;
Natriumchlorid;2;12.08.2016 13:00;0,397399;
Natriumchlorid;6;12.08.2016 13:00;0,36507;
Natriumchlorid;7;12.08.2016 13:00;0,33896;
Natriumchlorid;9;12.08.2016 13:00;0,230449;
Natriumchlorid;1;12.08.2016 13:00;0,0301798;
Arsen;3;12.08.2016 13:00;2,10618;
Arsen;4;12.08.2016 13:00;1,36861;
Arsen;5;12.08.2016 13:00;0,836652;
Arsen;8;12.08.2016 13:00;0,78874;
Arsen;1;12.08.2016 13:00;0,229229;
Arsen;7;12.08.2016 13:00;0,0555275;
Arsen;9;12.08.2016 13:00;0,0460817;
Arsen;2;12.08.2016 13:00;0,0398407;
Arsen;6;12.08.2016 13:00;0,0133472;
Benzol;5;12.08.2016 13:00;4,21276;
Benzol;4;12.08.2016 13:00;0,933273;
Benzol;2;12.08.2016 13:00;0,928563;
Benzol;6;12.08.2016 13:00;0,414616;
Benzol;9;12.08.2016 13:00;0,358925;
Benzol;7;12.08.2016 13:00;0,24689;
Benzol;1;12.08.2016 13:00;0,0519782;
Benzol;8;12.08.2016 13:00;0,023541;
Benzol;3;12.08.2016 13:00;0,019688;
Anilin;4;12.08.2016 13:00;0,967194;
Anilin;3;12.08.2016 13:00;0,497605;
Anilin;6;12.08.2016 13:00;0,342366;
Anilin;9;12.08.2016 13:00;0,26464;
Anilin;7;12.08.2016 13:00;0,23666;
Anilin;8;12.08.2016 13:00;0,233288;
Anilin;2;12.08.2016 13:00;0,134534;
Anilin;1;12.08.2016 13:00;0,0672905;
Natriumchlorid;3;12.08.2016 14:00;0,986543;
Natriumchlorid;4;12.08.2016 14:00;0,876843;
Natriumchlorid;5;12.08.2016 14:00;0,553026;
Natriumchlorid;8;12.08.2016 14:00;0,445615;
Natriumchlorid;6;12.08.2016 14:00;0,405486;
Natriumchlorid;2;12.08.2016 14:00;0,284461;
Natriumchlorid;9;12.08.2016 14:00;0,180869;
Natriumchlorid;7;12.08.2016 14:00;0,152171;
Natriumchlorid;1;12.08.2016 14:00;0,0643762;
Arsen;3;12.08.2016 14:00;1,23878;
Arsen;4;12.08.2016 14:00;0,969141;
Arsen;6;12.08.2016 14:00;0,798146;
Arsen;7;12.08.2016 14:00;0,626616;
Arsen;5;12.08.2016 14:00;0,586242;
Arsen;8;12.08.2016 14:00;0,475678;
Arsen;9;12.08.2016 14:00;0,192325;
Arsen;1;12.08.2016 14:00;0,0988915;
Arsen;2;12.08.2016 14:00;0,0453498;
Benzol;7;12.08.2016 14:00;1,8803;
Benzol;3;12.08.2016 14:00;1,38445;
Benzol;4;12.08.2016 14:00;1,2406;
Benzol;8;12.08.2016 14:00;0,685714;
Benzol;6;12.08.2016 14:00;0,5514;
Benzol;5;12.08.2016 14:00;0,266526;
Benzol;9;12.08.2016 14:00;0,222931;
Benzol;1;12.08.2016 14:00;0,134876;
Benzol;2;12.08.2016 14:00;0,0807393;
Anilin;4;12.08.2016 14:00;1,25974;
Anilin;2;12.08.2016 14:00;0,614161;
Anilin;5;12.08.2016 14:00;0,531605;
Anilin;7;12.08.2016 14:00;0,523904;
Anilin;3;12.08.2016 14:00;0,521986;
Anilin;6;12.08.2016 14:00;0,195906;
Anilin;1;12.08.2016 14:00;0,175806;
Anilin;9;12.08.2016 14:00;0,112908;
Anilin;8;12.08.2016 14:00;0,044424;
Natriumchlorid;4;12.08.2016 15:00;1,40541;
Natriumchlorid;7;12.08.2016 15:00;0,86378;
Natriumchlorid;8;12.08.2016 15:00;0,633608;
Natriumchlorid;1;12.08.2016 15:00;0,458648;
Natriumchlorid;3;12.08.2016 15:00;0,389239;
Natriumchlorid;5;12.08.2016 15:00;0,354936;
Natriumchlorid;9;12.08.2016 15:00;0,198264;
Natriumchlorid;2;12.08.2016 15:00;0,191355;
Natriumchlorid;6;12.08.2016 15:00;0,151204;
Arsen;3;12.08.2016 15:00;1,87758;
Arsen;4;12.08.2016 15:00;1,16206;
Arsen;5;12.08.2016 15:00;0,540508;
Arsen;8;12.08.2016 15:00;0,521887;
Arsen;9;12.08.2016 15:00;0,274687;
Arsen;6;12.08.2016 15:00;0,264646;
Arsen;2;12.08.2016 15:00;0,177636;
Arsen;1;12.08.2016 15:00;0,163904;
Arsen;7;12.08.2016 15:00;0,0637146;
Benzol;4;12.08.2016 15:00;1,28795;
Benzol;3;12.08.2016 15:00;1,23294;
Benzol;9;12.08.2016 15:00;0,817201;
Benzol;7;12.08.2016 15:00;0,647943;
Benzol;1;12.08.2016 15:00;0,44548;
Benzol;6;12.08.2016 15:00;0,410998;
Benzol;8;12.08.2016 15:00;0,298958;
Benzol;2;12.08.2016 15:00;0,183765;
Benzol;5;12.08.2016 15:00;0,0639039;
Anilin;3;12.08.2016 15:00;1,77592;
Anilin;5;12.08.2016 15:00;1,19278;
Anilin;4;12.08.2016 15:00;1,12218;
Anilin;7;12.08.2016 15:00;0,993817;
Anilin;6;12.08.2016 15:00;0,864282;
Anilin;1;12.08.2016 15:00;0,423604;
Anilin;9;12.08.2016 15:00;0,364655;
Anilin;2;12.08.2016 15:00;0,277899;
Anilin;8;12.08.2016 15:00;0,182138;
Natriumchlorid;4;12.08.2016 16:00;1,02972;
Natriumchlorid;3;12.08.2016 16:00;0,79722;
Natriumchlorid;7;12.08.2016 16:00;0,755321;
Natriumchlorid;2;12.08.2016 16:00;0,539596;
Natriumchlorid;5;12.08.2016 16:00;0,490603;
Natriumchlorid;1;12.08.2016 16:00;0,441563;
Natriumchlorid;8;12.08.2016 16:00;0,217773;
Natriumchlorid;6;12.08.2016 16:00;0,104492;
Natriumchlorid;9;12.08.2016 16:00;0,0400031;
Arsen;3;12.08.2016 16:00;1,09007;
Arsen;4;12.08.2016 16:00;1,05996;
Arsen;7;12.08.2016 16:00;0,909766;
Arsen;2;12.08.2016 16:00;0,694095;
Arsen;6;12.08.2016 16:00;0,61155;
Arsen;9;12.08.2016 16:00;0,493608;
Arsen;5;12.08.2016 16:00;0,468407;
Arsen;8;12.08.2016 16:00;0,220552;
Arsen;1;12.08.2016 16:00;0,121394;
Benzol;4;12.08.2016 16:00;1,3144;
Benzol;3;12.08.2016 16:00;1,28269;
Benzol;7;12.08.2016 16:00;0,531015;
Benzol;5;12.08.2016 16:00;0,512454;
Benzol;6;12.08.2016 16:00;0,398264;
Benzol;1;12.08.2016 16:00;0,369185;
Benzol;9;12.08.2016 16:00;0,34087;
Benzol;2;12.08.2016 16:00;0,184987;
Benzol;8;12.08.2016 16:00;0,040582;
Anilin;4;12.08.2016 16:00;0,876219;
Anilin;6;12.08.2016 16:00;0,620881;
Anilin;5;12.08.2016 16:00;0,462584;
Anilin;2;12.08.2016 16:00;0,416642;
Anilin;8;12.08.2016 16:00;0,399434;
Anilin;3;12.08.2016 16:00;0,338908;
Anilin;7;12.08.2016 16:00;0,282513;
Anilin;1;12.08.2016 16:00;0,0854428;
Anilin;9;12.08.2016 16:00;0,00464645;
Natriumchlorid;8;12.08.2016 17:00;0,773989;
Natriumchlorid;7;12.08.2016 17:00;0,770153;
Natriumchlorid;4;12.08.2016 17:00;0,712741;
Natriumchlorid;2;12.08.2016 17:00;0,50566;
Natriumchlorid;6;12.08.2016 17:00;0,412148;
Natriumchlorid;3;12.08.2016 17:00;0,364687;
Natriumchlorid;1;12.08.2016 17:00;0,331532;
Natriumchlorid;9;12.08.2016 17:00;0,0565104;
Natriumchlorid;5;12.08.2016 17:00;0,0544078;
Arsen;3;12.08.2016 17:00;1,28305;
Arsen;4;12.08.2016 17:00;1,15749;
Arsen;8;12.08.2016 17:00;0,65084;
Arsen;6;12.08.2016 17:00;0,578448;
Arsen;1;12.08.2016 17:00;0,378995;
Arsen;2;12.08.2016 17:00;0,349736;
Arsen;9;12.08.2016 17:00;0,322786;
Arsen;5;12.08.2016 17:00;0,0746777;
Arsen;7;12.08.2016 17:00;0,025339;
Benzol;4;12.08.2016 17:00;1,0623;
Benzol;6;12.08.2016 17:00;0,748847;
Benzol;9;12.08.2016 17:00;0,459107;
Benzol;8;12.08.2016 17:00;0,325008;
Benzol;5;12.08.2016 17:00;0,242369;
Benzol;3;12.08.2016 17:00;0,193778;
Benzol;7;12.08.2016 17:00;0,139123;
Benzol;2;12.08.2016 17:00;0,130482;
Benzol;1;12.08.2016 17:00;0,0402554;
Anilin;4;12.08.2016 17:00;1,23229;
Anilin;6;12.08.2016 17:00;0,418747;
Anilin;1;12.08.2016 17:00;0,362539;
Anilin;5;12.08.2016 17:00;0,337758;
Anilin;3;12.08.2016 17:00;0,265654;
Anilin;8;12.08.2016 17:00;0,251084;
Anilin;9;12.08.2016 17:00;0,236205;
Anilin;2;12.08.2016 17:00;0,185202;
Anilin;7;12.08.2016 17:00;0,144345;
Natriumchlorid;6;12.08.2016 18:00;25,03449;
Natriumchlorid;6;12.08.2016 18:00;2,5881;
Natriumchlorid;3;12.08.2016 18:00;2,20961;
Natriumchlorid;4;12.08.2016 18:00;1,18231;
Natriumchlorid;2;12.08.2016 18:00;0,623904;
Natriumchlorid;5;12.08.2016 18:00;0,388269;
Natriumchlorid;1;12.08.2016 18:00;0,174896;
Natriumchlorid;8;12.08.2016 18:00;0,163746;
Natriumchlorid;7;12.08.2016 18:00;0,12172;
Natriumchlorid;9;12.08.2016 18:00;0,0968363;
Arsen;3;12.08.2016 18:00;3,69484;
Arsen;4;12.08.2016 18:00;1,22806;
Arsen;8;12.08.2016 18:00;0,645572;
Arsen;7;12.08.2016 18:00;0,622395;
Arsen;5;12.08.2016 18:00;0,377364;
Arsen;1;12.08.2016 18:00;0,272396;
Arsen;6;12.08.2016 18:00;0,163561;
Arsen;9;12.08.2016 18:00;0,136729;
Arsen;2;12.08.2016 18:00;0,0597405;
Benzol;7;12.08.2016 18:00;2,41264;
Benzol;4;12.08.2016 18:00;1,17258;
Benzol;1;12.08.2016 18:00;0,798957;
Benzol;5;12.08.2016 18:00;0,782371;
Benzol;6;12.08.2016 18:00;0,678546;
Benzol;2;12.08.2016 18:00;0,593974;
Benzol;3;12.08.2016 18:00;0,513997;
Benzol;9;12.08.2016 18:00;0,260287;
Benzol;8;12.08.2016 18:00;0,00368286;
Anilin;4;12.08.2016 18:00;0,826539;
Anilin;7;12.08.2016 18:00;0,756108;
Anilin;3;12.08.2016 18:00;0,723619;
Anilin;8;12.08.2016 18:00;0,590344;
Anilin;5;12.08.2016 18:00;0,54425;
Anilin;1;12.08.2016 18:00;0,120715;
Anilin;2;12.08.2016 18:00;0,0649678;
Anilin;9;12.08.2016 18:00;0,0494341;
Natriumchlorid;7;12.08.2016 19:00;1,74934;
Natriumchlorid;4;12.08.2016 19:00;1,02102;
Natriumchlorid;5;12.08.2016 19:00;0,889339;
Natriumchlorid;8;12.08.2016 19:00;0,621833;
Natriumchlorid;3;12.08.2016 19:00;0,58735;
Natriumchlorid;1;12.08.2016 19:00;0,467141;
Natriumchlorid;2;12.08.2016 19:00;0,274338;
Natriumchlorid;9;12.08.2016 19:00;0,160384;
Natriumchlorid;6;12.08.2016 19:00;0,0686784;
Arsen;3;12.08.2016 19:00;1,85558;
Arsen;4;12.08.2016 19:00;1,07304;
Arsen;6;12.08.2016 19:00;0,562304;
Arsen;5;12.08.2016 19:00;0,385013;
Arsen;2;12.08.2016 19:00;0,341613;
Arsen;7;12.08.2016 19:00;0,173002;
Arsen;8;12.08.2016 19:00;0,123064;
Arsen;1;12.08.2016 19:00;0,103971;
Arsen;9;12.08.2016 19:00;0,0403396;
Benzol;4;12.08.2016 19:00;1,28537;
Benzol;8;12.08.2016 19:00;1,23927;
Benzol;3;12.08.2016 19:00;0,597367;
Benzol;9;12.08.2016 19:00;0,470883;
Benzol;5;12.08.2016 19:00;0,435377;
Benzol;2;12.08.2016 19:00;0,343456;
Benzol;1;12.08.2016 19:00;0,23678;
Benzol;7;12.08.2016 19:00;0,200758;
Benzol;6;12.08.2016 19:00;0,118229;
Anilin;7;12.08.2016 19:00;0,93203;
Anilin;4;12.08.2016 19:00;0,877155;
Anilin;5;12.08.2016 19:00;0,812916;
Anilin;6;12.08.2016 19:00;0,653782;
Anilin;8;12.08.2016 19:00;0,590858;
Anilin;3;12.08.2016 19:00;0,527647;
Anilin;1;12.08.2016 19:00;0,238135;
Anilin;2;12.08.2016 19:00;0,209479;
Anilin;9;12.08.2016 19:00;0,187898;
Natriumchlorid;3;12.08.2016 20:00;2,03829;
Natriumchlorid;4;12.08.2016 20:00;0,717891;
Natriumchlorid;7;12.08.2016 20:00;0,587753;
Natriumchlorid;8;12.08.2016 20:00;0,437063;
Natriumchlorid;5;12.08.2016 20:00;0,414003;
Natriumchlorid;9;12.08.2016 20:00;0,279351;
Natriumchlorid;6;12.08.2016 20:00;0,235924;
Natriumchlorid;2;12.08.2016 20:00;0,140343;
Natriumchlorid;1;12.08.2016 20:00;0,025848;
Arsen;7;12.08.2016 20:00;1,62781;
Arsen;3;12.08.2016 20:00;1,35645;
Arsen;4;12.08.2016 20:00;0,979984;
Arsen;8;12.08.2016 20:00;0,401698;
Arsen;1;12.08.2016 20:00;0,263239;
Arsen;2;12.08.2016 20:00;0,238938;
Arsen;9;12.08.2016 20:00;0,166964;
Arsen;6;12.08.2016 20:00;0,0917823;
Arsen;5;12.08.2016 20:00;0,0147245;
Benzol;3;12.08.2016 20:00;1,874;
Benzol;7;12.08.2016 20:00;1,35114;
Benzol;2;12.08.2016 20:00;1,11507;
Benzol;4;12.08.2016 20:00;1,0466;
Benzol;9;12.08.2016 20:00;0,433178;
Benzol;6;12.08.2016 20:00;0,371701;
Benzol;1;12.08.2016 20:00;0,275969;
Benzol;8;12.08.2016 20:00;0,232119;
Benzol;5;12.08.2016 20:00;0,19948;
Anilin;3;12.08.2016 20:00;1,54215;
Anilin;4;12.08.2016 20:00;0,914376;
Anilin;2;12.08.2016 20:00;0,603986;
Anilin;7;12.08.2016 20:00;0,355261;
Anilin;5;12.08.2016 20:00;0,313577;
Anilin;1;12.08.2016 20:00;0,26348;
Anilin;9;12.08.2016 20:00;0,20192;
Anilin;6;12.08.2016 20:00;0,117485;
Anilin;8;12.08.2016 20:00;0,093724;
Natriumchlorid;3;12.08.2016 21:00;2,39285;
Natriumchlorid;4;12.08.2016 21:00;1,35852;
Natriumchlorid;7;12.08.2016 21:00;0,690193;
Natriumchlorid;2;12.08.2016 21:00;0,618841;
Natriumchlorid;5;12.08.2016 21:00;0,417881;
Natriumchlorid;6;12.08.2016 21:00;0,37184;
Natriumchlorid;1;12.08.2016 21:00;0,114587;
Natriumchlorid;9;12.08.2016 21:00;0,109684;
Natriumchlorid;8;12.08.2016 21:00;0,0168342;
Arsen;4;12.08.2016 21:00;0,955102;
Arsen;8;12.08.2016 21:00;0,833522;
Arsen;5;12.08.2016 21:00;0,67806;
Arsen;2;12.08.2016 21:00;0,576316;
Arsen;3;12.08.2016 21:00;0,415106;
Arsen;7;12.08.2016 21:00;0,291883;
Arsen;9;12.08.2016 21:00;0,226955;
Arsen;6;12.08.2016 21:00;0,226286;
Arsen;1;12.08.2016 21:00;0,165132;
Benzol;3;12.08.2016 21:00;2,2471;
Benzol;4;12.08.2016 21:00;0,990338;
Benzol;6;12.08.2016 21:00;0,725375;
Benzol;7;12.08.2016 21:00;0,680982;
Benzol;9;12.08.2016 21:00;0,477902;
Benzol;8;12.08.2016 21:00;0,274139;
Benzol;1;12.08.2016 21:00;0,212362;
Benzol;5;12.08.2016 21:00;0,191037;
Benzol;2;12.08.2016 21:00;0,0777924;
Anilin;3;12.08.2016 21:00;5,26825;
Anilin;7;12.08.2016 21:00;1,7331;
Anilin;4;12.08.2016 21:00;1,02036;
Anilin;8;12.08.2016 21:00;0,533899;
Anilin;6;12.08.2016 21:00;0,440303;
Anilin;9;12.08.2016 21:00;0,366747;
Anilin;1;12.08.2016 21:00;0,154735;
Anilin;5;12.08.2016 21:00;0,0433391;
Anilin;2;12.08.2016 21:00;0,0424022;
Natriumchlorid;3;12.08.2016 22:00;1,60529;
Natriumchlorid;4;12.08.2016 22:00;1,0106;
Natriumchlorid;7;12.08.2016 22:00;0,989943;
Natriumchlorid;2;12.08.2016 22:00;0,86507;
Natriumchlorid;6;12.08.2016 22:00;0,557106;
Natriumchlorid;8;12.08.2016 22:00;0,542018;
Natriumchlorid;1;12.08.2016 22:00;0,374922;
Natriumchlorid;5;12.08.2016 22:00;0,20514;
Natriumchlorid;9;12.08.2016 22:00;0,147436;
Arsen;7;12.08.2016 22:00;1,69129;
Arsen;4;12.08.2016 22:00;1,19085;
Arsen;6;12.08.2016 22:00;0,868695;
Arsen;3;12.08.2016 22:00;0,756029;
Arsen;9;12.08.2016 22:00;0,476702;
Arsen;5;12.08.2016 22:00;0,16563;
Arsen;8;12.08.2016 22:00;0,156862;
Arsen;1;12.08.2016 22:00;0,077768;
Arsen;2;12.08.2016 22:00;0,00674997;
Benzol;6;12.08.2016 22:00;4,3177;
Benzol;4;12.08.2016 22:00;0,854942;
Benzol;3;12.08.2016 22:00;0,688756;
Benzol;1;12.08.2016 22:00;0,506178;
Benzol;7;12.08.2016 22:00;0,417056;
Benzol;5;12.08.2016 22:00;0,398556;
Benzol;9;12.08.2016 22:00;0,374922;
Benzol;2;12.08.2016 22:00;0,226748;
Benzol;8;12.08.2016 22:00;0,188116;
Anilin;4;12.08.2016 22:00;1,01151;
Anilin;6;12.08.2016 22:00;0,576091;
Anilin;3;12.08.2016 22:00;0,51973;
Anilin;5;12.08.2016 22:00;0,262729;
Anilin;7;12.08.2016 22:00;0,207984;
Anilin;8;12.08.2016 22:00;0,153722;
Anilin;2;12.08.2016 22:00;0,150203;
Anilin;9;12.08.2016 22:00;0,101663;
Anilin;1;12.08.2016 22:00;0,0427688;
Natriumchlorid;7;12.08.2016 23:00;1,69453;
Natriumchlorid;3;12.08.2016 23:00;1,21029;
Natriumchlorid;4;12.08.2016 23:00;1,06878;
Natriumchlorid;8;12.08.2016 23:00;0,746358;
Natriumchlorid;5;12.08.2016 23:00;0,493759;
Natriumchlorid;1;12.08.2016 23:00;0,335374;
Natriumchlorid;2;12.08.2016 23:00;0,145735;
Natriumchlorid;9;12.08.2016 23:00;0,0441211;
Natriumchlorid;6;12.08.2016 23:00;0,032341;
Arsen;8;12.08.2016 23:00;0,879152;
Arsen;4;12.08.2016 23:00;0,76421;
Arsen;3;12.08.2016 23:00;0,750735;
Arsen;1;12.08.2016 23:00;0,471728;
Arsen;5;12.08.2016 23:00;0,427534;
Arsen;6;12.08.2016 23:00;0,413236;
Arsen;2;12.08.2016 23:00;0,397191;
Arsen;7;12.08.2016 23:00;0,306966;
Arsen;9;12.08.2016 23:00;0,0162034;
Benzol;3;12.08.2016 23:00;2,11842;
Benzol;6;12.08.2016 23:00;1,59652;
Benzol;7;12.08.2016 23:00;1,43906;
Benzol;4;12.08.2016 23:00;1,13347;
Benzol;8;12.08.2016 23:00;0,756122;
Benzol;5;12.08.2016 23:00;0,729245;
Benzol;1;12.08.2016 23:00;0,636055;
Benzol;9;12.08.2016 23:00;0,472345;
Benzol;2;12.08.2016 23:00;0,434108;
Anilin;3;12.08.2016 23:00;1,36172;
Anilin;4;12.08.2016 23:00;0,926326;
Anilin;5;12.08.2016 23:00;0,820522;
Anilin;6;12.08.2016 23:00;0,591204;
Anilin;9;12.08.2016 23:00;0,331988;
Anilin;1;12.08.2016 23:00;0,236055;
Anilin;8;12.08.2016 23:00;0,209725;
Anilin;2;12.08.2016 23:00;0,180271;
Anilin;7;12.08.2016 23:00;0,130947;
Natriumchlorid;4;13.08.2016 00:00;1,38272;
Natriumchlorid;2;13.08.2016 00:00;0,744924;
Natriumchlorid;3;13.08.2016 00:00;0,668237;
Natriumchlorid;1;13.08.2016 00:00;0,476105;
Natriumchlorid;6;13.08.2016 00:00;0,441772;
Natriumchlorid;7;13.08.2016 00:00;0,408409;
Natriumchlorid;8;13.08.2016 00:00;0,103415;
Natriumchlorid;9;13.08.2016 00:00;0,0592842;
Natriumchlorid;5;13.08.2016 00:00;0,00960246;
Arsen;3;13.08.2016 00:00;3,20624;
Arsen;4;13.08.2016 00:00;0,819191;
Arsen;8;13.08.2016 00:00;0,797318;
Arsen;1;13.08.2016 00:00;0,226708;
Arsen;2;13.08.2016 00:00;0,217255;
Arsen;6;13.08.2016 00:00;0,146287;
Arsen;7;13.08.2016 00:00;0,142715;
Arsen;5;13.08.2016 00:00;0,0433019;
Arsen;9;13.08.2016 00:00;0,0170091;
Benzol;3;13.08.2016 00:00;1,35522;
Benzol;4;13.08.2016 00:00;0,909189;
Benzol;8;13.08.2016 00:00;0,847895;
Benzol;6;13.08.2016 00:00;0,518838;
Benzol;7;13.08.2016 00:00;0,212437;
Benzol;5;13.08.2016 00:00;0,163396;
Benzol;9;13.08.2016 00:00;0,0920866;
Benzol;2;13.08.2016 00:00;0,0265557;
Benzol;1;13.08.2016 00:00;0,0223707;
Anilin;4;13.08.2016 00:00;1,08938;
Anilin;3;13.08.2016 00:00;1,06688;
Anilin;8;13.08.2016 00:00;0,994888;
Anilin;9;13.08.2016 00:00;0,344441;
Anilin;6;13.08.2016 00:00;0,289672;
Anilin;7;13.08.2016 00:00;0,285045;
Anilin;2;13.08.2016 00:00;0,234018;
Anilin;5;13.08.2016 00:00;0,219968;
Anilin;1;13.08.2016 00:00;0,170511;
Natriumchlorid;3;13.08.2016 01:00;1,35382;
Natriumchlorid;4;13.08.2016 01:00;0,911162;
Natriumchlorid;6;13.08.2016 01:00;0,634937;
Natriumchlorid;8;13.08.2016 01:00;0,581039;
Natriumchlorid;2;13.08.2016 01:00;0,391746;
Natriumchlorid;5;13.08.2016 01:00;0,369653;
Natriumchlorid;9;13.08.2016 01:00;0,308037;
Natriumchlorid;7;13.08.2016 01:00;0,26634;
Natriumchlorid;1;13.08.2016 01:00;0,11631;
Arsen;4;13.08.2016 01:00;1,04992;
Arsen;3;13.08.2016 01:00;0,914037;
Arsen;6;13.08.2016 01:00;0,883509;
Arsen;5;13.08.2016 01:00;0,745606;
Arsen;8;13.08.2016 01:00;0,696924;
Arsen;7;13.08.2016 01:00;0,399252;
Arsen;9;13.08.2016 01:00;0,398935;
Arsen;1;13.08.2016 01:00;0,359114;
Arsen;2;13.08.2016 01:00;0,150009;
Benzol;4;13.08.2016 01:00;1,1069;
Benzol;3;13.08.2016 01:00;0,869117;
Benzol;8;13.08.2016 01:00;0,543812;
Benzol;7;13.08.2016 01:00;0,338808;
Benzol;2;13.08.2016 01:00;0,320541;
Benzol;6;13.08.2016 01:00;0,275176;
Benzol;9;13.08.2016 01:00;0,15054;
Benzol;5;13.08.2016 01:00;0,130975;
Benzol;1;13.08.2016 01:00;0,0173439;
Anilin;3;13.08.2016 01:00;1,87441;
Anilin;4;13.08.2016 01:00;0,891662;
Anilin;5;13.08.2016 01:00;0,660088;
Anilin;8;13.08.2016 01:00;0,405034;
Anilin;7;13.08.2016 01:00;0,375392;
Anilin;1;13.08.2016 01:00;0,375348;
Anilin;6;13.08.2016 01:00;0,326656;
Anilin;9;13.08.2016 01:00;0,312526;
Anilin;2;13.08.2016 01:00;0,13684;
Natriumchlorid;4;13.08.2016 02:00;0,974212;
Natriumchlorid;7;13.08.2016 02:00;0,795534;
Natriumchlorid;5;13.08.2016 02:00;0,544481;
Natriumchlorid;3;13.08.2016 02:00;0,486318;
Natriumchlorid;6;13.08.2016 02:00;0,455484;
Natriumchlorid;1;13.08.2016 02:00;0,448961;
Natriumchlorid;2;13.08.2016 02:00;0,350327;
Natriumchlorid;9;13.08.2016 02:00;0,0303927;
Natriumchlorid;8;13.08.2016 02:00;0,0200065;
Arsen;4;13.08.2016 02:00;0,956248;
Arsen;7;13.08.2016 02:00;0,872845;
Arsen;6;13.08.2016 02:00;0,865196;
Arsen;2;13.08.2016 02:00;0,685737;
Arsen;5;13.08.2016 02:00;0,381766;
Arsen;8;13.08.2016 02:00;0,247668;
Arsen;1;13.08.2016 02:00;0,197926;
Arsen;9;13.08.2016 02:00;0,121394;
Arsen;3;13.08.2016 02:00;0,0193239;
Benzol;3;13.08.2016 02:00;0,98108;
Benzol;4;13.08.2016 02:00;0,819191;
Benzol;7;13.08.2016 02:00;0,689055;
Benzol;8;13.08.2016 02:00;0,639431;
Benzol;6;13.08.2016 02:00;0,570655;
Benzol;5;13.08.2016 02:00;0,232414;
Benzol;9;13.08.2016 02:00;0,227233;
Benzol;2;13.08.2016 02:00;0,159617;
Benzol;1;13.08.2016 02:00;0,0484976;
Anilin;7;13.08.2016 02:00;1,09655;
Anilin;4;13.08.2016 02:00;1,06902;
Anilin;6;13.08.2016 02:00;0,646752;
Anilin;5;13.08.2016 02:00;0,310067;
Anilin;8;13.08.2016 02:00;0,282401;
Anilin;3;13.08.2016 02:00;0,129968;
Anilin;9;13.08.2016 02:00;0,090629;
Anilin;2;13.08.2016 02:00;0,0818961;
Anilin;1;13.08.2016 02:00;0,0739785;
Natriumchlorid;3;13.08.2016 03:00;2,61166;
Natriumchlorid;7;13.08.2016 03:00;1,81825;
Natriumchlorid;4;13.08.2016 03:00;1,03707;
Natriumchlorid;2;13.08.2016 03:00;0,475228;
Natriumchlorid;6;13.08.2016 03:00;0,328926;
Natriumchlorid;1;13.08.2016 03:00;0,250109;
Natriumchlorid;8;13.08.2016 03:00;0,229844;
Natriumchlorid;9;13.08.2016 03:00;0,0990479;
Natriumchlorid;5;13.08.2016 03:00;0,0232052;
Arsen;3;13.08.2016 03:00;1,37948;
Arsen;4;13.08.2016 03:00;1,12943;
Arsen;7;13.08.2016 03:00;0,958755;
Arsen;2;13.08.2016 03:00;0,30443;
Arsen;6;13.08.2016 03:00;0,292617;
Arsen;8;13.08.2016 03:00;0,215326;
Arsen;1;13.08.2016 03:00;0,197514;
Arsen;9;13.08.2016 03:00;0,0535421;
Arsen;5;13.08.2016 03:00;0,00667619;
Benzol;3;13.08.2016 03:00;1,47154;
Benzol;4;13.08.2016 03:00;0,773537;
Benzol;5;13.08.2016 03:00;0,614593;
Benzol;8;13.08.2016 03:00;0,369264;
Benzol;6;13.08.2016 03:00;0,307152;
Benzol;2;13.08.2016 03:00;0,207941;
Benzol;7;13.08.2016 03:00;0,167441;
Benzol;1;13.08.2016 03:00;0,0381418;
Benzol;9;13.08.2016 03:00;0,0359166;
Anilin;4;13.08.2016 03:00;1,0887;
Anilin;3;13.08.2016 03:00;0,757255;
Anilin;6;13.08.2016 03:00;0,490638;
Anilin;7;13.08.2016 03:00;0,424183;
Anilin;2;13.08.2016 03:00;0,407075;
Anilin;9;13.08.2016 03:00;0,291793;
Anilin;8;13.08.2016 03:00;0,218282;
Anilin;5;13.08.2016 03:00;0,144608;
Anilin;1;13.08.2016 03:00;0,0463077;
Natriumchlorid;3;13.08.2016 04:00;6,84874;
Natriumchlorid;4;13.08.2016 04:00;0,87339;
Natriumchlorid;7;13.08.2016 04:00;0,473816;
Natriumchlorid;8;13.08.2016 04:00;0,405309;
Natriumchlorid;5;13.08.2016 04:00;0,278053;
Natriumchlorid;2;13.08.2016 04:00;0,126911;
Natriumchlorid;6;13.08.2016 04:00;0,106032;
Natriumchlorid;1;13.08.2016 04:00;0,0927055;
Natriumchlorid;9;13.08.2016 04:00;0,0501237;
Arsen;4;13.08.2016 04:00;0,932619;
Arsen;5;13.08.2016 04:00;0,747396;
Arsen;3;13.08.2016 04:00;0,683245;
Arsen;6;13.08.2016 04:00;0,547818;
Arsen;1;13.08.2016 04:00;0,209528;
Arsen;8;13.08.2016 04:00;0,200525;
Arsen;2;13.08.2016 04:00;0,18122;
Arsen;9;13.08.2016 04:00;0,0761409;
Arsen;7;13.08.2016 04:00;0,0138231;
Benzol;6;13.08.2016 04:00;4,74857;
Benzol;3;13.08.2016 04:00;1,13208;
Benzol;4;13.08.2016 04:00;0,823921;
Benzol;8;13.08.2016 04:00;0,507665;
Benzol;2;13.08.2016 04:00;0,3428;
Benzol;1;13.08.2016 04:00;0,288676;
Benzol;9;13.08.2016 04:00;0,19479;
Benzol;7;13.08.2016 04:00;0,0601946;
Benzol;5;13.08.2016 04:00;0,0376486;
Anilin;3;13.08.2016 04:00;1,05331;
Anilin;8;13.08.2016 04:00;0,83078;
Anilin;6;13.08.2016 04:00;0,733024;
Anilin;4;13.08.2016 04:00;0,646963;
Anilin;7;13.08.2016 04:00;0,481461;
Anilin;1;13.08.2016 04:00;0,340341;
Anilin;2;13.08.2016 04:00;0,16432;
Anilin;9;13.08.2016 04:00;0,156524;
Anilin;5;13.08.2016 04:00;0,0204936;
Natriumchlorid;4;13.08.2016 05:00;0,784419;
Natriumchlorid;3;13.08.2016 05:00;0,75837;
Natriumchlorid;7;13.08.2016 05:00;0,700315;
Natriumchlorid;2;13.08.2016 05:00;0,632094;
Natriumchlorid;6;13.08.2016 05:00;0,404062;
Natriumchlorid;5;13.08.2016 05:00;0,377965;
Natriumchlorid;8;13.08.2016 05:00;0,255796;
Natriumchlorid;9;13.08.2016 05:00;0,206281;
Natriumchlorid;1;13.08.2016 05:00;0,115608;
Arsen;3;13.08.2016 05:00;1,90097;
Arsen;4;13.08.2016 05:00;1,29675;
Arsen;5;13.08.2016 05:00;0,959724;
Arsen;9;13.08.2016 05:00;0,550185;
Arsen;8;13.08.2016 05:00;0,402372;
Arsen;7;13.08.2016 05:00;0,395936;
Arsen;6;13.08.2016 05:00;0,132373;
Arsen;2;13.08.2016 05:00;0,0639372;
Arsen;1;13.08.2016 05:00;0,00621806;
Benzol;4;13.08.2016 05:00;1,93653;
Benzol;3;13.08.2016 05:00;0,878277;
Benzol;6;13.08.2016 05:00;0,431269;
Benzol;9;13.08.2016 05:00;0,378858;
Benzol;7;13.08.2016 05:00;0,338915;
Benzol;8;13.08.2016 05:00;0,277248;
Benzol;5;13.08.2016 05:00;0,0909016;
Benzol;2;13.08.2016 05:00;0,0719416;
Benzol;1;13.08.2016 05:00;0,0557573;
Anilin;3;13.08.2016 05:00;1,17713;
Anilin;4;13.08.2016 05:00;1,03062;
Anilin;7;13.08.2016 05:00;0,618343;
Anilin;8;13.08.2016 05:00;0,52349;
Anilin;5;13.08.2016 05:00;0,34215;
Anilin;9;13.08.2016 05:00;0,312383;
Anilin;2;13.08.2016 05:00;0,169816;
Anilin;6;13.08.2016 05:00;0,119626;
Anilin;1;13.08.2016 05:00;0,051438;
Natriumchlorid;3;13.08.2016 06:00;1,33645;
Natriumchlorid;4;13.08.2016 06:00;1,16939;
Natriumchlorid;7;13.08.2016 06:00;0,977878;
Natriumchlorid;9;13.08.2016 06:00;0,593378;
Natriumchlorid;6;13.08.2016 06:00;0,378347;
Natriumchlorid;8;13.08.2016 06:00;0,297972;
Natriumchlorid;1;13.08.2016 06:00;0,207277;
Natriumchlorid;2;13.08.2016 06:00;0,1901;
Natriumchlorid;5;13.08.2016 06:00;0,111719;
Arsen;9;13.08.2016 06:00;1,41317;
Arsen;2;13.08.2016 06:00;1,29426;
Arsen;4;13.08.2016 06:00;1,03136;
Arsen;1;13.08.2016 06:00;0,734696;
Arsen;6;13.08.2016 06:00;0,59664;
Arsen;8;13.08.2016 06:00;0,595086;
Arsen;3;13.08.2016 06:00;0,433216;
Arsen;5;13.08.2016 06:00;0,346066;
Arsen;7;13.08.2016 06:00;0,0334549;
Benzol;4;13.08.2016 06:00;5,02654;
Benzol;5;13.08.2016 06:00;0,881866;
Benzol;3;13.08.2016 06:00;0,870917;
Benzol;6;13.08.2016 06:00;0,538041;
Benzol;9;13.08.2016 06:00;0,282106;
Benzol;1;13.08.2016 06:00;0,263674;
Benzol;8;13.08.2016 06:00;0,220175;
Benzol;7;13.08.2016 06:00;0,115307;
Benzol;2;13.08.2016 06:00;0,105793;
Anilin;3;13.08.2016 06:00;2,00905;
Anilin;4;13.08.2016 06:00;1,188;
Anilin;2;13.08.2016 06:00;1,11888;
Anilin;7;13.08.2016 06:00;0,979221;
Anilin;6;13.08.2016 06:00;0,431905;
Anilin;8;13.08.2016 06:00;0,320425;
Anilin;5;13.08.2016 06:00;0,293111;
Anilin;1;13.08.2016 06:00;0,142143;
Anilin;9;13.08.2016 06:00;0,129382;
Natriumchlorid;5;13.08.2016 07:00;6,51219;
Natriumchlorid;3;13.08.2016 07:00;2,51122;
Natriumchlorid;8;13.08.2016 07:00;0,772051;
Natriumchlorid;4;13.08.2016 07:00;0,751682;
Natriumchlorid;6;13.08.2016 07:00;0,528714;
Natriumchlorid;7;13.08.2016 07:00;0,469278;
Natriumchlorid;2;13.08.2016 07:00;0,19616;
Natriumchlorid;1;13.08.2016 07:00;0,120585;
Natriumchlorid;9;13.08.2016 07:00;0,0915112;
Arsen;3;13.08.2016 07:00;1,90265;
Arsen;4;13.08.2016 07:00;1,2713;
Arsen;7;13.08.2016 07:00;0,917942;
Arsen;8;13.08.2016 07:00;0,870669;
Arsen;5;13.08.2016 07:00;0,402938;
Arsen;2;13.08.2016 07:00;0,344367;
Arsen;1;13.08.2016 07:00;0,25987;
Arsen;9;13.08.2016 07:00;0,236578;
Arsen;6;13.08.2016 07:00;0,059527;
Benzol;3;13.08.2016 07:00;1,10012;
Benzol;4;13.08.2016 07:00;0,940828;
Benzol;6;13.08.2016 07:00;0,23727;
Benzol;7;13.08.2016 07:00;0,183164;
Benzol;9;13.08.2016 07:00;0,157415;
Benzol;8;13.08.2016 07:00;0,145575;
Benzol;2;13.08.2016 07:00;0,127186;
Benzol;1;13.08.2016 07:00;0,0978469;
Benzol;5;13.08.2016 07:00;0,0459059;
Anilin;3;13.08.2016 07:00;1,87276;
Anilin;4;13.08.2016 07:00;1,39759;
Anilin;8;13.08.2016 07:00;0,978893;
Anilin;7;13.08.2016 07:00;0,763668;
Anilin;9;13.08.2016 07:00;0,273262;
Anilin;6;13.08.2016 07:00;0,264511;
Anilin;5;13.08.2016 07:00;0,239187;
Anilin;1;13.08.2016 07:00;0,092405;
Anilin;2;13.08.2016 07:00;0,0709398;
Natriumchlorid;4;13.08.2016 08:00;0,99742;
Natriumchlorid;3;13.08.2016 08:00;0,702239;
Natriumchlorid;7;13.08.2016 08:00;0,691698;
Natriumchlorid;5;13.08.2016 08:00;0,663261;
Natriumchlorid;6;13.08.2016 08:00;0,532673;
Natriumchlorid;8;13.08.2016 08:00;0,514343;
Natriumchlorid;9;13.08.2016 08:00;0,391858;
Natriumchlorid;2;13.08.2016 08:00;0,131246;
Natriumchlorid;1;13.08.2016 08:00;0,0314355;
Arsen;3;13.08.2016 08:00;1,32313;
Arsen;4;13.08.2016 08:00;1,02203;
Arsen;7;13.08.2016 08:00;0,744154;
Arsen;8;13.08.2016 08:00;0,609589;
Arsen;2;13.08.2016 08:00;0,398955;
Arsen;9;13.08.2016 08:00;0,326072;
Arsen;6;13.08.2016 08:00;0,260636;
Arsen;1;13.08.2016 08:00;0,193198;
Arsen;5;13.08.2016 08:00;0,145038;
Benzol;7;13.08.2016 08:00;1,24523;
Benzol;4;13.08.2016 08:00;1,16102;
Benzol;8;13.08.2016 08:00;1,10165;
Benzol;3;13.08.2016 08:00;0,745657;
Benzol;2;13.08.2016 08:00;0,626704;
Benzol;6;13.08.2016 08:00;0,525122;
Benzol;9;13.08.2016 08:00;0,429978;
Benzol;1;13.08.2016 08:00;0,256885;
Benzol;5;13.08.2016 08:00;0,125089;
Anilin;4;13.08.2016 08:00;1,1582;
Anilin;2;13.08.2016 08:00;0,82304;
Anilin;6;13.08.2016 08:00;0,802108;
Anilin;1;13.08.2016 08:00;0,3841;
Anilin;3;13.08.2016 08:00;0,3676;
Anilin;9;13.08.2016 08:00;0,258959;
Anilin;5;13.08.2016 08:00;0,203881;
Anilin;7;13.08.2016 08:00;0,190641;
Anilin;8;13.08.2016 08:00;0,0968736;
Natriumchlorid;3;13.08.2016 09:00;85,31459;
Natriumchlorid;3;13.08.2016 09:00;9,29498;
Natriumchlorid;4;13.08.2016 09:00;1,19404;
Natriumchlorid;8;13.08.2016 09:00;1,09093;
Natriumchlorid;6;13.08.2016 09:00;0,459055;
Natriumchlorid;2;13.08.2016 09:00;0,438094;
Natriumchlorid;7;13.08.2016 09:00;0,274743;
Natriumchlorid;5;13.08.2016 09:00;0,180589;
Natriumchlorid;9;13.08.2016 09:00;0,076678;
Natriumchlorid;1;13.08.2016 09:00;0,0659318;
Arsen;5;13.08.2016 09:00;5,09698;
Arsen;7;13.08.2016 09:00;1,47675;
Arsen;4;13.08.2016 09:00;1,14406;
Arsen;3;13.08.2016 09:00;1,07848;
Arsen;8;13.08.2016 09:00;0,604271;
Arsen;2;13.08.2016 09:00;0,503983;
Arsen;6;13.08.2016 09:00;0,415583;
Arsen;1;13.08.2016 09:00;0,398208;
Arsen;9;13.08.2016 09:00;0,0258766;
Benzol;3;13.08.2016 09:00;8,96003;
Benzol;4;13.08.2016 09:00;1,04078;
Benzol;7;13.08.2016 09:00;0,853983;
Benzol;6;13.08.2016 09:00;0,837551;
Benzol;8;13.08.2016 09:00;0,52561;
Benzol;1;13.08.2016 09:00;0,358317;
Benzol;5;13.08.2016 09:00;0,231857;
Benzol;2;13.08.2016 09:00;0,129456;
Benzol;9;13.08.2016 09:00;0,0648764;
Anilin;4;13.08.2016 09:00;1,02226;
Anilin;7;13.08.2016 09:00;0,387731;
Anilin;6;13.08.2016 09:00;0,378239;
Anilin;9;13.08.2016 09:00;0,370721;
Anilin;5;13.08.2016 09:00;0,301693;
Anilin;8;13.08.2016 09:00;0,236026;
Anilin;2;13.08.2016 09:00;0,173558;
Anilin;1;13.08.2016 09:00;0,0871513;
Natriumchlorid;3;13.08.2016 10:00;49,51799;
Natriumchlorid;3;13.08.2016 10:00;5,43842;
Natriumchlorid;4;13.08.2016 10:00;1,31595;
Natriumchlorid;7;13.08.2016 10:00;0,988703;
Natriumchlorid;8;13.08.2016 10:00;0,608466;
Natriumchlorid;6;13.08.2016 10:00;0,528564;
Natriumchlorid;1;13.08.2016 10:00;0,410003;
Natriumchlorid;9;13.08.2016 10:00;0,3956;
Natriumchlorid;5;13.08.2016 10:00;0,372154;
Natriumchlorid;2;13.08.2016 10:00;0,165119;
Arsen;3;13.08.2016 10:00;2,68382;
Arsen;7;13.08.2016 10:00;2,57471;
Arsen;4;13.08.2016 10:00;1,1073;
Arsen;8;13.08.2016 10:00;0,579414;
Arsen;6;13.08.2016 10:00;0,504601;
Arsen;9;13.08.2016 10:00;0,404017;
Arsen;5;13.08.2016 10:00;0,20815;
Arsen;2;13.08.2016 10:00;0,116885;
Arsen;1;13.08.2016 10:00;0,0157127;
Benzol;3;13.08.2016 10:00;5,25744;
Benzol;4;13.08.2016 10:00;0,91746;
Benzol;2;13.08.2016 10:00;0,601694;
Benzol;1;13.08.2016 10:00;0,494329;
Benzol;8;13.08.2016 10:00;0,259675;
Benzol;6;13.08.2016 10:00;0,231209;
Benzol;9;13.08.2016 10:00;0,161849;
Benzol;7;13.08.2016 10:00;0,0132097;
Benzol;5;13.08.2016 10:00;0,00396778;
Anilin;8;13.08.2016 10:00;1,34321;
Anilin;4;13.08.2016 10:00;1,02531;
Anilin;6;13.08.2016 10:00;0,474196;
Anilin;7;13.08.2016 10:00;0,312936;
Anilin;1;13.08.2016 10:00;0,242069;
Anilin;9;13.08.2016 10:00;0,232339;
Anilin;5;13.08.2016 10:00;0,136076;
Anilin;2;13.08.2016 10:00;0,0645083;
Natriumchlorid;3;13.08.2016 11:00;51,70445;
Natriumchlorid;3;13.08.2016 11:00;5,41483;
Natriumchlorid;4;13.08.2016 11:00;1,25412;
Natriumchlorid;5;13.08.2016 11:00;1,16663;
Natriumchlorid;8;13.08.2016 11:00;0,939934;
Natriumchlorid;7;13.08.2016 11:00;0,867594;
Natriumchlorid;6;13.08.2016 11:00;0,522306;
Natriumchlorid;9;13.08.2016 11:00;0,479721;
Natriumchlorid;2;13.08.2016 11:00;0,325353;
Natriumchlorid;1;13.08.2016 11:00;0,0171469;
Arsen;5;13.08.2016 11:00;7,74279;
Arsen;3;13.08.2016 11:00;1,07704;
Arsen;7;13.08.2016 11:00;0,971685;
Arsen;4;13.08.2016 11:00;0,849655;
Arsen;6;13.08.2016 11:00;0,721696;
Arsen;8;13.08.2016 11:00;0,448357;
Arsen;2;13.08.2016 11:00;0,434435;
Arsen;9;13.08.2016 11:00;0,396888;
Arsen;1;13.08.2016 11:00;0,309225;
Benzol;3;13.08.2016 11:00;2,13301;
Benzol;4;13.08.2016 11:00;1,25939;
Benzol;7;13.08.2016 11:00;0,716086;
Benzol;8;13.08.2016 11:00;0,406411;
Benzol;9;13.08.2016 11:00;0,313513;
Benzol;5;13.08.2016 11:00;0,29105;
Benzol;2;13.08.2016 11:00;0,258889;
Benzol;6;13.08.2016 11:00;0,217576;
Benzol;1;13.08.2016 11:00;0,167723;
Anilin;4;13.08.2016 11:00;0,548781;
Anilin;9;13.08.2016 11:00;0,510649;
Anilin;6;13.08.2016 11:00;0,363889;
Anilin;8;13.08.2016 11:00;0,229342;
Anilin;5;13.08.2016 11:00;0,189261;
Anilin;1;13.08.2016 11:00;0,185928;
Anilin;7;13.08.2016 11:00;0,105018;
Anilin;2;13.08.2016 11:00;0,0770872;
Natriumchlorid;3;13.08.2016 12:00;24,40264;
Natriumchlorid;3;13.08.2016 12:00;2,85588;
Natriumchlorid;7;13.08.2016 12:00;1,75405;
Natriumchlorid;4;13.08.2016 12:00;1,39318;
Natriumchlorid;2;13.08.2016 12:00;0,58867;
Natriumchlorid;9;13.08.2016 12:00;0,492399;
Natriumchlorid;5;13.08.2016 12:00;0,429903;
Natriumchlorid;6;13.08.2016 12:00;0,407904;
Natriumchlorid;8;13.08.2016 12:00;0,207564;
Natriumchlorid;1;13.08.2016 12:00;0,0219846;
Arsen;5;13.08.2016 12:00;0,931806;
Arsen;2;13.08.2016 12:00;0,846647;
Arsen;3;13.08.2016 12:00;0,745382;
Arsen;8;13.08.2016 12:00;0,669594;
Arsen;4;13.08.2016 12:00;0,559677;
Arsen;7;13.08.2016 12:00;0,368177;
Arsen;9;13.08.2016 12:00;0,349007;
Arsen;1;13.08.2016 12:00;0,263883;
Arsen;6;13.08.2016 12:00;0,237844;
Benzol;4;13.08.2016 12:00;0,905062;
Benzol;2;13.08.2016 12:00;0,667202;
Benzol;9;13.08.2016 12:00;0,48021;
Benzol;1;13.08.2016 12:00;0,463453;
Benzol;8;13.08.2016 12:00;0,399618;
Benzol;6;13.08.2016 12:00;0,364588;
Benzol;3;13.08.2016 12:00;0,170851;
Benzol;7;13.08.2016 12:00;0,0773594;
Benzol;5;13.08.2016 12:00;0,0732692;
Anilin;4;13.08.2016 12:00;1,13399;
Anilin;7;13.08.2016 12:00;0,779957;
Anilin;6;13.08.2016 12:00;0,625617;
Anilin;2;13.08.2016 12:00;0,371832;
Anilin;1;13.08.2016 12:00;0,316981;
Anilin;8;13.08.2016 12:00;0,273759;
Anilin;9;13.08.2016 12:00;0,264028;
Anilin;5;13.08.2016 12:00;0,12064;
Natriumchlorid;3;13.08.2016 13:00;81,69983;
Natriumchlorid;3;13.08.2016 13:00;8,16364;
Natriumchlorid;4;13.08.2016 13:00;1,23042;
Natriumchlorid;7;13.08.2016 13:00;0,777245;
Natriumchlorid;2;13.08.2016 13:00;0,694528;
Natriumchlorid;5;13.08.2016 13:00;0,653319;
Natriumchlorid;8;13.08.2016 13:00;0,553912;
Natriumchlorid;6;13.08.2016 13:00;0,521183;
Natriumchlorid;9;13.08.2016 13:00;0,306327;
Natriumchlorid;1;13.08.2016 13:00;0,182682;
Arsen;5;13.08.2016 13:00;3,26127;
Arsen;2;13.08.2016 13:00;0,98867;
Arsen;3;13.08.2016 13:00;0,979047;
Arsen;4;13.08.2016 13:00;0,903126;
Arsen;7;13.08.2016 13:00;0,875252;
Arsen;8;13.08.2016 13:00;0,631317;
Arsen;6;13.08.2016 13:00;0,476413;
Arsen;1;13.08.2016 13:00;0,29725;
Arsen;9;13.08.2016 13:00;0,162606;
Benzol;3;13.08.2016 13:00;2,02032;
Benzol;4;13.08.2016 13:00;0,933255;
Benzol;6;13.08.2016 13:00;0,578425;
Benzol;7;13.08.2016 13:00;0,547209;
Benzol;9;13.08.2016 13:00;0,51412;
Benzol;8;13.08.2016 13:00;0,446385;
Benzol;5;13.08.2016 13:00;0,323602;
Benzol;2;13.08.2016 13:00;0,153085;
Benzol;1;13.08.2016 13:00;0,0634897;
Anilin;4;13.08.2016 13:00;1,52669;
Anilin;6;13.08.2016 13:00;0,576091;
Anilin;1;13.08.2016 13:00;0,406739;
Anilin;8;13.08.2016 13:00;0,341578;
Anilin;5;13.08.2016 13:00;0,116042;
Anilin;2;13.08.2016 13:00;0,115925;
Anilin;9;13.08.2016 13:00;0,0501844;
Anilin;7;13.08.2016 13:00;0,0374923;
Natriumchlorid;3;13.08.2016 14:00;16,79864;
Natriumchlorid;3;13.08.2016 14:00;1,90336;
Natriumchlorid;4;13.08.2016 14:00;1,08963;
Natriumchlorid;8;13.08.2016 14:00;0,584981;
Natriumchlorid;9;13.08.2016 14:00;0,439952;
Natriumchlorid;7;13.08.2016 14:00;0,290295;
Natriumchlorid;2;13.08.2016 14:00;0,288629;
Natriumchlorid;1;13.08.2016 14:00;0,242491;
Natriumchlorid;5;13.08.2016 14:00;0,232799;
Natriumchlorid;6;13.08.2016 14:00;0,0420144;
Arsen;7;13.08.2016 14:00;1,53681;
Arsen;4;13.08.2016 14:00;0,929332;
Arsen;3;13.08.2016 14:00;0,577683;
Arsen;8;13.08.2016 14:00;0,418933;
Arsen;5;13.08.2016 14:00;0,36913;
Arsen;6;13.08.2016 14:00;0,304365;
Arsen;2;13.08.2016 14:00;0,153153;
Arsen;1;13.08.2016 14:00;0,0856195;
Arsen;9;13.08.2016 14:00;0,0829826;
Benzol;3;13.08.2016 14:00;1,26964;
Benzol;4;13.08.2016 14:00;1,02667;
Benzol;2;13.08.2016 14:00;0,958508;
Benzol;8;13.08.2016 14:00;0,889016;
Benzol;6;13.08.2016 14:00;0,50432;
Benzol;1;13.08.2016 14:00;0,46411;
Benzol;9;13.08.2016 14:00;0,346654;
Benzol;7;13.08.2016 14:00;0,206376;
Benzol;5;13.08.2016 14:00;0,189746;
Anilin;8;13.08.2016 14:00;1,21079;
Anilin;4;13.08.2016 14:00;1,16816;
Anilin;5;13.08.2016 14:00;0,667372;
Anilin;2;13.08.2016 14:00;0,572145;
Anilin;1;13.08.2016 14:00;0,368267;
Anilin;7;13.08.2016 14:00;0,353684;
Anilin;9;13.08.2016 14:00;0,176915;
Anilin;6;13.08.2016 14:00;0,147615;
Natriumchlorid;3;13.08.2016 15:00;3,32143;
Natriumchlorid;7;13.08.2016 15:00;2,48548;
Natriumchlorid;8;13.08.2016 15:00;1,17403;
Natriumchlorid;4;13.08.2016 15:00;0,863148;
Natriumchlorid;9;13.08.2016 15:00;0,494781;
Natriumchlorid;6;13.08.2016 15:00;0,377916;
Natriumchlorid;1;13.08.2016 15:00;0,226045;
Natriumchlorid;5;13.08.2016 15:00;0,163012;
Natriumchlorid;2;13.08.2016 15:00;0,125662;
Arsen;4;13.08.2016 15:00;1,0329;
Arsen;5;13.08.2016 15:00;0,81565;
Arsen;6;13.08.2016 15:00;0,41408;
Arsen;1;13.08.2016 15:00;0,339052;
Arsen;3;13.08.2016 15:00;0,278337;
Arsen;2;13.08.2016 15:00;0,200811;
Arsen;9;13.08.2016 15:00;0,164122;
Arsen;7;13.08.2016 15:00;0,13542;
Arsen;8;13.08.2016 15:00;0,100323;
Benzol;4;13.08.2016 15:00;1,27275;
Benzol;1;13.08.2016 15:00;0,715516;
Benzol;6;13.08.2016 15:00;0,710853;
Benzol;2;13.08.2016 15:00;0,510366;
Benzol;5;13.08.2016 15:00;0,453374;
Benzol;3;13.08.2016 15:00;0,383982;
Benzol;9;13.08.2016 15:00;0,0830138;
Benzol;7;13.08.2016 15:00;0,0345695;
Benzol;8;13.08.2016 15:00;0,0276235;
Anilin;3;13.08.2016 15:00;4,37735;
Anilin;4;13.08.2016 15:00;1,14742;
Anilin;7;13.08.2016 15:00;1,02567;
Anilin;8;13.08.2016 15:00;0,8784;
Anilin;6;13.08.2016 15:00;0,277029;
Anilin;1;13.08.2016 15:00;0,210018;
Anilin;9;13.08.2016 15:00;0,155833;
Anilin;2;13.08.2016 15:00;0,126906;
Anilin;5;13.08.2016 15:00;0,0512193;
Natriumchlorid;7;13.08.2016 16:00;1,47831;
Natriumchlorid;4;13.08.2016 16:00;0,816309;
Natriumchlorid;2;13.08.2016 16:00;0,73094;
Natriumchlorid;5;13.08.2016 16:00;0,569387;
Natriumchlorid;6;13.08.2016 16:00;0,528658;
Natriumchlorid;9;13.08.2016 16:00;0,443478;
Natriumchlorid;3;13.08.2016 16:00;0,426667;
Natriumchlorid;1;13.08.2016 16:00;0,111442;
Natriumchlorid;8;13.08.2016 16:00;0,0220838;
Arsen;4;13.08.2016 16:00;1,18184;
Arsen;3;13.08.2016 16:00;0,908903;
Arsen;6;13.08.2016 16:00;0,865421;
Arsen;1;13.08.2016 16:00;0,503586;
Arsen;2;13.08.2016 16:00;0,408628;
Arsen;5;13.08.2016 16:00;0,388343;
Arsen;7;13.08.2016 16:00;0,308686;
Arsen;9;13.08.2016 16:00;0,2225;
Arsen;8;13.08.2016 16:00;0,153467;
Benzol;4;13.08.2016 16:00;1,19905;
Benzol;3;13.08.2016 16:00;0,850477;
Benzol;1;13.08.2016 16:00;0,550825;
Benzol;8;13.08.2016 16:00;0,476519;
Benzol;6;13.08.2016 16:00;0,47083;
Benzol;7;13.08.2016 16:00;0,459533;
Benzol;2;13.08.2016 16:00;0,376542;
Benzol;5;13.08.2016 16:00;0,207605;
Benzol;9;13.08.2016 16:00;0,079552;
Anilin;7;13.08.2016 16:00;2,09111;
Anilin;4;13.08.2016 16:00;1,02967;
Anilin;8;13.08.2016 16:00;0,977762;
Anilin;6;13.08.2016 16:00;0,603093;
Anilin;3;13.08.2016 16:00;0,485357;
Anilin;5;13.08.2016 16:00;0,467952;
Anilin;9;13.08.2016 16:00;0,275065;
Anilin;2;13.08.2016 16:00;0,225307;
Anilin;1;13.08.2016 16:00;0,218126;
Natriumchlorid;3;13.08.2016 17:00;57,3504;
Natriumchlorid;3;13.08.2016 17:00;5,63631;
Natriumchlorid;5;13.08.2016 17:00;1,09882;
Natriumchlorid;4;13.08.2016 17:00;0,885388;
Natriumchlorid;7;13.08.2016 17:00;0,571743;
Natriumchlorid;8;13.08.2016 17:00;0,567981;
Natriumchlorid;1;13.08.2016 17:00;0,529466;
Natriumchlorid;2;13.08.2016 17:00;0,456414;
Natriumchlorid;6;13.08.2016 17:00;0,250973;
Natriumchlorid;9;13.08.2016 17:00;0,143927;
Arsen;3;13.08.2016 17:00;2,8044;
Arsen;4;13.08.2016 17:00;1,15726;
Arsen;5;13.08.2016 17:00;1,07095;
Arsen;8;13.08.2016 17:00;0,728966;
Arsen;7;13.08.2016 17:00;0,668714;
Arsen;2;13.08.2016 17:00;0,635344;
Arsen;1;13.08.2016 17:00;0,387896;
Arsen;6;13.08.2016 17:00;0,227621;
Arsen;9;13.08.2016 17:00;0,179393;
Benzol;3;13.08.2016 17:00;1,31405;
Benzol;5;13.08.2016 17:00;0,728219;
Benzol;8;13.08.2016 17:00;0,685279;
Benzol;4;13.08.2016 17:00;0,612784;
Benzol;7;13.08.2016 17:00;0,449832;
Benzol;1;13.08.2016 17:00;0,312669;
Benzol;6;13.08.2016 17:00;0,113016;
Benzol;2;13.08.2016 17:00;0,101887;
Benzol;9;13.08.2016 17:00;0,0317326;
Anilin;7;13.08.2016 17:00;2,29337;
Anilin;2;13.08.2016 17:00;0,837439;
Anilin;4;13.08.2016 17:00;0,812326;
Anilin;5;13.08.2016 17:00;0,615543;
Anilin;6;13.08.2016 17:00;0,240003;
Anilin;1;13.08.2016 17:00;0,156695;
Anilin;8;13.08.2016 17:00;0,12727;
Anilin;9;13.08.2016 17:00;0,0710749;
Natriumchlorid;3;13.08.2016 18:00;16,35287;
Natriumchlorid;3;13.08.2016 18:00;4,17397;
Natriumchlorid;4;13.08.2016 18:00;1,25159;
Natriumchlorid;8;13.08.2016 18:00;0,975599;
Natriumchlorid;6;13.08.2016 18:00;0,451346;
Natriumchlorid;1;13.08.2016 18:00;0,398957;
Natriumchlorid;2;13.08.2016 18:00;0,351904;
Natriumchlorid;9;13.08.2016 18:00;0,314593;
Natriumchlorid;5;13.08.2016 18:00;0,204786;
Natriumchlorid;7;13.08.2016 18:00;0,129956;
Arsen;5;13.08.2016 18:00;1,66905;
Arsen;4;13.08.2016 18:00;1,12862;
Arsen;3;13.08.2016 18:00;0,971553;
Arsen;8;13.08.2016 18:00;0,84527;
Arsen;7;13.08.2016 18:00;0,297888;
Arsen;2;13.08.2016 18:00;0,284576;
Arsen;9;13.08.2016 18:00;0,240928;
Arsen;6;13.08.2016 18:00;0,16928;
Arsen;1;13.08.2016 18:00;0,117628;
Benzol;3;13.08.2016 18:00;2,38663;
Benzol;4;13.08.2016 18:00;1,04395;
Benzol;6;13.08.2016 18:00;0,519478;
Benzol;2;13.08.2016 18:00;0,45225;
Benzol;8;13.08.2016 18:00;0,392334;
Benzol;7;13.08.2016 18:00;0,294669;
Benzol;1;13.08.2016 18:00;0,234746;
Benzol;5;13.08.2016 18:00;0,175223;
Benzol;9;13.08.2016 18:00;0,12523;
Anilin;4;13.08.2016 18:00;0,603293;
Anilin;8;13.08.2016 18:00;0,382813;
Anilin;2;13.08.2016 18:00;0,356447;
Anilin;5;13.08.2016 18:00;0,354005;
Anilin;9;13.08.2016 18:00;0,237014;
Anilin;6;13.08.2016 18:00;0,219608;
Anilin;1;13.08.2016 18:00;0,171036;
Anilin;7;13.08.2016 18:00;0,142443;
Natriumchlorid;3;13.08.2016 19:00;1,69865;
Natriumchlorid;4;13.08.2016 19:00;0,990482;
Natriumchlorid;8;13.08.2016 19:00;0,66569;
Natriumchlorid;9;13.08.2016 19:00;0,440267;
Natriumchlorid;1;13.08.2016 19:00;0,322897;
Natriumchlorid;6;13.08.2016 19:00;0,24536;
Natriumchlorid;7;13.08.2016 19:00;0,188479;
Natriumchlorid;5;13.08.2016 19:00;0,136322;
Natriumchlorid;2;13.08.2016 19:00;0,109501;
Arsen;3;13.08.2016 19:00;1,44776;
Arsen;7;13.08.2016 19:00;1,27907;
Arsen;4;13.08.2016 19:00;1,2441;
Arsen;6;13.08.2016 19:00;0,565386;
Arsen;1;13.08.2016 19:00;0,433027;
Arsen;5;13.08.2016 19:00;0,377779;
Arsen;9;13.08.2016 19:00;0,358527;
Arsen;2;13.08.2016 19:00;0,198026;
Arsen;8;13.08.2016 19:00;0,128444;
Benzol;7;13.08.2016 19:00;1,51153;
Benzol;3;13.08.2016 19:00;1,13901;
Benzol;5;13.08.2016 19:00;0,896217;
Benzol;4;13.08.2016 19:00;0,801933;
Benzol;6;13.08.2016 19:00;0,534528;
Benzol;9;13.08.2016 19:00;0,402402;
Benzol;1;13.08.2016 19:00;0,32133;
Benzol;8;13.08.2016 19:00;0,260716;
Benzol;2;13.08.2016 19:00;0,21685;
Anilin;4;13.08.2016 19:00;1,43093;
Anilin;7;13.08.2016 19:00;0,390965;
Anilin;1;13.08.2016 19:00;0,381729;
Anilin;2;13.08.2016 19:00;0,320061;
Anilin;3;13.08.2016 19:00;0,310631;
Anilin;5;13.08.2016 19:00;0,206109;
Anilin;6;13.08.2016 19:00;0,179653;
Anilin;9;13.08.2016 19:00;0,0806191;
Anilin;8;13.08.2016 19:00;0,0125914;
Natriumchlorid;3;13.08.2016 20:00;11,70377;
Natriumchlorid;3;13.08.2016 20:00;1,51042;
Natriumchlorid;8;13.08.2016 20:00;0,920775;
Natriumchlorid;4;13.08.2016 20:00;0,829175;
Natriumchlorid;6;13.08.2016 20:00;0,616459;
Natriumchlorid;5;13.08.2016 20:00;0,301872;
Natriumchlorid;1;13.08.2016 20:00;0,238213;
Natriumchlorid;9;13.08.2016 20:00;0,230743;
Natriumchlorid;7;13.08.2016 20:00;0,1766;
Natriumchlorid;2;13.08.2016 20:00;0,0323528;
Arsen;7;13.08.2016 20:00;2,92233;
Arsen;5;13.08.2016 20:00;2,62018;
Arsen;3;13.08.2016 20:00;2,11691;
Arsen;4;13.08.2016 20:00;1,02693;
Arsen;6;13.08.2016 20:00;0,487429;
Arsen;1;13.08.2016 20:00;0,427126;
Arsen;9;13.08.2016 20:00;0,359597;
Arsen;2;13.08.2016 20:00;0,264669;
Arsen;8;13.08.2016 20:00;0,147482;
Benzol;8;13.08.2016 20:00;1,05352;
Benzol;4;13.08.2016 20:00;0,968692;
Benzol;3;13.08.2016 20:00;0,787246;
Benzol;7;13.08.2016 20:00;0,703052;
Benzol;6;13.08.2016 20:00;0,650195;
Benzol;5;13.08.2016 20:00;0,476569;
Benzol;9;13.08.2016 20:00;0,449994;
Benzol;1;13.08.2016 20:00;0,379865;
Benzol;2;13.08.2016 20:00;0,0945541;
Anilin;7;13.08.2016 20:00;1,96562;
Anilin;4;13.08.2016 20:00;1,23373;
Anilin;6;13.08.2016 20:00;0,739435;
Anilin;2;13.08.2016 20:00;0,548903;
Anilin;1;13.08.2016 20:00;0,134424;
Anilin;8;13.08.2016 20:00;0,117004;
Anilin;9;13.08.2016 20:00;0,116494;
Anilin;5;13.08.2016 20:00;0,112851;
Natriumchlorid;3;13.08.2016 21:00;11,18791;
Natriumchlorid;3;13.08.2016 21:00;2,35411;
Natriumchlorid;4;13.08.2016 21:00;1,00582;
Natriumchlorid;8;13.08.2016 21:00;0,90921;
Natriumchlorid;6;13.08.2016 21:00;0,856494;
Natriumchlorid;7;13.08.2016 21:00;0,761667;
Natriumchlorid;2;13.08.2016 21:00;0,6401;
Natriumchlorid;9;13.08.2016 21:00;0,404378;
Natriumchlorid;1;13.08.2016 21:00;0,143991;
Natriumchlorid;5;13.08.2016 21:00;0,0197959;
Arsen;5;13.08.2016 21:00;2,00002;
Arsen;3;13.08.2016 21:00;1,70057;
Arsen;4;13.08.2016 21:00;1,14612;
Arsen;9;13.08.2016 21:00;0,461678;
Arsen;6;13.08.2016 21:00;0,379747;
Arsen;2;13.08.2016 21:00;0,274667;
Arsen;7;13.08.2016 21:00;0,189296;
Arsen;8;13.08.2016 21:00;0,0610829;
Arsen;1;13.08.2016 21:00;0,0567873;
Benzol;3;13.08.2016 21:00;1,965;
Benzol;4;13.08.2016 21:00;1,24558;
Benzol;8;13.08.2016 21:00;1,05633;
Benzol;2;13.08.2016 21:00;0,791564;
Benzol;1;13.08.2016 21:00;0,257889;
Benzol;5;13.08.2016 21:00;0,227031;
Benzol;7;13.08.2016 21:00;0,217572;
Benzol;6;13.08.2016 21:00;0,214705;
Benzol;9;13.08.2016 21:00;0,0102403;
Anilin;4;13.08.2016 21:00;1,1289;
Anilin;9;13.08.2016 21:00;0,594655;
Anilin;7;13.08.2016 21:00;0,550702;
Anilin;5;13.08.2016 21:00;0,513601;
Anilin;2;13.08.2016 21:00;0,490792;
Anilin;6;13.08.2016 21:00;0,450034;
Anilin;1;13.08.2016 21:00;0,124968;
Anilin;8;13.08.2016 21:00;0,0458961;
Natriumchlorid;3;13.08.2016 22:00;2,14032;
Natriumchlorid;7;13.08.2016 22:00;1,20819;
Natriumchlorid;4;13.08.2016 22:00;0,981722;
Natriumchlorid;5;13.08.2016 22:00;0,622028;
Natriumchlorid;8;13.08.2016 22:00;0,508712;
Natriumchlorid;2;13.08.2016 22:00;0,304566;
Natriumchlorid;6;13.08.2016 22:00;0,244741;
Natriumchlorid;9;13.08.2016 22:00;0,183342;
Natriumchlorid;1;13.08.2016 22:00;0,0132979;
Arsen;5;13.08.2016 22:00;2,0217;
Arsen;4;13.08.2016 22:00;0,939903;
Arsen;8;13.08.2016 22:00;0,522913;
Arsen;2;13.08.2016 22:00;0,442056;
Arsen;6;13.08.2016 22:00;0,34037;
Arsen;3;13.08.2016 22:00;0,30426;
Arsen;9;13.08.2016 22:00;0,264398;
Arsen;1;13.08.2016 22:00;0,142079;
Arsen;7;13.08.2016 22:00;0,0233009;
Benzol;4;13.08.2016 22:00;0,839412;
Benzol;7;13.08.2016 22:00;0,699433;
Benzol;5;13.08.2016 22:00;0,64063;
Benzol;3;13.08.2016 22:00;0,607606;
Benzol;9;13.08.2016 22:00;0,313333;
Benzol;6;13.08.2016 22:00;0,283962;
Benzol;1;13.08.2016 22:00;0,154295;
Benzol;8;13.08.2016 22:00;0,124656;
Benzol;2;13.08.2016 22:00;0,0160401;
Anilin;3;13.08.2016 22:00;18,2265;
Anilin;4;13.08.2016 22:00;1,17527;
Anilin;8;13.08.2016 22:00;1,02018;
Anilin;7;13.08.2016 22:00;0,642602;
Anilin;6;13.08.2016 22:00;0,414509;
Anilin;9;13.08.2016 22:00;0,41319;
Anilin;1;13.08.2016 22:00;0,387302;
Anilin;2;13.08.2016 22:00;0,336491;
Anilin;5;13.08.2016 22:00;0,173096;
Natriumchlorid;3;13.08.2016 23:00;3,5405;
Natriumchlorid;4;13.08.2016 23:00;1,29169;
Natriumchlorid;8;13.08.2016 23:00;1,07477;
Natriumchlorid;5;13.08.2016 23:00;0,80979;
Natriumchlorid;7;13.08.2016 23:00;0,409531;
Natriumchlorid;6;13.08.2016 23:00;0,164574;
Natriumchlorid;9;13.08.2016 23:00;0,143179;
Natriumchlorid;1;13.08.2016 23:00;0,142796;
Natriumchlorid;2;13.08.2016 23:00;0,117145;
Arsen;5;13.08.2016 23:00;3,31014;
Arsen;3;13.08.2016 23:00;1,78064;
Arsen;4;13.08.2016 23:00;0,709593;
Arsen;7;13.08.2016 23:00;0,63101;
Arsen;8;13.08.2016 23:00;0,626702;
Arsen;1;13.08.2016 23:00;0,564604;
Arsen;9;13.08.2016 23:00;0,436932;
Arsen;6;13.08.2016 23:00;0,327555;
Arsen;2;13.08.2016 23:00;0,11284;
Benzol;3;13.08.2016 23:00;1,35767;
Benzol;2;13.08.2016 23:00;0,881337;
Benzol;4;13.08.2016 23:00;0,82864;
Benzol;5;13.08.2016 23:00;0,431684;
Benzol;1;13.08.2016 23:00;0,415281;
Benzol;9;13.08.2016 23:00;0,334739;
Benzol;7;13.08.2016 23:00;0,271866;
Benzol;8;13.08.2016 23:00;0,11779;
Benzol;6;13.08.2016 23:00;0,0941187;
Anilin;3;13.08.2016 23:00;14,53557;
Anilin;7;13.08.2016 23:00;2,92233;
Anilin;4;13.08.2016 23:00;1,02861;
Anilin;6;13.08.2016 23:00;0,584007;
Anilin;2;13.08.2016 23:00;0,450522;
Anilin;9;13.08.2016 23:00;0,341714;
Anilin;1;13.08.2016 23:00;0,214908;
Anilin;8;13.08.2016 23:00;0,156125;
Anilin;5;13.08.2016 23:00;0,148148;
Natriumchlorid;3;14.08.2016 00:00;2,97397;
Natriumchlorid;4;14.08.2016 00:00;0,979121;
Natriumchlorid;5;14.08.2016 00:00;0,855234;
Natriumchlorid;2;14.08.2016 00:00;0,187612;
Natriumchlorid;8;14.08.2016 00:00;0,168068;
Natriumchlorid;7;14.08.2016 00:00;0,155704;
Natriumchlorid;9;14.08.2016 00:00;0,149081;
Natriumchlorid;1;14.08.2016 00:00;0,0707958;
Natriumchlorid;6;14.08.2016 00:00;0,00262721;
Arsen;3;14.08.2016 00:00;1,95029;
Arsen;4;14.08.2016 00:00;1,08656;
Arsen;5;14.08.2016 00:00;0,91594;
Arsen;7;14.08.2016 00:00;0,85105;
Arsen;1;14.08.2016 00:00;0,575445;
Arsen;2;14.08.2016 00:00;0,320918;
Arsen;6;14.08.2016 00:00;0,240655;
Arsen;8;14.08.2016 00:00;0,207268;
Arsen;9;14.08.2016 00:00;0,160992;
Benzol;4;14.08.2016 00:00;0,690746;
Benzol;5;14.08.2016 00:00;0,478038;
Benzol;7;14.08.2016 00:00;0,325356;
Benzol;8;14.08.2016 00:00;0,310788;
Benzol;2;14.08.2016 00:00;0,241029;
Benzol;6;14.08.2016 00:00;0,116486;
Benzol;3;14.08.2016 00:00;0,107411;
Benzol;1;14.08.2016 00:00;0,0795702;
Benzol;9;14.08.2016 00:00;0,00956727;
Anilin;3;14.08.2016 00:00;25,88811;
Anilin;4;14.08.2016 00:00;0,91805;
Anilin;2;14.08.2016 00:00;0,598271;
Anilin;6;14.08.2016 00:00;0,243414;
Anilin;1;14.08.2016 00:00;0,193426;
Anilin;7;14.08.2016 00:00;0,164225;
Anilin;8;14.08.2016 00:00;0,148602;
Anilin;9;14.08.2016 00:00;0,100854;
Anilin;5;14.08.2016 00:00;0,0770298;
Natriumchlorid;3;14.08.2016 01:00;2,00124;
Natriumchlorid;4;14.08.2016 01:00;1,08571;
Natriumchlorid;6;14.08.2016 01:00;0,886994;
Natriumchlorid;7;14.08.2016 01:00;0,859141;
Natriumchlorid;8;14.08.2016 01:00;0,458082;
Natriumchlorid;5;14.08.2016 01:00;0,438129;
Natriumchlorid;9;14.08.2016 01:00;0,297698;
Natriumchlorid;2;14.08.2016 01:00;0,23175;
Natriumchlorid;1;14.08.2016 01:00;0,0985088;
Arsen;3;14.08.2016 01:00;1,33756;
Arsen;4;14.08.2016 01:00;1,22334;
Arsen;7;14.08.2016 01:00;0,732497;
Arsen;8;14.08.2016 01:00;0,493786;
Arsen;2;14.08.2016 01:00;0,439467;
Arsen;6;14.08.2016 01:00;0,350565;
Arsen;1;14.08.2016 01:00;0,141057;
Arsen;5;14.08.2016 01:00;0,0990558;
Arsen;9;14.08.2016 01:00;0,0459789;
Benzol;3;14.08.2016 01:00;1,24895;
Benzol;4;14.08.2016 01:00;1,18355;
Benzol;7;14.08.2016 01:00;0,611867;
Benzol;9;14.08.2016 01:00;0,563962;
Benzol;2;14.08.2016 01:00;0,446755;
Benzol;6;14.08.2016 01:00;0,413022;
Benzol;8;14.08.2016 01:00;0,376226;
Benzol;5;14.08.2016 01:00;0,308378;
Benzol;1;14.08.2016 01:00;0,0984217;
Anilin;3;14.08.2016 01:00;1,38915;
Anilin;4;14.08.2016 01:00;1,27504;
Anilin;7;14.08.2016 01:00;0,871952;
Anilin;6;14.08.2016 01:00;0,660959;
Anilin;8;14.08.2016 01:00;0,512686;
Anilin;5;14.08.2016 01:00;0,378265;
Anilin;9;14.08.2016 01:00;0,246962;
Anilin;1;14.08.2016 01:00;0,158338;
Anilin;2;14.08.2016 01:00;0,0312809;
Natriumchlorid;4;14.08.2016 02:00;1,04687;
Natriumchlorid;7;14.08.2016 02:00;0,558924;
Natriumchlorid;5;14.08.2016 02:00;0,517008;
Natriumchlorid;9;14.08.2016 02:00;0,505832;
Natriumchlorid;1;14.08.2016 02:00;0,476463;
Natriumchlorid;6;14.08.2016 02:00;0,450303;
Natriumchlorid;3;14.08.2016 02:00;0,369998;
Natriumchlorid;2;14.08.2016 02:00;0,13647;
Natriumchlorid;8;14.08.2016 02:00;0,118074;
Arsen;4;14.08.2016 02:00;1,14437;
Arsen;3;14.08.2016 02:00;0,730811;
Arsen;5;14.08.2016 02:00;0,636146;
Arsen;7;14.08.2016 02:00;0,298857;
Arsen;6;14.08.2016 02:00;0,293958;
Arsen;2;14.08.2016 02:00;0,219239;
Arsen;8;14.08.2016 02:00;0,200101;
Arsen;1;14.08.2016 02:00;0,196823;
Arsen;9;14.08.2016 02:00;0,0901703;
Benzol;4;14.08.2016 02:00;0,974245;
Benzol;6;14.08.2016 02:00;0,41477;
Benzol;8;14.08.2016 02:00;0,195985;
Benzol;9;14.08.2016 02:00;0,136487;
Benzol;7;14.08.2016 02:00;0,126385;
Benzol;2;14.08.2016 02:00;0,0974075;
Benzol;1;14.08.2016 02:00;0,0971128;
Benzol;5;14.08.2016 02:00;0,0832986;
Benzol;3;14.08.2016 02:00;0,0480129;
Anilin;4;14.08.2016 02:00;1,30252;
Anilin;2;14.08.2016 02:00;0,78596;
Anilin;5;14.08.2016 02:00;0,728049;
Anilin;3;14.08.2016 02:00;0,370441;
Anilin;1;14.08.2016 02:00;0,366076;
Anilin;6;14.08.2016 02:00;0,300297;
Anilin;8;14.08.2016 02:00;0,127017;
Anilin;7;14.08.2016 02:00;0,105771;
Anilin;9;14.08.2016 02:00;0,0689618;
Natriumchlorid;5;14.08.2016 03:00;4,13084;
Natriumchlorid;8;14.08.2016 03:00;0,991108;
Natriumchlorid;4;14.08.2016 03:00;0,95373;
Natriumchlorid;9;14.08.2016 03:00;0,656701;
Natriumchlorid;6;14.08.2016 03:00;0,492712;
Natriumchlorid;2;14.08.2016 03:00;0,474685;
Natriumchlorid;3;14.08.2016 03:00;0,335235;
Natriumchlorid;1;14.08.2016 03:00;0,269203;
Natriumchlorid;7;14.08.2016 03:00;0,215256;
Arsen;4;14.08.2016 03:00;0,908581;
Arsen;5;14.08.2016 03:00;0,567793;
Arsen;2;14.08.2016 03:00;0,50032;
Arsen;6;14.08.2016 03:00;0,427172;
Arsen;9;14.08.2016 03:00;0,405179;
Arsen;1;14.08.2016 03:00;0,312347;
Arsen;8;14.08.2016 03:00;0,305258;
Arsen;3;14.08.2016 03:00;0,204998;
Arsen;7;14.08.2016 03:00;0,118027;
Benzol;7;14.08.2016 03:00;1,41838;
Benzol;4;14.08.2016 03:00;1,01213;
Benzol;2;14.08.2016 03:00;0,746397;
Benzol;5;14.08.2016 03:00;0,737968;
Benzol;3;14.08.2016 03:00;0,609644;
Benzol;8;14.08.2016 03:00;0,239045;
Benzol;6;14.08.2016 03:00;0,192004;
Benzol;9;14.08.2016 03:00;0,113858;
Benzol;1;14.08.2016 03:00;0,0431226;
Anilin;4;14.08.2016 03:00;1,54981;
Anilin;5;14.08.2016 03:00;0,547316;
Anilin;6;14.08.2016 03:00;0,49278;
Anilin;3;14.08.2016 03:00;0,435125;
Anilin;9;14.08.2016 03:00;0,302223;
Anilin;1;14.08.2016 03:00;0,175837;
Anilin;7;14.08.2016 03:00;0,0970643;
Anilin;8;14.08.2016 03:00;0,0744816;
Anilin;2;14.08.2016 03:00;0,0268918;
Natriumchlorid;3;14.08.2016 04:00;3,27152;
Natriumchlorid;5;14.08.2016 04:00;2,0759;
Natriumchlorid;4;14.08.2016 04:00;1,00448;
Natriumchlorid;6;14.08.2016 04:00;0,508143;
Natriumchlorid;2;14.08.2016 04:00;0,458032;
Natriumchlorid;8;14.08.2016 04:00;0,38808;
Natriumchlorid;7;14.08.2016 04:00;0,352944;
Natriumchlorid;9;14.08.2016 04:00;0,242914;
Natriumchlorid;1;14.08.2016 04:00;0,0135139;
Arsen;4;14.08.2016 04:00;1,22291;
Arsen;6;14.08.2016 04:00;0,449782;
Arsen;8;14.08.2016 04:00;0,346892;
Arsen;5;14.08.2016 04:00;0,288636;
Arsen;3;14.08.2016 04:00;0,242643;
Arsen;7;14.08.2016 04:00;0,241825;
Arsen;1;14.08.2016 04:00;0,184478;
Arsen;2;14.08.2016 04:00;0,176287;
Arsen;9;14.08.2016 04:00;0,0223252;
Benzol;7;14.08.2016 04:00;1,80961;
Benzol;4;14.08.2016 04:00;0,836107;
Benzol;5;14.08.2016 04:00;0,604933;
Benzol;2;14.08.2016 04:00;0,510959;
Benzol;8;14.08.2016 04:00;0,315018;
Benzol;1;14.08.2016 04:00;0,212962;
Benzol;3;14.08.2016 04:00;0,204053;
Benzol;9;14.08.2016 04:00;0,134068;
Benzol;6;14.08.2016 04:00;0,0499564;
Anilin;4;14.08.2016 04:00;1,142;
Anilin;7;14.08.2016 04:00;1,13836;
Anilin;3;14.08.2016 04:00;0,572664;
Anilin;6;14.08.2016 04:00;0,525047;
Anilin;5;14.08.2016 04:00;0,30691;
Anilin;2;14.08.2016 04:00;0,304749;
Anilin;9;14.08.2016 04:00;0,212976;
Anilin;8;14.08.2016 04:00;0,194298;
Anilin;1;14.08.2016 04:00;0,0531324;
Natriumchlorid;2;14.08.2016 05:00;1,11718;
Natriumchlorid;4;14.08.2016 05:00;1,09437;
Natriumchlorid;7;14.08.2016 05:00;1,09017;
Natriumchlorid;5;14.08.2016 05:00;0,843478;
Natriumchlorid;6;14.08.2016 05:00;0,746834;
Natriumchlorid;8;14.08.2016 05:00;0,688723;
Natriumchlorid;3;14.08.2016 05:00;0,147596;
Natriumchlorid;9;14.08.2016 05:00;0,0539856;
Natriumchlorid;1;14.08.2016 05:00;0,0197454;
Arsen;8;14.08.2016 05:00;1,36874;
Arsen;4;14.08.2016 05:00;0,988464;
Arsen;5;14.08.2016 05:00;0,581942;
Arsen;6;14.08.2016 05:00;0,548684;
Arsen;1;14.08.2016 05:00;0,402326;
Arsen;2;14.08.2016 05:00;0,291221;
Arsen;3;14.08.2016 05:00;0,285401;
Arsen;7;14.08.2016 05:00;0,220121;
Arsen;9;14.08.2016 05:00;0,0499211;
Benzol;3;14.08.2016 05:00;2,0944;
Benzol;2;14.08.2016 05:00;1,23447;
Benzol;4;14.08.2016 05:00;1,17406;
Benzol;7;14.08.2016 05:00;0,965549;
Benzol;1;14.08.2016 05:00;0,564122;
Benzol;8;14.08.2016 05:00;0,386968;
Benzol;9;14.08.2016 05:00;0,354805;
Benzol;5;14.08.2016 05:00;0,235207;
Benzol;6;14.08.2016 05:00;0,198667;
Anilin;4;14.08.2016 05:00;0,794774;
Anilin;8;14.08.2016 05:00;0,541725;
Anilin;3;14.08.2016 05:00;0,501779;
Anilin;6;14.08.2016 05:00;0,216437;
Anilin;5;14.08.2016 05:00;0,187694;
Anilin;7;14.08.2016 05:00;0,179492;
Anilin;9;14.08.2016 05:00;0,137147;
Anilin;2;14.08.2016 05:00;0,131591;
Anilin;1;14.08.2016 05:00;0,126722;
Natriumchlorid;4;14.08.2016 06:00;7,50594;
Natriumchlorid;4;14.08.2016 06:00;1,62108;
Natriumchlorid;3;14.08.2016 06:00;1,11802;
Natriumchlorid;5;14.08.2016 06:00;0,802352;
Natriumchlorid;8;14.08.2016 06:00;0,500922;
Natriumchlorid;2;14.08.2016 06:00;0,368917;
Natriumchlorid;9;14.08.2016 06:00;0,316256;
Natriumchlorid;7;14.08.2016 06:00;0,272744;
Natriumchlorid;6;14.08.2016 06:00;0,163684;
Natriumchlorid;1;14.08.2016 06:00;0,0475996;
Arsen;3;14.08.2016 06:00;2,26307;
Arsen;9;14.08.2016 06:00;2,19174;
Arsen;4;14.08.2016 06:00;1,30464;
Arsen;8;14.08.2016 06:00;0,718053;
Arsen;7;14.08.2016 06:00;0,44383;
Arsen;5;14.08.2016 06:00;0,307841;
Arsen;6;14.08.2016 06:00;0,191372;
Arsen;2;14.08.2016 06:00;0,16263;
Arsen;1;14.08.2016 06:00;0,0810293;
Benzol;4;14.08.2016 06:00;5,37362;
Benzol;3;14.08.2016 06:00;2,89735;
Benzol;9;14.08.2016 06:00;0,622013;
Benzol;5;14.08.2016 06:00;0,512058;
Benzol;1;14.08.2016 06:00;0,47734;
Benzol;2;14.08.2016 06:00;0,435817;
Benzol;6;14.08.2016 06:00;0,357524;
Benzol;8;14.08.2016 06:00;0,245494;
Benzol;7;14.08.2016 06:00;0,153611;
Anilin;7;14.08.2016 06:00;2,96521;
Anilin;5;14.08.2016 06:00;1,35449;
Anilin;3;14.08.2016 06:00;1,0389;
Anilin;8;14.08.2016 06:00;0,898654;
Anilin;2;14.08.2016 06:00;0,686571;
Anilin;6;14.08.2016 06:00;0,319589;
Anilin;9;14.08.2016 06:00;0,131657;
Anilin;1;14.08.2016 06:00;0,129659;
Natriumchlorid;4;14.08.2016 07:00;7,283;
Natriumchlorid;4;14.08.2016 07:00;1,75301;
Natriumchlorid;3;14.08.2016 07:00;1,13701;
Natriumchlorid;7;14.08.2016 07:00;0,449161;
Natriumchlorid;6;14.08.2016 07:00;0,384048;
Natriumchlorid;5;14.08.2016 07:00;0,171387;
Natriumchlorid;8;14.08.2016 07:00;0,124695;
Natriumchlorid;9;14.08.2016 07:00;0,10047;
Natriumchlorid;1;14.08.2016 07:00;0,0427732;
Natriumchlorid;2;14.08.2016 07:00;0,0030853;
Arsen;9;14.08.2016 07:00;1,30517;
Arsen;3;14.08.2016 07:00;1,19516;
Arsen;4;14.08.2016 07:00;1,0749;
Arsen;5;14.08.2016 07:00;0,634331;
Arsen;6;14.08.2016 07:00;0,436967;
Arsen;8;14.08.2016 07:00;0,41832;
Arsen;7;14.08.2016 07:00;0,411159;
Arsen;2;14.08.2016 07:00;0,219607;
Arsen;1;14.08.2016 07:00;0,0558965;
Benzol;3;14.08.2016 07:00;1,995;
Benzol;4;14.08.2016 07:00;1,68235;
Benzol;6;14.08.2016 07:00;0,513819;
Benzol;5;14.08.2016 07:00;0,384106;
Benzol;9;14.08.2016 07:00;0,295497;
Benzol;8;14.08.2016 07:00;0,270494;
Benzol;7;14.08.2016 07:00;0,149248;
Benzol;1;14.08.2016 07:00;0,126329;
Benzol;2;14.08.2016 07:00;0,0798597;
Anilin;3;14.08.2016 07:00;1,67302;
Anilin;6;14.08.2016 07:00;0,529204;
Anilin;5;14.08.2016 07:00;0,270985;
Anilin;7;14.08.2016 07:00;0,259431;
Anilin;8;14.08.2016 07:00;0,210067;
Anilin;2;14.08.2016 07:00;0,151101;
Anilin;1;14.08.2016 07:00;0,0294106;
Anilin;9;14.08.2016 07:00;0,0128637;
Natriumchlorid;4;14.08.2016 08:00;0,919927;
Natriumchlorid;8;14.08.2016 08:00;0,864488;
Natriumchlorid;3;14.08.2016 08:00;0,627307;
Natriumchlorid;2;14.08.2016 08:00;0,575231;
Natriumchlorid;6;14.08.2016 08:00;0,316644;
Natriumchlorid;1;14.08.2016 08:00;0,223732;
Natriumchlorid;7;14.08.2016 08:00;0,192185;
Natriumchlorid;5;14.08.2016 08:00;0,0486893;
Natriumchlorid;9;14.08.2016 08:00;0,0052825;
Arsen;4;14.08.2016 08:00;1,1875;
Arsen;5;14.08.2016 08:00;0,70883;
Arsen;6;14.08.2016 08:00;0,70603;
Arsen;2;14.08.2016 08:00;0,704159;
Arsen;8;14.08.2016 08:00;0,683742;
Arsen;3;14.08.2016 08:00;0,550693;
Arsen;1;14.08.2016 08:00;0,511213;
Arsen;7;14.08.2016 08:00;0,109914;
Arsen;9;14.08.2016 08:00;0,0697383;
Benzol;4;14.08.2016 08:00;0,928265;
Benzol;3;14.08.2016 08:00;0,880082;
Benzol;5;14.08.2016 08:00;0,629107;
Benzol;8;14.08.2016 08:00;0,604934;
Benzol;7;14.08.2016 08:00;0,377734;
Benzol;1;14.08.2016 08:00;0,334394;
Benzol;6;14.08.2016 08:00;0,250002;
Benzol;2;14.08.2016 08:00;0,0903668;
Benzol;9;14.08.2016 08:00;0,00551579;
Anilin;3;14.08.2016 08:00;2,86069;
Anilin;7;14.08.2016 08:00;0,855503;
Anilin;8;14.08.2016 08:00;0,748858;
Anilin;4;14.08.2016 08:00;0,69467;
Anilin;6;14.08.2016 08:00;0,586025;
Anilin;1;14.08.2016 08:00;0,455433;
Anilin;5;14.08.2016 08:00;0,381955;
Anilin;9;14.08.2016 08:00;0,132176;
Anilin;2;14.08.2016 08:00;0,0600661;
Natriumchlorid;4;14.08.2016 09:00;0,928321;
Natriumchlorid;6;14.08.2016 09:00;0,76846;
Natriumchlorid;9;14.08.2016 09:00;0,507268;
Natriumchlorid;3;14.08.2016 09:00;0,333983;
Natriumchlorid;1;14.08.2016 09:00;0,248568;
Natriumchlorid;5;14.08.2016 09:00;0,238874;
Natriumchlorid;7;14.08.2016 09:00;0,153888;
Natriumchlorid;2;14.08.2016 09:00;0,0709398;
Natriumchlorid;8;14.08.2016 09:00;0,053196;
Arsen;3;14.08.2016 09:00;1,23303;
Arsen;8;14.08.2016 09:00;1,05633;
Arsen;5;14.08.2016 09:00;0,721919;
Arsen;4;14.08.2016 09:00;0,569285;
Arsen;7;14.08.2016 09:00;0,536874;
Arsen;1;14.08.2016 09:00;0,495144;
Arsen;6;14.08.2016 09:00;0,253166;
Arsen;2;14.08.2016 09:00;0,186537;
Arsen;9;14.08.2016 09:00;0,116126;
Benzol;4;14.08.2016 09:00;1,28054;
Benzol;7;14.08.2016 09:00;0,947937;
Benzol;3;14.08.2016 09:00;0,727136;
Benzol;5;14.08.2016 09:00;0,610916;
Benzol;6;14.08.2016 09:00;0,326803;
Benzol;1;14.08.2016 09:00;0,230728;
Benzol;9;14.08.2016 09:00;0,185829;
Benzol;8;14.08.2016 09:00;0,0858705;
Benzol;2;14.08.2016 09:00;0,0517336;
Anilin;3;14.08.2016 09:00;1,27642;
Anilin;4;14.08.2016 09:00;0,984263;
Anilin;5;14.08.2016 09:00;0,849977;
Anilin;7;14.08.2016 09:00;0,64224;
Anilin;6;14.08.2016 09:00;0,517054;
Anilin;8;14.08.2016 09:00;0,406135;
Anilin;1;14.08.2016 09:00;0,225659;
Anilin;2;14.08.2016 09:00;0,158082;
Anilin;9;14.08.2016 09:00;0,0285315;
Natriumchlorid;2;14.08.2016 10:00;1,02904;
Natriumchlorid;4;14.08.2016 10:00;0,796081;
Natriumchlorid;8;14.08.2016 10:00;0,696964;
Natriumchlorid;5;14.08.2016 10:00;0,634716;
Natriumchlorid;7;14.08.2016 10:00;0,574257;
Natriumchlorid;9;14.08.2016 10:00;0,37209;
Natriumchlorid;6;14.08.2016 10:00;0,359884;
Natriumchlorid;3;14.08.2016 10:00;0,225427;
Natriumchlorid;1;14.08.2016 10:00;0,0767815;
Arsen;7;14.08.2016 10:00;0,957925;
Arsen;4;14.08.2016 10:00;0,89639;
Arsen;8;14.08.2016 10:00;0,832258;
Arsen;5;14.08.2016 10:00;0,65757;
Arsen;3;14.08.2016 10:00;0,633919;
Arsen;2;14.08.2016 10:00;0,572995;
Arsen;6;14.08.2016 10:00;0,354531;
Arsen;9;14.08.2016 10:00;0,333666;
Arsen;1;14.08.2016 10:00;0,19264;
Benzol;4;14.08.2016 10:00;1,0646;
Benzol;3;14.08.2016 10:00;0,991337;
Benzol;7;14.08.2016 10:00;0,824558;
Benzol;5;14.08.2016 10:00;0,702953;
Benzol;1;14.08.2016 10:00;0,533945;
Benzol;8;14.08.2016 10:00;0,476394;
Benzol;6;14.08.2016 10:00;0,291644;
Benzol;9;14.08.2016 10:00;0,162457;
Benzol;2;14.08.2016 10:00;0,0903031;
Anilin;3;14.08.2016 10:00;1,39213;
Anilin;4;14.08.2016 10:00;0,949013;
Anilin;7;14.08.2016 10:00;0,390142;
Anilin;6;14.08.2016 10:00;0,251215;
Anilin;2;14.08.2016 10:00;0,22911;
Anilin;8;14.08.2016 10:00;0,167697;
Anilin;9;14.08.2016 10:00;0,130301;
Anilin;1;14.08.2016 10:00;0,101819;
Anilin;5;14.08.2016 10:00;0,011655;
Natriumchlorid;9;14.08.2016 11:00;6,07877;
Natriumchlorid;5;14.08.2016 11:00;2,83258;
Natriumchlorid;4;14.08.2016 11:00;0,9332;
Natriumchlorid;3;14.08.2016 11:00;0,764991;
Natriumchlorid;5;14.08.2016 11:00;0,607769;
Natriumchlorid;6;14.08.2016 11:00;0,525085;
Natriumchlorid;2;14.08.2016 11:00;0,405388;
Natriumchlorid;7;14.08.2016 11:00;0,357123;
Natriumchlorid;8;14.08.2016 11:00;0,226657;
Natriumchlorid;1;14.08.2016 11:00;0,0481997;
Arsen;3;14.08.2016 11:00;4,77263;
Arsen;4;14.08.2016 11:00;1,16324;
Arsen;8;14.08.2016 11:00;0,565311;
Arsen;6;14.08.2016 11:00;0,44354;
Arsen;2;14.08.2016 11:00;0,373949;
Arsen;7;14.08.2016 11:00;0,305785;
Arsen;1;14.08.2016 11:00;0,304636;
Arsen;5;14.08.2016 11:00;0,271282;
Arsen;9;14.08.2016 11:00;0,176391;
Benzol;3;14.08.2016 11:00;1,83023;
Benzol;8;14.08.2016 11:00;0,707837;
Benzol;4;14.08.2016 11:00;0,693926;
Benzol;6;14.08.2016 11:00;0,416934;
Benzol;1;14.08.2016 11:00;0,29844;
Benzol;2;14.08.2016 11:00;0,127852;
Benzol;5;14.08.2016 11:00;0,123748;
Benzol;9;14.08.2016 11:00;0,103249;
Benzol;7;14.08.2016 11:00;0,0100014;
Anilin;3;14.08.2016 11:00;2,48395;
Anilin;4;14.08.2016 11:00;1,11356;
Anilin;6;14.08.2016 11:00;0,605334;
Anilin;8;14.08.2016 11:00;0,384926;
Anilin;1;14.08.2016 11:00;0,379979;
Anilin;2;14.08.2016 11:00;0,298389;
Anilin;7;14.08.2016 11:00;0,251974;
Anilin;9;14.08.2016 11:00;0,00360826;
Natriumchlorid;5;14.08.2016 12:00;16,24166;
Natriumchlorid;5;14.08.2016 12:00;1,88941;
Natriumchlorid;7;14.08.2016 12:00;1,58958;
Natriumchlorid;3;14.08.2016 12:00;1,41552;
Natriumchlorid;4;14.08.2016 12:00;0,987066;
Natriumchlorid;6;14.08.2016 12:00;0,700475;
Natriumchlorid;8;14.08.2016 12:00;0,468866;
Natriumchlorid;2;14.08.2016 12:00;0,449463;
Natriumchlorid;1;14.08.2016 12:00;0,18707;
Natriumchlorid;9;14.08.2016 12:00;0,0398897;
Arsen;4;14.08.2016 12:00;1,06601;
Arsen;5;14.08.2016 12:00;0,827869;
Arsen;3;14.08.2016 12:00;0,587285;
Arsen;2;14.08.2016 12:00;0,47904;
Arsen;1;14.08.2016 12:00;0,465988;
Arsen;6;14.08.2016 12:00;0,450856;
Arsen;7;14.08.2016 12:00;0,432352;
Arsen;9;14.08.2016 12:00;0,429415;
Arsen;8;14.08.2016 12:00;0,250867;
Benzol;3;14.08.2016 12:00;1,98156;
Benzol;4;14.08.2016 12:00;1,04047;
Benzol;8;14.08.2016 12:00;0,899655;
Benzol;2;14.08.2016 12:00;0,545247;
Benzol;9;14.08.2016 12:00;0,478465;
Benzol;6;14.08.2016 12:00;0,298021;
Benzol;5;14.08.2016 12:00;0,167407;
Benzol;7;14.08.2016 12:00;0,115909;
Benzol;1;14.08.2016 12:00;0,0910587;
Anilin;4;14.08.2016 12:00;1,36796;
Anilin;7;14.08.2016 12:00;0,911506;
Anilin;8;14.08.2016 12:00;0,407543;
Anilin;1;14.08.2016 12:00;0,397087;
Anilin;9;14.08.2016 12:00;0,383727;
Anilin;6;14.08.2016 12:00;0,184774;
Anilin;3;14.08.2016 12:00;0,0522754;
Anilin;2;14.08.2016 12:00;0,0165707;
Natriumchlorid;4;14.08.2016 13:00;1,02765;
Natriumchlorid;3;14.08.2016 13:00;0,92914;
Natriumchlorid;8;14.08.2016 13:00;0,597606;
Natriumchlorid;7;14.08.2016 13:00;0,220409;
Natriumchlorid;9;14.08.2016 13:00;0,208915;
Natriumchlorid;2;14.08.2016 13:00;0,14575;
Natriumchlorid;6;14.08.2016 13:00;0,126217;
Natriumchlorid;1;14.08.2016 13:00;0,111037;
Natriumchlorid;5;14.08.2016 13:00;0,053066;
Arsen;3;14.08.2016 13:00;2,02903;
Arsen;4;14.08.2016 13:00;0,8986;
Arsen;7;14.08.2016 13:00;0,851254;
Arsen;5;14.08.2016 13:00;0,440285;
Arsen;6;14.08.2016 13:00;0,394193;
Arsen;2;14.08.2016 13:00;0,351814;
Arsen;8;14.08.2016 13:00;0,12983;
Arsen;1;14.08.2016 13:00;0,104125;
Arsen;9;14.08.2016 13:00;0,0239541;
Benzol;5;14.08.2016 13:00;1,5545;
Benzol;4;14.08.2016 13:00;1,04554;
Benzol;1;14.08.2016 13:00;0,594015;
Benzol;3;14.08.2016 13:00;0,509273;
Benzol;7;14.08.2016 13:00;0,480489;
Benzol;6;14.08.2016 13:00;0,289351;
Benzol;2;14.08.2016 13:00;0,261269;
Benzol;9;14.08.2016 13:00;0,176484;
Benzol;8;14.08.2016 13:00;0,113812;
Anilin;3;14.08.2016 13:00;2,88729;
Anilin;7;14.08.2016 13:00;2,24869;
Anilin;8;14.08.2016 13:00;0,753582;
Anilin;4;14.08.2016 13:00;0,63469;
Anilin;1;14.08.2016 13:00;0,266367;
Anilin;9;14.08.2016 13:00;0,265398;
Anilin;6;14.08.2016 13:00;0,226888;
Anilin;2;14.08.2016 13:00;0,144051;
Anilin;5;14.08.2016 13:00;0,10792;
Natriumchlorid;9;14.08.2016 14:00;8,5559;
Natriumchlorid;3;14.08.2016 14:00;2,41305;
Natriumchlorid;4;14.08.2016 14:00;1,224;
Natriumchlorid;9;14.08.2016 14:00;0,938123;
Natriumchlorid;7;14.08.2016 14:00;0,912943;
Natriumchlorid;2;14.08.2016 14:00;0,696531;
Natriumchlorid;5;14.08.2016 14:00;0,391345;
Natriumchlorid;1;14.08.2016 14:00;0,342324;
Natriumchlorid;8;14.08.2016 14:00;0,246121;
Natriumchlorid;6;14.08.2016 14:00;0,0515035;
Arsen;7;14.08.2016 14:00;2,61394;
Arsen;3;14.08.2016 14:00;1,54322;
Arsen;4;14.08.2016 14:00;1,19063;
Arsen;8;14.08.2016 14:00;0,783038;
Arsen;6;14.08.2016 14:00;0,636008;
Arsen;9;14.08.2016 14:00;0,491423;
Arsen;2;14.08.2016 14:00;0,325964;
Arsen;5;14.08.2016 14:00;0,285552;
Arsen;1;14.08.2016 14:00;0,248221;
Benzol;9;14.08.2016 14:00;1,40253;
Benzol;8;14.08.2016 14:00;1,06801;
Benzol;3;14.08.2016 14:00;0,846697;
Benzol;4;14.08.2016 14:00;0,839731;
Benzol;6;14.08.2016 14:00;0,425412;
Benzol;2;14.08.2016 14:00;0,286517;
Benzol;7;14.08.2016 14:00;0,162148;
Benzol;1;14.08.2016 14:00;0,133164;
Benzol;5;14.08.2016 14:00;0,0783607;
Anilin;3;14.08.2016 14:00;0,933284;
Anilin;4;14.08.2016 14:00;0,863998;
Anilin;8;14.08.2016 14:00;0,794073;
Anilin;7;14.08.2016 14:00;0,65164;
Anilin;1;14.08.2016 14:00;0,400522;
Anilin;6;14.08.2016 14:00;0,379208;
Anilin;2;14.08.2016 14:00;0,289746;
Anilin;5;14.08.2016 14:00;0,00690482;
Natriumchlorid;4;14.08.2016 15:00;0,923667;
Natriumchlorid;3;14.08.2016 15:00;0,408507;
Natriumchlorid;5;14.08.2016 15:00;0,32858;
Natriumchlorid;9;14.08.2016 15:00;0,311345;
Natriumchlorid;1;14.08.2016 15:00;0,295806;
Natriumchlorid;8;14.08.2016 15:00;0,0931117;
Natriumchlorid;2;14.08.2016 15:00;0,0485559;
Natriumchlorid;7;14.08.2016 15:00;0,0143456;
Natriumchlorid;6;14.08.2016 15:00;0,00793384;
Arsen;3;14.08.2016 15:00;1,34875;
Arsen;8;14.08.2016 15:00;1,25452;
Arsen;4;14.08.2016 15:00;1,16138;
Arsen;7;14.08.2016 15:00;0,79286;
Arsen;2;14.08.2016 15:00;0,759769;
Arsen;6;14.08.2016 15:00;0,621388;
Arsen;1;14.08.2016 15:00;0,517851;
Arsen;5;14.08.2016 15:00;0,434337;
Arsen;9;14.08.2016 15:00;0,348381;
Benzol;7;14.08.2016 15:00;1,3274;
Benzol;4;14.08.2016 15:00;0,635611;
Benzol;2;14.08.2016 15:00;0,315842;
Benzol;8;14.08.2016 15:00;0,288204;
Benzol;1;14.08.2016 15:00;0,251725;
Benzol;9;14.08.2016 15:00;0,220145;
Benzol;5;14.08.2016 15:00;0,199078;
Benzol;3;14.08.2016 15:00;0,162201;
Benzol;6;14.08.2016 15:00;0,0985753;
Anilin;3;14.08.2016 15:00;1,47949;
Anilin;7;14.08.2016 15:00;1,34879;
Anilin;4;14.08.2016 15:00;0,946607;
Anilin;2;14.08.2016 15:00;0,824279;
Anilin;6;14.08.2016 15:00;0,54824;
Anilin;9;14.08.2016 15:00;0,485831;
Anilin;5;14.08.2016 15:00;0,384033;
Anilin;8;14.08.2016 15:00;0,182402;
Anilin;1;14.08.2016 15:00;0,162145;
Natriumchlorid;3;14.08.2016 16:00;1,93878;
Natriumchlorid;4;14.08.2016 16:00;1,26351;
Natriumchlorid;6;14.08.2016 16:00;0,509225;
Natriumchlorid;1;14.08.2016 16:00;0,324081;
Natriumchlorid;9;14.08.2016 16:00;0,245721;
Natriumchlorid;7;14.08.2016 16:00;0,180319;
Natriumchlorid;8;14.08.2016 16:00;0,178458;
Natriumchlorid;5;14.08.2016 16:00;0,150164;
Natriumchlorid;2;14.08.2016 16:00;0,141021;
Arsen;4;14.08.2016 16:00;0,998528;
Arsen;2;14.08.2016 16:00;0,620432;
Arsen;9;14.08.2016 16:00;0,570994;
Arsen;6;14.08.2016 16:00;0,319937;
Arsen;5;14.08.2016 16:00;0,28329;
Arsen;7;14.08.2016 16:00;0,230667;
Arsen;3;14.08.2016 16:00;0,200711;
Arsen;1;14.08.2016 16:00;0,189308;
Arsen;8;14.08.2016 16:00;0,0465085;
Benzol;4;14.08.2016 16:00;1,00006;
Benzol;3;14.08.2016 16:00;0,781543;
Benzol;5;14.08.2016 16:00;0,674688;
Benzol;6;14.08.2016 16:00;0,560018;
Benzol;1;14.08.2016 16:00;0,32928;
Benzol;9;14.08.2016 16:00;0,311077;
Benzol;8;14.08.2016 16:00;0,0443785;
Benzol;7;14.08.2016 16:00;0,0381205;
Benzol;2;14.08.2016 16:00;0,00482912;
Anilin;3;14.08.2016 16:00;2,1563;
Anilin;4;14.08.2016 16:00;0,937366;
Anilin;7;14.08.2016 16:00;0,700637;
Anilin;6;14.08.2016 16:00;0,570545;
Anilin;5;14.08.2016 16:00;0,558508;
Anilin;8;14.08.2016 16:00;0,429417;
Anilin;2;14.08.2016 16:00;0,305653;
Anilin;1;14.08.2016 16:00;0,164417;
Anilin;9;14.08.2016 16:00;0,107595;
Natriumchlorid;6;14.08.2016 17:00;19,53888;
Natriumchlorid;6;14.08.2016 17:00;2,77669;
Natriumchlorid;3;14.08.2016 17:00;1,61449;
Natriumchlorid;7;14.08.2016 17:00;0,979221;
Natriumchlorid;8;14.08.2016 17:00;0,912183;
Natriumchlorid;4;14.08.2016 17:00;0,818744;
Natriumchlorid;5;14.08.2016 17:00;0,682801;
Natriumchlorid;2;14.08.2016 17:00;0,280975;
Natriumchlorid;1;14.08.2016 17:00;0,202073;
Natriumchlorid;9;14.08.2016 17:00;0,0913785;
Arsen;3;14.08.2016 17:00;1,36939;
Arsen;8;14.08.2016 17:00;0,834239;
Arsen;4;14.08.2016 17:00;0,802361;
Arsen;2;14.08.2016 17:00;0,493028;
Arsen;6;14.08.2016 17:00;0,356648;
Arsen;1;14.08.2016 17:00;0,283773;
Arsen;7;14.08.2016 17:00;0,12767;
Arsen;5;14.08.2016 17:00;0,110477;
Arsen;9;14.08.2016 17:00;0,0736853;
Benzol;3;14.08.2016 17:00;1,8037;
Benzol;4;14.08.2016 17:00;0,913277;
Benzol;6;14.08.2016 17:00;0,461825;
Benzol;5;14.08.2016 17:00;0,457465;
Benzol;8;14.08.2016 17:00;0,363183;
Benzol;7;14.08.2016 17:00;0,233469;
Benzol;2;14.08.2016 17:00;0,20889;
Benzol;9;14.08.2016 17:00;0,077989;
Benzol;1;14.08.2016 17:00;0,0217275;
Anilin;7;14.08.2016 17:00;1,15646;
Anilin;4;14.08.2016 17:00;0,957663;
Anilin;3;14.08.2016 17:00;0,681767;
Anilin;8;14.08.2016 17:00;0,485139;
Anilin;2;14.08.2016 17:00;0,0856888;
Anilin;9;14.08.2016 17:00;0,0823464;
Anilin;5;14.08.2016 17:00;0,0549592;
Anilin;1;14.08.2016 17:00;0,0548118;
Natriumchlorid;6;14.08.2016 18:00;23,6478;
Natriumchlorid;6;14.08.2016 18:00;2,35429;
Natriumchlorid;4;14.08.2016 18:00;1,23085;
Natriumchlorid;3;14.08.2016 18:00;0,921936;
Natriumchlorid;8;14.08.2016 18:00;0,709361;
Natriumchlorid;7;14.08.2016 18:00;0,705309;
Natriumchlorid;5;14.08.2016 18:00;0,502352;
Natriumchlorid;1;14.08.2016 18:00;0,447705;
Natriumchlorid;9;14.08.2016 18:00;0,127228;
Natriumchlorid;2;14.08.2016 18:00;0,0292742;
Arsen;8;14.08.2016 18:00;1,35391;
Arsen;4;14.08.2016 18:00;0,7637;
Arsen;3;14.08.2016 18:00;0,751628;
Arsen;6;14.08.2016 18:00;0,57309;
Arsen;7;14.08.2016 18:00;0,497575;
Arsen;9;14.08.2016 18:00;0,336685;
Arsen;2;14.08.2016 18:00;0,285608;
Arsen;5;14.08.2016 18:00;0,233454;
Arsen;1;14.08.2016 18:00;0,160197;
Benzol;4;14.08.2016 18:00;1,2626;
Benzol;5;14.08.2016 18:00;1,12391;
Benzol;7;14.08.2016 18:00;0,408815;
Benzol;3;14.08.2016 18:00;0,36437;
Benzol;8;14.08.2016 18:00;0,340965;
Benzol;1;14.08.2016 18:00;0,295806;
Benzol;6;14.08.2016 18:00;0,252684;
Benzol;2;14.08.2016 18:00;0,236111;
Benzol;9;14.08.2016 18:00;0,122203;
Anilin;4;14.08.2016 18:00;1,45635;
Anilin;3;14.08.2016 18:00;0,992099;
Anilin;5;14.08.2016 18:00;0,472977;
Anilin;9;14.08.2016 18:00;0,28844;
Anilin;2;14.08.2016 18:00;0,213791;
Anilin;7;14.08.2016 18:00;0,120688;
Anilin;8;14.08.2016 18:00;0,0240176;
Anilin;1;14.08.2016 18:00;0,0197682;
Natriumchlorid;3;14.08.2016 19:00;2,5541;
Natriumchlorid;4;14.08.2016 19:00;0,956265;
Natriumchlorid;6;14.08.2016 19:00;0,565515;
Natriumchlorid;8;14.08.2016 19:00;0,506238;
Natriumchlorid;2;14.08.2016 19:00;0,394948;
Natriumchlorid;1;14.08.2016 19:00;0,373335;
Natriumchlorid;9;14.08.2016 19:00;0,211719;
Natriumchlorid;5;14.08.2016 19:00;0,121997;
Natriumchlorid;7;14.08.2016 19:00;0,115717;
Arsen;4;14.08.2016 19:00;0,987998;
Arsen;6;14.08.2016 19:00;0,673159;
Arsen;2;14.08.2016 19:00;0,353165;
Arsen;7;14.08.2016 19:00;0,336618;
Arsen;5;14.08.2016 19:00;0,331648;
Arsen;3;14.08.2016 19:00;0,232742;
Arsen;9;14.08.2016 19:00;0,23254;
Arsen;8;14.08.2016 19:00;0,196565;
Arsen;1;14.08.2016 19:00;0,048564;
Benzol;4;14.08.2016 19:00;1,24417;
Benzol;2;14.08.2016 19:00;0,817239;
Benzol;9;14.08.2016 19:00;0,594655;
Benzol;5;14.08.2016 19:00;0,369205;
Benzol;8;14.08.2016 19:00;0,325213;
Benzol;3;14.08.2016 19:00;0,250147;
Benzol;1;14.08.2016 19:00;0,244669;
Benzol;7;14.08.2016 19:00;0,175138;
Benzol;6;14.08.2016 19:00;0,129193;
Anilin;3;14.08.2016 19:00;3,1505;
Anilin;4;14.08.2016 19:00;1,02366;
Anilin;5;14.08.2016 19:00;0,50745;
Anilin;1;14.08.2016 19:00;0,390313;
Anilin;6;14.08.2016 19:00;0,316427;
Anilin;8;14.08.2016 19:00;0,308182;
Anilin;9;14.08.2016 19:00;0,273262;
Anilin;2;14.08.2016 19:00;0,254189;
Anilin;7;14.08.2016 19:00;0,0293524;
Natriumchlorid;4;14.08.2016 20:00;1,06736;
Natriumchlorid;8;14.08.2016 20:00;0,974912;
Natriumchlorid;6;14.08.2016 20:00;0,509101;
Natriumchlorid;9;14.08.2016 20:00;0,485831;
Natriumchlorid;2;14.08.2016 20:00;0,436801;
Natriumchlorid;7;14.08.2016 20:00;0,431718;
Natriumchlorid;3;14.08.2016 20:00;0,250812;
Natriumchlorid;1;14.08.2016 20:00;0,107218;
Natriumchlorid;5;14.08.2016 20:00;0,0318763;
Arsen;3;14.08.2016 20:00;1,38483;
Arsen;8;14.08.2016 20:00;1,28297;
Arsen;2;14.08.2016 20:00;1,25987;
Arsen;4;14.08.2016 20:00;0,988912;
Arsen;7;14.08.2016 20:00;0,741944;
Arsen;1;14.08.2016 20:00;0,554961;
Arsen;6;14.08.2016 20:00;0,367398;
Arsen;9;14.08.2016 20:00;0,357023;
Arsen;5;14.08.2016 20:00;0,110902;
Benzol;3;14.08.2016 20:00;1,44127;
Benzol;4;14.08.2016 20:00;0,978339;
Benzol;8;14.08.2016 20:00;0,932346;
Benzol;2;14.08.2016 20:00;0,630452;
Benzol;9;14.08.2016 20:00;0,532535;
Benzol;6;14.08.2016 20:00;0,482222;
Benzol;5;14.08.2016 20:00;0,312817;
Benzol;1;14.08.2016 20:00;0,234309;
Benzol;7;14.08.2016 20:00;0,176763;
Anilin;4;14.08.2016 20:00;1,27032;
Anilin;7;14.08.2016 20:00;0,784869;
Anilin;8;14.08.2016 20:00;0,42773;
Anilin;6;14.08.2016 20:00;0,407935;
Anilin;2;14.08.2016 20:00;0,360225;
Anilin;5;14.08.2016 20:00;0,33916;
Anilin;3;14.08.2016 20:00;0,192454;
Anilin;1;14.08.2016 20:00;0,174204;
Anilin;9;14.08.2016 20:00;0,0193669;
Natriumchlorid;3;14.08.2016 21:00;1,54279;
Natriumchlorid;4;14.08.2016 21:00;1,06789;
Natriumchlorid;8;14.08.2016 21:00;0,899454;
Natriumchlorid;5;14.08.2016 21:00;0,628928;
Natriumchlorid;6;14.08.2016 21:00;0,450366;
Natriumchlorid;1;14.08.2016 21:00;0,310756;
Natriumchlorid;7;14.08.2016 21:00;0,160083;
Natriumchlorid;9;14.08.2016 21:00;0,0400031;
Natriumchlorid;2;14.08.2016 21:00;0,00715074;
Arsen;3;14.08.2016 21:00;2,591;
Arsen;4;14.08.2016 21:00;1,31985;
Arsen;2;14.08.2016 21:00;0,388567;
Arsen;8;14.08.2016 21:00;0,380975;
Arsen;5;14.08.2016 21:00;0,246566;
Arsen;6;14.08.2016 21:00;0,210456;
Arsen;9;14.08.2016 21:00;0,206603;
Arsen;7;14.08.2016 21:00;0,141449;
Arsen;1;14.08.2016 21:00;0,0595613;
Benzol;6;14.08.2016 21:00;3,96927;
Benzol;7;14.08.2016 21:00;2,31176;
Benzol;3;14.08.2016 21:00;1,79838;
Benzol;4;14.08.2016 21:00;0,939209;
Benzol;5;14.08.2016 21:00;0,605244;
Benzol;2;14.08.2016 21:00;0,161677;
Benzol;8;14.08.2016 21:00;0,149682;
Benzol;9;14.08.2016 21:00;0,0830731;
Benzol;1;14.08.2016 21:00;0,0287666;
Anilin;4;14.08.2016 21:00;0,818295;
Anilin;1;14.08.2016 21:00;0,590559;
Anilin;9;14.08.2016 21:00;0,310631;
Anilin;8;14.08.2016 21:00;0,30903;
Anilin;7;14.08.2016 21:00;0,229675;
Anilin;6;14.08.2016 21:00;0,222847;
Anilin;5;14.08.2016 21:00;0,118474;
Anilin;2;14.08.2016 21:00;0,087494;
Anilin;3;14.08.2016 21:00;0,0251255;
Natriumchlorid;4;14.08.2016 22:00;1,19046;
Natriumchlorid;8;14.08.2016 22:00;0,789378;
Natriumchlorid;3;14.08.2016 22:00;0,613196;
Natriumchlorid;2;14.08.2016 22:00;0,535403;
Natriumchlorid;6;14.08.2016 22:00;0,447308;
Natriumchlorid;1;14.08.2016 22:00;0,252169;
Natriumchlorid;9;14.08.2016 22:00;0,20573;
Natriumchlorid;5;14.08.2016 22:00;0,101615;
Natriumchlorid;7;14.08.2016 22:00;0,0465225;
Arsen;4;14.08.2016 22:00;1,23088;
Arsen;3;14.08.2016 22:00;1,0343;
Arsen;2;14.08.2016 22:00;0,485714;
Arsen;8;14.08.2016 22:00;0,327404;
Arsen;1;14.08.2016 22:00;0,276956;
Arsen;5;14.08.2016 22:00;0,22408;
Arsen;7;14.08.2016 22:00;0,212418;
Arsen;9;14.08.2016 22:00;0,192769;
Arsen;6;14.08.2016 22:00;0,122159;
Benzol;3;14.08.2016 22:00;1,69339;
Benzol;6;14.08.2016 22:00;1,53894;
Benzol;4;14.08.2016 22:00;0,825278;
Benzol;9;14.08.2016 22:00;0,536564;
Benzol;5;14.08.2016 22:00;0,474228;
Benzol;1;14.08.2016 22:00;0,417285;
Benzol;7;14.08.2016 22:00;0,275672;
Benzol;8;14.08.2016 22:00;0,231451;
Benzol;2;14.08.2016 22:00;0,185385;
Anilin;3;14.08.2016 22:00;2,95668;
Anilin;7;14.08.2016 22:00;1,80447;
Anilin;4;14.08.2016 22:00;0,765395;
Anilin;5;14.08.2016 22:00;0,652976;
Anilin;6;14.08.2016 22:00;0,224359;
Anilin;9;14.08.2016 22:00;0,0931644;
Anilin;1;14.08.2016 22:00;0,0495559;
Anilin;2;14.08.2016 22:00;0,0475326;
Anilin;8;14.08.2016 22:00;0,0247307;
Natriumchlorid;3;14.08.2016 23:00;4,7782;
Natriumchlorid;4;14.08.2016 23:00;0,621381;
Natriumchlorid;8;14.08.2016 23:00;0,486924;
Natriumchlorid;9;14.08.2016 23:00;0,346194;
Natriumchlorid;7;14.08.2016 23:00;0,269595;
Natriumchlorid;5;14.08.2016 23:00;0,255497;
Natriumchlorid;1;14.08.2016 23:00;0,182836;
Natriumchlorid;2;14.08.2016 23:00;0,144891;
Natriumchlorid;6;14.08.2016 23:00;0,1151;
Arsen;3;14.08.2016 23:00;1,96397;
Arsen;7;14.08.2016 23:00;1,08815;
Arsen;4;14.08.2016 23:00;0,700521;
Arsen;5;14.08.2016 23:00;0,518594;
Arsen;6;14.08.2016 23:00;0,443431;
Arsen;2;14.08.2016 23:00;0,419126;
Arsen;8;14.08.2016 23:00;0,109806;
Arsen;1;14.08.2016 23:00;0,0653757;
Arsen;9;14.08.2016 23:00;0,0242055;
Benzol;3;14.08.2016 23:00;3,65695;
Benzol;4;14.08.2016 23:00;1,00707;
Benzol;5;14.08.2016 23:00;0,564569;
Benzol;6;14.08.2016 23:00;0,303747;
Benzol;2;14.08.2016 23:00;0,144298;
Benzol;9;14.08.2016 23:00;0,142238;
Benzol;1;14.08.2016 23:00;0,132613;
Benzol;7;14.08.2016 23:00;0,114133;
Benzol;8;14.08.2016 23:00;0,0197603;
Anilin;3;14.08.2016 23:00;1,11184;
Anilin;4;14.08.2016 23:00;1,07199;
Anilin;7;14.08.2016 23:00;0,770957;
Anilin;5;14.08.2016 23:00;0,671282;
Anilin;8;14.08.2016 23:00;0,521277;
Anilin;6;14.08.2016 23:00;0,429907;
Anilin;2;14.08.2016 23:00;0,133493;
Anilin;9;14.08.2016 23:00;0,115972;
Anilin;1;14.08.2016 23:00;0,00831158;
Natriumchlorid;3;15.08.2016 00:00;1,06783;
Natriumchlorid;4;15.08.2016 00:00;0,807897;
Natriumchlorid;9;15.08.2016 00:00;0,378197;
Natriumchlorid;6;15.08.2016 00:00;0,367103;
Natriumchlorid;7;15.08.2016 00:00;0,251245;
Natriumchlorid;8;15.08.2016 00:00;0,18194;
Natriumchlorid;1;15.08.2016 00:00;0,0716428;
Natriumchlorid;2;15.08.2016 00:00;0,043911;
Natriumchlorid;5;15.08.2016 00:00;0,0140634;
Arsen;3;15.08.2016 00:00;2,06633;
Arsen;4;15.08.2016 00:00;1,30124;
Arsen;7;15.08.2016 00:00;0,829225;
Arsen;6;15.08.2016 00:00;0,549998;
Arsen;2;15.08.2016 00:00;0,342344;
Arsen;8;15.08.2016 00:00;0,227966;
Arsen;9;15.08.2016 00:00;0,202716;
Arsen;1;15.08.2016 00:00;0,19938;
Arsen;5;15.08.2016 00:00;0,193274;
Benzol;3;15.08.2016 00:00;1,35701;
Benzol;4;15.08.2016 00:00;1,05334;
Benzol;6;15.08.2016 00:00;0,986602;
Benzol;1;15.08.2016 00:00;0,340615;
Benzol;2;15.08.2016 00:00;0,2144;
Benzol;5;15.08.2016 00:00;0,197616;
Benzol;9;15.08.2016 00:00;0,061901;
Benzol;7;15.08.2016 00:00;0,0503961;
Benzol;8;15.08.2016 00:00;0,0271945;
Anilin;3;15.08.2016 00:00;1,18777;
Anilin;5;15.08.2016 00:00;1,0976;
Anilin;8;15.08.2016 00:00;0,746314;
Anilin;9;15.08.2016 00:00;0,631397;
Anilin;4;15.08.2016 00:00;0,586616;
Anilin;6;15.08.2016 00:00;0,503567;
Anilin;7;15.08.2016 00:00;0,346687;
Anilin;2;15.08.2016 00:00;0,301554;
Anilin;1;15.08.2016 00:00;0,184417;
Natriumchlorid;3;15.08.2016 01:00;2,13165;
Natriumchlorid;7;15.08.2016 01:00;1,69021;
Natriumchlorid;4;15.08.2016 01:00;0,973307;
Natriumchlorid;8;15.08.2016 01:00;0,723589;
Natriumchlorid;6;15.08.2016 01:00;0,496528;
Natriumchlorid;2;15.08.2016 01:00;0,47904;
Natriumchlorid;1;15.08.2016 01:00;0,03442;
Natriumchlorid;5;15.08.2016 01:00;0,0188746;
Natriumchlorid;9;15.08.2016 01:00;0,0169255;
Arsen;4;15.08.2016 01:00;1,14765;
Arsen;3;15.08.2016 01:00;0,987531;
Arsen;2;15.08.2016 01:00;0,693243;
Arsen;9;15.08.2016 01:00;0,635892;
Arsen;8;15.08.2016 01:00;0,564845;
Arsen;6;15.08.2016 01:00;0,317294;
Arsen;1;15.08.2016 01:00;0,230666;
Arsen;7;15.08.2016 01:00;0,105836;
Arsen;5;15.08.2016 01:00;0,0907624;
Benzol;3;15.08.2016 01:00;1,7777;
Benzol;7;15.08.2016 01:00;1,04239;
Benzol;4;15.08.2016 01:00;0,983051;
Benzol;9;15.08.2016 01:00;0,672599;
Benzol;8;15.08.2016 01:00;0,646163;
Benzol;6;15.08.2016 01:00;0,350265;
Benzol;2;15.08.2016 01:00;0,329151;
Benzol;5;15.08.2016 01:00;0,185187;
Benzol;1;15.08.2016 01:00;0,114671;
Anilin;4;15.08.2016 01:00;1,02705;
Anilin;8;15.08.2016 01:00;0,456938;
Anilin;5;15.08.2016 01:00;0,382332;
Anilin;2;15.08.2016 01:00;0,355264;
Anilin;9;15.08.2016 01:00;0,158541;
Anilin;1;15.08.2016 01:00;0,142047;
Anilin;7;15.08.2016 01:00;0,137432;
Anilin;3;15.08.2016 01:00;0,0888738;
Anilin;6;15.08.2016 01:00;0,0605172;
Natriumchlorid;3;15.08.2016 02:00;3,11941;
Natriumchlorid;4;15.08.2016 02:00;1,15114;
Natriumchlorid;5;15.08.2016 02:00;0,600248;
Natriumchlorid;6;15.08.2016 02:00;0,496923;
Natriumchlorid;1;15.08.2016 02:00;0,272085;
Natriumchlorid;2;15.08.2016 02:00;0,159555;
Natriumchlorid;8;15.08.2016 02:00;0,120023;
Natriumchlorid;7;15.08.2016 02:00;0,112449;
Natriumchlorid;9;15.08.2016 02:00;0,0172279;
Arsen;3;15.08.2016 02:00;1,73191;
Arsen;7;15.08.2016 02:00;1,15678;
Arsen;4;15.08.2016 02:00;0,962773;
Arsen;6;15.08.2016 02:00;0,863158;
Arsen;5;15.08.2016 02:00;0,267077;
Arsen;8;15.08.2016 02:00;0,25821;
Arsen;1;15.08.2016 02:00;0,235894;
Arsen;2;15.08.2016 02:00;0,18727;
Arsen;9;15.08.2016 02:00;0,016899;
Benzol;3;15.08.2016 02:00;2,91213;
Benzol;8;15.08.2016 02:00;1,26884;
Benzol;4;15.08.2016 02:00;0,9608;
Benzol;7;15.08.2016 02:00;0,868526;
Benzol;5;15.08.2016 02:00;0,656936;
Benzol;2;15.08.2016 02:00;0,553039;
Benzol;9;15.08.2016 02:00;0,450664;
Benzol;1;15.08.2016 02:00;0,168498;
Benzol;6;15.08.2016 02:00;0,12286;
Anilin;3;15.08.2016 02:00;2,14348;
Anilin;4;15.08.2016 02:00;0,86674;
Anilin;5;15.08.2016 02:00;0,468863;
Anilin;6;15.08.2016 02:00;0,300436;
Anilin;2;15.08.2016 02:00;0,292038;
Anilin;7;15.08.2016 02:00;0,139998;
Anilin;9;15.08.2016 02:00;0,0350598;
Anilin;8;15.08.2016 02:00;0,0315461;
Anilin;1;15.08.2016 02:00;0,0154993;
Natriumchlorid;3;15.08.2016 03:00;1,38656;
Natriumchlorid;4;15.08.2016 03:00;1,28983;
Natriumchlorid;7;15.08.2016 03:00;0,846427;
Natriumchlorid;1;15.08.2016 03:00;0,3689;
Natriumchlorid;2;15.08.2016 03:00;0,282793;
Natriumchlorid;5;15.08.2016 03:00;0,13006;
Natriumchlorid;9;15.08.2016 03:00;0,0965375;
Natriumchlorid;6;15.08.2016 03:00;0,0801316;
Natriumchlorid;8;15.08.2016 03:00;0,0339911;
Arsen;3;15.08.2016 03:00;0,880082;
Arsen;4;15.08.2016 03:00;0,827649;
Arsen;1;15.08.2016 03:00;0,634746;
Arsen;2;15.08.2016 03:00;0,41205;
Arsen;5;15.08.2016 03:00;0,401934;
Arsen;9;15.08.2016 03:00;0,291181;
Arsen;7;15.08.2016 03:00;0,275832;
Arsen;6;15.08.2016 03:00;0,242477;
Arsen;8;15.08.2016 03:00;0,182721;
Benzol;4;15.08.2016 03:00;0,978339;
Benzol;7;15.08.2016 03:00;0,611785;
Benzol;3;15.08.2016 03:00;0,478506;
Benzol;8;15.08.2016 03:00;0,406594;
Benzol;9;15.08.2016 03:00;0,377425;
Benzol;5;15.08.2016 03:00;0,314475;
Benzol;1;15.08.2016 03:00;0,232818;
Benzol;6;15.08.2016 03:00;0,0167935;
Benzol;2;15.08.2016 03:00;0,00446592;
Anilin;8;15.08.2016 03:00;1,07087;
Anilin;3;15.08.2016 03:00;0,916019;
Anilin;4;15.08.2016 03:00;0,764973;
Anilin;6;15.08.2016 03:00;0,535797;
Anilin;5;15.08.2016 03:00;0,252098;
Anilin;7;15.08.2016 03:00;0,24598;
Anilin;1;15.08.2016 03:00;0,17116;
Anilin;9;15.08.2016 03:00;0,087112;
Anilin;2;15.08.2016 03:00;0,0138264;
Natriumchlorid;4;15.08.2016 04:00;0,939761;
Natriumchlorid;2;15.08.2016 04:00;0,607242;
Natriumchlorid;8;15.08.2016 04:00;0,521053;
Natriumchlorid;6;15.08.2016 04:00;0,385767;
Natriumchlorid;7;15.08.2016 04:00;0,379066;
Natriumchlorid;3;15.08.2016 04:00;0,295744;
Natriumchlorid;5;15.08.2016 04:00;0,184746;
Natriumchlorid;9;15.08.2016 04:00;0,168762;
Natriumchlorid;1;15.08.2016 04:00;0,0983872;
Arsen;3;15.08.2016 04:00;2,2407;
Arsen;7;15.08.2016 04:00;1,67431;
Arsen;4;15.08.2016 04:00;0,989537;
Arsen;9;15.08.2016 04:00;0,436716;
Arsen;5;15.08.2016 04:00;0,312931;
Arsen;1;15.08.2016 04:00;0,296064;
Arsen;8;15.08.2016 04:00;0,207701;
Arsen;2;15.08.2016 04:00;0,204177;
Arsen;6;15.08.2016 04:00;0,0139984;
Benzol;6;15.08.2016 04:00;3,97104;
Benzol;3;15.08.2016 04:00;1,94038;
Benzol;4;15.08.2016 04:00;1,35787;
Benzol;7;15.08.2016 04:00;0,917016;
Benzol;1;15.08.2016 04:00;0,499768;
Benzol;8;15.08.2016 04:00;0,414431;
Benzol;2;15.08.2016 04:00;0,211767;
Benzol;9;15.08.2016 04:00;0,200176;
Benzol;5;15.08.2016 04:00;0,016477;
Anilin;3;15.08.2016 04:00;1,54622;
Anilin;2;15.08.2016 04:00;1,19825;
Anilin;4;15.08.2016 04:00;0,891327;
Anilin;5;15.08.2016 04:00;0,869803;
Anilin;6;15.08.2016 04:00;0,453309;
Anilin;8;15.08.2016 04:00;0,345811;
Anilin;1;15.08.2016 04:00;0,28642;
Anilin;9;15.08.2016 04:00;0,286369;
Anilin;7;15.08.2016 04:00;0,127016;
Natriumchlorid;3;15.08.2016 05:00;1,89186;
Natriumchlorid;4;15.08.2016 05:00;1,1875;
Natriumchlorid;2;15.08.2016 05:00;0,783732;
Natriumchlorid;9;15.08.2016 05:00;0,615839;
Natriumchlorid;5;15.08.2016 05:00;0,473477;
Natriumchlorid;6;15.08.2016 05:00;0,405639;
Natriumchlorid;8;15.08.2016 05:00;0,280099;
Natriumchlorid;1;15.08.2016 05:00;0,262516;
Natriumchlorid;7;15.08.2016 05:00;0,218649;
Arsen;3;15.08.2016 05:00;1,33886;
Arsen;4;15.08.2016 05:00;1,32012;
Arsen;8;15.08.2016 05:00;0,980818;
Arsen;1;15.08.2016 05:00;0,671606;
Arsen;2;15.08.2016 05:00;0,541795;
Arsen;5;15.08.2016 05:00;0,366464;
Arsen;9;15.08.2016 05:00;0,174403;
Arsen;7;15.08.2016 05:00;0,146881;
Arsen;6;15.08.2016 05:00;0,0451861;
Benzol;3;15.08.2016 05:00;1,81979;
Benzol;4;15.08.2016 05:00;1,40682;
Benzol;6;15.08.2016 05:00;1,00829;
Benzol;9;15.08.2016 05:00;0,33841;
Benzol;5;15.08.2016 05:00;0,291507;
Benzol;7;15.08.2016 05:00;0,288989;
Benzol;1;15.08.2016 05:00;0,228608;
Benzol;2;15.08.2016 05:00;0,153401;
Benzol;8;15.08.2016 05:00;0,122494;
Anilin;3;15.08.2016 05:00;1,85802;
Anilin;4;15.08.2016 05:00;0,852316;
Anilin;7;15.08.2016 05:00;0,519437;
Anilin;6;15.08.2016 05:00;0,459135;
Anilin;5;15.08.2016 05:00;0,265857;
Anilin;9;15.08.2016 05:00;0,140449;
Anilin;8;15.08.2016 05:00;0,117013;
Anilin;2;15.08.2016 05:00;0,0538683;
Anilin;1;15.08.2016 05:00;0,0482531;
Natriumchlorid;3;15.08.2016 06:00;1,34632;
Natriumchlorid;4;15.08.2016 06:00;0,907715;
Natriumchlorid;6;15.08.2016 06:00;0,486269;
Natriumchlorid;5;15.08.2016 06:00;0,325498;
Natriumchlorid;8;15.08.2016 06:00;0,202118;
Natriumchlorid;1;15.08.2016 06:00;0,198508;
Natriumchlorid;7;15.08.2016 06:00;0,137848;
Natriumchlorid;9;15.08.2016 06:00;0,111223;
Natriumchlorid;2;15.08.2016 06:00;0,0131769;
Arsen;3;15.08.2016 06:00;1,08582;
Arsen;4;15.08.2016 06:00;0,944292;
Arsen;7;15.08.2016 06:00;0,569858;
Arsen;8;15.08.2016 06:00;0,158149;
Arsen;6;15.08.2016 06:00;0,142933;
Arsen;2;15.08.2016 06:00;0,0846683;
Arsen;1;15.08.2016 06:00;0,0605972;
Arsen;9;15.08.2016 06:00;0,0523166;
Arsen;5;15.08.2016 06:00;0,0240996;
Benzol;4;15.08.2016 06:00;1,22941;
Benzol;9;15.08.2016 06:00;0,977411;
Benzol;3;15.08.2016 06:00;0,804078;
Benzol;1;15.08.2016 06:00;0,274917;
Benzol;6;15.08.2016 06:00;0,272075;
Benzol;2;15.08.2016 06:00;0,213844;
Benzol;8;15.08.2016 06:00;0,208422;
Benzol;7;15.08.2016 06:00;0,181077;
Benzol;5;15.08.2016 06:00;0,105615;
Anilin;4;15.08.2016 06:00;1,41229;
Anilin;2;15.08.2016 06:00;1,12498;
Anilin;7;15.08.2016 06:00;0,813206;
Anilin;8;15.08.2016 06:00;0,623226;
Anilin;3;15.08.2016 06:00;0,41168;
Anilin;9;15.08.2016 06:00;0,314179;
Anilin;1;15.08.2016 06:00;0,282381;
Anilin;6;15.08.2016 06:00;0,271737;
Anilin;5;15.08.2016 06:00;0,100488;
Natriumchlorid;3;15.08.2016 07:00;3,88801;
Natriumchlorid;4;15.08.2016 07:00;1,07281;
Natriumchlorid;2;15.08.2016 07:00;0,70247;
Natriumchlorid;6;15.08.2016 07:00;0,515894;
Natriumchlorid;8;15.08.2016 07:00;0,400658;
Natriumchlorid;9;15.08.2016 07:00;0,374854;
Natriumchlorid;7;15.08.2016 07:00;0,143233;
Natriumchlorid;1;15.08.2016 07:00;0,0505691;
Natriumchlorid;5;15.08.2016 07:00;0,0414464;
Arsen;3;15.08.2016 07:00;2,30858;
Arsen;4;15.08.2016 07:00;1,24012;
Arsen;5;15.08.2016 07:00;1,0816;
Arsen;2;15.08.2016 07:00;0,899947;
Arsen;6;15.08.2016 07:00;0,528564;
Arsen;9;15.08.2016 07:00;0,505783;
Arsen;8;15.08.2016 07:00;0,261801;
Arsen;7;15.08.2016 07:00;0,119632;
Arsen;1;15.08.2016 07:00;0,0613906;
Benzol;3;15.08.2016 07:00;0,887253;
Benzol;4;15.08.2016 07:00;0,736926;
Benzol;8;15.08.2016 07:00;0,530054;
Benzol;6;15.08.2016 07:00;0,501944;
Benzol;2;15.08.2016 07:00;0,487296;
Benzol;5;15.08.2016 07:00;0,325769;
Benzol;9;15.08.2016 07:00;0,302048;
Benzol;7;15.08.2016 07:00;0,216575;
Benzol;1;15.08.2016 07:00;0,0778615;
Anilin;3;15.08.2016 07:00;3,37753;
Anilin;7;15.08.2016 07:00;1,36781;
Anilin;4;15.08.2016 07:00;0,851441;
Anilin;8;15.08.2016 07:00;0,752678;
Anilin;5;15.08.2016 07:00;0,679877;
Anilin;2;15.08.2016 07:00;0,583765;
Anilin;6;15.08.2016 07:00;0,48359;
Anilin;9;15.08.2016 07:00;0,152833;
Anilin;1;15.08.2016 07:00;0,11452;
Natriumchlorid;4;15.08.2016 08:00;1,29024;
Natriumchlorid;3;15.08.2016 08:00;0,640329;
Natriumchlorid;7;15.08.2016 08:00;0,43649;
Natriumchlorid;9;15.08.2016 08:00;0,239257;
Natriumchlorid;1;15.08.2016 08:00;0,191529;
Natriumchlorid;5;15.08.2016 08:00;0,173689;
Natriumchlorid;6;15.08.2016 08:00;0,14947;
Natriumchlorid;8;15.08.2016 08:00;0,11203;
Natriumchlorid;2;15.08.2016 08:00;0,0318238;
Arsen;4;15.08.2016 08:00;1,32611;
Arsen;7;15.08.2016 08:00;0,936375;
Arsen;6;15.08.2016 08:00;0,515424;
Arsen;3;15.08.2016 08:00;0,459974;
Arsen;9;15.08.2016 08:00;0,40797;
Arsen;5;15.08.2016 08:00;0,312285;
Arsen;8;15.08.2016 08:00;0,234122;
Arsen;2;15.08.2016 08:00;0,128795;
Arsen;1;15.08.2016 08:00;0,0279977;
Benzol;4;15.08.2016 08:00;1,23591;
Benzol;3;15.08.2016 08:00;1,16229;
Benzol;6;15.08.2016 08:00;0,463175;
Benzol;8;15.08.2016 08:00;0,383273;
Benzol;1;15.08.2016 08:00;0,184647;
Benzol;5;15.08.2016 08:00;0,179753;
Benzol;2;15.08.2016 08:00;0,114047;
Benzol;9;15.08.2016 08:00;0,111264;
Benzol;7;15.08.2016 08:00;0,0480654;
Anilin;4;15.08.2016 08:00;1,1842;
Anilin;5;15.08.2016 08:00;0,95541;
Anilin;2;15.08.2016 08:00;0,778893;
Anilin;3;15.08.2016 08:00;0,464341;
Anilin;6;15.08.2016 08:00;0,378516;
Anilin;8;15.08.2016 08:00;0,325288;
Anilin;9;15.08.2016 08:00;0,299097;
Anilin;7;15.08.2016 08:00;0,14307;
Anilin;1;15.08.2016 08:00;0,0768631;
Natriumchlorid;4;15.08.2016 09:00;1,09105;
Natriumchlorid;3;15.08.2016 09:00;0,921329;
Natriumchlorid;8;15.08.2016 09:00;0,682014;
Natriumchlorid;1;15.08.2016 09:00;0,513753;
Natriumchlorid;5;15.08.2016 09:00;0,426788;
Natriumchlorid;6;15.08.2016 09:00;0,375174;
Natriumchlorid;9;15.08.2016 09:00;0,202196;
Natriumchlorid;2;15.08.2016 09:00;0,119068;
Natriumchlorid;7;15.08.2016 09:00;0,106164;
Arsen;7;15.08.2016 09:00;2,84229;
Arsen;3;15.08.2016 09:00;2,08994;
Arsen;8;15.08.2016 09:00;0,94702;
Arsen;4;15.08.2016 09:00;0,803705;
Arsen;5;15.08.2016 09:00;0,633838;
Arsen;2;15.08.2016 09:00;0,387265;
Arsen;9;15.08.2016 09:00;0,215974;
Arsen;1;15.08.2016 09:00;0,14243;
Arsen;6;15.08.2016 09:00;0,0763927;
Benzol;3;15.08.2016 09:00;1,56846;
Benzol;4;15.08.2016 09:00;1,00099;
Benzol;7;15.08.2016 09:00;0,764995;
Benzol;6;15.08.2016 09:00;0,577765;
Benzol;8;15.08.2016 09:00;0,463314;
Benzol;9;15.08.2016 09:00;0,441468;
Benzol;2;15.08.2016 09:00;0,135942;
Benzol;5;15.08.2016 09:00;0,0451102;
Benzol;1;15.08.2016 09:00;0,0242055;
Anilin;3;15.08.2016 09:00;2,55435;
Anilin;4;15.08.2016 09:00;1,06537;
Anilin;2;15.08.2016 09:00;0,495636;
Anilin;6;15.08.2016 09:00;0,344357;
Anilin;1;15.08.2016 09:00;0,337362;
Anilin;9;15.08.2016 09:00;0,30334;
Anilin;8;15.08.2016 09:00;0,298114;
Anilin;7;15.08.2016 09:00;0,257185;
Anilin;5;15.08.2016 09:00;0,0120828;
Natriumchlorid;4;15.08.2016 10:00;1,1506;
Natriumchlorid;6;15.08.2016 10:00;0,668265;
Natriumchlorid;8;15.08.2016 10:00;0,453972;
Natriumchlorid;7;15.08.2016 10:00;0,41387;
Natriumchlorid;5;15.08.2016 10:00;0,322974;
Natriumchlorid;3;15.08.2016 10:00;0,251725;
Natriumchlorid;9;15.08.2016 10:00;0,243227;
Natriumchlorid;1;15.08.2016 10:00;0,21612;
Natriumchlorid;2;15.08.2016 10:00;0,104555;
Arsen;4;15.08.2016 10:00;0,974754;
Arsen;3;15.08.2016 10:00;0,493306;
Arsen;6;15.08.2016 10:00;0,459998;
Arsen;8;15.08.2016 10:00;0,369895;
Arsen;9;15.08.2016 10:00;0,348623;
Arsen;7;15.08.2016 10:00;0,294622;
Arsen;2;15.08.2016 10:00;0,112341;
Arsen;5;15.08.2016 10:00;0,061315;
Arsen;1;15.08.2016 10:00;0,0400784;
Benzol;6;15.08.2016 10:00;8,34929;
Benzol;4;15.08.2016 10:00;0,787672;
Benzol;7;15.08.2016 10:00;0,559635;
Benzol;8;15.08.2016 10:00;0,414308;
Benzol;9;15.08.2016 10:00;0,317127;
Benzol;2;15.08.2016 10:00;0,224786;
Benzol;1;15.08.2016 10:00;0,221607;
Benzol;3;15.08.2016 10:00;0,205125;
Benzol;5;15.08.2016 10:00;0,146851;
Anilin;8;15.08.2016 10:00;1,33039;
Anilin;4;15.08.2016 10:00;1,15923;
Anilin;6;15.08.2016 10:00;0,676463;
Anilin;3;15.08.2016 10:00;0,57312;
Anilin;7;15.08.2016 10:00;0,371805;
Anilin;9;15.08.2016 10:00;0,292014;
Anilin;1;15.08.2016 10:00;0,170511;
Anilin;2;15.08.2016 10:00;0,166334;
Anilin;5;15.08.2016 10:00;0,0653476;
Natriumchlorid;3;15.08.2016 11:00;2,20342;
Natriumchlorid;4;15.08.2016 11:00;1,2413;
Natriumchlorid;9;15.08.2016 11:00;0,474881;
Natriumchlorid;6;15.08.2016 11:00;0,391253;
Natriumchlorid;2;15.08.2016 11:00;0,346721;
Natriumchlorid;5;15.08.2016 11:00;0,343467;
Natriumchlorid;1;15.08.2016 11:00;0,23113;
Natriumchlorid;8;15.08.2016 11:00;0,158113;
Natriumchlorid;7;15.08.2016 11:00;0,134227;
Arsen;3;15.08.2016 11:00;1,37442;
Arsen;4;15.08.2016 11:00;1,13344;
Arsen;2;15.08.2016 11:00;1,10529;
Arsen;6;15.08.2016 11:00;0,586805;
Arsen;9;15.08.2016 11:00;0,376384;
Arsen;5;15.08.2016 11:00;0,357655;
Arsen;7;15.08.2016 11:00;0,135479;
Arsen;8;15.08.2016 11:00;0,106932;
Arsen;1;15.08.2016 11:00;0,00540952;
Benzol;4;15.08.2016 11:00;1,23046;
Benzol;7;15.08.2016 11:00;0,607359;
Benzol;8;15.08.2016 11:00;0,523394;
Benzol;9;15.08.2016 11:00;0,466943;
Benzol;6;15.08.2016 11:00;0,450935;
Benzol;1;15.08.2016 11:00;0,319862;
Benzol;2;15.08.2016 11:00;0,157625;
Benzol;3;15.08.2016 11:00;0,155004;
Benzol;5;15.08.2016 11:00;0,0975216;
Anilin;3;15.08.2016 11:00;1,37929;
Anilin;4;15.08.2016 11:00;0,850084;
Anilin;5;15.08.2016 11:00;0,561458;
Anilin;6;15.08.2016 11:00;0,448568;
Anilin;2;15.08.2016 11:00;0,350945;
Anilin;1;15.08.2016 11:00;0,270423;
Anilin;8;15.08.2016 11:00;0,146242;
Anilin;7;15.08.2016 11:00;0,0636275;
Anilin;9;15.08.2016 11:00;0,0191474;
Natriumchlorid;3;15.08.2016 12:00;2,60639;
Natriumchlorid;8;15.08.2016 12:00;1,40602;
Natriumchlorid;4;15.08.2016 12:00;1,39499;
Natriumchlorid;6;15.08.2016 12:00;0,733699;
Natriumchlorid;2;15.08.2016 12:00;0,612488;
Natriumchlorid;5;15.08.2016 12:00;0,377814;
Natriumchlorid;9;15.08.2016 12:00;0,330318;
Natriumchlorid;1;15.08.2016 12:00;0,204751;
Natriumchlorid;7;15.08.2016 12:00;0,126343;
Arsen;4;15.08.2016 12:00;1,25495;
Arsen;2;15.08.2016 12:00;0,660013;
Arsen;3;15.08.2016 12:00;0,53629;
Arsen;5;15.08.2016 12:00;0,379226;
Arsen;6;15.08.2016 12:00;0,362083;
Arsen;7;15.08.2016 12:00;0,196385;
Arsen;1;15.08.2016 12:00;0,154907;
Arsen;8;15.08.2016 12:00;0,14242;
Arsen;9;15.08.2016 12:00;0,00540952;
Benzol;4;15.08.2016 12:00;1,06497;
Benzol;5;15.08.2016 12:00;0,565969;
Benzol;9;15.08.2016 12:00;0,384498;
Benzol;7;15.08.2016 12:00;0,269712;
Benzol;1;15.08.2016 12:00;0,267484;
Benzol;6;15.08.2016 12:00;0,211365;
Benzol;8;15.08.2016 12:00;0,189534;
Benzol;2;15.08.2016 12:00;0,0890411;
Benzol;3;15.08.2016 12:00;0,0459332;
Anilin;7;15.08.2016 12:00;1,50637;
Anilin;4;15.08.2016 12:00;0,943553;
Anilin;3;15.08.2016 12:00;0,837304;
Anilin;8;15.08.2016 12:00;0,67171;
Anilin;9;15.08.2016 12:00;0,443992;
Anilin;6;15.08.2016 12:00;0,430851;
Anilin;5;15.08.2016 12:00;0,245096;
Anilin;2;15.08.2016 12:00;0,222351;
Anilin;1;15.08.2016 12:00;0,0737972;
Natriumchlorid;3;15.08.2016 13:00;1,95233;
Natriumchlorid;4;15.08.2016 13:00;1,02144;
Natriumchlorid;8;15.08.2016 13:00;1,01544;
Natriumchlorid;5;15.08.2016 13:00;0,986552;
Natriumchlorid;2;15.08.2016 13:00;0,596292;
Natriumchlorid;6;15.08.2016 13:00;0,457554;
Natriumchlorid;7;15.08.2016 13:00;0,39818;
Natriumchlorid;1;15.08.2016 13:00;0,344739;
Natriumchlorid;9;15.08.2016 13:00;0,276133;
Arsen;4;15.08.2016 13:00;1,03915;
Arsen;7;15.08.2016 13:00;0,976319;
Arsen;6;15.08.2016 13:00;0,752331;
Arsen;5;15.08.2016 13:00;0,703338;
Arsen;8;15.08.2016 13:00;0,383487;
Arsen;9;15.08.2016 13:00;0,354186;
Arsen;1;15.08.2016 13:00;0,314197;
Arsen;3;15.08.2016 13:00;0,12931;
Arsen;2;15.08.2016 13:00;0,00982739;
Benzol;3;15.08.2016 13:00;4,2619;
Benzol;8;15.08.2016 13:00;0,78183;
Benzol;2;15.08.2016 13:00;0,685546;
Benzol;7;15.08.2016 13:00;0,522683;
Benzol;4;15.08.2016 13:00;0,397201;
Benzol;6;15.08.2016 13:00;0,369814;
Benzol;9;15.08.2016 13:00;0,357294;
Benzol;5;15.08.2016 13:00;0,287395;
Benzol;1;15.08.2016 13:00;0,107169;
Anilin;4;15.08.2016 13:00;1,32065;
Anilin;3;15.08.2016 13:00;1,02459;
Anilin;7;15.08.2016 13:00;0,896113;
Anilin;5;15.08.2016 13:00;0,72239;
Anilin;6;15.08.2016 13:00;0,59736;
Anilin;8;15.08.2016 13:00;0,345935;
Anilin;2;15.08.2016 13:00;0,320157;
Anilin;1;15.08.2016 13:00;0,0605776;
Anilin;9;15.08.2016 13:00;0,0240442;
Natriumchlorid;3;15.08.2016 14:00;3,48793;
Natriumchlorid;7;15.08.2016 14:00;2,89608;
Natriumchlorid;5;15.08.2016 14:00;1,90242;
Natriumchlorid;4;15.08.2016 14:00;0,852091;
Natriumchlorid;6;15.08.2016 14:00;0,365769;
Natriumchlorid;8;15.08.2016 14:00;0,207735;
Natriumchlorid;9;15.08.2016 14:00;0,134731;
Natriumchlorid;2;15.08.2016 14:00;0,126697;
Natriumchlorid;1;15.08.2016 14:00;0,0557099;
Arsen;4;15.08.2016 14:00;1,16099;
Arsen;8;15.08.2016 14:00;1,13668;
Arsen;3;15.08.2016 14:00;0,672116;
Arsen;6;15.08.2016 14:00;0,658719;
Arsen;5;15.08.2016 14:00;0,307467;
Arsen;1;15.08.2016 14:00;0,279847;
Arsen;7;15.08.2016 14:00;0,206167;
Arsen;2;15.08.2016 14:00;0,0282854;
Arsen;9;15.08.2016 14:00;0,00226585;
Benzol;3;15.08.2016 14:00;2,90647;
Benzol;5;15.08.2016 14:00;1,8431;
Benzol;4;15.08.2016 14:00;1,34356;
Benzol;7;15.08.2016 14:00;1,12075;
Benzol;6;15.08.2016 14:00;0,342318;
Benzol;9;15.08.2016 14:00;0,295772;
Benzol;2;15.08.2016 14:00;0,165487;
Benzol;8;15.08.2016 14:00;0,111356;
Benzol;1;15.08.2016 14:00;0,0237757;
Anilin;4;15.08.2016 14:00;1,30939;
Anilin;3;15.08.2016 14:00;0,831984;
Anilin;8;15.08.2016 14:00;0,570893;
Anilin;6;15.08.2016 14:00;0,568311;
Anilin;5;15.08.2016 14:00;0,480263;
Anilin;9;15.08.2016 14:00;0,0581875;
Anilin;7;15.08.2016 14:00;0,0509464;
Anilin;2;15.08.2016 14:00;0,0442077;
Anilin;1;15.08.2016 14:00;0,040466;
Natriumchlorid;4;15.08.2016 15:00;1,31906;
Natriumchlorid;2;15.08.2016 15:00;0,765113;
Natriumchlorid;3;15.08.2016 15:00;0,692794;
Natriumchlorid;6;15.08.2016 15:00;0,574362;
Natriumchlorid;5;15.08.2016 15:00;0,376989;
Natriumchlorid;8;15.08.2016 15:00;0,35734;
Natriumchlorid;7;15.08.2016 15:00;0,294803;
Natriumchlorid;9;15.08.2016 15:00;0,107561;
Natriumchlorid;1;15.08.2016 15:00;0,0114962;
Arsen;3;15.08.2016 15:00;1,01717;
Arsen;6;15.08.2016 15:00;0,863831;
Arsen;4;15.08.2016 15:00;0,843574;
Arsen;8;15.08.2016 15:00;0,840021;
Arsen;7;15.08.2016 15:00;0,765262;
Arsen;9;15.08.2016 15:00;0,603972;
Arsen;5;15.08.2016 15:00;0,444457;
Arsen;2;15.08.2016 15:00;0,229448;
Arsen;1;15.08.2016 15:00;0,0326898;
Benzol;3;15.08.2016 15:00;1,47898;
Benzol;4;15.08.2016 15:00;1,46054;
Benzol;8;15.08.2016 15:00;0,612225;
Benzol;1;15.08.2016 15:00;0,390192;
Benzol;6;15.08.2016 15:00;0,38391;
Benzol;5;15.08.2016 15:00;0,300588;
Benzol;9;15.08.2016 15:00;0,120434;
Benzol;2;15.08.2016 15:00;0,0612046;
Benzol;7;15.08.2016 15:00;0,0173289;
Anilin;3;15.08.2016 15:00;1,44386;
Anilin;4;15.08.2016 15:00;0,953042;
Anilin;7;15.08.2016 15:00;0,701682;
Anilin;1;15.08.2016 15:00;0,608425;
Anilin;6;15.08.2016 15:00;0,419869;
Anilin;9;15.08.2016 15:00;0,242992;
Anilin;8;15.08.2016 15:00;0,179878;
Anilin;5;15.08.2016 15:00;0,168492;
Anilin;2;15.08.2016 15:00;0,018825;
Natriumchlorid;4;15.08.2016 16:00;1,35968;
Natriumchlorid;8;15.08.2016 16:00;0,883634;
Natriumchlorid;5;15.08.2016 16:00;0,703402;
Natriumchlorid;6;15.08.2016 16:00;0,443149;
Natriumchlorid;3;15.08.2016 16:00;0,319465;
Natriumchlorid;1;15.08.2016 16:00;0,281574;
Natriumchlorid;2;15.08.2016 16:00;0,225409;
Natriumchlorid;7;15.08.2016 16:00;0,147494;
Natriumchlorid;9;15.08.2016 16:00;0,0925641;
Arsen;3;15.08.2016 16:00;2,16522;
Arsen;4;15.08.2016 16:00;1,00618;
Arsen;6;15.08.2016 16:00;0,590216;
Arsen;2;15.08.2016 16:00;0,517892;
Arsen;5;15.08.2016 16:00;0,40487;
Arsen;8;15.08.2016 16:00;0,40433;
Arsen;7;15.08.2016 16:00;0,402391;
Arsen;9;15.08.2016 16:00;0,222868;
Arsen;1;15.08.2016 16:00;0,143442;
Benzol;4;15.08.2016 16:00;1,18197;
Benzol;3;15.08.2016 16:00;0,846482;
Benzol;6;15.08.2016 16:00;0,757804;
Benzol;5;15.08.2016 16:00;0,661803;
Benzol;7;15.08.2016 16:00;0,643536;
Benzol;8;15.08.2016 16:00;0,362599;
Benzol;1;15.08.2016 16:00;0,301909;
Benzol;2;15.08.2016 16:00;0,255455;
Benzol;9;15.08.2016 16:00;0,131787;
Anilin;3;15.08.2016 16:00;2,28842;
Anilin;4;15.08.2016 16:00;1,08734;
Anilin;7;15.08.2016 16:00;0,73894;
Anilin;5;15.08.2016 16:00;0,654866;
Anilin;8;15.08.2016 16:00;0,479419;
Anilin;2;15.08.2016 16:00;0,390961;
Anilin;6;15.08.2016 16:00;0,368452;
Anilin;1;15.08.2016 16:00;0,257028;
Anilin;9;15.08.2016 16:00;0,120364;
Natriumchlorid;4;15.08.2016 17:00;1,13656;
Natriumchlorid;2;15.08.2016 17:00;0,76753;
Natriumchlorid;7;15.08.2016 17:00;0,690272;
Natriumchlorid;5;15.08.2016 17:00;0,653617;
Natriumchlorid;1;15.08.2016 17:00;0,425155;
Natriumchlorid;3;15.08.2016 17:00;0,410138;
Natriumchlorid;6;15.08.2016 17:00;0,385031;
Natriumchlorid;8;15.08.2016 17:00;0,381343;
Natriumchlorid;9;15.08.2016 17:00;0,173029;
Arsen;4;15.08.2016 17:00;1,19113;
Arsen;8;15.08.2016 17:00;0,813269;
Arsen;7;15.08.2016 17:00;0,806497;
Arsen;2;15.08.2016 17:00;0,422116;
Arsen;1;15.08.2016 17:00;0,294675;
Arsen;6;15.08.2016 17:00;0,268392;
Arsen;3;15.08.2016 17:00;0,203548;
Arsen;9;15.08.2016 17:00;0,155676;
Arsen;5;15.08.2016 17:00;0,0338134;
Benzol;4;15.08.2016 17:00;0,964915;
Benzol;8;15.08.2016 17:00;0,434974;
Benzol;3;15.08.2016 17:00;0,333794;
Benzol;6;15.08.2016 17:00;0,249714;
Benzol;5;15.08.2016 17:00;0,195685;
Benzol;7;15.08.2016 17:00;0,124554;
Benzol;2;15.08.2016 17:00;0,112105;
Benzol;9;15.08.2016 17:00;0,106178;
Benzol;1;15.08.2016 17:00;0,0107217;
Anilin;4;15.08.2016 17:00;1,30831;
Anilin;3;15.08.2016 17:00;0,619981;
Anilin;6;15.08.2016 17:00;0,509741;
Anilin;8;15.08.2016 17:00;0,46;
Anilin;5;15.08.2016 17:00;0,45969;
Anilin;2;15.08.2016 17:00;0,270575;
Anilin;1;15.08.2016 17:00;0,243023;
Anilin;9;15.08.2016 17:00;0,130241;
Anilin;7;15.08.2016 17:00;0,0623511;
Natriumchlorid;3;15.08.2016 18:00;1,69244;
Natriumchlorid;4;15.08.2016 18:00;1,1791;
Natriumchlorid;7;15.08.2016 18:00;0,659896;
Natriumchlorid;6;15.08.2016 18:00;0,408502;
Natriumchlorid;8;15.08.2016 18:00;0,292779;
Natriumchlorid;1;15.08.2016 18:00;0,2913;
Natriumchlorid;5;15.08.2016 18:00;0,268323;
Natriumchlorid;9;15.08.2016 18:00;0,192534;
Natriumchlorid;2;15.08.2016 18:00;0,0975609;
Arsen;7;15.08.2016 18:00;2,50792;
Arsen;4;15.08.2016 18:00;0,925929;
Arsen;3;15.08.2016 18:00;0,609118;
Arsen;5;15.08.2016 18:00;0,602128;
Arsen;1;15.08.2016 18:00;0,587316;
Arsen;6;15.08.2016 18:00;0,40293;
Arsen;2;15.08.2016 18:00;0,372135;
Arsen;9;15.08.2016 18:00;0,2227;
Arsen;8;15.08.2016 18:00;0,0655097;
Benzol;4;15.08.2016 18:00;1,40732;
Benzol;7;15.08.2016 18:00;0,807148;
Benzol;5;15.08.2016 18:00;0,314246;
Benzol;3;15.08.2016 18:00;0,255571;
Benzol;2;15.08.2016 18:00;0,233082;
Benzol;6;15.08.2016 18:00;0,204301;
Benzol;1;15.08.2016 18:00;0,193642;
Benzol;9;15.08.2016 18:00;0,143816;
Benzol;8;15.08.2016 18:00;0,104686;
Anilin;4;15.08.2016 18:00;1,11132;
Anilin;7;15.08.2016 18:00;0,873932;
Anilin;3;15.08.2016 18:00;0,581143;
Anilin;2;15.08.2016 18:00;0,505866;
Anilin;9;15.08.2016 18:00;0,461498;
Anilin;1;15.08.2016 18:00;0,431346;
Anilin;6;15.08.2016 18:00;0,238227;
Anilin;5;15.08.2016 18:00;0,110237;
Anilin;8;15.08.2016 18:00;0,0307803;
Natriumchlorid;3;15.08.2016 19:00;1,48687;
Natriumchlorid;8;15.08.2016 19:00;0,865692;
Natriumchlorid;4;15.08.2016 19:00;0,833121;
Natriumchlorid;6;15.08.2016 19:00;0,592635;
Natriumchlorid;1;15.08.2016 19:00;0,573764;
Natriumchlorid;7;15.08.2016 19:00;0,546376;
Natriumchlorid;9;15.08.2016 19:00;0,490233;
Natriumchlorid;5;15.08.2016 19:00;0,425669;
Natriumchlorid;2;15.08.2016 19:00;0,238784;
Arsen;4;15.08.2016 19:00;1,12584;
Arsen;3;15.08.2016 19:00;0,654496;
Arsen;6;15.08.2016 19:00;0,524119;
Arsen;5;15.08.2016 19:00;0,422642;
Arsen;7;15.08.2016 19:00;0,382041;
Arsen;8;15.08.2016 19:00;0,282625;
Arsen;9;15.08.2016 19:00;0,213297;
Arsen;2;15.08.2016 19:00;0,155122;
Arsen;1;15.08.2016 19:00;0,0713795;
Benzol;3;15.08.2016 19:00;5,13392;
Benzol;4;15.08.2016 19:00;1,24788;
Benzol;7;15.08.2016 19:00;0,814554;
Benzol;8;15.08.2016 19:00;0,792733;
Benzol;2;15.08.2016 19:00;0,384621;
Benzol;5;15.08.2016 19:00;0,23745;
Benzol;6;15.08.2016 19:00;0,125355;
Benzol;9;15.08.2016 19:00;0,0330571;
Benzol;1;15.08.2016 19:00;0,0238903;
Anilin;3;15.08.2016 19:00;1,96589;
Anilin;4;15.08.2016 19:00;1,11149;
Anilin;5;15.08.2016 19:00;0,66276;
Anilin;8;15.08.2016 19:00;0,590309;
Anilin;6;15.08.2016 19:00;0,286918;
Anilin;7;15.08.2016 19:00;0,26769;
Anilin;2;15.08.2016 19:00;0,252583;
Anilin;9;15.08.2016 19:00;0,184033;
Anilin;1;15.08.2016 19:00;0,16322;
Natriumchlorid;4;15.08.2016 20:00;1,37077;
Natriumchlorid;3;15.08.2016 20:00;0,686671;
Natriumchlorid;8;15.08.2016 20:00;0,580802;
Natriumchlorid;7;15.08.2016 20:00;0,458319;
Natriumchlorid;1;15.08.2016 20:00;0,439764;
Natriumchlorid;5;15.08.2016 20:00;0,302904;
Natriumchlorid;9;15.08.2016 20:00;0,239444;
Natriumchlorid;6;15.08.2016 20:00;0,198235;
Natriumchlorid;2;15.08.2016 20:00;0,0231879;
Arsen;3;15.08.2016 20:00;2,29431;
Arsen;4;15.08.2016 20:00;1,19283;
Arsen;2;15.08.2016 20:00;1,04346;
Arsen;6;15.08.2016 20:00;0,635732;
Arsen;1;15.08.2016 20:00;0,339598;
Arsen;9;15.08.2016 20:00;0,284241;
Arsen;7;15.08.2016 20:00;0,103729;
Arsen;5;15.08.2016 20:00;0,0952174;
Arsen;8;15.08.2016 20:00;0,0589977;
Benzol;3;15.08.2016 20:00;3,86051;
Benzol;4;15.08.2016 20:00;1,0732;
Benzol;6;15.08.2016 20:00;0,691999;
Benzol;2;15.08.2016 20:00;0,36059;
Benzol;8;15.08.2016 20:00;0,279651;
Benzol;5;15.08.2016 20:00;0,23838;
Benzol;7;15.08.2016 20:00;0,182008;
Benzol;1;15.08.2016 20:00;0,101282;
Benzol;9;15.08.2016 20:00;0,0802508;
Anilin;3;15.08.2016 20:00;1,81729;
Anilin;4;15.08.2016 20:00;1,28871;
Anilin;7;15.08.2016 20:00;0,893843;
Anilin;6;15.08.2016 20:00;0,716613;
Anilin;1;15.08.2016 20:00;0,424722;
Anilin;8;15.08.2016 20:00;0,233488;
Anilin;9;15.08.2016 20:00;0,229412;
Anilin;2;15.08.2016 20:00;0,179444;
Anilin;5;15.08.2016 20:00;0,157565;
Natriumchlorid;3;15.08.2016 21:00;2,05941;
Natriumchlorid;4;15.08.2016 21:00;1,08366;
Natriumchlorid;2;15.08.2016 21:00;0,465004;
Natriumchlorid;6;15.08.2016 21:00;0,3894;
Natriumchlorid;7;15.08.2016 21:00;0,168185;
Natriumchlorid;5;15.08.2016 21:00;0,0774038;
Natriumchlorid;1;15.08.2016 21:00;0,0612207;
Natriumchlorid;8;15.08.2016 21:00;0,0555959;
Natriumchlorid;9;15.08.2016 21:00;0,0257949;
Arsen;4;15.08.2016 21:00;0,927975;
Arsen;7;15.08.2016 21:00;0,793876;
Arsen;8;15.08.2016 21:00;0,614907;
Arsen;3;15.08.2016 21:00;0,585455;
Arsen;6;15.08.2016 21:00;0,384862;
Arsen;9;15.08.2016 21:00;0,381914;
Arsen;5;15.08.2016 21:00;0,148356;
Arsen;2;15.08.2016 21:00;0,126627;
Arsen;1;15.08.2016 21:00;0,122764;
Benzol;3;15.08.2016 21:00;1,52075;
Benzol;4;15.08.2016 21:00;1,14451;
Benzol;8;15.08.2016 21:00;0,867686;
Benzol;7;15.08.2016 21:00;0,307106;
Benzol;9;15.08.2016 21:00;0,290299;
Benzol;6;15.08.2016 21:00;0,212318;
Benzol;5;15.08.2016 21:00;0,128954;
Benzol;1;15.08.2016 21:00;0,0632346;
Benzol;2;15.08.2016 21:00;0,0588942;
Anilin;3;15.08.2016 21:00;1,79205;
Anilin;4;15.08.2016 21:00;1,16383;
Anilin;8;15.08.2016 21:00;0,994411;
Anilin;7;15.08.2016 21:00;0,912264;
Anilin;2;15.08.2016 21:00;0,630452;
Anilin;5;15.08.2016 21:00;0,595736;
Anilin;1;15.08.2016 21:00;0,490629;
Anilin;9;15.08.2016 21:00;0,176422;
Anilin;6;15.08.2016 21:00;0,164359;
Natriumchlorid;7;15.08.2016 22:00;1,19979;
Natriumchlorid;4;15.08.2016 22:00;1,11761;
Natriumchlorid;5;15.08.2016 22:00;0,809318;
Natriumchlorid;3;15.08.2016 22:00;0,769909;
Natriumchlorid;1;15.08.2016 22:00;0,596278;
Natriumchlorid;8;15.08.2016 22:00;0,575194;
Natriumchlorid;9;15.08.2016 22:00;0,48318;
Natriumchlorid;6;15.08.2016 22:00;0,31826;
Natriumchlorid;2;15.08.2016 22:00;0,0623801;
Arsen;4;15.08.2016 22:00;0,950488;
Arsen;7;15.08.2016 22:00;0,895829;
Arsen;8;15.08.2016 22:00;0,299994;
Arsen;6;15.08.2016 22:00;0,298265;
Arsen;3;15.08.2016 22:00;0,225632;
Arsen;2;15.08.2016 22:00;0,224847;
Arsen;5;15.08.2016 22:00;0,201972;
Arsen;1;15.08.2016 22:00;0,173955;
Arsen;9;15.08.2016 22:00;0,0942379;
Benzol;4;15.08.2016 22:00;1,39089;
Benzol;8;15.08.2016 22:00;1,15703;
Benzol;3;15.08.2016 22:00;0,819331;
Benzol;6;15.08.2016 22:00;0,45593;
Benzol;1;15.08.2016 22:00;0,43786;
Benzol;5;15.08.2016 22:00;0,273811;
Benzol;7;15.08.2016 22:00;0,27047;
Benzol;9;15.08.2016 22:00;0,224687;
Benzol;2;15.08.2016 22:00;0,172178;
Anilin;4;15.08.2016 22:00;1,32593;
Anilin;8;15.08.2016 22:00;0,561519;
Anilin;5;15.08.2016 22:00;0,488608;
Anilin;6;15.08.2016 22:00;0,31929;
Anilin;3;15.08.2016 22:00;0,30098;
Anilin;7;15.08.2016 22:00;0,279263;
Anilin;2;15.08.2016 22:00;0,170736;
Anilin;1;15.08.2016 22:00;0,147087;
Anilin;9;15.08.2016 22:00;0,0972056;
Natriumchlorid;7;15.08.2016 23:00;1,15185;
Natriumchlorid;4;15.08.2016 23:00;0,991661;
Natriumchlorid;6;15.08.2016 23:00;0,860735;
Natriumchlorid;8;15.08.2016 23:00;0,802057;
Natriumchlorid;3;15.08.2016 23:00;0,742915;
Natriumchlorid;9;15.08.2016 23:00;0,527637;
Natriumchlorid;1;15.08.2016 23:00;0,369076;
Natriumchlorid;5;15.08.2016 23:00;0,240886;
Natriumchlorid;2;15.08.2016 23:00;0,227515;
Arsen;4;15.08.2016 23:00;1,15819;
Arsen;8;15.08.2016 23:00;0,698175;
Arsen;3;15.08.2016 23:00;0,672785;
Arsen;6;15.08.2016 23:00;0,479483;
Arsen;2;15.08.2016 23:00;0,449034;
Arsen;5;15.08.2016 23:00;0,35527;
Arsen;9;15.08.2016 23:00;0,238836;
Arsen;7;15.08.2016 23:00;0,128069;
Arsen;1;15.08.2016 23:00;0,0935622;
Benzol;4;15.08.2016 23:00;1,00799;
Benzol;6;15.08.2016 23:00;0,693025;
Benzol;7;15.08.2016 23:00;0,379396;
Benzol;3;15.08.2016 23:00;0,330448;
Benzol;5;15.08.2016 23:00;0,320217;
Benzol;8;15.08.2016 23:00;0,266004;
Benzol;9;15.08.2016 23:00;0,262532;
Benzol;1;15.08.2016 23:00;0,122368;
Benzol;2;15.08.2016 23:00;0,0496113;
Anilin;7;15.08.2016 23:00;1,25645;
Anilin;3;15.08.2016 23:00;1,18447;
Anilin;4;15.08.2016 23:00;1,03166;
Anilin;9;15.08.2016 23:00;0,638729;
Anilin;6;15.08.2016 23:00;0,429969;
Anilin;8;15.08.2016 23:00;0,285752;
Anilin;2;15.08.2016 23:00;0,232423;
Anilin;5;15.08.2016 23:00;0,182216;
Anilin;1;15.08.2016 23:00;0,0431889;
Natriumchlorid;3;16.08.2016 00:00;1,2299;
Natriumchlorid;4;16.08.2016 00:00;1,20416;
Natriumchlorid;7;16.08.2016 00:00;0,63525;
Natriumchlorid;1;16.08.2016 00:00;0,529823;
Natriumchlorid;8;16.08.2016 00:00;0,410359;
Natriumchlorid;5;16.08.2016 00:00;0,205735;
Natriumchlorid;9;16.08.2016 00:00;0,161191;
Natriumchlorid;2;16.08.2016 00:00;0,136966;
Natriumchlorid;6;16.08.2016 00:00;0,00118657;
Arsen;4;16.08.2016 00:00;1,36506;
Arsen;5;16.08.2016 00:00;0,925968;
Arsen;2;16.08.2016 00:00;0,706061;
Arsen;6;16.08.2016 00:00;0,672733;
Arsen;3;16.08.2016 00:00;0,454168;
Arsen;1;16.08.2016 00:00;0,368377;
Arsen;8;16.08.2016 00:00;0,172002;
Arsen;7;16.08.2016 00:00;0,167936;
Arsen;9;16.08.2016 00:00;0,130901;
Benzol;8;16.08.2016 00:00;1,55036;
Benzol;4;16.08.2016 00:00;1,03756;
Benzol;6;16.08.2016 00:00;0,603323;
Benzol;3;16.08.2016 00:00;0,467509;
Benzol;2;16.08.2016 00:00;0,343681;
Benzol;5;16.08.2016 00:00;0,334157;
Benzol;7;16.08.2016 00:00;0,212418;
Benzol;1;16.08.2016 00:00;0,156491;
Benzol;9;16.08.2016 00:00;0,0848834;
Anilin;8;16.08.2016 00:00;0,837285;
Anilin;2;16.08.2016 00:00;0,795511;
Anilin;4;16.08.2016 00:00;0,739742;
Anilin;9;16.08.2016 00:00;0,597042;
Anilin;5;16.08.2016 00:00;0,408786;
Anilin;1;16.08.2016 00:00;0,377176;
Anilin;6;16.08.2016 00:00;0,349318;
Anilin;3;16.08.2016 00:00;0,243778;
Anilin;7;16.08.2016 00:00;0,0937425;
Natriumchlorid;4;16.08.2016 01:00;0,986199;
Natriumchlorid;3;16.08.2016 01:00;0,631405;
Natriumchlorid;6;16.08.2016 01:00;0,509545;
Natriumchlorid;2;16.08.2016 01:00;0,4495;
Natriumchlorid;7;16.08.2016 01:00;0,410596;
Natriumchlorid;8;16.08.2016 01:00;0,31154;
Natriumchlorid;9;16.08.2016 01:00;0,231641;
Natriumchlorid;5;16.08.2016 01:00;0,149079;
Natriumchlorid;1;16.08.2016 01:00;0,0415574;
Arsen;3;16.08.2016 01:00;2,85465;
Arsen;4;16.08.2016 01:00;0,816902;
Arsen;2;16.08.2016 01:00;0,453527;
Arsen;5;16.08.2016 01:00;0,393183;
Arsen;1;16.08.2016 01:00;0,347918;
Arsen;9;16.08.2016 01:00;0,331931;
Arsen;7;16.08.2016 01:00;0,326197;
Arsen;6;16.08.2016 01:00;0,297742;
Arsen;8;16.08.2016 01:00;0,241398;
Benzol;4;16.08.2016 01:00;1,40933;
Benzol;5;16.08.2016 01:00;0,807241;
Benzol;2;16.08.2016 01:00;0,395776;
Benzol;1;16.08.2016 01:00;0,282006;
Benzol;3;16.08.2016 01:00;0,243652;
Benzol;7;16.08.2016 01:00;0,213939;
Benzol;6;16.08.2016 01:00;0,185428;
Benzol;9;16.08.2016 01:00;0,168878;
Benzol;8;16.08.2016 01:00;0,134463;
Anilin;3;16.08.2016 01:00;3,72848;
Anilin;7;16.08.2016 01:00;1,32885;
Anilin;4;16.08.2016 01:00;1,12182;
Anilin;2;16.08.2016 01:00;0,730572;
Anilin;6;16.08.2016 01:00;0,49548;
Anilin;8;16.08.2016 01:00;0,444137;
Anilin;5;16.08.2016 01:00;0,265523;
Anilin;1;16.08.2016 01:00;0,0900103;
Anilin;9;16.08.2016 01:00;0,0230282;
Natriumchlorid;6;16.08.2016 02:00;2,56149;
Natriumchlorid;7;16.08.2016 02:00;1,80533;
Natriumchlorid;4;16.08.2016 02:00;1,40633;
Natriumchlorid;8;16.08.2016 02:00;0,638151;
Natriumchlorid;2;16.08.2016 02:00;0,372437;
Natriumchlorid;5;16.08.2016 02:00;0,269268;
Natriumchlorid;9;16.08.2016 02:00;0,253769;
Natriumchlorid;3;16.08.2016 02:00;0,22568;
Natriumchlorid;1;16.08.2016 02:00;0,0704246;
Arsen;3;16.08.2016 02:00;1,33691;
Arsen;4;16.08.2016 02:00;1,01716;
Arsen;5;16.08.2016 02:00;0,735382;
Arsen;7;16.08.2016 02:00;0,485077;
Arsen;6;16.08.2016 02:00;0,463465;
Arsen;2;16.08.2016 02:00;0,437858;
Arsen;9;16.08.2016 02:00;0,142988;
Arsen;8;16.08.2016 02:00;0,135187;
Arsen;1;16.08.2016 02:00;0,122615;
Benzol;6;16.08.2016 02:00;1,47295;
Benzol;4;16.08.2016 02:00;0,976697;
Benzol;3;16.08.2016 02:00;0,798292;
Benzol;7;16.08.2016 02:00;0,70128;
Benzol;5;16.08.2016 02:00;0,594405;
Benzol;1;16.08.2016 02:00;0,472114;
Benzol;8;16.08.2016 02:00;0,16046;
Benzol;9;16.08.2016 02:00;0,133244;
Benzol;2;16.08.2016 02:00;0,0392107;
Anilin;6;16.08.2016 02:00;21,47271;
Anilin;3;16.08.2016 02:00;2,24616;
Anilin;4;16.08.2016 02:00;1,3732;
Anilin;2;16.08.2016 02:00;0,504188;
Anilin;5;16.08.2016 02:00;0,423734;
Anilin;1;16.08.2016 02:00;0,345755;
Anilin;8;16.08.2016 02:00;0,316332;
Anilin;9;16.08.2016 02:00;0,274179;
Anilin;7;16.08.2016 02:00;0,00388906;
Natriumchlorid;6;16.08.2016 03:00;2,58186;
Natriumchlorid;4;16.08.2016 03:00;1,17927;
Natriumchlorid;5;16.08.2016 03:00;0,943915;
Natriumchlorid;3;16.08.2016 03:00;0,713542;
Natriumchlorid;8;16.08.2016 03:00;0,698336;
Natriumchlorid;7;16.08.2016 03:00;0,231145;
Natriumchlorid;9;16.08.2016 03:00;0,115599;
Natriumchlorid;1;16.08.2016 03:00;0,0998119;
Natriumchlorid;2;16.08.2016 03:00;0,0382154;
Arsen;4;16.08.2016 03:00;1,50421;
Arsen;8;16.08.2016 03:00;0,577926;
Arsen;9;16.08.2016 03:00;0,467141;
Arsen;6;16.08.2016 03:00;0,443133;
Arsen;1;16.08.2016 03:00;0,284258;
Arsen;3;16.08.2016 03:00;0,242265;
Arsen;7;16.08.2016 03:00;0,11676;
Arsen;5;16.08.2016 03:00;0,0609894;
Arsen;2;16.08.2016 03:00;0,0196045;
Benzol;3;16.08.2016 03:00;0,997362;
Benzol;4;16.08.2016 03:00;0,898642;
Benzol;5;16.08.2016 03:00;0,5754;
Benzol;6;16.08.2016 03:00;0,561689;
Benzol;8;16.08.2016 03:00;0,54695;
Benzol;7;16.08.2016 03:00;0,247323;
Benzol;2;16.08.2016 03:00;0,229362;
Benzol;1;16.08.2016 03:00;0,0961175;
Benzol;9;16.08.2016 03:00;0,00560551;
Anilin;6;16.08.2016 03:00;21,29559;
Anilin;7;16.08.2016 03:00;1,08671;
Anilin;4;16.08.2016 03:00;1,00218;
Anilin;3;16.08.2016 03:00;0,806112;
Anilin;8;16.08.2016 03:00;0,425338;
Anilin;1;16.08.2016 03:00;0,411845;
Anilin;2;16.08.2016 03:00;0,164442;
Anilin;5;16.08.2016 03:00;0,116929;
Anilin;9;16.08.2016 03:00;0,0426438;
Natriumchlorid;4;16.08.2016 04:00;1,294;
Natriumchlorid;3;16.08.2016 04:00;0,704672;
Natriumchlorid;8;16.08.2016 04:00;0,465856;
Natriumchlorid;7;16.08.2016 04:00;0,452436;
Natriumchlorid;6;16.08.2016 04:00;0,334941;
Natriumchlorid;1;16.08.2016 04:00;0,224549;
Natriumchlorid;2;16.08.2016 04:00;0,19466;
Natriumchlorid;9;16.08.2016 04:00;0,118144;
Natriumchlorid;5;16.08.2016 04:00;0,0176424;
Arsen;7;16.08.2016 04:00;1,21512;
Arsen;4;16.08.2016 04:00;1,1612;
Arsen;2;16.08.2016 04:00;1,04261;
Arsen;5;16.08.2016 04:00;0,568417;
Arsen;8;16.08.2016 04:00;0,565244;
Arsen;6;16.08.2016 04:00;0,549108;
Arsen;1;16.08.2016 04:00;0,262163;
Arsen;3;16.08.2016 04:00;0,227635;
Arsen;9;16.08.2016 04:00;0,167351;
Benzol;7;16.08.2016 04:00;1,69524;
Benzol;4;16.08.2016 04:00;1,2457;
Benzol;5;16.08.2016 04:00;1,21824;
Benzol;6;16.08.2016 04:00;0,76174;
Benzol;3;16.08.2016 04:00;0,422338;
Benzol;1;16.08.2016 04:00;0,362368;
Benzol;8;16.08.2016 04:00;0,31016;
Benzol;2;16.08.2016 04:00;0,258515;
Benzol;9;16.08.2016 04:00;0,121377;
Anilin;3;16.08.2016 04:00;1,61089;
Anilin;4;16.08.2016 04:00;1,16987;
Anilin;2;16.08.2016 04:00;0,702067;
Anilin;6;16.08.2016 04:00;0,514287;
Anilin;8;16.08.2016 04:00;0,4084;
Anilin;9;16.08.2016 04:00;0,313369;
Anilin;7;16.08.2016 04:00;0,201692;
Anilin;5;16.08.2016 04:00;0,130905;
Anilin;1;16.08.2016 04:00;0,106622;
Natriumchlorid;5;16.08.2016 05:00;3,85738;
Natriumchlorid;3;16.08.2016 05:00;3,35996;
Natriumchlorid;4;16.08.2016 05:00;0,866187;
Natriumchlorid;6;16.08.2016 05:00;0,381361;
Natriumchlorid;2;16.08.2016 05:00;0,351411;
Natriumchlorid;9;16.08.2016 05:00;0,333036;
Natriumchlorid;1;16.08.2016 05:00;0,235365;
Natriumchlorid;8;16.08.2016 05:00;0,186858;
Natriumchlorid;7;16.08.2016 05:00;0,120632;
Arsen;4;16.08.2016 05:00;1,28074;
Arsen;8;16.08.2016 05:00;0,734751;
Arsen;6;16.08.2016 05:00;0,535239;
Arsen;2;16.08.2016 05:00;0,445756;
Arsen;5;16.08.2016 05:00;0,43983;
Arsen;3;16.08.2016 05:00;0,309181;
Arsen;1;16.08.2016 05:00;0,253817;
Arsen;9;16.08.2016 05:00;0,154813;
Arsen;7;16.08.2016 05:00;0,149491;
Benzol;5;16.08.2016 05:00;11,74958;
Benzol;4;16.08.2016 05:00;1,09383;
Benzol;7;16.08.2016 05:00;0,963753;
Benzol;8;16.08.2016 05:00;0,839909;
Benzol;3;16.08.2016 05:00;0,709883;
Benzol;2;16.08.2016 05:00;0,386586;
Benzol;1;16.08.2016 05:00;0,341164;
Benzol;6;16.08.2016 05:00;0,23994;
Benzol;9;16.08.2016 05:00;0,0155539;
Anilin;5;16.08.2016 05:00;31,93934;
Anilin;7;16.08.2016 05:00;1,05679;
Anilin;8;16.08.2016 05:00;1,01029;
Anilin;2;16.08.2016 05:00;0,869002;
Anilin;4;16.08.2016 05:00;0,821575;
Anilin;6;16.08.2016 05:00;0,467484;
Anilin;3;16.08.2016 05:00;0,228139;
Anilin;9;16.08.2016 05:00;0,0824555;
Anilin;1;16.08.2016 05:00;0,0338376;
Natriumchlorid;5;16.08.2016 06:00;21,4291;
Natriumchlorid;5;16.08.2016 06:00;2,41372;
Natriumchlorid;4;16.08.2016 06:00;1,01664;
Natriumchlorid;9;16.08.2016 06:00;0,471651;
Natriumchlorid;3;16.08.2016 06:00;0,43347;
Natriumchlorid;8;16.08.2016 06:00;0,372883;
Natriumchlorid;2;16.08.2016 06:00;0,370815;
Natriumchlorid;7;16.08.2016 06:00;0,327918;
Natriumchlorid;1;16.08.2016 06:00;0,247056;
Natriumchlorid;6;16.08.2016 06:00;0,173311;
Arsen;3;16.08.2016 06:00;2,83019;
Arsen;4;16.08.2016 06:00;1,03597;
Arsen;7;16.08.2016 06:00;0,664748;
Arsen;5;16.08.2016 06:00;0,419201;
Arsen;6;16.08.2016 06:00;0,327604;
Arsen;8;16.08.2016 06:00;0,323263;
Arsen;1;16.08.2016 06:00;0,182513;
Arsen;2;16.08.2016 06:00;0,159125;
Arsen;9;16.08.2016 06:00;0,0796984;
Benzol;3;16.08.2016 06:00;2,71572;
Benzol;4;16.08.2016 06:00;1,14043;
Benzol;8;16.08.2016 06:00;0,990378;
Benzol;9;16.08.2016 06:00;0,290791;
Benzol;1;16.08.2016 06:00;0,261424;
Benzol;5;16.08.2016 06:00;0,243332;
Benzol;7;16.08.2016 06:00;0,115277;
Benzol;2;16.08.2016 06:00;0,0650324;
Benzol;6;16.08.2016 06:00;0,036997;
Anilin;3;16.08.2016 06:00;2,18327;
Anilin;7;16.08.2016 06:00;1,79769;
Anilin;4;16.08.2016 06:00;1,01321;
Anilin;2;16.08.2016 06:00;0,676782;
Anilin;8;16.08.2016 06:00;0,625339;
Anilin;6;16.08.2016 06:00;0,592586;
Anilin;9;16.08.2016 06:00;0,29806;
Anilin;1;16.08.2016 06:00;0,274114;
Natriumchlorid;4;16.08.2016 07:00;1,11939;
Natriumchlorid;8;16.08.2016 07:00;0,770873;
Natriumchlorid;5;16.08.2016 07:00;0,739403;
Natriumchlorid;2;16.08.2016 07:00;0,593627;
Natriumchlorid;3;16.08.2016 07:00;0,52089;
Natriumchlorid;6;16.08.2016 07:00;0,497509;
Natriumchlorid;7;16.08.2016 07:00;0,279865;
Natriumchlorid;9;16.08.2016 07:00;0,195035;
Natriumchlorid;1;16.08.2016 07:00;0,0196995;
Arsen;3;16.08.2016 07:00;2,8644;
Arsen;4;16.08.2016 07:00;1,00749;
Arsen;2;16.08.2016 07:00;0,843615;
Arsen;1;16.08.2016 07:00;0,658167;
Arsen;6;16.08.2016 07:00;0,509919;
Arsen;8;16.08.2016 07:00;0,420342;
Arsen;9;16.08.2016 07:00;0,243321;
Arsen;7;16.08.2016 07:00;0,218291;
Arsen;5;16.08.2016 07:00;0,135018;
Benzol;4;16.08.2016 07:00;1,34813;
Benzol;7;16.08.2016 07:00;0,774094;
Benzol;3;16.08.2016 07:00;0,609775;
Benzol;8;16.08.2016 07:00;0,535583;
Benzol;2;16.08.2016 07:00;0,522868;
Benzol;6;16.08.2016 07:00;0,350423;
Benzol;1;16.08.2016 07:00;0,153857;
Benzol;9;16.08.2016 07:00;0,0446997;
Benzol;5;16.08.2016 07:00;0,0165171;
Anilin;3;16.08.2016 07:00;1,85802;
Anilin;4;16.08.2016 07:00;1,11681;
Anilin;6;16.08.2016 07:00;0,925462;
Anilin;1;16.08.2016 07:00;0,362773;
Anilin;5;16.08.2016 07:00;0,358016;
Anilin;9;16.08.2016 07:00;0,357252;
Anilin;7;16.08.2016 07:00;0,294803;
Anilin;2;16.08.2016 07:00;0,230184;
Anilin;8;16.08.2016 07:00;0,229777;
Natriumchlorid;4;16.08.2016 08:00;1,20907;
Natriumchlorid;7;16.08.2016 08:00;0,741944;
Natriumchlorid;6;16.08.2016 08:00;0,60492;
Natriumchlorid;5;16.08.2016 08:00;0,579469;
Natriumchlorid;8;16.08.2016 08:00;0,557246;
Natriumchlorid;3;16.08.2016 08:00;0,378096;
Natriumchlorid;2;16.08.2016 08:00;0,350458;
Natriumchlorid;9;16.08.2016 08:00;0,211228;
Natriumchlorid;1;16.08.2016 08:00;0,164728;
Arsen;3;16.08.2016 08:00;1,6025;
Arsen;4;16.08.2016 08:00;1,39501;
Arsen;6;16.08.2016 08:00;0,702189;
Arsen;7;16.08.2016 08:00;0,330977;
Arsen;9;16.08.2016 08:00;0,2048;
Arsen;1;16.08.2016 08:00;0,202241;
Arsen;8;16.08.2016 08:00;0,179558;
Arsen;5;16.08.2016 08:00;0,141586;
Arsen;2;16.08.2016 08:00;0,0274625;
Benzol;3;16.08.2016 08:00;2,214;
Benzol;4;16.08.2016 08:00;1,06588;
Benzol;7;16.08.2016 08:00;1,01166;
Benzol;5;16.08.2016 08:00;0,604518;
Benzol;6;16.08.2016 08:00;0,466885;
Benzol;8;16.08.2016 08:00;0,404299;
Benzol;9;16.08.2016 08:00;0,391858;
Benzol;1;16.08.2016 08:00;0,342364;
Benzol;2;16.08.2016 08:00;0,232057;
Anilin;3;16.08.2016 08:00;2,34691;
Anilin;4;16.08.2016 08:00;1,20981;
Anilin;5;16.08.2016 08:00;0,81843;
Anilin;7;16.08.2016 08:00;0,412487;
Anilin;6;16.08.2016 08:00;0,406725;
Anilin;1;16.08.2016 08:00;0,312921;
Anilin;9;16.08.2016 08:00;0,268635;
Anilin;2;16.08.2016 08:00;0,260619;
Anilin;8;16.08.2016 08:00;0,169911;
Natriumchlorid;3;16.08.2016 09:00;1,17806;
Natriumchlorid;4;16.08.2016 09:00;0,889385;
Natriumchlorid;8;16.08.2016 09:00;0,72308;
Natriumchlorid;2;16.08.2016 09:00;0,715956;
Natriumchlorid;6;16.08.2016 09:00;0,667777;
Natriumchlorid;5;16.08.2016 09:00;0,415876;
Natriumchlorid;1;16.08.2016 09:00;0,298889;
Natriumchlorid;9;16.08.2016 09:00;0,233735;
Natriumchlorid;7;16.08.2016 09:00;0,0554916;
Arsen;4;16.08.2016 09:00;1,19567;
Arsen;3;16.08.2016 09:00;1,03259;
Arsen;8;16.08.2016 09:00;1,02719;
Arsen;5;16.08.2016 09:00;0,507539;
Arsen;1;16.08.2016 09:00;0,33876;
Arsen;6;16.08.2016 09:00;0,241955;
Arsen;7;16.08.2016 09:00;0,193411;
Arsen;2;16.08.2016 09:00;0,138763;
Arsen;9;16.08.2016 09:00;0,0270094;
Benzol;3;16.08.2016 09:00;1,72041;
Benzol;4;16.08.2016 09:00;0,804127;
Benzol;2;16.08.2016 09:00;0,466905;
Benzol;7;16.08.2016 09:00;0,407545;
Benzol;6;16.08.2016 09:00;0,372103;
Benzol;9;16.08.2016 09:00;0,312759;
Benzol;5;16.08.2016 09:00;0,298604;
Benzol;1;16.08.2016 09:00;0,253817;
Benzol;8;16.08.2016 09:00;0,252952;
Anilin;4;16.08.2016 09:00;1,24484;
Anilin;3;16.08.2016 09:00;1,05299;
Anilin;5;16.08.2016 09:00;0,830777;
Anilin;6;16.08.2016 09:00;0,712554;
Anilin;2;16.08.2016 09:00;0,376913;
Anilin;7;16.08.2016 09:00;0,359779;
Anilin;9;16.08.2016 09:00;0,255325;
Anilin;8;16.08.2016 09:00;0,223626;
Anilin;1;16.08.2016 09:00;0,103403;
Natriumchlorid;4;16.08.2016 10:00;17,0811;
Natriumchlorid;4;16.08.2016 10:00;2,38972;
Natriumchlorid;3;16.08.2016 10:00;0,905317;
Natriumchlorid;8;16.08.2016 10:00;0,715296;
Natriumchlorid;6;16.08.2016 10:00;0,416289;
Natriumchlorid;2;16.08.2016 10:00;0,314821;
Natriumchlorid;1;16.08.2016 10:00;0,299668;
Natriumchlorid;7;16.08.2016 10:00;0,231181;
Natriumchlorid;9;16.08.2016 10:00;0,0647334;
Natriumchlorid;5;16.08.2016 10:00;0,0605277;
Arsen;4;16.08.2016 10:00;1,16022;
Arsen;5;16.08.2016 10:00;0,740238;
Arsen;2;16.08.2016 10:00;0,672324;
Arsen;8;16.08.2016 10:00;0,621619;
Arsen;9;16.08.2016 10:00;0,597519;
Arsen;3;16.08.2016 10:00;0,506406;
Arsen;1;16.08.2016 10:00;0,320192;
Arsen;7;16.08.2016 10:00;0,295275;
Arsen;6;16.08.2016 10:00;0,144878;
Benzol;4;16.08.2016 10:00;6,17904;
Benzol;3;16.08.2016 10:00;1,75698;
Benzol;5;16.08.2016 10:00;0,683343;
Benzol;2;16.08.2016 10:00;0,417492;
Benzol;1;16.08.2016 10:00;0,260927;
Benzol;8;16.08.2016 10:00;0,213826;
Benzol;7;16.08.2016 10:00;0,1898;
Benzol;9;16.08.2016 10:00;0,160258;
Benzol;6;16.08.2016 10:00;0,153901;
Anilin;3;16.08.2016 10:00;1,11941;
Anilin;1;16.08.2016 10:00;0,565169;
Anilin;7;16.08.2016 10:00;0,54057;
Anilin;5;16.08.2016 10:00;0,437206;
Anilin;2;16.08.2016 10:00;0,314623;
Anilin;8;16.08.2016 10:00;0,258338;
Anilin;6;16.08.2016 10:00;0,239813;
Anilin;9;16.08.2016 10:00;0,202804;
Natriumchlorid;4;16.08.2016 11:00;22,2418;
Natriumchlorid;4;16.08.2016 11:00;3,18582;
Natriumchlorid;7;16.08.2016 11:00;0,472541;
Natriumchlorid;5;16.08.2016 11:00;0,464203;
Natriumchlorid;8;16.08.2016 11:00;0,413451;
Natriumchlorid;3;16.08.2016 11:00;0,381198;
Natriumchlorid;6;16.08.2016 11:00;0,243331;
Natriumchlorid;2;16.08.2016 11:00;0,23694;
Natriumchlorid;1;16.08.2016 11:00;0,077823;
Natriumchlorid;9;16.08.2016 11:00;0,0203416;
Arsen;9;16.08.2016 11:00;3,9341;
Arsen;7;16.08.2016 11:00;2,34039;
Arsen;4;16.08.2016 11:00;1,38054;
Arsen;3;16.08.2016 11:00;1,01771;
Arsen;5;16.08.2016 11:00;0,837567;
Arsen;8;16.08.2016 11:00;0,575801;
Arsen;6;16.08.2016 11:00;0,497061;
Arsen;1;16.08.2016 11:00;0,225042;
Arsen;2;16.08.2016 11:00;0,119657;
Benzol;4;16.08.2016 11:00;1,02945;
Benzol;3;16.08.2016 11:00;0,982596;
Benzol;1;16.08.2016 11:00;0,55291;
Benzol;8;16.08.2016 11:00;0,46161;
Benzol;5;16.08.2016 11:00;0,312469;
Benzol;9;16.08.2016 11:00;0,213037;
Benzol;2;16.08.2016 11:00;0,107713;
Benzol;6;16.08.2016 11:00;0,0868737;
Benzol;7;16.08.2016 11:00;0,0693702;
Anilin;1;16.08.2016 11:00;0,763741;
Anilin;7;16.08.2016 11:00;0,531551;
Anilin;5;16.08.2016 11:00;0,425064;
Anilin;6;16.08.2016 11:00;0,344452;
Anilin;2;16.08.2016 11:00;0,292918;
Anilin;3;16.08.2016 11:00;0,286031;
Anilin;9;16.08.2016 11:00;0,195616;
Anilin;8;16.08.2016 11:00;0,191254;
Natriumchlorid;5;16.08.2016 12:00;5,95157;
Natriumchlorid;4;16.08.2016 12:00;1,16317;
Natriumchlorid;8;16.08.2016 12:00;0,821231;
Natriumchlorid;7;16.08.2016 12:00;0,665052;
Natriumchlorid;3;16.08.2016 12:00;0,362284;
Natriumchlorid;1;16.08.2016 12:00;0,212838;
Natriumchlorid;6;16.08.2016 12:00;0,209013;
Natriumchlorid;9;16.08.2016 12:00;0,0748411;
Natriumchlorid;2;16.08.2016 12:00;0,0297638;
Arsen;9;16.08.2016 12:00;1,81945;
Arsen;4;16.08.2016 12:00;0,932668;
Arsen;7;16.08.2016 12:00;0,795174;
Arsen;3;16.08.2016 12:00;0,579184;
Arsen;6;16.08.2016 12:00;0,471645;
Arsen;8;16.08.2016 12:00;0,234256;
Arsen;5;16.08.2016 12:00;0,204049;
Arsen;1;16.08.2016 12:00;0,0196536;
Arsen;2;16.08.2016 12:00;0,00329267;
Benzol;7;16.08.2016 12:00;1,58256;
Benzol;4;16.08.2016 12:00;1,0674;
Benzol;3;16.08.2016 12:00;0,873151;
Benzol;2;16.08.2016 12:00;0,672508;
Benzol;6;16.08.2016 12:00;0,667739;
Benzol;5;16.08.2016 12:00;0,634396;
Benzol;8;16.08.2016 12:00;0,469022;
Benzol;9;16.08.2016 12:00;0,249766;
Benzol;1;16.08.2016 12:00;0,210983;
Anilin;3;16.08.2016 12:00;4,02926;
Anilin;4;16.08.2016 12:00;1,14975;
Anilin;8;16.08.2016 12:00;1,14199;
Anilin;7;16.08.2016 12:00;1,09495;
Anilin;5;16.08.2016 12:00;0,748464;
Anilin;2;16.08.2016 12:00;0,571909;
Anilin;1;16.08.2016 12:00;0,537641;
Anilin;9;16.08.2016 12:00;0,291691;
Anilin;6;16.08.2016 12:00;0,265874;
Natriumchlorid;5;16.08.2016 13:00;5,63339;
Natriumchlorid;4;16.08.2016 13:00;1,22021;
Natriumchlorid;3;16.08.2016 13:00;0,684723;
Natriumchlorid;6;16.08.2016 13:00;0,505602;
Natriumchlorid;8;16.08.2016 13:00;0,476021;
Natriumchlorid;7;16.08.2016 13:00;0,452011;
Natriumchlorid;2;16.08.2016 13:00;0,392128;
Natriumchlorid;1;16.08.2016 13:00;0,28384;
Natriumchlorid;9;16.08.2016 13:00;0,253246;
Arsen;9;16.08.2016 13:00;2,08164;
Arsen;3;16.08.2016 13:00;1,0428;
Arsen;4;16.08.2016 13:00;1,02878;
Arsen;1;16.08.2016 13:00;0,612703;
Arsen;8;16.08.2016 13:00;0,534514;
Arsen;6;16.08.2016 13:00;0,474441;
Arsen;2;16.08.2016 13:00;0,306745;
Arsen;5;16.08.2016 13:00;0,245391;
Arsen;7;16.08.2016 13:00;0,136404;
Benzol;7;16.08.2016 13:00;3,41503;
Benzol;4;16.08.2016 13:00;3,10349;
Benzol;3;16.08.2016 13:00;2,56744;
Benzol;5;16.08.2016 13:00;0,458434;
Benzol;1;16.08.2016 13:00;0,38579;
Benzol;8;16.08.2016 13:00;0,339567;
Benzol;6;16.08.2016 13:00;0,281691;
Benzol;2;16.08.2016 13:00;0,249503;
Benzol;9;16.08.2016 13:00;0,0978296;
Anilin;4;16.08.2016 13:00;1,26322;
Anilin;3;16.08.2016 13:00;1,04038;
Anilin;5;16.08.2016 13:00;0,693571;
Anilin;8;16.08.2016 13:00;0,670901;
Anilin;2;16.08.2016 13:00;0,54065;
Anilin;6;16.08.2016 13:00;0,377239;
Anilin;7;16.08.2016 13:00;0,360869;
Anilin;9;16.08.2016 13:00;0,225844;
Anilin;1;16.08.2016 13:00;0,177331;
Natriumchlorid;4;16.08.2016 14:00;32,72532;
Natriumchlorid;4;16.08.2016 14:00;4,23887;
Natriumchlorid;5;16.08.2016 14:00;0,953894;
Natriumchlorid;6;16.08.2016 14:00;0,574407;
Natriumchlorid;3;16.08.2016 14:00;0,509493;
Natriumchlorid;9;16.08.2016 14:00;0,507318;
Natriumchlorid;7;16.08.2016 14:00;0,177894;
Natriumchlorid;2;16.08.2016 14:00;0,124098;
Natriumchlorid;1;16.08.2016 14:00;0,109887;
Natriumchlorid;8;16.08.2016 14:00;0,093832;
Arsen;3;16.08.2016 14:00;2,69979;
Arsen;9;16.08.2016 14:00;2,17273;
Arsen;4;16.08.2016 14:00;1,06029;
Arsen;7;16.08.2016 14:00;0,987216;
Arsen;2;16.08.2016 14:00;0,432983;
Arsen;1;16.08.2016 14:00;0,39106;
Arsen;5;16.08.2016 14:00;0,360946;
Arsen;6;16.08.2016 14:00;0,275603;
Arsen;8;16.08.2016 14:00;0,0210081;
Benzol;4;16.08.2016 14:00;0,858596;
Benzol;9;16.08.2016 14:00;0,44548;
Benzol;5;16.08.2016 14:00;0,426719;
Benzol;6;16.08.2016 14:00;0,291963;
Benzol;8;16.08.2016 14:00;0,251557;
Benzol;2;16.08.2016 14:00;0,206288;
Benzol;3;16.08.2016 14:00;0,14308;
Benzol;7;16.08.2016 14:00;0,119721;
Benzol;1;16.08.2016 14:00;0,0470057;
Anilin;5;16.08.2016 14:00;1,02095;
Anilin;7;16.08.2016 14:00;0,796565;
Anilin;3;16.08.2016 14:00;0,676805;
Anilin;6;16.08.2016 14:00;0,458288;
Anilin;9;16.08.2016 14:00;0,418115;
Anilin;1;16.08.2016 14:00;0,23907;
Anilin;2;16.08.2016 14:00;0,18605;
Anilin;8;16.08.2016 14:00;0,153689;
Natriumchlorid;4;16.08.2016 15:00;0,89266;
Natriumchlorid;5;16.08.2016 15:00;0,756353;
Natriumchlorid;3;16.08.2016 15:00;0,630811;
Natriumchlorid;9;16.08.2016 15:00;0,455918;
Natriumchlorid;2;16.08.2016 15:00;0,397813;
Natriumchlorid;1;16.08.2016 15:00;0,29794;
Natriumchlorid;8;16.08.2016 15:00;0,243151;
Natriumchlorid;7;16.08.2016 15:00;0,163634;
Natriumchlorid;6;16.08.2016 15:00;0,152196;
Arsen;3;16.08.2016 15:00;1,24965;
Arsen;4;16.08.2016 15:00;0,975547;
Arsen;6;16.08.2016 15:00;0,556856;
Arsen;8;16.08.2016 15:00;0,413849;
Arsen;1;16.08.2016 15:00;0,207446;
Arsen;5;16.08.2016 15:00;0,19507;
Arsen;9;16.08.2016 15:00;0,143386;
Arsen;2;16.08.2016 15:00;0,108307;
Arsen;7;16.08.2016 15:00;0,0307726;
Benzol;4;16.08.2016 15:00;1,2262;
Benzol;3;16.08.2016 15:00;1,03407;
Benzol;5;16.08.2016 15:00;0,754083;
Benzol;1;16.08.2016 15:00;0,530181;
Benzol;8;16.08.2016 15:00;0,430184;
Benzol;6;16.08.2016 15:00;0,262173;
Benzol;2;16.08.2016 15:00;0,183089;
Benzol;9;16.08.2016 15:00;0,0531055;
Benzol;7;16.08.2016 15:00;0,0373171;
Anilin;4;16.08.2016 15:00;1,38289;
Anilin;3;16.08.2016 15:00;0,934543;
Anilin;2;16.08.2016 15:00;0,512051;
Anilin;9;16.08.2016 15:00;0,504704;
Anilin;5;16.08.2016 15:00;0,362856;
Anilin;7;16.08.2016 15:00;0,259637;
Anilin;8;16.08.2016 15:00;0,160679;
Anilin;1;16.08.2016 15:00;0,0444112;
Anilin;6;16.08.2016 15:00;0,0172719;
Natriumchlorid;7;16.08.2016 16:00;2,22787;
Natriumchlorid;3;16.08.2016 16:00;1,45156;
Natriumchlorid;4;16.08.2016 16:00;1,3961;
Natriumchlorid;6;16.08.2016 16:00;0,546414;
Natriumchlorid;5;16.08.2016 16:00;0,319103;
Natriumchlorid;2;16.08.2016 16:00;0,194173;
Natriumchlorid;1;16.08.2016 16:00;0,0894903;
Natriumchlorid;8;16.08.2016 16:00;0,0289814;
Natriumchlorid;9;16.08.2016 16:00;0,0185034;
Arsen;3;16.08.2016 16:00;1,6762;
Arsen;4;16.08.2016 16:00;1,19166;
Arsen;5;16.08.2016 16:00;0,404785;
Arsen;7;16.08.2016 16:00;0,294297;
Arsen;1;16.08.2016 16:00;0,187852;
Arsen;8;16.08.2016 16:00;0,180376;
Arsen;2;16.08.2016 16:00;0,178322;
Arsen;9;16.08.2016 16:00;0,146971;
Arsen;6;16.08.2016 16:00;0,0558751;
Benzol;3;16.08.2016 16:00;1,6897;
Benzol;8;16.08.2016 16:00;0,985066;
Benzol;4;16.08.2016 16:00;0,93631;
Benzol;5;16.08.2016 16:00;0,874814;
Benzol;9;16.08.2016 16:00;0,516025;
Benzol;6;16.08.2016 16:00;0,240108;
Benzol;1;16.08.2016 16:00;0,177786;
Benzol;7;16.08.2016 16:00;0,152845;
Benzol;2;16.08.2016 16:00;0,0724428;
Anilin;4;16.08.2016 16:00;1,12255;
Anilin;3;16.08.2016 16:00;0,947852;
Anilin;7;16.08.2016 16:00;0,64531;
Anilin;6;16.08.2016 16:00;0,324048;
Anilin;1;16.08.2016 16:00;0,301126;
Anilin;2;16.08.2016 16:00;0,241613;
Anilin;9;16.08.2016 16:00;0,194147;
Anilin;5;16.08.2016 16:00;0,145956;
Anilin;8;16.08.2016 16:00;0,128058;
Natriumchlorid;7;16.08.2016 17:00;1,49777;
Natriumchlorid;4;16.08.2016 17:00;1,125;
Natriumchlorid;3;16.08.2016 17:00;0,758646;
Natriumchlorid;8;16.08.2016 17:00;0,536848;
Natriumchlorid;6;16.08.2016 17:00;0,451504;
Natriumchlorid;2;16.08.2016 17:00;0,346397;
Natriumchlorid;5;16.08.2016 17:00;0,173819;
Natriumchlorid;1;16.08.2016 17:00;0,158244;
Natriumchlorid;9;16.08.2016 17:00;0,110969;
Arsen;4;16.08.2016 17:00;1,13181;
Arsen;8;16.08.2016 17:00;0,781396;
Arsen;6;16.08.2016 17:00;0,480212;
Arsen;5;16.08.2016 17:00;0,43032;
Arsen;2;16.08.2016 17:00;0,425662;
Arsen;3;16.08.2016 17:00;0,319971;
Arsen;1;16.08.2016 17:00;0,212868;
Arsen;7;16.08.2016 17:00;0,128183;
Arsen;9;16.08.2016 17:00;0,0337944;
Benzol;7;16.08.2016 17:00;1,25737;
Benzol;4;16.08.2016 17:00;1,19171;
Benzol;2;16.08.2016 17:00;0,811173;
Benzol;3;16.08.2016 17:00;0,729316;
Benzol;8;16.08.2016 17:00;0,413512;
Benzol;5;16.08.2016 17:00;0,35462;
Benzol;1;16.08.2016 17:00;0,239866;
Benzol;6;16.08.2016 17:00;0,191477;
Benzol;9;16.08.2016 17:00;0,164868;
Anilin;3;16.08.2016 17:00;2,55786;
Anilin;4;16.08.2016 17:00;1,18316;
Anilin;8;16.08.2016 17:00;0,773663;
Anilin;7;16.08.2016 17:00;0,771584;
Anilin;2;16.08.2016 17:00;0,507343;
Anilin;9;16.08.2016 17:00;0,244732;
Anilin;5;16.08.2016 17:00;0,0787796;
Anilin;6;16.08.2016 17:00;0,0497233;
Anilin;1;16.08.2016 17:00;0,0260795;
Natriumchlorid;4;16.08.2016 18:00;1,3278;
Natriumchlorid;5;16.08.2016 18:00;0,888922;
Natriumchlorid;6;16.08.2016 18:00;0,778794;
Natriumchlorid;9;16.08.2016 18:00;0,462762;
Natriumchlorid;2;16.08.2016 18:00;0,445018;
Natriumchlorid;3;16.08.2016 18:00;0,421075;
Natriumchlorid;7;16.08.2016 18:00;0,164197;
Natriumchlorid;8;16.08.2016 18:00;0,115886;
Natriumchlorid;1;16.08.2016 18:00;0,102164;
Arsen;3;16.08.2016 18:00;2,26556;
Arsen;4;16.08.2016 18:00;1,28546;
Arsen;2;16.08.2016 18:00;0,738492;
Arsen;1;16.08.2016 18:00;0,423862;
Arsen;6;16.08.2016 18:00;0,244865;
Arsen;5;16.08.2016 18:00;0,172678;
Arsen;8;16.08.2016 18:00;0,132782;
Arsen;7;16.08.2016 18:00;0,0530135;
Arsen;9;16.08.2016 18:00;0,0130009;
Benzol;3;16.08.2016 18:00;2,04729;
Benzol;7;16.08.2016 18:00;1,49298;
Benzol;4;16.08.2016 18:00;1,08929;
Benzol;8;16.08.2016 18:00;0,47356;
Benzol;9;16.08.2016 18:00;0,288305;
Benzol;6;16.08.2016 18:00;0,285857;
Benzol;1;16.08.2016 18:00;0,231269;
Benzol;5;16.08.2016 18:00;0,224463;
Benzol;2;16.08.2016 18:00;0,0636713;
Anilin;3;16.08.2016 18:00;1,79799;
Anilin;4;16.08.2016 18:00;1,20923;
Anilin;8;16.08.2016 18:00;0,582567;
Anilin;6;16.08.2016 18:00;0,459518;
Anilin;1;16.08.2016 18:00;0,414002;
Anilin;7;16.08.2016 18:00;0,244012;
Anilin;5;16.08.2016 18:00;0,189214;
Anilin;9;16.08.2016 18:00;0,170866;
Anilin;2;16.08.2016 18:00;0,136535;
Natriumchlorid;4;16.08.2016 19:00;1,25819;
Natriumchlorid;3;16.08.2016 19:00;0,989661;
Natriumchlorid;2;16.08.2016 19:00;0,780028;
Natriumchlorid;1;16.08.2016 19:00;0,537704;
Natriumchlorid;6;16.08.2016 19:00;0,484726;
Natriumchlorid;5;16.08.2016 19:00;0,373589;
Natriumchlorid;8;16.08.2016 19:00;0,340495;
Natriumchlorid;9;16.08.2016 19:00;0,118493;
Natriumchlorid;7;16.08.2016 19:00;0,109583;
Arsen;3;16.08.2016 19:00;1,8983;
Arsen;4;16.08.2016 19:00;1,20756;
Arsen;6;16.08.2016 19:00;0,90824;
Arsen;8;16.08.2016 19:00;0,513292;
Arsen;1;16.08.2016 19:00;0,431167;
Arsen;9;16.08.2016 19:00;0,294196;
Arsen;5;16.08.2016 19:00;0,262801;
Arsen;7;16.08.2016 19:00;0,256564;
Arsen;2;16.08.2016 19:00;0,134269;
Benzol;4;16.08.2016 19:00;1,17569;
Benzol;2;16.08.2016 19:00;0,526228;
Benzol;7;16.08.2016 19:00;0,361754;
Benzol;9;16.08.2016 19:00;0,32643;
Benzol;6;16.08.2016 19:00;0,272319;
Benzol;1;16.08.2016 19:00;0,195417;
Benzol;3;16.08.2016 19:00;0,178973;
Benzol;5;16.08.2016 19:00;0,115796;
Benzol;8;16.08.2016 19:00;0,0276781;
Anilin;3;16.08.2016 19:00;2,42496;
Anilin;4;16.08.2016 19:00;1,22826;
Anilin;1;16.08.2016 19:00;0,551971;
Anilin;8;16.08.2016 19:00;0,505256;
Anilin;2;16.08.2016 19:00;0,45248;
Anilin;5;16.08.2016 19:00;0,337615;
Anilin;6;16.08.2016 19:00;0,20536;
Anilin;7;16.08.2016 19:00;0,0303574;
Anilin;9;16.08.2016 19:00;0,0145448;
Natriumchlorid;3;16.08.2016 20:00;1,63741;
Natriumchlorid;4;16.08.2016 20:00;0,883679;
Natriumchlorid;8;16.08.2016 20:00;0,567586;
Natriumchlorid;7;16.08.2016 20:00;0,486688;
Natriumchlorid;6;16.08.2016 20:00;0,34897;
Natriumchlorid;1;16.08.2016 20:00;0,331703;
Natriumchlorid;2;16.08.2016 20:00;0,237862;
Natriumchlorid;9;16.08.2016 20:00;0,208992;
Natriumchlorid;5;16.08.2016 20:00;0,119485;
Arsen;4;16.08.2016 20:00;0,842968;
Arsen;1;16.08.2016 20:00;0,459037;
Arsen;2;16.08.2016 20:00;0,395603;
Arsen;6;16.08.2016 20:00;0,218386;
Arsen;7;16.08.2016 20:00;0,172261;
Arsen;8;16.08.2016 20:00;0,161648;
Arsen;3;16.08.2016 20:00;0,161604;
Arsen;5;16.08.2016 20:00;0,0514258;
Arsen;9;16.08.2016 20:00;0,0294766;
Benzol;4;16.08.2016 20:00;1,54044;
Benzol;6;16.08.2016 20:00;0,681111;
Benzol;8;16.08.2016 20:00;0,466445;
Benzol;2;16.08.2016 20:00;0,434507;
Benzol;5;16.08.2016 20:00;0,322038;
Benzol;9;16.08.2016 20:00;0,31481;
Benzol;7;16.08.2016 20:00;0,279709;
Benzol;3;16.08.2016 20:00;0,155004;
Benzol;1;16.08.2016 20:00;0,0286488;
Anilin;3;16.08.2016 20:00;3,07414;
Anilin;4;16.08.2016 20:00;0,998126;
Anilin;8;16.08.2016 20:00;0,784007;
Anilin;6;16.08.2016 20:00;0,30987;
Anilin;5;16.08.2016 20:00;0,226315;
Anilin;9;16.08.2016 20:00;0,137895;
Anilin;2;16.08.2016 20:00;0,0993884;
Anilin;7;16.08.2016 20:00;0,0304364;
Anilin;1;16.08.2016 20:00;0,0216431;
Natriumchlorid;4;16.08.2016 21:00;1,23686;
Natriumchlorid;5;16.08.2016 21:00;0,928804;
Natriumchlorid;8;16.08.2016 21:00;0,853611;
Natriumchlorid;7;16.08.2016 21:00;0,844228;
Natriumchlorid;1;16.08.2016 21:00;0,403221;
Natriumchlorid;3;16.08.2016 21:00;0,384299;
Natriumchlorid;6;16.08.2016 21:00;0,155976;
Natriumchlorid;2;16.08.2016 21:00;0,107919;
Natriumchlorid;9;16.08.2016 21:00;0,040928;
Arsen;9;16.08.2016 21:00;1,84889;
Arsen;4;16.08.2016 21:00;1,18463;
Arsen;8;16.08.2016 21:00;0,639357;
Arsen;5;16.08.2016 21:00;0,571504;
Arsen;6;16.08.2016 21:00;0,478061;
Arsen;1;16.08.2016 21:00;0,334567;
Arsen;7;16.08.2016 21:00;0,126307;
Arsen;2;16.08.2016 21:00;0,121471;
Arsen;3;16.08.2016 21:00;0,0137943;
Benzol;4;16.08.2016 21:00;2,29085;
Benzol;3;16.08.2016 21:00;0,545896;
Benzol;1;16.08.2016 21:00;0,307931;
Benzol;9;16.08.2016 21:00;0,301596;
Benzol;5;16.08.2016 21:00;0,213125;
Benzol;8;16.08.2016 21:00;0,17945;
Benzol;6;16.08.2016 21:00;0,170022;
Benzol;7;16.08.2016 21:00;0,0193772;
Benzol;2;16.08.2016 21:00;0,00360326;
Anilin;3;16.08.2016 21:00;2,15577;
Anilin;7;16.08.2016 21:00;1,57712;
Anilin;4;16.08.2016 21:00;1,26275;
Anilin;5;16.08.2016 21:00;0,966938;
Anilin;9;16.08.2016 21:00;0,509935;
Anilin;8;16.08.2016 21:00;0,470699;
Anilin;6;16.08.2016 21:00;0,436158;
Anilin;1;16.08.2016 21:00;0,147293;
Anilin;2;16.08.2016 21:00;0,0392109;
Natriumchlorid;4;16.08.2016 22:00;1,70315;
Natriumchlorid;7;16.08.2016 22:00;1,063;
Natriumchlorid;3;16.08.2016 22:00;1,0515;
Natriumchlorid;6;16.08.2016 22:00;0,491912;
Natriumchlorid;2;16.08.2016 22:00;0,317648;
Natriumchlorid;1;16.08.2016 22:00;0,178485;
Natriumchlorid;5;16.08.2016 22:00;0,123348;
Natriumchlorid;8;16.08.2016 22:00;0,116454;
Natriumchlorid;9;16.08.2016 22:00;0,0618428;
Arsen;8;16.08.2016 22:00;0,923429;
Arsen;4;16.08.2016 22:00;0,915268;
Arsen;1;16.08.2016 22:00;0,527112;
Arsen;3;16.08.2016 22:00;0,356722;
Arsen;6;16.08.2016 22:00;0,345152;
Arsen;7;16.08.2016 22:00;0,301003;
Arsen;5;16.08.2016 22:00;0,291578;
Arsen;9;16.08.2016 22:00;0,194254;
Arsen;2;16.08.2016 22:00;0,109279;
Benzol;3;16.08.2016 22:00;1,19083;
Benzol;4;16.08.2016 22:00;1,02212;
Benzol;8;16.08.2016 22:00;0,744936;
Benzol;9;16.08.2016 22:00;0,493698;
Benzol;6;16.08.2016 22:00;0,427496;
Benzol;5;16.08.2016 22:00;0,326059;
Benzol;1;16.08.2016 22:00;0,317108;
Benzol;2;16.08.2016 22:00;0,0959474;
Benzol;7;16.08.2016 22:00;0,0105197;
Anilin;7;16.08.2016 22:00;1,9667;
Anilin;4;16.08.2016 22:00;1,35334;
Anilin;3;16.08.2016 22:00;0,816724;
Anilin;6;16.08.2016 22:00;0,372211;
Anilin;2;16.08.2016 22:00;0,354077;
Anilin;5;16.08.2016 22:00;0,327215;
Anilin;9;16.08.2016 22:00;0,270325;
Anilin;1;16.08.2016 22:00;0,119738;
Anilin;8;16.08.2016 22:00;0,00840432;
Natriumchlorid;3;16.08.2016 23:00;2,86813;
Natriumchlorid;4;16.08.2016 23:00;0,655126;
Natriumchlorid;7;16.08.2016 23:00;0,640271;
Natriumchlorid;2;16.08.2016 23:00;0,521133;
Natriumchlorid;6;16.08.2016 23:00;0,257951;
Natriumchlorid;5;16.08.2016 23:00;0,193834;
Natriumchlorid;9;16.08.2016 23:00;0,0890657;
Natriumchlorid;1;16.08.2016 23:00;0,0405504;
Natriumchlorid;8;16.08.2016 23:00;0,0223511;
Arsen;3;16.08.2016 23:00;1,62567;
Arsen;4;16.08.2016 23:00;0,759917;
Arsen;8;16.08.2016 23:00;0,756076;
Arsen;9;16.08.2016 23:00;0,457207;
Arsen;7;16.08.2016 23:00;0,377029;
Arsen;5;16.08.2016 23:00;0,334166;
Arsen;1;16.08.2016 23:00;0,242367;
Arsen;6;16.08.2016 23:00;0,206316;
Arsen;2;16.08.2016 23:00;0,120799;
Benzol;3;16.08.2016 23:00;2,58429;
Benzol;4;16.08.2016 23:00;1,00524;
Benzol;7;16.08.2016 23:00;0,768031;
Benzol;6;16.08.2016 23:00;0,60412;
Benzol;5;16.08.2016 23:00;0,572713;
Benzol;1;16.08.2016 23:00;0,364548;
Benzol;2;16.08.2016 23:00;0,360524;
Benzol;8;16.08.2016 23:00;0,0532039;
Benzol;9;16.08.2016 23:00;0,00489292;
Anilin;3;16.08.2016 23:00;6,10418;
Anilin;4;16.08.2016 23:00;1,04134;
Anilin;6;16.08.2016 23:00;0,530054;
Anilin;7;16.08.2016 23:00;0,175625;
Anilin;5;16.08.2016 23:00;0,148898;
Anilin;8;16.08.2016 23:00;0,134653;
Anilin;2;16.08.2016 23:00;0,116676;
Anilin;1;16.08.2016 23:00;0,0247863;
Anilin;9;16.08.2016 23:00;0,0165995;
Natriumchlorid;3;17.08.2016 00:00;6,00091;
Natriumchlorid;4;17.08.2016 00:00;0,779912;
Natriumchlorid;7;17.08.2016 00:00;0,721482;
Natriumchlorid;6;17.08.2016 00:00;0,552257;
Natriumchlorid;9;17.08.2016 00:00;0,477983;
Natriumchlorid;1;17.08.2016 00:00;0,34458;
Natriumchlorid;8;17.08.2016 00:00;0,147332;
Natriumchlorid;5;17.08.2016 00:00;0,0417813;
Natriumchlorid;2;17.08.2016 00:00;0,0314619;
Arsen;5;17.08.2016 00:00;3,33554;
Arsen;4;17.08.2016 00:00;1,01771;
Arsen;3;17.08.2016 00:00;0,504413;
Arsen;2;17.08.2016 00:00;0,499146;
Arsen;6;17.08.2016 00:00;0,359401;
Arsen;7;17.08.2016 00:00;0,29297;
Arsen;1;17.08.2016 00:00;0,103558;
Arsen;8;17.08.2016 00:00;0,078148;
Arsen;9;17.08.2016 00:00;0,0629673;
Benzol;4;17.08.2016 00:00;1,03496;
Benzol;2;17.08.2016 00:00;0,911405;
Benzol;8;17.08.2016 00:00;0,666721;
Benzol;3;17.08.2016 00:00;0,520955;
Benzol;1;17.08.2016 00:00;0,285095;
Benzol;9;17.08.2016 00:00;0,176715;
Benzol;6;17.08.2016 00:00;0,0548529;
Benzol;5;17.08.2016 00:00;0,0332032;
Benzol;7;17.08.2016 00:00;0,0189518;
Anilin;3;17.08.2016 00:00;5,6327;
Anilin;4;17.08.2016 00:00;1,25351;
Anilin;6;17.08.2016 00:00;0,652554;
Anilin;8;17.08.2016 00:00;0,477298;
Anilin;2;17.08.2016 00:00;0,38464;
Anilin;1;17.08.2016 00:00;0,281674;
Anilin;7;17.08.2016 00:00;0,229124;
Anilin;5;17.08.2016 00:00;0,108845;
Anilin;9;17.08.2016 00:00;0,0834724;
Natriumchlorid;3;17.08.2016 01:00;2,54037;
Natriumchlorid;4;17.08.2016 01:00;0,759787;
Natriumchlorid;8;17.08.2016 01:00;0,661091;
Natriumchlorid;7;17.08.2016 01:00;0,531551;
Natriumchlorid;5;17.08.2016 01:00;0,490111;
Natriumchlorid;1;17.08.2016 01:00;0,488188;
Natriumchlorid;9;17.08.2016 01:00;0,427068;
Natriumchlorid;6;17.08.2016 01:00;0,133975;
Natriumchlorid;2;17.08.2016 01:00;0,0500016;
Arsen;5;17.08.2016 01:00;2,01247;
Arsen;4;17.08.2016 01:00;1,00613;
Arsen;8;17.08.2016 01:00;0,833247;
Arsen;6;17.08.2016 01:00;0,737641;
Arsen;7;17.08.2016 01:00;0,660802;
Arsen;1;17.08.2016 01:00;0,332464;
Arsen;3;17.08.2016 01:00;0,184705;
Arsen;2;17.08.2016 01:00;0,026623;
Arsen;9;17.08.2016 01:00;0,0136494;
Benzol;3;17.08.2016 01:00;2,26882;
Benzol;4;17.08.2016 01:00;0,933188;
Benzol;9;17.08.2016 01:00;0,472577;
Benzol;6;17.08.2016 01:00;0,412362;
Benzol;1;17.08.2016 01:00;0,387849;
Benzol;8;17.08.2016 01:00;0,323949;
Benzol;2;17.08.2016 01:00;0,154292;
Benzol;7;17.08.2016 01:00;0,0839586;
Benzol;5;17.08.2016 01:00;0,0586015;
Anilin;3;17.08.2016 01:00;14,92785;
Anilin;4;17.08.2016 01:00;0,897419;
Anilin;5;17.08.2016 01:00;0,877039;
Anilin;7;17.08.2016 01:00;0,513028;
Anilin;6;17.08.2016 01:00;0,314905;
Anilin;2;17.08.2016 01:00;0,163089;
Anilin;1;17.08.2016 01:00;0,058836;
Anilin;8;17.08.2016 01:00;0,0355691;
Anilin;9;17.08.2016 01:00;0,0203643;
Natriumchlorid;4;17.08.2016 02:00;1,28166;
Natriumchlorid;3;17.08.2016 02:00;1,23896;
Natriumchlorid;6;17.08.2016 02:00;0,608733;
Natriumchlorid;8;17.08.2016 02:00;0,369662;
Natriumchlorid;5;17.08.2016 02:00;0,330425;
Natriumchlorid;1;17.08.2016 02:00;0,297681;
Natriumchlorid;7;17.08.2016 02:00;0,119438;
Natriumchlorid;2;17.08.2016 02:00;0,115424;
Natriumchlorid;9;17.08.2016 02:00;0,0344505;
Arsen;4;17.08.2016 02:00;1,25386;
Arsen;2;17.08.2016 02:00;0,644986;
Arsen;8;17.08.2016 02:00;0,630377;
Arsen;7;17.08.2016 02:00;0,45763;
Arsen;3;17.08.2016 02:00;0,43856;
Arsen;1;17.08.2016 02:00;0,385225;
Arsen;6;17.08.2016 02:00;0,358572;
Arsen;5;17.08.2016 02:00;0,17527;
Arsen;9;17.08.2016 02:00;0,100145;
Benzol;4;17.08.2016 02:00;1,70172;
Benzol;3;17.08.2016 02:00;1,55718;
Benzol;6;17.08.2016 02:00;0,874618;
Benzol;7;17.08.2016 02:00;0,69336;
Benzol;8;17.08.2016 02:00;0,69127;
Benzol;1;17.08.2016 02:00;0,409129;
Benzol;5;17.08.2016 02:00;0,270573;
Benzol;9;17.08.2016 02:00;0,180546;
Benzol;2;17.08.2016 02:00;0,0382154;
Anilin;4;17.08.2016 02:00;1,19701;
Anilin;3;17.08.2016 02:00;0,840501;
Anilin;2;17.08.2016 02:00;0,406109;
Anilin;9;17.08.2016 02:00;0,24638;
Anilin;8;17.08.2016 02:00;0,233388;
Anilin;6;17.08.2016 02:00;0,143038;
Anilin;1;17.08.2016 02:00;0,126771;
Anilin;7;17.08.2016 02:00;0,122167;
Anilin;5;17.08.2016 02:00;0,0545976;
Natriumchlorid;3;17.08.2016 03:00;1,06324;
Natriumchlorid;4;17.08.2016 03:00;0,868893;
Natriumchlorid;5;17.08.2016 03:00;0,683633;
Natriumchlorid;6;17.08.2016 03:00;0,614844;
Natriumchlorid;8;17.08.2016 03:00;0,581277;
Natriumchlorid;2;17.08.2016 03:00;0,469002;
Natriumchlorid;1;17.08.2016 03:00;0,419144;
Natriumchlorid;7;17.08.2016 03:00;0,396783;
Natriumchlorid;9;17.08.2016 03:00;0,315857;
Arsen;4;17.08.2016 03:00;0,92731;
Arsen;5;17.08.2016 03:00;0,655272;
Arsen;9;17.08.2016 03:00;0,457522;
Arsen;3;17.08.2016 03:00;0,402925;
Arsen;8;17.08.2016 03:00;0,283711;
Arsen;7;17.08.2016 03:00;0,209668;
Arsen;6;17.08.2016 03:00;0,170348;
Arsen;1;17.08.2016 03:00;0,138752;
Arsen;2;17.08.2016 03:00;0,0611065;
Benzol;3;17.08.2016 03:00;2,13387;
Benzol;2;17.08.2016 03:00;1,24996;
Benzol;4;17.08.2016 03:00;1,19421;
Benzol;8;17.08.2016 03:00;1,15539;
Benzol;6;17.08.2016 03:00;0,570325;
Benzol;1;17.08.2016 03:00;0,492488;
Benzol;5;17.08.2016 03:00;0,411806;
Benzol;9;17.08.2016 03:00;0,373915;
Benzol;7;17.08.2016 03:00;0,208905;
Anilin;8;17.08.2016 03:00;1,00314;
Anilin;3;17.08.2016 03:00;0,892919;
Anilin;4;17.08.2016 03:00;0,827112;
Anilin;2;17.08.2016 03:00;0,445645;
Anilin;1;17.08.2016 03:00;0,437767;
Anilin;6;17.08.2016 03:00;0,402517;
Anilin;9;17.08.2016 03:00;0,364977;
Anilin;7;17.08.2016 03:00;0,0333391;
Anilin;5;17.08.2016 03:00;0,0142763;
Natriumchlorid;5;17.08.2016 04:00;3,97356;
Natriumchlorid;4;17.08.2016 04:00;1,351;
Natriumchlorid;2;17.08.2016 04:00;0,737871;
Natriumchlorid;7;17.08.2016 04:00;0,730391;
Natriumchlorid;8;17.08.2016 04:00;0,704188;
Natriumchlorid;3;17.08.2016 04:00;0,401214;
Natriumchlorid;9;17.08.2016 04:00;0,298439;
Natriumchlorid;6;17.08.2016 04:00;0,226687;
Natriumchlorid;1;17.08.2016 04:00;0,143643;
Arsen;3;17.08.2016 04:00;1,64718;
Arsen;8;17.08.2016 04:00;0,880093;
Arsen;4;17.08.2016 04:00;0,698467;
Arsen;5;17.08.2016 04:00;0,49338;
Arsen;7;17.08.2016 04:00;0,42437;
Arsen;2;17.08.2016 04:00;0,29044;
Arsen;6;17.08.2016 04:00;0,266257;
Arsen;1;17.08.2016 04:00;0,209895;
Arsen;9;17.08.2016 04:00;0,181223;
Benzol;3;17.08.2016 04:00;1,99819;
Benzol;4;17.08.2016 04:00;1,1503;
Benzol;8;17.08.2016 04:00;0,55082;
Benzol;6;17.08.2016 04:00;0,496184;
Benzol;7;17.08.2016 04:00;0,397232;
Benzol;5;17.08.2016 04:00;0,304935;
Benzol;1;17.08.2016 04:00;0,266836;
Benzol;9;17.08.2016 04:00;0,196366;
Benzol;2;17.08.2016 04:00;0,0241319;
Anilin;3;17.08.2016 04:00;1,23129;
Anilin;4;17.08.2016 04:00;1,16737;
Anilin;8;17.08.2016 04:00;0,520157;
Anilin;1;17.08.2016 04:00;0,497575;
Anilin;7;17.08.2016 04:00;0,422027;
Anilin;9;17.08.2016 04:00;0,306818;
Anilin;2;17.08.2016 04:00;0,300038;
Anilin;6;17.08.2016 04:00;0,169607;
Anilin;5;17.08.2016 04:00;0,005955;
Natriumchlorid;3;17.08.2016 05:00;1,73105;
Natriumchlorid;4;17.08.2016 05:00;1,29038;
Natriumchlorid;5;17.08.2016 05:00;1,09781;
Natriumchlorid;8;17.08.2016 05:00;0,86305;
Natriumchlorid;2;17.08.2016 05:00;0,577847;
Natriumchlorid;1;17.08.2016 05:00;0,406556;
Natriumchlorid;6;17.08.2016 05:00;0,344802;
Natriumchlorid;7;17.08.2016 05:00;0,285555;
Natriumchlorid;9;17.08.2016 05:00;0,0134554;
Arsen;4;17.08.2016 05:00;0,837092;
Arsen;7;17.08.2016 05:00;0,696783;
Arsen;6;17.08.2016 05:00;0,688274;
Arsen;5;17.08.2016 05:00;0,653264;
Arsen;3;17.08.2016 05:00;0,636701;
Arsen;1;17.08.2016 05:00;0,57907;
Arsen;9;17.08.2016 05:00;0,488447;
Arsen;2;17.08.2016 05:00;0,187896;
Arsen;8;17.08.2016 05:00;0,13925;
Benzol;3;17.08.2016 05:00;5,30958;
Benzol;4;17.08.2016 05:00;1,62791;
Benzol;5;17.08.2016 05:00;0,837116;
Benzol;7;17.08.2016 05:00;0,573704;
Benzol;2;17.08.2016 05:00;0,488226;
Benzol;6;17.08.2016 05:00;0,421191;
Benzol;1;17.08.2016 05:00;0,190733;
Benzol;9;17.08.2016 05:00;0,0606363;
Benzol;8;17.08.2016 05:00;0,0457252;
Anilin;4;17.08.2016 05:00;1,35134;
Anilin;6;17.08.2016 05:00;0,629238;
Anilin;9;17.08.2016 05:00;0,446197;
Anilin;8;17.08.2016 05:00;0,396068;
Anilin;3;17.08.2016 05:00;0,343392;
Anilin;2;17.08.2016 05:00;0,24226;
Anilin;7;17.08.2016 05:00;0,20676;
Anilin;1;17.08.2016 05:00;0,108241;
Anilin;5;17.08.2016 05:00;0,0700979;
Natriumchlorid;4;17.08.2016 06:00;25,9452;
Natriumchlorid;4;17.08.2016 06:00;3,73516;
Natriumchlorid;3;17.08.2016 06:00;2,15822;
Natriumchlorid;8;17.08.2016 06:00;0,750742;
Natriumchlorid;5;17.08.2016 06:00;0,402771;
Natriumchlorid;9;17.08.2016 06:00;0,327756;
Natriumchlorid;2;17.08.2016 06:00;0,323356;
Natriumchlorid;6;17.08.2016 06:00;0,301957;
Natriumchlorid;7;17.08.2016 06:00;0,14841;
Natriumchlorid;1;17.08.2016 06:00;0,0121511;
Arsen;9;17.08.2016 06:00;2,06796;
Arsen;4;17.08.2016 06:00;1,09251;
Arsen;3;17.08.2016 06:00;0,967634;
Arsen;7;17.08.2016 06:00;0,69782;
Arsen;5;17.08.2016 06:00;0,323266;
Arsen;8;17.08.2016 06:00;0,304951;
Arsen;6;17.08.2016 06:00;0,26597;
Arsen;2;17.08.2016 06:00;0,208652;
Arsen;1;17.08.2016 06:00;0,204124;
Benzol;4;17.08.2016 06:00;2,4023;
Benzol;3;17.08.2016 06:00;1,31295;
Benzol;2;17.08.2016 06:00;0,418415;
Benzol;6;17.08.2016 06:00;0,405884;
Benzol;9;17.08.2016 06:00;0,165986;
Benzol;7;17.08.2016 06:00;0,100106;
Benzol;1;17.08.2016 06:00;0,0988915;
Benzol;8;17.08.2016 06:00;0,0538199;
Benzol;5;17.08.2016 06:00;0,0431781;
Anilin;3;17.08.2016 06:00;0,586762;
Anilin;5;17.08.2016 06:00;0,560742;
Anilin;8;17.08.2016 06:00;0,54767;
Anilin;2;17.08.2016 06:00;0,425518;
Anilin;6;17.08.2016 06:00;0,391453;
Anilin;1;17.08.2016 06:00;0,263963;
Anilin;7;17.08.2016 06:00;0,172847;
Anilin;9;17.08.2016 06:00;0,118027;
Natriumchlorid;4;17.08.2016 07:00;0,90853;
Natriumchlorid;5;17.08.2016 07:00;0,654525;
Natriumchlorid;8;17.08.2016 07:00;0,642991;
Natriumchlorid;6;17.08.2016 07:00;0,606609;
Natriumchlorid;9;17.08.2016 07:00;0,491689;
Natriumchlorid;2;17.08.2016 07:00;0,334903;
Natriumchlorid;1;17.08.2016 07:00;0,288592;
Natriumchlorid;3;17.08.2016 07:00;0,283571;
Natriumchlorid;7;17.08.2016 07:00;0,023714;
Arsen;4;17.08.2016 07:00;1,25509;
Arsen;3;17.08.2016 07:00;0,976915;
Arsen;6;17.08.2016 07:00;0,56901;
Arsen;7;17.08.2016 07:00;0,484502;
Arsen;2;17.08.2016 07:00;0,461963;
Arsen;5;17.08.2016 07:00;0,371193;
Arsen;1;17.08.2016 07:00;0,24819;
Arsen;9;17.08.2016 07:00;0,234697;
Arsen;8;17.08.2016 07:00;0,0396288;
Benzol;4;17.08.2016 07:00;1,1048;
Benzol;5;17.08.2016 07:00;0,548791;
Benzol;1;17.08.2016 07:00;0,504606;
Benzol;9;17.08.2016 07:00;0,493832;
Benzol;6;17.08.2016 07:00;0,463175;
Benzol;8;17.08.2016 07:00;0,4273;
Benzol;7;17.08.2016 07:00;0,201379;
Benzol;2;17.08.2016 07:00;0,0384795;
Benzol;3;17.08.2016 07:00;0,00166139;
Anilin;7;17.08.2016 07:00;1,13403;
Anilin;4;17.08.2016 07:00;1,12986;
Anilin;6;17.08.2016 07:00;0,175938;
Anilin;2;17.08.2016 07:00;0,174225;
Anilin;9;17.08.2016 07:00;0,167379;
Anilin;3;17.08.2016 07:00;0,166509;
Anilin;8;17.08.2016 07:00;0,0974848;
Anilin;1;17.08.2016 07:00;0,0204103;
Anilin;5;17.08.2016 07:00;0,00187594;
Natriumchlorid;5;17.08.2016 08:00;14,70012;
Natriumchlorid;9;17.08.2016 08:00;3,39575;
Natriumchlorid;3;17.08.2016 08:00;2,36439;
Natriumchlorid;7;17.08.2016 08:00;1,71911;
Natriumchlorid;5;17.08.2016 08:00;1,52072;
Natriumchlorid;4;17.08.2016 08:00;1,06048;
Natriumchlorid;8;17.08.2016 08:00;0,85883;
Natriumchlorid;6;17.08.2016 08:00;0,189518;
Natriumchlorid;2;17.08.2016 08:00;0,126057;
Natriumchlorid;1;17.08.2016 08:00;0,0910764;
Arsen;3;17.08.2016 08:00;1,79128;
Arsen;7;17.08.2016 08:00;1,1005;
Arsen;4;17.08.2016 08:00;0,888343;
Arsen;5;17.08.2016 08:00;0,546061;
Arsen;2;17.08.2016 08:00;0,501945;
Arsen;1;17.08.2016 08:00;0,460602;
Arsen;6;17.08.2016 08:00;0,446098;
Arsen;9;17.08.2016 08:00;0,372957;
Arsen;8;17.08.2016 08:00;0,0540188;
Benzol;7;17.08.2016 08:00;1,52753;
Benzol;3;17.08.2016 08:00;1,4593;
Benzol;8;17.08.2016 08:00;1,16036;
Benzol;4;17.08.2016 08:00;1,10426;
Benzol;6;17.08.2016 08:00;0,828012;
Benzol;2;17.08.2016 08:00;0,818809;
Benzol;5;17.08.2016 08:00;0,208752;
Benzol;1;17.08.2016 08:00;0,0781918;
Benzol;9;17.08.2016 08:00;0,0498273;
Anilin;3;17.08.2016 08:00;2,59801;
Anilin;4;17.08.2016 08:00;1,38728;
Anilin;6;17.08.2016 08:00;0,417149;
Anilin;8;17.08.2016 08:00;0,390437;
Anilin;7;17.08.2016 08:00;0,243201;
Anilin;9;17.08.2016 08:00;0,169888;
Anilin;1;17.08.2016 08:00;0,133575;
Anilin;2;17.08.2016 08:00;0,0976903;
Natriumchlorid;3;17.08.2016 09:00;1,49016;
Natriumchlorid;4;17.08.2016 09:00;1,01517;
Natriumchlorid;8;17.08.2016 09:00;0,608781;
Natriumchlorid;6;17.08.2016 09:00;0,384539;
Natriumchlorid;2;17.08.2016 09:00;0,169324;
Natriumchlorid;5;17.08.2016 09:00;0,153067;
Natriumchlorid;9;17.08.2016 09:00;0,138992;
Natriumchlorid;7;17.08.2016 09:00;0,0339014;
Natriumchlorid;1;17.08.2016 09:00;0,00995049;
Arsen;4;17.08.2016 09:00;0,8275;
Arsen;7;17.08.2016 09:00;0,751872;
Arsen;3;17.08.2016 09:00;0,751147;
Arsen;2;17.08.2016 09:00;0,682049;
Arsen;8;17.08.2016 09:00;0,440137;
Arsen;1;17.08.2016 09:00;0,421473;
Arsen;9;17.08.2016 09:00;0,278012;
Arsen;5;17.08.2016 09:00;0,175126;
Arsen;6;17.08.2016 09:00;0,135303;
Benzol;5;17.08.2016 09:00;2,33326;
Benzol;4;17.08.2016 09:00;1,09689;
Benzol;8;17.08.2016 09:00;0,768622;
Benzol;6;17.08.2016 09:00;0,62977;
Benzol;7;17.08.2016 09:00;0,295451;
Benzol;3;17.08.2016 09:00;0,182437;
Benzol;9;17.08.2016 09:00;0,095241;
Benzol;1;17.08.2016 09:00;0,0664484;
Benzol;2;17.08.2016 09:00;0,0536391;
Anilin;4;17.08.2016 09:00;1,43886;
Anilin;3;17.08.2016 09:00;0,762092;
Anilin;7;17.08.2016 09:00;0,743332;
Anilin;2;17.08.2016 09:00;0,636008;
Anilin;5;17.08.2016 09:00;0,416672;
Anilin;8;17.08.2016 09:00;0,350255;
Anilin;6;17.08.2016 09:00;0,267517;
Anilin;9;17.08.2016 09:00;0,0563324;
Anilin;1;17.08.2016 09:00;0,0198832;
Natriumchlorid;8;17.08.2016 10:00;1,25273;
Natriumchlorid;2;17.08.2016 10:00;0,9983;
Natriumchlorid;7;17.08.2016 10:00;0,919169;
Natriumchlorid;5;17.08.2016 10:00;0,752117;
Natriumchlorid;4;17.08.2016 10:00;0,745482;
Natriumchlorid;6;17.08.2016 10:00;0,345644;
Natriumchlorid;3;17.08.2016 10:00;0,211303;
Natriumchlorid;9;17.08.2016 10:00;0,18523;
Natriumchlorid;1;17.08.2016 10:00;0,178224;
Arsen;3;17.08.2016 10:00;2,28882;
Arsen;4;17.08.2016 10:00;1,01922;
Arsen;7;17.08.2016 10:00;0,656054;
Arsen;5;17.08.2016 10:00;0,521963;
Arsen;1;17.08.2016 10:00;0,476264;
Arsen;2;17.08.2016 10:00;0,349289;
Arsen;6;17.08.2016 10:00;0,291591;
Arsen;8;17.08.2016 10:00;0,109417;
Arsen;9;17.08.2016 10:00;0,0820598;
Benzol;3;17.08.2016 10:00;1,27517;
Benzol;4;17.08.2016 10:00;1,04927;
Benzol;5;17.08.2016 10:00;0,722325;
Benzol;2;17.08.2016 10:00;0,669936;
Benzol;6;17.08.2016 10:00;0,500692;
Benzol;7;17.08.2016 10:00;0,488465;
Benzol;1;17.08.2016 10:00;0,339637;
Benzol;9;17.08.2016 10:00;0,200941;
Benzol;8;17.08.2016 10:00;0,0166716;
Anilin;4;17.08.2016 10:00;1,36334;
Anilin;7;17.08.2016 10:00;0,774543;
Anilin;5;17.08.2016 10:00;0,502303;
Anilin;1;17.08.2016 10:00;0,469322;
Anilin;6;17.08.2016 10:00;0,411305;
Anilin;8;17.08.2016 10:00;0,387008;
Anilin;3;17.08.2016 10:00;0,381198;
Anilin;9;17.08.2016 10:00;0,169195;
Anilin;2;17.08.2016 10:00;0,122021;
Natriumchlorid;6;17.08.2016 11:00;30,2259;
Natriumchlorid;6;17.08.2016 11:00;3,36984;
Natriumchlorid;3;17.08.2016 11:00;1,47368;
Natriumchlorid;4;17.08.2016 11:00;0,82508;
Natriumchlorid;1;17.08.2016 11:00;0,466099;
Natriumchlorid;9;17.08.2016 11:00;0,283289;
Natriumchlorid;7;17.08.2016 11:00;0,272318;
Natriumchlorid;5;17.08.2016 11:00;0,267266;
Natriumchlorid;8;17.08.2016 11:00;0,0764661;
Natriumchlorid;2;17.08.2016 11:00;0,052821;
Arsen;4;17.08.2016 11:00;1,25404;
Arsen;3;17.08.2016 11:00;0,487584;
Arsen;7;17.08.2016 11:00;0,473733;
Arsen;8;17.08.2016 11:00;0,437585;
Arsen;6;17.08.2016 11:00;0,323423;
Arsen;1;17.08.2016 11:00;0,240053;
Arsen;2;17.08.2016 11:00;0,210824;
Arsen;9;17.08.2016 11:00;0,174526;
Arsen;5;17.08.2016 11:00;0,0900086;
Benzol;4;17.08.2016 11:00;1,11899;
Benzol;1;17.08.2016 11:00;0,566885;
Benzol;8;17.08.2016 11:00;0,564678;
Benzol;3;17.08.2016 11:00;0,534314;
Benzol;5;17.08.2016 11:00;0,34205;
Benzol;2;17.08.2016 11:00;0,327637;
Benzol;9;17.08.2016 11:00;0,225042;
Benzol;7;17.08.2016 11:00;0,216361;
Benzol;6;17.08.2016 11:00;0,162047;
Anilin;4;17.08.2016 11:00;1,16664;
Anilin;8;17.08.2016 11:00;0,608151;
Anilin;3;17.08.2016 11:00;0,526499;
Anilin;1;17.08.2016 11:00;0,499251;
Anilin;9;17.08.2016 11:00;0,417257;
Anilin;7;17.08.2016 11:00;0,296255;
Anilin;5;17.08.2016 11:00;0,206971;
Anilin;2;17.08.2016 11:00;0,139133;
Natriumchlorid;3;17.08.2016 12:00;1,46829;
Natriumchlorid;4;17.08.2016 12:00;0,790014;
Natriumchlorid;6;17.08.2016 12:00;0,761035;
Natriumchlorid;5;17.08.2016 12:00;0,691206;
Natriumchlorid;7;17.08.2016 12:00;0,258856;
Natriumchlorid;9;17.08.2016 12:00;0,236158;
Natriumchlorid;2;17.08.2016 12:00;0,0510839;
Natriumchlorid;8;17.08.2016 12:00;0,049528;
Natriumchlorid;1;17.08.2016 12:00;0,00276425;
Arsen;3;17.08.2016 12:00;1,54665;
Arsen;4;17.08.2016 12:00;1,2106;
Arsen;8;17.08.2016 12:00;0,941767;
Arsen;2;17.08.2016 12:00;0,631327;
Arsen;6;17.08.2016 12:00;0,615746;
Arsen;7;17.08.2016 12:00;0,294835;
Arsen;9;17.08.2016 12:00;0,227202;
Arsen;5;17.08.2016 12:00;0,183819;
Arsen;1;17.08.2016 12:00;0,113648;
Benzol;6;17.08.2016 12:00;4,30144;
Benzol;7;17.08.2016 12:00;1,03491;
Benzol;4;17.08.2016 12:00;0,966104;
Benzol;8;17.08.2016 12:00;0,486986;
Benzol;2;17.08.2016 12:00;0,277026;
Benzol;9;17.08.2016 12:00;0,261633;
Benzol;5;17.08.2016 12:00;0,172685;
Benzol;1;17.08.2016 12:00;0,0435387;
Benzol;3;17.08.2016 12:00;0,0157565;
Anilin;3;17.08.2016 12:00;1,28827;
Anilin;4;17.08.2016 12:00;1,22479;
Anilin;2;17.08.2016 12:00;0,916216;
Anilin;1;17.08.2016 12:00;0,450362;
Anilin;9;17.08.2016 12:00;0,378061;
Anilin;7;17.08.2016 12:00;0,303027;
Anilin;6;17.08.2016 12:00;0,256768;
Anilin;8;17.08.2016 12:00;0,135149;
Anilin;5;17.08.2016 12:00;0,0747355;
Natriumchlorid;4;17.08.2016 13:00;1,22776;
Natriumchlorid;1;17.08.2016 13:00;0,376475;
Natriumchlorid;7;17.08.2016 13:00;0,354426;
Natriumchlorid;8;17.08.2016 13:00;0,215535;
Natriumchlorid;3;17.08.2016 13:00;0,215528;
Natriumchlorid;5;17.08.2016 13:00;0,102902;
Natriumchlorid;9;17.08.2016 13:00;0,066257;
Natriumchlorid;2;17.08.2016 13:00;0,0377128;
Natriumchlorid;6;17.08.2016 13:00;0,00611485;
Arsen;3;17.08.2016 13:00;5,49952;
Arsen;4;17.08.2016 13:00;1,12611;
Arsen;5;17.08.2016 13:00;0,468912;
Arsen;7;17.08.2016 13:00;0,386113;
Arsen;9;17.08.2016 13:00;0,372246;
Arsen;6;17.08.2016 13:00;0,281125;
Arsen;8;17.08.2016 13:00;0,215235;
Arsen;2;17.08.2016 13:00;0,200235;
Arsen;1;17.08.2016 13:00;0,192019;
Benzol;6;17.08.2016 13:00;4,11975;
Benzol;3;17.08.2016 13:00;1,34539;
Benzol;4;17.08.2016 13:00;1,14254;
Benzol;5;17.08.2016 13:00;0,789413;
Benzol;7;17.08.2016 13:00;0,630676;
Benzol;8;17.08.2016 13:00;0,624801;
Benzol;1;17.08.2016 13:00;0,440016;
Benzol;2;17.08.2016 13:00;0,10661;
Benzol;9;17.08.2016 13:00;0,0898679;
Anilin;3;17.08.2016 13:00;3,08;
Anilin;7;17.08.2016 13:00;1,20853;
Anilin;4;17.08.2016 13:00;1,20495;
Anilin;5;17.08.2016 13:00;0,93098;
Anilin;8;17.08.2016 13:00;0,436879;
Anilin;1;17.08.2016 13:00;0,418754;
Anilin;9;17.08.2016 13:00;0,269268;
Anilin;6;17.08.2016 13:00;0,200286;
Anilin;2;17.08.2016 13:00;0,0932549;
Natriumchlorid;3;17.08.2016 14:00;1,26955;
Natriumchlorid;4;17.08.2016 14:00;1,00821;
Natriumchlorid;9;17.08.2016 14:00;0,609167;
Natriumchlorid;6;17.08.2016 14:00;0,436205;
Natriumchlorid;8;17.08.2016 14:00;0,275027;
Natriumchlorid;1;17.08.2016 14:00;0,235318;
Natriumchlorid;2;17.08.2016 14:00;0,159432;
Natriumchlorid;7;17.08.2016 14:00;0,135566;
Natriumchlorid;5;17.08.2016 14:00;0,0911905;
Arsen;3;17.08.2016 14:00;1,9304;
Arsen;2;17.08.2016 14:00;1,29951;
Arsen;4;17.08.2016 14:00;0,942373;
Arsen;9;17.08.2016 14:00;0,581779;
Arsen;6;17.08.2016 14:00;0,409742;
Arsen;7;17.08.2016 14:00;0,246475;
Arsen;1;17.08.2016 14:00;0,187898;
Arsen;5;17.08.2016 14:00;0,116929;
Arsen;8;17.08.2016 14:00;0,0192116;
Benzol;4;17.08.2016 14:00;1,22559;
Benzol;7;17.08.2016 14:00;0,692094;
Benzol;8;17.08.2016 14:00;0,666301;
Benzol;3;17.08.2016 14:00;0,610235;
Benzol;9;17.08.2016 14:00;0,524688;
Benzol;6;17.08.2016 14:00;0,345945;
Benzol;5;17.08.2016 14:00;0,219995;
Benzol;1;17.08.2016 14:00;0,109311;
Benzol;2;17.08.2016 14:00;0,0584466;
Anilin;4;17.08.2016 14:00;1,17566;
Anilin;3;17.08.2016 14:00;0,307473;
Anilin;6;17.08.2016 14:00;0,292741;
Anilin;1;17.08.2016 14:00;0,268294;
Anilin;8;17.08.2016 14:00;0,259025;
Anilin;9;17.08.2016 14:00;0,241131;
Anilin;2;17.08.2016 14:00;0,231217;
Anilin;7;17.08.2016 14:00;0,207249;
Anilin;5;17.08.2016 14:00;0,193294;
Natriumchlorid;3;17.08.2016 15:00;1,49315;
Natriumchlorid;4;17.08.2016 15:00;1,27996;
Natriumchlorid;1;17.08.2016 15:00;0,579254;
Natriumchlorid;6;17.08.2016 15:00;0,394438;
Natriumchlorid;8;17.08.2016 15:00;0,285976;
Natriumchlorid;2;17.08.2016 15:00;0,267262;
Natriumchlorid;5;17.08.2016 15:00;0,147325;
Natriumchlorid;7;17.08.2016 15:00;0,142849;
Natriumchlorid;9;17.08.2016 15:00;0,0573996;
Arsen;4;17.08.2016 15:00;0,878187;
Arsen;8;17.08.2016 15:00;0,822832;
Arsen;2;17.08.2016 15:00;0,757254;
Arsen;3;17.08.2016 15:00;0,724812;
Arsen;6;17.08.2016 15:00;0,287492;
Arsen;7;17.08.2016 15:00;0,260724;
Arsen;9;17.08.2016 15:00;0,133972;
Arsen;5;17.08.2016 15:00;0,0424785;
Arsen;1;17.08.2016 15:00;0,0133608;
Benzol;3;17.08.2016 15:00;1,87758;
Benzol;7;17.08.2016 15:00;1,78268;
Benzol;4;17.08.2016 15:00;1,14487;
Benzol;2;17.08.2016 15:00;0,926326;
Benzol;8;17.08.2016 15:00;0,824924;
Benzol;9;17.08.2016 15:00;0,399992;
Benzol;1;17.08.2016 15:00;0,14761;
Benzol;5;17.08.2016 15:00;0,112652;
Benzol;6;17.08.2016 15:00;0,0204679;
Anilin;7;17.08.2016 15:00;1,54394;
Anilin;4;17.08.2016 15:00;1,31848;
Anilin;5;17.08.2016 15:00;0,592466;
Anilin;3;17.08.2016 15:00;0,532634;
Anilin;2;17.08.2016 15:00;0,482778;
Anilin;9;17.08.2016 15:00;0,366076;
Anilin;8;17.08.2016 15:00;0,265681;
Anilin;6;17.08.2016 15:00;0,136328;
Anilin;1;17.08.2016 15:00;0,0822373;
Natriumchlorid;7;17.08.2016 16:00;2,12862;
Natriumchlorid;3;17.08.2016 16:00;0,772042;
Natriumchlorid;4;17.08.2016 16:00;0,722669;
Natriumchlorid;2;17.08.2016 16:00;0,457392;
Natriumchlorid;5;17.08.2016 16:00;0,38166;
Natriumchlorid;6;17.08.2016 16:00;0,365054;
Natriumchlorid;9;17.08.2016 16:00;0,152141;
Natriumchlorid;1;17.08.2016 16:00;0,124607;
Natriumchlorid;8;17.08.2016 16:00;0,0323131;
Arsen;3;17.08.2016 16:00;2,77552;
Arsen;4;17.08.2016 16:00;1,02052;
Arsen;5;17.08.2016 16:00;0,768195;
Arsen;7;17.08.2016 16:00;0,55134;
Arsen;9;17.08.2016 16:00;0,482598;
Arsen;2;17.08.2016 16:00;0,313715;
Arsen;8;17.08.2016 16:00;0,168176;
Arsen;6;17.08.2016 16:00;0,159134;
Arsen;1;17.08.2016 16:00;0,152283;
Benzol;3;17.08.2016 16:00;1,83076;
Benzol;4;17.08.2016 16:00;0,842653;
Benzol;2;17.08.2016 16:00;0,639181;
Benzol;6;17.08.2016 16:00;0,458208;
Benzol;1;17.08.2016 16:00;0,255357;
Benzol;9;17.08.2016 16:00;0,224194;
Benzol;5;17.08.2016 16:00;0,181415;
Benzol;7;17.08.2016 16:00;0,152733;
Benzol;8;17.08.2016 16:00;0,0324775;
Anilin;4;17.08.2016 16:00;1,25367;
Anilin;2;17.08.2016 16:00;1,05214;
Anilin;8;17.08.2016 16:00;0,521117;
Anilin;1;17.08.2016 16:00;0,391664;
Anilin;7;17.08.2016 16:00;0,232656;
Anilin;9;17.08.2016 16:00;0,131564;
Anilin;5;17.08.2016 16:00;0,107709;
Anilin;6;17.08.2016 16:00;0,0852484;
Anilin;3;17.08.2016 16:00;0,0269019;
Natriumchlorid;3;17.08.2016 17:00;1,24482;
Natriumchlorid;4;17.08.2016 17:00;0,986433;
Natriumchlorid;5;17.08.2016 17:00;0,894552;
Natriumchlorid;7;17.08.2016 17:00;0,862649;
Natriumchlorid;8;17.08.2016 17:00;0,84075;
Natriumchlorid;6;17.08.2016 17:00;0,452881;
Natriumchlorid;1;17.08.2016 17:00;0,160961;
Natriumchlorid;2;17.08.2016 17:00;0,136934;
Natriumchlorid;9;17.08.2016 17:00;0,0252574;
Arsen;3;17.08.2016 17:00;4,13592;
Arsen;4;17.08.2016 17:00;1,11495;
Arsen;2;17.08.2016 17:00;1,08866;
Arsen;7;17.08.2016 17:00;1,01333;
Arsen;9;17.08.2016 17:00;0,564122;
Arsen;6;17.08.2016 17:00;0,510881;
Arsen;8;17.08.2016 17:00;0,35089;
Arsen;5;17.08.2016 17:00;0,0787428;
Arsen;1;17.08.2016 17:00;0,0402039;
Benzol;4;17.08.2016 17:00;1,27247;
Benzol;3;17.08.2016 17:00;1,06648;
Benzol;2;17.08.2016 17:00;0,431624;
Benzol;6;17.08.2016 17:00;0,416028;
Benzol;8;17.08.2016 17:00;0,367299;
Benzol;5;17.08.2016 17:00;0,194048;
Benzol;1;17.08.2016 17:00;0,158463;
Benzol;7;17.08.2016 17:00;0,102891;
Benzol;9;17.08.2016 17:00;0,0219258;
Anilin;4;17.08.2016 17:00;1,12347;
Anilin;8;17.08.2016 17:00;0,98596;
Anilin;2;17.08.2016 17:00;0,584978;
Anilin;5;17.08.2016 17:00;0,343733;
Anilin;7;17.08.2016 17:00;0,300957;
Anilin;1;17.08.2016 17:00;0,214064;
Anilin;3;17.08.2016 17:00;0,165818;
Anilin;9;17.08.2016 17:00;0,130472;
Anilin;6;17.08.2016 17:00;0,0179892;
Natriumchlorid;4;17.08.2016 18:00;1,00652;
Natriumchlorid;5;17.08.2016 18:00;0,87818;
Natriumchlorid;8;17.08.2016 18:00;0,601026;
Natriumchlorid;3;17.08.2016 18:00;0,457575;
Natriumchlorid;2;17.08.2016 18:00;0,325642;
Natriumchlorid;7;17.08.2016 18:00;0,169724;
Natriumchlorid;6;17.08.2016 18:00;0,136401;
Natriumchlorid;9;17.08.2016 18:00;0,119937;
Natriumchlorid;1;17.08.2016 18:00;0,00709708;
Arsen;4;17.08.2016 18:00;1,0509;
Arsen;5;17.08.2016 18:00;0,925968;
Arsen;3;17.08.2016 18:00;0,743395;
Arsen;8;17.08.2016 18:00;0,454281;
Arsen;6;17.08.2016 18:00;0,450193;
Arsen;1;17.08.2016 18:00;0,33993;
Arsen;2;17.08.2016 18:00;0,164941;
Arsen;9;17.08.2016 18:00;0,0739092;
Arsen;7;17.08.2016 18:00;0,0118288;
Benzol;3;17.08.2016 18:00;1,0745;
Benzol;4;17.08.2016 18:00;0,976512;
Benzol;8;17.08.2016 18:00;0,478421;
Benzol;9;17.08.2016 18:00;0,363114;
Benzol;6;17.08.2016 18:00;0,339922;
Benzol;1;17.08.2016 18:00;0,306148;
Benzol;5;17.08.2016 18:00;0,166172;
Benzol;2;17.08.2016 18:00;0,0760604;
Benzol;7;17.08.2016 18:00;0,0179587;
Anilin;4;17.08.2016 18:00;1,31468;
Anilin;8;17.08.2016 18:00;1,2001;
Anilin;3;17.08.2016 18:00;0,77225;
Anilin;7;17.08.2016 18:00;0,759614;
Anilin;2;17.08.2016 18:00;0,392402;
Anilin;5;17.08.2016 18:00;0,199903;
Anilin;1;17.08.2016 18:00;0,198417;
Anilin;6;17.08.2016 18:00;0,197828;
Anilin;9;17.08.2016 18:00;0,0539856;
Natriumchlorid;7;17.08.2016 19:00;2,0544;
Natriumchlorid;4;17.08.2016 19:00;1,07144;
Natriumchlorid;6;17.08.2016 19:00;0,66621;
Natriumchlorid;3;17.08.2016 19:00;0,557637;
Natriumchlorid;2;17.08.2016 19:00;0,497693;
Natriumchlorid;8;17.08.2016 19:00;0,349515;
Natriumchlorid;9;17.08.2016 19:00;0,289065;
Natriumchlorid;1;17.08.2016 19:00;0,152251;
Natriumchlorid;5;17.08.2016 19:00;0,0578069;
Arsen;4;17.08.2016 19:00;1,04106;
Arsen;5;17.08.2016 19:00;1,02028;
Arsen;3;17.08.2016 19:00;0,635044;
Arsen;7;17.08.2016 19:00;0,516009;
Arsen;6;17.08.2016 19:00;0,450098;
Arsen;2;17.08.2016 19:00;0,447014;
Arsen;1;17.08.2016 19:00;0,351196;
Arsen;8;17.08.2016 19:00;0,152764;
Arsen;9;17.08.2016 19:00;0,0961024;
Benzol;4;17.08.2016 19:00;1,20376;
Benzol;3;17.08.2016 19:00;1,09416;
Benzol;8;17.08.2016 19:00;0,824763;
Benzol;1;17.08.2016 19:00;0,541915;
Benzol;6;17.08.2016 19:00;0,488305;
Benzol;2;17.08.2016 19:00;0,245725;
Benzol;5;17.08.2016 19:00;0,151791;
Benzol;9;17.08.2016 19:00;0,0653373;
Benzol;7;17.08.2016 19:00;0,0154762;
Anilin;3;17.08.2016 19:00;3,5081;
Anilin;4;17.08.2016 19:00;0,916902;
Anilin;5;17.08.2016 19:00;0,765739;
Anilin;2;17.08.2016 19:00;0,481387;
Anilin;7;17.08.2016 19:00;0,443609;
Anilin;6;17.08.2016 19:00;0,434542;
Anilin;9;17.08.2016 19:00;0,215322;
Anilin;1;17.08.2016 19:00;0,101422;
Anilin;8;17.08.2016 19:00;0,0770475;
Natriumchlorid;4;17.08.2016 20:00;1,08105;
Natriumchlorid;3;17.08.2016 20:00;0,835955;
Natriumchlorid;5;17.08.2016 20:00;0,721224;
Natriumchlorid;8;17.08.2016 20:00;0,461888;
Natriumchlorid;9;17.08.2016 20:00;0,447474;
Natriumchlorid;6;17.08.2016 20:00;0,353478;
Natriumchlorid;1;17.08.2016 20:00;0,335527;
Natriumchlorid;2;17.08.2016 20:00;0,238846;
Natriumchlorid;7;17.08.2016 20:00;0,149612;
Arsen;4;17.08.2016 20:00;1,39911;
Arsen;7;17.08.2016 20:00;0,774094;
Arsen;1;17.08.2016 20:00;0,38492;
Arsen;8;17.08.2016 20:00;0,37641;
Arsen;9;17.08.2016 20:00;0,297767;
Arsen;6;17.08.2016 20:00;0,210432;
Arsen;2;17.08.2016 20:00;0,197628;
Arsen;3;17.08.2016 20:00;0,105769;
Arsen;5;17.08.2016 20:00;0,0938174;
Benzol;4;17.08.2016 20:00;1,13308;
Benzol;6;17.08.2016 20:00;0,643029;
Benzol;7;17.08.2016 20:00;0,62554;
Benzol;8;17.08.2016 20:00;0,597537;
Benzol;2;17.08.2016 20:00;0,348916;
Benzol;9;17.08.2016 20:00;0,306959;
Benzol;3;17.08.2016 20:00;0,139884;
Benzol;1;17.08.2016 20:00;0,0475791;
Benzol;5;17.08.2016 20:00;0,0207993;
Anilin;7;17.08.2016 20:00;0,792028;
Anilin;4;17.08.2016 20:00;0,765746;
Anilin;2;17.08.2016 20:00;0,663529;
Anilin;3;17.08.2016 20:00;0,585651;
Anilin;5;17.08.2016 20:00;0,491036;
Anilin;6;17.08.2016 20:00;0,482106;
Anilin;9;17.08.2016 20:00;0,383191;
Anilin;8;17.08.2016 20:00;0,186138;
Anilin;1;17.08.2016 20:00;0,101422;
Natriumchlorid;3;17.08.2016 21:00;1,63776;
Natriumchlorid;4;17.08.2016 21:00;1,05965;
Natriumchlorid;5;17.08.2016 21:00;0,71381;
Natriumchlorid;8;17.08.2016 21:00;0,588393;
Natriumchlorid;6;17.08.2016 21:00;0,272469;
Natriumchlorid;2;17.08.2016 21:00;0,254003;
Natriumchlorid;9;17.08.2016 21:00;0,127523;
Natriumchlorid;7;17.08.2016 21:00;0,111989;
Natriumchlorid;1;17.08.2016 21:00;0,0802298;
Arsen;4;17.08.2016 21:00;1,08371;
Arsen;3;17.08.2016 21:00;0,819331;
Arsen;8;17.08.2016 21:00;0,532734;
Arsen;1;17.08.2016 21:00;0,467103;
Arsen;2;17.08.2016 21:00;0,43998;
Arsen;6;17.08.2016 21:00;0,210384;
Arsen;5;17.08.2016 21:00;0,205303;
Arsen;9;17.08.2016 21:00;0,165939;
Arsen;7;17.08.2016 21:00;0,153212;
Benzol;7;17.08.2016 21:00;1,75287;
Benzol;4;17.08.2016 21:00;1,08613;
Benzol;8;17.08.2016 21:00;0,751596;
Benzol;6;17.08.2016 21:00;0,341712;
Benzol;5;17.08.2016 21:00;0,26222;
Benzol;9;17.08.2016 21:00;0,242695;
Benzol;2;17.08.2016 21:00;0,219317;
Benzol;3;17.08.2016 21:00;0,185649;
Benzol;1;17.08.2016 21:00;0,0976552;
Anilin;4;17.08.2016 21:00;1,14238;
Anilin;3;17.08.2016 21:00;0,895175;
Anilin;5;17.08.2016 21:00;0,824724;
Anilin;2;17.08.2016 21:00;0,791837;
Anilin;8;17.08.2016 21:00;0,508014;
Anilin;7;17.08.2016 21:00;0,340543;
Anilin;6;17.08.2016 21:00;0,174441;
Anilin;1;17.08.2016 21:00;0,0578727;
Anilin;9;17.08.2016 21:00;0,0201124;
Natriumchlorid;3;17.08.2016 22:00;1,89173;
Natriumchlorid;4;17.08.2016 22:00;1,18667;
Natriumchlorid;7;17.08.2016 22:00;1,10757;
Natriumchlorid;6;17.08.2016 22:00;0,448804;
Natriumchlorid;8;17.08.2016 22:00;0,354262;
Natriumchlorid;5;17.08.2016 22:00;0,299633;
Natriumchlorid;1;17.08.2016 22:00;0,274999;
Natriumchlorid;2;17.08.2016 22:00;0,0510511;
Natriumchlorid;9;17.08.2016 22:00;0,0207763;
Arsen;3;17.08.2016 22:00;1,13619;
Arsen;8;17.08.2016 22:00;1,09271;
Arsen;4;17.08.2016 22:00;0,978744;
Arsen;5;17.08.2016 22:00;0,38977;
Arsen;7;17.08.2016 22:00;0,333345;
Arsen;2;17.08.2016 22:00;0,207298;
Arsen;9;17.08.2016 22:00;0,137741;
Arsen;1;17.08.2016 22:00;0,054915;
Arsen;6;17.08.2016 22:00;0,0123843;
Benzol;3;17.08.2016 22:00;1,26591;
Benzol;4;17.08.2016 22:00;0,787394;
Benzol;6;17.08.2016 22:00;0,747802;
Benzol;2;17.08.2016 22:00;0,546655;
Benzol;9;17.08.2016 22:00;0,492399;
Benzol;5;17.08.2016 22:00;0,485676;
Benzol;8;17.08.2016 22:00;0,43089;
Benzol;7;17.08.2016 22:00;0,293835;
Benzol;1;17.08.2016 22:00;0,0826374;
Anilin;7;17.08.2016 22:00;2,02682;
Anilin;4;17.08.2016 22:00;1,35026;
Anilin;6;17.08.2016 22:00;0,61292;
Anilin;8;17.08.2016 22:00;0,275065;
Anilin;5;17.08.2016 22:00;0,263563;
Anilin;3;17.08.2016 22:00;0,144585;
Anilin;2;17.08.2016 22:00;0,0767028;
Anilin;9;17.08.2016 22:00;0,0643571;
Anilin;1;17.08.2016 22:00;0,0431889;
Natriumchlorid;3;17.08.2016 23:00;1,78179;
Natriumchlorid;4;17.08.2016 23:00;0,999031;
Natriumchlorid;6;17.08.2016 23:00;0,394606;
Natriumchlorid;9;17.08.2016 23:00;0,368879;
Natriumchlorid;2;17.08.2016 23:00;0,266259;
Natriumchlorid;7;17.08.2016 23:00;0,262841;
Natriumchlorid;5;17.08.2016 23:00;0,241022;
Natriumchlorid;1;17.08.2016 23:00;0,164846;
Natriumchlorid;8;17.08.2016 23:00;0,0600964;
Arsen;8;17.08.2016 23:00;1,71887;
Arsen;4;17.08.2016 23:00;0,99017;
Arsen;3;17.08.2016 23:00;0,979413;
Arsen;6;17.08.2016 23:00;0,635426;
Arsen;1;17.08.2016 23:00;0,518993;
Arsen;5;17.08.2016 23:00;0,451844;
Arsen;9;17.08.2016 23:00;0,37943;
Arsen;2;17.08.2016 23:00;0,0470142;
Arsen;7;17.08.2016 23:00;0,00379912;
Benzol;4;17.08.2016 23:00;0,958266;
Benzol;2;17.08.2016 23:00;0,837086;
Benzol;3;17.08.2016 23:00;0,463676;
Benzol;6;17.08.2016 23:00;0,421484;
Benzol;1;17.08.2016 23:00;0,411069;
Benzol;9;17.08.2016 23:00;0,263319;
Benzol;5;17.08.2016 23:00;0,258444;
Benzol;7;17.08.2016 23:00;0,186386;
Benzol;8;17.08.2016 23:00;0,162361;
Anilin;4;17.08.2016 23:00;1,09653;
Anilin;3;17.08.2016 23:00;0,901007;
Anilin;8;17.08.2016 23:00;0,389273;
Anilin;5;17.08.2016 23:00;0,37486;
Anilin;6;17.08.2016 23:00;0,366948;
Anilin;1;17.08.2016 23:00;0,297336;
Anilin;9;17.08.2016 23:00;0,226168;
Anilin;2;17.08.2016 23:00;0,0914298;
Anilin;7;17.08.2016 23:00;0,0283843;
Natriumchlorid;4;18.08.2016 00:00;1,11664;
Natriumchlorid;8;18.08.2016 00:00;1,06617;
Natriumchlorid;5;18.08.2016 00:00;0,619459;
Natriumchlorid;3;18.08.2016 00:00;0,588723;
Natriumchlorid;2;18.08.2016 00:00;0,574225;
Natriumchlorid;6;18.08.2016 00:00;0,38239;
Natriumchlorid;1;18.08.2016 00:00;0,223716;
Natriumchlorid;9;18.08.2016 00:00;0,184309;
Natriumchlorid;7;18.08.2016 00:00;0,117859;
Arsen;3;18.08.2016 00:00;3,13705;
Arsen;4;18.08.2016 00:00;0,951236;
Arsen;2;18.08.2016 00:00;0,855275;
Arsen;7;18.08.2016 00:00;0,804793;
Arsen;6;18.08.2016 00:00;0,524508;
Arsen;9;18.08.2016 00:00;0,385061;
Arsen;5;18.08.2016 00:00;0,333455;
Arsen;8;18.08.2016 00:00;0,215135;
Arsen;1;18.08.2016 00:00;0,0746734;
Benzol;4;18.08.2016 00:00;1,11767;
Benzol;6;18.08.2016 00:00;0,681646;
Benzol;3;18.08.2016 00:00;0,509107;
Benzol;1;18.08.2016 00:00;0,247733;
Benzol;8;18.08.2016 00:00;0,217977;
Benzol;2;18.08.2016 00:00;0,165498;
Benzol;7;18.08.2016 00:00;0,155735;
Benzol;9;18.08.2016 00:00;0,115056;
Benzol;5;18.08.2016 00:00;0,083346;
Anilin;3;18.08.2016 00:00;1,7823;
Anilin;8;18.08.2016 00:00;1,52748;
Anilin;4;18.08.2016 00:00;1,05907;
Anilin;6;18.08.2016 00:00;0,486319;
Anilin;9;18.08.2016 00:00;0,474096;
Anilin;5;18.08.2016 00:00;0,431009;
Anilin;7;18.08.2016 00:00;0,417474;
Anilin;1;18.08.2016 00:00;0,204858;
Anilin;2;18.08.2016 00:00;0,0518454;
Natriumchlorid;4;18.08.2016 01:00;1,36853;
Natriumchlorid;3;18.08.2016 01:00;0,75966;
Natriumchlorid;5;18.08.2016 01:00;0,49133;
Natriumchlorid;7;18.08.2016 01:00;0,399881;
Natriumchlorid;9;18.08.2016 01:00;0,367745;
Natriumchlorid;8;18.08.2016 01:00;0,281635;
Natriumchlorid;1;18.08.2016 01:00;0,199319;
Natriumchlorid;6;18.08.2016 01:00;0,19153;
Natriumchlorid;2;18.08.2016 01:00;0,116769;
Arsen;3;18.08.2016 01:00;1,89886;
Arsen;4;18.08.2016 01:00;1,30371;
Arsen;2;18.08.2016 01:00;0,558693;
Arsen;5;18.08.2016 01:00;0,543181;
Arsen;9;18.08.2016 01:00;0,408417;
Arsen;7;18.08.2016 01:00;0,212135;
Arsen;1;18.08.2016 01:00;0,201981;
Arsen;6;18.08.2016 01:00;0,14591;
Arsen;8;18.08.2016 01:00;0,0144185;
Benzol;3;18.08.2016 01:00;1,33524;
Benzol;4;18.08.2016 01:00;1,26722;
Benzol;5;18.08.2016 01:00;0,6649;
Benzol;6;18.08.2016 01:00;0,616926;
Benzol;2;18.08.2016 01:00;0,325385;
Benzol;1;18.08.2016 01:00;0,220053;
Benzol;9;18.08.2016 01:00;0,129935;
Benzol;7;18.08.2016 01:00;0,0796642;
Benzol;8;18.08.2016 01:00;0,00398845;
Anilin;3;18.08.2016 01:00;1,92825;
Anilin;4;18.08.2016 01:00;0,931558;
Anilin;5;18.08.2016 01:00;0,851951;
Anilin;9;18.08.2016 01:00;0,574557;
Anilin;6;18.08.2016 01:00;0,557941;
Anilin;1;18.08.2016 01:00;0,426631;
Anilin;8;18.08.2016 01:00;0,382507;
Anilin;7;18.08.2016 01:00;0,301494;
Anilin;2;18.08.2016 01:00;0,239349;
Natriumchlorid;6;18.08.2016 02:00;2,63651;
Natriumchlorid;4;18.08.2016 02:00;0,85213;
Natriumchlorid;7;18.08.2016 02:00;0,417573;
Natriumchlorid;9;18.08.2016 02:00;0,359513;
Natriumchlorid;5;18.08.2016 02:00;0,294895;
Natriumchlorid;2;18.08.2016 02:00;0,172454;
Natriumchlorid;3;18.08.2016 02:00;0,156859;
Natriumchlorid;1;18.08.2016 02:00;0,0792214;
Natriumchlorid;8;18.08.2016 02:00;0,0421921;
Arsen;4;18.08.2016 02:00;1,33306;
Arsen;2;18.08.2016 02:00;0,448235;
Arsen;7;18.08.2016 02:00;0,402794;
Arsen;9;18.08.2016 02:00;0,326296;
Arsen;8;18.08.2016 02:00;0,280067;
Arsen;6;18.08.2016 02:00;0,259933;
Arsen;3;18.08.2016 02:00;0,182637;
Arsen;1;18.08.2016 02:00;0,0569654;
Arsen;5;18.08.2016 02:00;0,0212806;
Benzol;7;18.08.2016 02:00;0,853072;
Benzol;4;18.08.2016 02:00;0,840112;
Benzol;6;18.08.2016 02:00;0,442288;
Benzol;3;18.08.2016 02:00;0,419043;
Benzol;5;18.08.2016 02:00;0,322592;
Benzol;8;18.08.2016 02:00;0,215564;
Benzol;2;18.08.2016 02:00;0,093445;
Benzol;1;18.08.2016 02:00;0,0754361;
Benzol;9;18.08.2016 02:00;0,0587577;
Anilin;6;18.08.2016 02:00;21,60128;
Anilin;3;18.08.2016 02:00;2,94453;
Anilin;4;18.08.2016 02:00;1,00433;
Anilin;2;18.08.2016 02:00;0,398784;
Anilin;1;18.08.2016 02:00;0,263143;
Anilin;9;18.08.2016 02:00;0,201935;
Anilin;8;18.08.2016 02:00;0,187124;
Anilin;5;18.08.2016 02:00;0,131063;
Anilin;7;18.08.2016 02:00;0,102292;
Natriumchlorid;3;18.08.2016 03:00;2,41349;
Natriumchlorid;4;18.08.2016 03:00;0,876196;
Natriumchlorid;7;18.08.2016 03:00;0,728627;
Natriumchlorid;6;18.08.2016 03:00;0,362784;
Natriumchlorid;2;18.08.2016 03:00;0,313355;
Natriumchlorid;9;18.08.2016 03:00;0,153871;
Natriumchlorid;5;18.08.2016 03:00;0,146427;
Natriumchlorid;1;18.08.2016 03:00;0,0832221;
Natriumchlorid;8;18.08.2016 03:00;0,0360081;
Arsen;4;18.08.2016 03:00;1,08112;
Arsen;3;18.08.2016 03:00;0,747029;
Arsen;7;18.08.2016 03:00;0,627695;
Arsen;2;18.08.2016 03:00;0,560647;
Arsen;6;18.08.2016 03:00;0,376669;
Arsen;8;18.08.2016 03:00;0,335416;
Arsen;5;18.08.2016 03:00;0,18583;
Arsen;9;18.08.2016 03:00;0,160103;
Arsen;1;18.08.2016 03:00;0,132169;
Benzol;3;18.08.2016 03:00;2,11691;
Benzol;4;18.08.2016 03:00;0,768738;
Benzol;6;18.08.2016 03:00;0,751468;
Benzol;7;18.08.2016 03:00;0,565031;
Benzol;1;18.08.2016 03:00;0,459888;
Benzol;2;18.08.2016 03:00;0,328055;
Benzol;9;18.08.2016 03:00;0,114989;
Benzol;8;18.08.2016 03:00;0,112229;
Benzol;5;18.08.2016 03:00;0,050773;
Anilin;3;18.08.2016 03:00;1,21718;
Anilin;4;18.08.2016 03:00;1,00858;
Anilin;6;18.08.2016 03:00;0,658824;
Anilin;8;18.08.2016 03:00;0,5945;
Anilin;7;18.08.2016 03:00;0,357495;
Anilin;9;18.08.2016 03:00;0,350993;
Anilin;2;18.08.2016 03:00;0,318142;
Anilin;1;18.08.2016 03:00;0,0647995;
Anilin;5;18.08.2016 03:00;0,0136424;
Natriumchlorid;7;18.08.2016 04:00;1,21931;
Natriumchlorid;4;18.08.2016 04:00;1,14187;
Natriumchlorid;3;18.08.2016 04:00;0,9748;
Natriumchlorid;2;18.08.2016 04:00;0,570732;
Natriumchlorid;6;18.08.2016 04:00;0,399809;
Natriumchlorid;8;18.08.2016 04:00;0,382476;
Natriumchlorid;5;18.08.2016 04:00;0,337502;
Natriumchlorid;1;18.08.2016 04:00;0,130829;
Natriumchlorid;9;18.08.2016 04:00;0,0959424;
Arsen;4;18.08.2016 04:00;1,0963;
Arsen;7;18.08.2016 04:00;0,93713;
Arsen;3;18.08.2016 04:00;0,921329;
Arsen;5;18.08.2016 04:00;0,834782;
Arsen;2;18.08.2016 04:00;0,645782;
Arsen;6;18.08.2016 04:00;0,405134;
Arsen;8;18.08.2016 04:00;0,262523;
Arsen;1;18.08.2016 04:00;0,147721;
Arsen;9;18.08.2016 04:00;0,0451229;
Benzol;4;18.08.2016 04:00;1,04182;
Benzol;8;18.08.2016 04:00;0,727809;
Benzol;2;18.08.2016 04:00;0,340097;
Benzol;6;18.08.2016 04:00;0,328306;
Benzol;5;18.08.2016 04:00;0,285837;
Benzol;7;18.08.2016 04:00;0,19182;
Benzol;3;18.08.2016 04:00;0,18754;
Benzol;9;18.08.2016 04:00;0,0642029;
Benzol;1;18.08.2016 04:00;0,0131897;
Anilin;3;18.08.2016 04:00;1,62386;
Anilin;7;18.08.2016 04:00;1,18915;
Anilin;4;18.08.2016 04:00;0,989903;
Anilin;8;18.08.2016 04:00;0,749754;
Anilin;6;18.08.2016 04:00;0,564269;
Anilin;1;18.08.2016 04:00;0,52446;
Anilin;9;18.08.2016 04:00;0,174634;
Anilin;5;18.08.2016 04:00;0,155264;
Anilin;2;18.08.2016 04:00;0,125537;
Natriumchlorid;3;18.08.2016 05:00;1,78127;
Natriumchlorid;4;18.08.2016 05:00;1,47616;
Natriumchlorid;8;18.08.2016 05:00;0,693629;
Natriumchlorid;2;18.08.2016 05:00;0,60953;
Natriumchlorid;7;18.08.2016 05:00;0,412815;
Natriumchlorid;5;18.08.2016 05:00;0,314394;
Natriumchlorid;9;18.08.2016 05:00;0,234293;
Natriumchlorid;6;18.08.2016 05:00;0,19747;
Natriumchlorid;1;18.08.2016 05:00;0,023593;
Arsen;3;18.08.2016 05:00;3,83196;
Arsen;4;18.08.2016 05:00;1,27072;
Arsen;7;18.08.2016 05:00;1,05392;
Arsen;6;18.08.2016 05:00;0,525475;
Arsen;9;18.08.2016 05:00;0,397859;
Arsen;1;18.08.2016 05:00;0,275854;
Arsen;2;18.08.2016 05:00;0,173926;
Arsen;8;18.08.2016 05:00;0,0951462;
Arsen;5;18.08.2016 05:00;0,0521836;
Benzol;3;18.08.2016 05:00;1,66669;
Benzol;7;18.08.2016 05:00;1,08657;
Benzol;4;18.08.2016 05:00;0,703722;
Benzol;6;18.08.2016 05:00;0,420314;
Benzol;2;18.08.2016 05:00;0,362915;
Benzol;1;18.08.2016 05:00;0,357961;
Benzol;5;18.08.2016 05:00;0,165507;
Benzol;8;18.08.2016 05:00;0,110323;
Benzol;9;18.08.2016 05:00;0,081235;
Anilin;4;18.08.2016 05:00;1,20859;
Anilin;3;18.08.2016 05:00;0,690505;
Anilin;8;18.08.2016 05:00;0,425798;
Anilin;6;18.08.2016 05:00;0,347182;
Anilin;5;18.08.2016 05:00;0,177718;
Anilin;7;18.08.2016 05:00;0,167039;
Anilin;2;18.08.2016 05:00;0,123844;
Anilin;9;18.08.2016 05:00;0,111695;
Anilin;1;18.08.2016 05:00;0,0118445;
Natriumchlorid;9;18.08.2016 06:00;5,48514;
Natriumchlorid;3;18.08.2016 06:00;2,06407;
Natriumchlorid;4;18.08.2016 06:00;1,15615;
Natriumchlorid;8;18.08.2016 06:00;0,772616;
Natriumchlorid;2;18.08.2016 06:00;0,617308;
Natriumchlorid;9;18.08.2016 06:00;0,578935;
Natriumchlorid;6;18.08.2016 06:00;0,573291;
Natriumchlorid;1;18.08.2016 06:00;0,100037;
Natriumchlorid;5;18.08.2016 06:00;0,0827515;
Natriumchlorid;7;18.08.2016 06:00;0,0328186;
Arsen;3;18.08.2016 06:00;1,46162;
Arsen;4;18.08.2016 06:00;1,14572;
Arsen;6;18.08.2016 06:00;0,540419;
Arsen;1;18.08.2016 06:00;0,474253;
Arsen;2;18.08.2016 06:00;0,4364;
Arsen;5;18.08.2016 06:00;0,365034;
Arsen;8;18.08.2016 06:00;0,25341;
Arsen;7;18.08.2016 06:00;0,166917;
Arsen;9;18.08.2016 06:00;0,143959;
Benzol;7;18.08.2016 06:00;1,67431;
Benzol;4;18.08.2016 06:00;1,0642;
Benzol;3;18.08.2016 06:00;0,847452;
Benzol;6;18.08.2016 06:00;0,399243;
Benzol;1;18.08.2016 06:00;0,387516;
Benzol;9;18.08.2016 06:00;0,324546;
Benzol;5;18.08.2016 06:00;0,221337;
Benzol;2;18.08.2016 06:00;0,200842;
Benzol;8;18.08.2016 06:00;0,0336325;
Anilin;3;18.08.2016 06:00;2,57074;
Anilin;4;18.08.2016 06:00;1,10696;
Anilin;2;18.08.2016 06:00;0,651812;
Anilin;6;18.08.2016 06:00;0,421992;
Anilin;5;18.08.2016 06:00;0,24521;
Anilin;1;18.08.2016 06:00;0,114939;
Anilin;7;18.08.2016 06:00;0,0364723;
Anilin;8;18.08.2016 06:00;0,00690338;
Natriumchlorid;9;18.08.2016 07:00;10,56217;
Natriumchlorid;3;18.08.2016 07:00;2,24653;
Natriumchlorid;9;18.08.2016 07:00;1,18043;
Natriumchlorid;4;18.08.2016 07:00;0,894484;
Natriumchlorid;6;18.08.2016 07:00;0,756749;
Natriumchlorid;7;18.08.2016 07:00;0,589994;
Natriumchlorid;8;18.08.2016 07:00;0,493415;
Natriumchlorid;2;18.08.2016 07:00;0,387504;
Natriumchlorid;5;18.08.2016 07:00;0,111424;
Natriumchlorid;1;18.08.2016 07:00;0,0871333;
Arsen;3;18.08.2016 07:00;1,57763;
Arsen;4;18.08.2016 07:00;1,48923;
Arsen;5;18.08.2016 07:00;1,22943;
Arsen;2;18.08.2016 07:00;0,710728;
Arsen;9;18.08.2016 07:00;0,515546;
Arsen;7;18.08.2016 07:00;0,442058;
Arsen;1;18.08.2016 07:00;0,430007;
Arsen;6;18.08.2016 07:00;0,396932;
Arsen;8;18.08.2016 07:00;0,137544;
Benzol;3;18.08.2016 07:00;2,79269;
Benzol;5;18.08.2016 07:00;2,19968;
Benzol;8;18.08.2016 07:00;1,22747;
Benzol;4;18.08.2016 07:00;1,12571;
Benzol;6;18.08.2016 07:00;0,492712;
Benzol;1;18.08.2016 07:00;0,273475;
Benzol;9;18.08.2016 07:00;0,152912;
Benzol;7;18.08.2016 07:00;0,0553915;
Benzol;2;18.08.2016 07:00;0,0237276;
Anilin;3;18.08.2016 07:00;1,33933;
Anilin;4;18.08.2016 07:00;1,06491;
Anilin;5;18.08.2016 07:00;1,03748;
Anilin;6;18.08.2016 07:00;0,620179;
Anilin;1;18.08.2016 07:00;0,281507;
Anilin;2;18.08.2016 07:00;0,158539;
Anilin;7;18.08.2016 07:00;0,124762;
Anilin;8;18.08.2016 07:00;0,0919578;
Natriumchlorid;5;18.08.2016 08:00;16,33376;
Natriumchlorid;5;18.08.2016 08:00;2,41662;
Natriumchlorid;3;18.08.2016 08:00;2,17545;
Natriumchlorid;4;18.08.2016 08:00;0,960714;
Natriumchlorid;7;18.08.2016 08:00;0,934355;
Natriumchlorid;6;18.08.2016 08:00;0,331268;
Natriumchlorid;8;18.08.2016 08:00;0,326564;
Natriumchlorid;2;18.08.2016 08:00;0,1546;
Natriumchlorid;9;18.08.2016 08:00;0,15417;
Natriumchlorid;1;18.08.2016 08:00;0,140658;
Arsen;7;18.08.2016 08:00;1,1407;
Arsen;4;18.08.2016 08:00;0,856169;
Arsen;3;18.08.2016 08:00;0,832763;
Arsen;2;18.08.2016 08:00;0,547785;
Arsen;8;18.08.2016 08:00;0,420579;
Arsen;9;18.08.2016 08:00;0,35016;
Arsen;6;18.08.2016 08:00;0,322219;
Arsen;5;18.08.2016 08:00;0,19822;
Arsen;1;18.08.2016 08:00;0,0378444;
Benzol;5;18.08.2016 08:00;2,27073;
Benzol;3;18.08.2016 08:00;1,63467;
Benzol;4;18.08.2016 08:00;0,858786;
Benzol;9;18.08.2016 08:00;0,493922;
Benzol;2;18.08.2016 08:00;0,475073;
Benzol;7;18.08.2016 08:00;0,443339;
Benzol;6;18.08.2016 08:00;0,374742;
Benzol;1;18.08.2016 08:00;0,0949074;
Benzol;8;18.08.2016 08:00;0,0537278;
Anilin;3;18.08.2016 08:00;2,62763;
Anilin;4;18.08.2016 08:00;0,934118;
Anilin;2;18.08.2016 08:00;0,774053;
Anilin;6;18.08.2016 08:00;0,768962;
Anilin;7;18.08.2016 08:00;0,517616;
Anilin;9;18.08.2016 08:00;0,198371;
Anilin;8;18.08.2016 08:00;0,196729;
Anilin;1;18.08.2016 08:00;0,0388874;
Natriumchlorid;5;18.08.2016 09:00;5,32818;
Natriumchlorid;3;18.08.2016 09:00;3,08505;
Natriumchlorid;4;18.08.2016 09:00;1,04179;
Natriumchlorid;9;18.08.2016 09:00;0,93935;
Natriumchlorid;5;18.08.2016 09:00;0,762196;
Natriumchlorid;2;18.08.2016 09:00;0,551552;
Natriumchlorid;6;18.08.2016 09:00;0,417641;
Natriumchlorid;1;18.08.2016 09:00;0,213819;
Natriumchlorid;7;18.08.2016 09:00;0,134145;
Natriumchlorid;8;18.08.2016 09:00;0,0352444;
Arsen;4;18.08.2016 09:00;1,2427;
Arsen;3;18.08.2016 09:00;1,19976;
Arsen;1;18.08.2016 09:00;0,387184;
Arsen;8;18.08.2016 09:00;0,271816;
Arsen;9;18.08.2016 09:00;0,254197;
Arsen;6;18.08.2016 09:00;0,244989;
Arsen;5;18.08.2016 09:00;0,194201;
Arsen;2;18.08.2016 09:00;0,155122;
Arsen;7;18.08.2016 09:00;0,138457;
Benzol;4;18.08.2016 09:00;1,11935;
Benzol;7;18.08.2016 09:00;0,699754;
Benzol;8;18.08.2016 09:00;0,625554;
Benzol;2;18.08.2016 09:00;0,508331;
Benzol;3;18.08.2016 09:00;0,486831;
Benzol;5;18.08.2016 09:00;0,43239;
Benzol;6;18.08.2016 09:00;0,269757;
Benzol;1;18.08.2016 09:00;0,196014;
Benzol;9;18.08.2016 09:00;0,119887;
Anilin;4;18.08.2016 09:00;1,46072;
Anilin;8;18.08.2016 09:00;0,882873;
Anilin;2;18.08.2016 09:00;0,613687;
Anilin;3;18.08.2016 09:00;0,582145;
Anilin;6;18.08.2016 09:00;0,459566;
Anilin;1;18.08.2016 09:00;0,402351;
Anilin;7;18.08.2016 09:00;0,366044;
Anilin;9;18.08.2016 09:00;0,0556978;
Natriumchlorid;5;18.08.2016 10:00;32,61976;
Natriumchlorid;5;18.08.2016 10:00;3,93632;
Natriumchlorid;9;18.08.2016 10:00;3,36742;
Natriumchlorid;4;18.08.2016 10:00;1,10022;
Natriumchlorid;7;18.08.2016 10:00;0,663386;
Natriumchlorid;3;18.08.2016 10:00;0,574423;
Natriumchlorid;8;18.08.2016 10:00;0,350255;
Natriumchlorid;6;18.08.2016 10:00;0,337773;
Natriumchlorid;2;18.08.2016 10:00;0,248758;
Natriumchlorid;1;18.08.2016 10:00;0,0224929;
Arsen;4;18.08.2016 10:00;1,21569;
Arsen;3;18.08.2016 10:00;0,68573;
Arsen;2;18.08.2016 10:00;0,668232;
Arsen;5;18.08.2016 10:00;0,472304;
Arsen;6;18.08.2016 10:00;0,287564;
Arsen;9;18.08.2016 10:00;0,272118;
Arsen;8;18.08.2016 10:00;0,261321;
Arsen;7;18.08.2016 10:00;0,240885;
Arsen;1;18.08.2016 10:00;0,212822;
Benzol;4;18.08.2016 10:00;0,985695;
Benzol;3;18.08.2016 10:00;0,513676;
Benzol;2;18.08.2016 10:00;0,34659;
Benzol;6;18.08.2016 10:00;0,325017;
Benzol;9;18.08.2016 10:00;0,280776;
Benzol;5;18.08.2016 10:00;0,245029;
Benzol;8;18.08.2016 10:00;0,146997;
Benzol;7;18.08.2016 10:00;0,0743678;
Benzol;1;18.08.2016 10:00;0,0225976;
Anilin;4;18.08.2016 10:00;1,01378;
Anilin;3;18.08.2016 10:00;0,72006;
Anilin;8;18.08.2016 10:00;0,336377;
Anilin;6;18.08.2016 10:00;0,204819;
Anilin;2;18.08.2016 10:00;0,168373;
Anilin;1;18.08.2016 10:00;0,113328;
Anilin;9;18.08.2016 10:00;0,104265;
Anilin;7;18.08.2016 10:00;0,0970833;
Natriumchlorid;3;18.08.2016 11:00;1,99318;
Natriumchlorid;2;18.08.2016 11:00;1,09792;
Natriumchlorid;4;18.08.2016 11:00;0,957321;
Natriumchlorid;9;18.08.2016 11:00;0,825067;
Natriumchlorid;7;18.08.2016 11:00;0,501876;
Natriumchlorid;8;18.08.2016 11:00;0,325723;
Natriumchlorid;5;18.08.2016 11:00;0,182616;
Natriumchlorid;1;18.08.2016 11:00;0,118556;
Natriumchlorid;6;18.08.2016 11:00;0,0271096;
Arsen;4;18.08.2016 11:00;1,83365;
Arsen;5;18.08.2016 11:00;0,785919;
Arsen;2;18.08.2016 11:00;0,717224;
Arsen;7;18.08.2016 11:00;0,605014;
Arsen;8;18.08.2016 11:00;0,454405;
Arsen;3;18.08.2016 11:00;0,233436;
Arsen;6;18.08.2016 11:00;0,197317;
Arsen;1;18.08.2016 11:00;0,0723001;
Arsen;9;18.08.2016 11:00;0,0032466;
Benzol;3;18.08.2016 11:00;1,57456;
Benzol;4;18.08.2016 11:00;1,33845;
Benzol;7;18.08.2016 11:00;1,00375;
Benzol;2;18.08.2016 11:00;0,646866;
Benzol;8;18.08.2016 11:00;0,408247;
Benzol;6;18.08.2016 11:00;0,407828;
Benzol;5;18.08.2016 11:00;0,308033;
Benzol;9;18.08.2016 11:00;0,270178;
Benzol;1;18.08.2016 11:00;0,184647;
Anilin;4;18.08.2016 11:00;1,06591;
Anilin;3;18.08.2016 11:00;1,04163;
Anilin;2;18.08.2016 11:00;0,945957;
Anilin;5;18.08.2016 11:00;0,595275;
Anilin;7;18.08.2016 11:00;0,50883;
Anilin;1;18.08.2016 11:00;0,257745;
Anilin;8;18.08.2016 11:00;0,135796;
Anilin;9;18.08.2016 11:00;0,121575;
Anilin;6;18.08.2016 11:00;0,00805753;
Natriumchlorid;9;18.08.2016 12:00;5,58788;
Natriumchlorid;9;18.08.2016 12:00;2,4726;
Natriumchlorid;7;18.08.2016 12:00;1,19285;
Natriumchlorid;4;18.08.2016 12:00;1,1309;
Natriumchlorid;8;18.08.2016 12:00;0,778369;
Natriumchlorid;3;18.08.2016 12:00;0,594288;
Natriumchlorid;2;18.08.2016 12:00;0,522741;
Natriumchlorid;6;18.08.2016 12:00;0,398141;
Natriumchlorid;5;18.08.2016 12:00;0,20457;
Natriumchlorid;1;18.08.2016 12:00;0,182129;
Arsen;3;18.08.2016 12:00;1,538;
Arsen;4;18.08.2016 12:00;0,947702;
Arsen;7;18.08.2016 12:00;0,505135;
Arsen;5;18.08.2016 12:00;0,415114;
Arsen;2;18.08.2016 12:00;0,328513;
Arsen;6;18.08.2016 12:00;0,325247;
Arsen;1;18.08.2016 12:00;0,276149;
Arsen;8;18.08.2016 12:00;0,138265;
Arsen;9;18.08.2016 12:00;0,0556062;
Benzol;3;18.08.2016 12:00;3,60584;
Benzol;4;18.08.2016 12:00;1,08065;
Benzol;2;18.08.2016 12:00;0,946481;
Benzol;7;18.08.2016 12:00;0,740815;
Benzol;6;18.08.2016 12:00;0,479102;
Benzol;9;18.08.2016 12:00;0,288103;
Benzol;1;18.08.2016 12:00;0,265479;
Benzol;8;18.08.2016 12:00;0,152282;
Benzol;5;18.08.2016 12:00;0,0324395;
Anilin;4;18.08.2016 12:00;1,08184;
Anilin;3;18.08.2016 12:00;0,79045;
Anilin;5;18.08.2016 12:00;0,657958;
Anilin;8;18.08.2016 12:00;0,513323;
Anilin;6;18.08.2016 12:00;0,375251;
Anilin;7;18.08.2016 12:00;0,190629;
Anilin;2;18.08.2016 12:00;0,0955549;
Anilin;1;18.08.2016 12:00;0,0535762;
Natriumchlorid;9;18.08.2016 13:00;6,3802;
Natriumchlorid;7;18.08.2016 13:00;1,93574;
Natriumchlorid;5;18.08.2016 13:00;1,32023;
Natriumchlorid;3;18.08.2016 13:00;1,22339;
Natriumchlorid;4;18.08.2016 13:00;1,17197;
Natriumchlorid;1;18.08.2016 13:00;0,467739;
Natriumchlorid;6;18.08.2016 13:00;0,412991;
Natriumchlorid;2;18.08.2016 13:00;0,251225;
Natriumchlorid;8;18.08.2016 13:00;0,0325329;
Arsen;3;18.08.2016 13:00;2,59411;
Arsen;4;18.08.2016 13:00;0,776166;
Arsen;6;18.08.2016 13:00;0,531988;
Arsen;1;18.08.2016 13:00;0,437829;
Arsen;9;18.08.2016 13:00;0,244575;
Arsen;8;18.08.2016 13:00;0,18876;
Arsen;2;18.08.2016 13:00;0,168926;
Arsen;5;18.08.2016 13:00;0,162338;
Arsen;7;18.08.2016 13:00;0,00327715;
Benzol;3;18.08.2016 13:00;2,70383;
Benzol;2;18.08.2016 13:00;1,1863;
Benzol;8;18.08.2016 13:00;0,776316;
Benzol;4;18.08.2016 13:00;0,620376;
Benzol;6;18.08.2016 13:00;0,518127;
Benzol;9;18.08.2016 13:00;0,488188;
Benzol;5;18.08.2016 13:00;0,35794;
Benzol;7;18.08.2016 13:00;0,337203;
Benzol;1;18.08.2016 13:00;0,180554;
Anilin;7;18.08.2016 13:00;2,10314;
Anilin;3;18.08.2016 13:00;0,80457;
Anilin;4;18.08.2016 13:00;0,620376;
Anilin;8;18.08.2016 13:00;0,410549;
Anilin;6;18.08.2016 13:00;0,38661;
Anilin;9;18.08.2016 13:00;0,274114;
Anilin;5;18.08.2016 13:00;0,0787428;
Anilin;2;18.08.2016 13:00;0,0146786;
Anilin;1;18.08.2016 13:00;0,0098709;
Natriumchlorid;3;18.08.2016 14:00;1,58929;
Natriumchlorid;4;18.08.2016 14:00;1,1403;
Natriumchlorid;2;18.08.2016 14:00;0,780556;
Natriumchlorid;6;18.08.2016 14:00;0,662944;
Natriumchlorid;5;18.08.2016 14:00;0,466122;
Natriumchlorid;7;18.08.2016 14:00;0,343129;
Natriumchlorid;9;18.08.2016 14:00;0,27109;
Natriumchlorid;1;18.08.2016 14:00;0,133697;
Natriumchlorid;8;18.08.2016 14:00;0,0972001;
Arsen;2;18.08.2016 14:00;0,91425;
Arsen;4;18.08.2016 14:00;0,880382;
Arsen;3;18.08.2016 14:00;0,7187;
Arsen;7;18.08.2016 14:00;0,655229;
Arsen;6;18.08.2016 14:00;0,615445;
Arsen;1;18.08.2016 14:00;0,321624;
Arsen;9;18.08.2016 14:00;0,287361;
Arsen;8;18.08.2016 14:00;0,282689;
Arsen;5;18.08.2016 14:00;0,280005;
Benzol;4;18.08.2016 14:00;0,929235;
Benzol;2;18.08.2016 14:00;0,795892;
Benzol;8;18.08.2016 14:00;0,608115;
Benzol;6;18.08.2016 14:00;0,59366;
Benzol;7;18.08.2016 14:00;0,476389;
Benzol;1;18.08.2016 14:00;0,355135;
Benzol;3;18.08.2016 14:00;0,355079;
Benzol;5;18.08.2016 14:00;0,281138;
Benzol;9;18.08.2016 14:00;0,26585;
Anilin;4;18.08.2016 14:00;1,20483;
Anilin;5;18.08.2016 14:00;0,613496;
Anilin;3;18.08.2016 14:00;0,48792;
Anilin;8;18.08.2016 14:00;0,465421;
Anilin;9;18.08.2016 14:00;0,390915;
Anilin;6;18.08.2016 14:00;0,186864;
Anilin;7;18.08.2016 14:00;0,10552;
Anilin;2;18.08.2016 14:00;0,0935086;
Anilin;1;18.08.2016 14:00;0,0459356;
Natriumchlorid;3;18.08.2016 15:00;0,795544;
Natriumchlorid;4;18.08.2016 15:00;0,680228;
Natriumchlorid;6;18.08.2016 15:00;0,570678;
Natriumchlorid;8;18.08.2016 15:00;0,368772;
Natriumchlorid;9;18.08.2016 15:00;0,359009;
Natriumchlorid;7;18.08.2016 15:00;0,358819;
Natriumchlorid;2;18.08.2016 15:00;0,287425;
Natriumchlorid;5;18.08.2016 15:00;0,258341;
Natriumchlorid;1;18.08.2016 15:00;0,230139;
Arsen;8;18.08.2016 15:00;1,13002;
Arsen;3;18.08.2016 15:00;1,09143;
Arsen;4;18.08.2016 15:00;1,06631;
Arsen;5;18.08.2016 15:00;0,668677;
Arsen;6;18.08.2016 15:00;0,502502;
Arsen;2;18.08.2016 15:00;0,405597;
Arsen;7;18.08.2016 15:00;0,378912;
Arsen;1;18.08.2016 15:00;0,316238;
Arsen;9;18.08.2016 15:00;0,10909;
Benzol;6;18.08.2016 15:00;0,812063;
Benzol;5;18.08.2016 15:00;0,798497;
Benzol;3;18.08.2016 15:00;0,786827;
Benzol;4;18.08.2016 15:00;0,692188;
Benzol;1;18.08.2016 15:00;0,337517;
Benzol;9;18.08.2016 15:00;0,319478;
Benzol;2;18.08.2016 15:00;0,232333;
Benzol;7;18.08.2016 15:00;0,201758;
Benzol;8;18.08.2016 15:00;0,053508;
Anilin;3;18.08.2016 15:00;3,36559;
Anilin;7;18.08.2016 15:00;2,3755;
Anilin;4;18.08.2016 15:00;1,06752;
Anilin;8;18.08.2016 15:00;0,766754;
Anilin;5;18.08.2016 15:00;0,358826;
Anilin;6;18.08.2016 15:00;0,192496;
Anilin;1;18.08.2016 15:00;0,185368;
Anilin;9;18.08.2016 15:00;0,0764561;
Anilin;2;18.08.2016 15:00;0,0709777;
Natriumchlorid;6;18.08.2016 16:00;56,17981;
Natriumchlorid;6;18.08.2016 16:00;5,95521;
Natriumchlorid;3;18.08.2016 16:00;1,52096;
Natriumchlorid;4;18.08.2016 16:00;0,871322;
Natriumchlorid;2;18.08.2016 16:00;0,492029;
Natriumchlorid;5;18.08.2016 16:00;0,422124;
Natriumchlorid;7;18.08.2016 16:00;0,382064;
Natriumchlorid;9;18.08.2016 16:00;0,2231;
Natriumchlorid;1;18.08.2016 16:00;0,0809794;
Natriumchlorid;8;18.08.2016 16:00;0,0715876;
Arsen;4;18.08.2016 16:00;1,01926;
Arsen;7;18.08.2016 16:00;0,857756;
Arsen;8;18.08.2016 16:00;0,833302;
Arsen;3;18.08.2016 16:00;0,720467;
Arsen;2;18.08.2016 16:00;0,139288;
Arsen;9;18.08.2016 16:00;0,0975285;
Arsen;1;18.08.2016 16:00;0,0604799;
Arsen;6;18.08.2016 16:00;0,0214489;
Arsen;5;18.08.2016 16:00;0,0123974;
Benzol;7;18.08.2016 16:00;0,771405;
Benzol;4;18.08.2016 16:00;0,74658;
Benzol;8;18.08.2016 16:00;0,592883;
Benzol;3;18.08.2016 16:00;0,55426;
Benzol;1;18.08.2016 16:00;0,5365;
Benzol;9;18.08.2016 16:00;0,302851;
Benzol;6;18.08.2016 16:00;0,28445;
Benzol;2;18.08.2016 16:00;0,240629;
Benzol;5;18.08.2016 16:00;0,228728;
Anilin;3;18.08.2016 16:00;2,87151;
Anilin;4;18.08.2016 16:00;1,24925;
Anilin;7;18.08.2016 16:00;0,779596;
Anilin;8;18.08.2016 16:00;0,58464;
Anilin;9;18.08.2016 16:00;0,515281;
Anilin;5;18.08.2016 16:00;0,0987295;
Anilin;2;18.08.2016 16:00;0,0426883;
Anilin;1;18.08.2016 16:00;0,0415992;
Natriumchlorid;8;18.08.2016 17:00;1,11395;
Natriumchlorid;7;18.08.2016 17:00;0,859141;
Natriumchlorid;6;18.08.2016 17:00;0,802455;
Natriumchlorid;4;18.08.2016 17:00;0,752129;
Natriumchlorid;2;18.08.2016 17:00;0,425124;
Natriumchlorid;5;18.08.2016 17:00;0,161973;
Natriumchlorid;1;18.08.2016 17:00;0,0979459;
Natriumchlorid;3;18.08.2016 17:00;0,00720303;
Natriumchlorid;9;18.08.2016 17:00;0,00531084;
Arsen;4;18.08.2016 17:00;1,11918;
Arsen;3;18.08.2016 17:00;0,990735;
Arsen;8;18.08.2016 17:00;0,788151;
Arsen;7;18.08.2016 17:00;0,572999;
Arsen;6;18.08.2016 17:00;0,487749;
Arsen;1;18.08.2016 17:00;0,278458;
Arsen;2;18.08.2016 17:00;0,117426;
Arsen;9;18.08.2016 17:00;0,10857;
Arsen;5;18.08.2016 17:00;0,0116964;
Benzol;8;18.08.2016 17:00;1,46194;
Benzol;7;18.08.2016 17:00;1,39925;
Benzol;3;18.08.2016 17:00;1,32221;
Benzol;4;18.08.2016 17:00;1,09944;
Benzol;2;18.08.2016 17:00;0,731383;
Benzol;9;18.08.2016 17:00;0,398509;
Benzol;1;18.08.2016 17:00;0,370942;
Benzol;6;18.08.2016 17:00;0,191372;
Benzol;5;18.08.2016 17:00;0,180525;
Anilin;3;18.08.2016 17:00;2,00613;
Anilin;4;18.08.2016 17:00;1,18881;
Anilin;7;18.08.2016 17:00;0,777335;
Anilin;8;18.08.2016 17:00;0,765684;
Anilin;6;18.08.2016 17:00;0,391529;
Anilin;2;18.08.2016 17:00;0,364532;
Anilin;5;18.08.2016 17:00;0,226458;
Anilin;1;18.08.2016 17:00;0,0478037;
Anilin;9;18.08.2016 17:00;0,0292973;
Natriumchlorid;7;18.08.2016 18:00;3,45934;
Natriumchlorid;3;18.08.2016 18:00;1,38771;
Natriumchlorid;4;18.08.2016 18:00;0,968088;
Natriumchlorid;8;18.08.2016 18:00;0,511343;
Natriumchlorid;2;18.08.2016 18:00;0,51027;
Natriumchlorid;9;18.08.2016 18:00;0,400876;
Natriumchlorid;6;18.08.2016 18:00;0,33143;
Natriumchlorid;1;18.08.2016 18:00;0,243611;
Natriumchlorid;5;18.08.2016 18:00;0,121528;
Arsen;4;18.08.2016 18:00;1,36364;
Arsen;6;18.08.2016 18:00;0,739953;
Arsen;3;18.08.2016 18:00;0,619585;
Arsen;7;18.08.2016 18:00;0,505729;
Arsen;2;18.08.2016 18:00;0,26884;
Arsen;5;18.08.2016 18:00;0,102608;
Arsen;1;18.08.2016 18:00;0,0876277;
Arsen;8;18.08.2016 18:00;0,0251581;
Arsen;9;18.08.2016 18:00;0,0028878;
Benzol;3;18.08.2016 18:00;5,41082;
Benzol;7;18.08.2016 18:00;1,51289;
Benzol;2;18.08.2016 18:00;1,15979;
Benzol;4;18.08.2016 18:00;0,878612;
Benzol;8;18.08.2016 18:00;0,726782;
Benzol;5;18.08.2016 18:00;0,54023;
Benzol;9;18.08.2016 18:00;0,3426;
Benzol;6;18.08.2016 18:00;0,283146;
Benzol;1;18.08.2016 18:00;0,126967;
Anilin;5;18.08.2016 18:00;1,02028;
Anilin;4;18.08.2016 18:00;0,961746;
Anilin;9;18.08.2016 18:00;0,297756;
Anilin;2;18.08.2016 18:00;0,23043;
Anilin;6;18.08.2016 18:00;0,155104;
Anilin;7;18.08.2016 18:00;0,0715839;
Anilin;3;18.08.2016 18:00;0,0504311;
Anilin;1;18.08.2016 18:00;0,0272433;
Anilin;8;18.08.2016 18:00;0,0165704;
Natriumchlorid;3;18.08.2016 19:00;1,19823;
Natriumchlorid;7;18.08.2016 19:00;0,676959;
Natriumchlorid;4;18.08.2016 19:00;0,601561;
Natriumchlorid;5;18.08.2016 19:00;0,465448;
Natriumchlorid;1;18.08.2016 19:00;0,427944;
Natriumchlorid;6;18.08.2016 19:00;0,381638;
Natriumchlorid;8;18.08.2016 19:00;0,237085;
Natriumchlorid;2;18.08.2016 19:00;0,193161;
Natriumchlorid;9;18.08.2016 19:00;0,188189;
Arsen;4;18.08.2016 19:00;1,10669;
Arsen;8;18.08.2016 19:00;0,726953;
Arsen;3;18.08.2016 19:00;0,717749;
Arsen;7;18.08.2016 19:00;0,638305;
Arsen;5;18.08.2016 19:00;0,598562;
Arsen;6;18.08.2016 19:00;0,451298;
Arsen;9;18.08.2016 19:00;0,343311;
Arsen;1;18.08.2016 19:00;0,113439;
Arsen;2;18.08.2016 19:00;0,051137;
Benzol;4;18.08.2016 19:00;1,3577;
Benzol;6;18.08.2016 19:00;0,915103;
Benzol;5;18.08.2016 19:00;0,809235;
Benzol;7;18.08.2016 19:00;0,664748;
Benzol;1;18.08.2016 19:00;0,588218;
Benzol;3;18.08.2016 19:00;0,342048;
Benzol;8;18.08.2016 19:00;0,311258;
Benzol;9;18.08.2016 19:00;0,146326;
Benzol;2;18.08.2016 19:00;0,0330189;
Anilin;4;18.08.2016 19:00;1,18094;
Anilin;8;18.08.2016 19:00;1,03864;
Anilin;3;18.08.2016 19:00;1,01995;
Anilin;7;18.08.2016 19:00;0,547829;
Anilin;2;18.08.2016 19:00;0,546537;
Anilin;5;18.08.2016 19:00;0,523848;
Anilin;1;18.08.2016 19:00;0,445123;
Anilin;6;18.08.2016 19:00;0,397299;
Anilin;9;18.08.2016 19:00;0,356337;
Natriumchlorid;3;18.08.2016 20:00;3,31017;
Natriumchlorid;7;18.08.2016 20:00;1,15138;
Natriumchlorid;4;18.08.2016 20:00;0,926553;
Natriumchlorid;6;18.08.2016 20:00;0,704997;
Natriumchlorid;8;18.08.2016 20:00;0,673756;
Natriumchlorid;9;18.08.2016 20:00;0,304835;
Natriumchlorid;5;18.08.2016 20:00;0,191281;
Natriumchlorid;1;18.08.2016 20:00;0,158322;
Natriumchlorid;2;18.08.2016 20:00;0,0119492;
Arsen;4;18.08.2016 20:00;1,55649;
Arsen;8;18.08.2016 20:00;0,875597;
Arsen;9;18.08.2016 20:00;0,572456;
Arsen;5;18.08.2016 20:00;0,348763;
Arsen;1;18.08.2016 20:00;0,319167;
Arsen;6;18.08.2016 20:00;0,316844;
Arsen;7;18.08.2016 20:00;0,296338;
Arsen;2;18.08.2016 20:00;0,281199;
Arsen;3;18.08.2016 20:00;0,0233696;
Benzol;6;18.08.2016 20:00;7,54601;
Benzol;4;18.08.2016 20:00;1,0748;
Benzol;7;18.08.2016 20:00;0,958174;
Benzol;5;18.08.2016 20:00;0,925834;
Benzol;8;18.08.2016 20:00;0,512572;
Benzol;3;18.08.2016 20:00;0,467061;
Benzol;2;18.08.2016 20:00;0,381345;
Benzol;1;18.08.2016 20:00;0,19257;
Benzol;9;18.08.2016 20:00;0,0887979;
Anilin;3;18.08.2016 20:00;1,6916;
Anilin;4;18.08.2016 20:00;1,3042;
Anilin;6;18.08.2016 20:00;0,602071;
Anilin;9;18.08.2016 20:00;0,440898;
Anilin;7;18.08.2016 20:00;0,40828;
Anilin;8;18.08.2016 20:00;0,352858;
Anilin;5;18.08.2016 20:00;0,284788;
Anilin;1;18.08.2016 20:00;0,253214;
Anilin;2;18.08.2016 20:00;0,137461;
Natriumchlorid;4;18.08.2016 21:00;1,29898;
Natriumchlorid;3;18.08.2016 21:00;1,22227;
Natriumchlorid;6;18.08.2016 21:00;0,800732;
Natriumchlorid;5;18.08.2016 21:00;0,466258;
Natriumchlorid;8;18.08.2016 21:00;0,290112;
Natriumchlorid;2;18.08.2016 21:00;0,166378;
Natriumchlorid;9;18.08.2016 21:00;0,131998;
Natriumchlorid;7;18.08.2016 21:00;0,0408282;
Natriumchlorid;1;18.08.2016 21:00;0,0308808;
Arsen;4;18.08.2016 21:00;0,958954;
Arsen;3;18.08.2016 21:00;0,611749;
Arsen;8;18.08.2016 21:00;0,566845;
Arsen;6;18.08.2016 21:00;0,471188;
Arsen;9;18.08.2016 21:00;0,351563;
Arsen;2;18.08.2016 21:00;0,258082;
Arsen;1;18.08.2016 21:00;0,239569;
Arsen;7;18.08.2016 21:00;0,219044;
Arsen;5;18.08.2016 21:00;0,128554;
Benzol;4;18.08.2016 21:00;1,1516;
Benzol;7;18.08.2016 21:00;1,09889;
Benzol;3;18.08.2016 21:00;0,884571;
Benzol;2;18.08.2016 21:00;0,635178;
Benzol;6;18.08.2016 21:00;0,629592;
Benzol;5;18.08.2016 21:00;0,597173;
Benzol;8;18.08.2016 21:00;0,358694;
Benzol;9;18.08.2016 21:00;0,198065;
Benzol;1;18.08.2016 21:00;0,14531;
Anilin;3;18.08.2016 21:00;1,04476;
Anilin;4;18.08.2016 21:00;0,939644;
Anilin;8;18.08.2016 21:00;0,640933;
Anilin;6;18.08.2016 21:00;0,557294;
Anilin;5;18.08.2016 21:00;0,33353;
Anilin;9;18.08.2016 21:00;0,192096;
Anilin;7;18.08.2016 21:00;0,109465;
Anilin;2;18.08.2016 21:00;0,0885546;
Anilin;1;18.08.2016 21:00;0,0848834;
Natriumchlorid;3;18.08.2016 22:00;3,73099;
Natriumchlorid;4;18.08.2016 22:00;1,18237;
Natriumchlorid;7;18.08.2016 22:00;0,678822;
Natriumchlorid;6;18.08.2016 22:00;0,631496;
Natriumchlorid;8;18.08.2016 22:00;0,599629;
Natriumchlorid;9;18.08.2016 22:00;0,251947;
Natriumchlorid;1;18.08.2016 22:00;0,225011;
Natriumchlorid;2;18.08.2016 22:00;0,163029;
Natriumchlorid;5;18.08.2016 22:00;0,0482895;
Arsen;4;18.08.2016 22:00;1,36404;
Arsen;5;18.08.2016 22:00;1,06608;
Arsen;3;18.08.2016 22:00;0,725978;
Arsen;2;18.08.2016 22:00;0,579519;
Arsen;9;18.08.2016 22:00;0,465766;
Arsen;6;18.08.2016 22:00;0,464946;
Arsen;7;18.08.2016 22:00;0,273625;
Arsen;1;18.08.2016 22:00;0,269057;
Arsen;8;18.08.2016 22:00;0,115903;
Benzol;4;18.08.2016 22:00;1,16109;
Benzol;5;18.08.2016 22:00;0,865587;
Benzol;8;18.08.2016 22:00;0,843852;
Benzol;7;18.08.2016 22:00;0,731569;
Benzol;2;18.08.2016 22:00;0,536099;
Benzol;3;18.08.2016 22:00;0,365952;
Benzol;9;18.08.2016 22:00;0,359555;
Benzol;6;18.08.2016 22:00;0,304742;
Benzol;1;18.08.2016 22:00;0,0396387;
Anilin;3;18.08.2016 22:00;2,32484;
Anilin;4;18.08.2016 22:00;1,39293;
Anilin;8;18.08.2016 22:00;0,882809;
Anilin;6;18.08.2016 22:00;0,604455;
Anilin;9;18.08.2016 22:00;0,495144;
Anilin;2;18.08.2016 22:00;0,439248;
Anilin;1;18.08.2016 22:00;0,348724;
Anilin;5;18.08.2016 22:00;0,216633;
Anilin;7;18.08.2016 22:00;0,11764;
Natriumchlorid;3;18.08.2016 23:00;3,67964;
Natriumchlorid;8;18.08.2016 23:00;1,25125;
Natriumchlorid;4;18.08.2016 23:00;1,22065;
Natriumchlorid;7;18.08.2016 23:00;0,557439;
Natriumchlorid;2;18.08.2016 23:00;0,553672;
Natriumchlorid;6;18.08.2016 23:00;0,496786;
Natriumchlorid;5;18.08.2016 23:00;0,131735;
Natriumchlorid;1;18.08.2016 23:00;0,0639272;
Natriumchlorid;9;18.08.2016 23:00;0,00587959;
Arsen;3;18.08.2016 23:00;1,87345;
Arsen;4;18.08.2016 23:00;1,07522;
Arsen;6;18.08.2016 23:00;0,511381;
Arsen;1;18.08.2016 23:00;0,247639;
Arsen;5;18.08.2016 23:00;0,131099;
Arsen;9;18.08.2016 23:00;0,104314;
Arsen;7;18.08.2016 23:00;0,0710133;
Arsen;8;18.08.2016 23:00;0,0542526;
Arsen;2;18.08.2016 23:00;0,0209923;
Benzol;3;18.08.2016 23:00;1,74153;
Benzol;4;18.08.2016 23:00;1,12547;
Benzol;5;18.08.2016 23:00;1,01831;
Benzol;2;18.08.2016 23:00;0,633082;
Benzol;1;18.08.2016 23:00;0,393586;
Benzol;9;18.08.2016 23:00;0,20988;
Benzol;7;18.08.2016 23:00;0,055855;
Benzol;8;18.08.2016 23:00;0,0164779;
Benzol;6;18.08.2016 23:00;0,00306741;
Anilin;3;18.08.2016 23:00;1,87112;
Anilin;4;18.08.2016 23:00;0,772421;
Anilin;8;18.08.2016 23:00;0,699834;
Anilin;5;18.08.2016 23:00;0,526955;
Anilin;6;18.08.2016 23:00;0,333164;
Anilin;7;18.08.2016 23:00;0,18102;
Anilin;1;18.08.2016 23:00;0,167041;
Anilin;9;18.08.2016 23:00;0,0941689;
Anilin;2;18.08.2016 23:00;0,00556217;
Natriumchlorid;4;19.08.2016 00:00;1,27302;
Natriumchlorid;8;19.08.2016 00:00;0,772758;
Natriumchlorid;6;19.08.2016 00:00;0,4707;
Natriumchlorid;9;19.08.2016 00:00;0,410216;
Natriumchlorid;5;19.08.2016 00:00;0,401311;
Natriumchlorid;7;19.08.2016 00:00;0,247603;
Natriumchlorid;3;19.08.2016 00:00;0,243148;
Natriumchlorid;1;19.08.2016 00:00;0,222792;
Natriumchlorid;2;19.08.2016 00:00;0,197322;
Arsen;7;19.08.2016 00:00;1,07928;
Arsen;4;19.08.2016 00:00;0,997394;
Arsen;6;19.08.2016 00:00;0,734936;
Arsen;2;19.08.2016 00:00;0,69357;
Arsen;8;19.08.2016 00:00;0,344854;
Arsen;3;19.08.2016 00:00;0,320664;
Arsen;1;19.08.2016 00:00;0,280113;
Arsen;5;19.08.2016 00:00;0,176782;
Arsen;9;19.08.2016 00:00;0,169046;
Benzol;4;19.08.2016 00:00;1,05907;
Benzol;8;19.08.2016 00:00;0,565411;
Benzol;1;19.08.2016 00:00;0,513753;
Benzol;9;19.08.2016 00:00;0,469587;
Benzol;2;19.08.2016 00:00;0,355001;
Benzol;7;19.08.2016 00:00;0,307575;
Benzol;5;19.08.2016 00:00;0,284058;
Benzol;3;19.08.2016 00:00;0,141012;
Benzol;6;19.08.2016 00:00;0,0146616;
Anilin;3;19.08.2016 00:00;3,25478;
Anilin;4;19.08.2016 00:00;0,764002;
Anilin;5;19.08.2016 00:00;0,470227;
Anilin;1;19.08.2016 00:00;0,454846;
Anilin;7;19.08.2016 00:00;0,365665;
Anilin;9;19.08.2016 00:00;0,294059;
Anilin;8;19.08.2016 00:00;0,158062;
Anilin;2;19.08.2016 00:00;0,147602;
Anilin;6;19.08.2016 00:00;0,139577;
Natriumchlorid;4;19.08.2016 01:00;1,0301;
Natriumchlorid;7;19.08.2016 01:00;0,529607;
Natriumchlorid;6;19.08.2016 01:00;0,386074;
Natriumchlorid;3;19.08.2016 01:00;0,377843;
Natriumchlorid;2;19.08.2016 01:00;0,333446;
Natriumchlorid;9;19.08.2016 01:00;0,300987;
Natriumchlorid;5;19.08.2016 01:00;0,152983;
Natriumchlorid;8;19.08.2016 01:00;0,0869942;
Natriumchlorid;1;19.08.2016 01:00;0,0737052;
Arsen;3;19.08.2016 01:00;2,83084;
Arsen;4;19.08.2016 01:00;1,45979;
Arsen;7;19.08.2016 01:00;0,87112;
Arsen;5;19.08.2016 01:00;0,740586;
Arsen;6;19.08.2016 01:00;0,514846;
Arsen;9;19.08.2016 01:00;0,238259;
Arsen;8;19.08.2016 01:00;0,209142;
Arsen;2;19.08.2016 01:00;0,159063;
Arsen;1;19.08.2016 01:00;0,117711;
Benzol;4;19.08.2016 01:00;1,12954;
Benzol;8;19.08.2016 01:00;0,893963;
Benzol;6;19.08.2016 01:00;0,883793;
Benzol;3;19.08.2016 01:00;0,854137;
Benzol;2;19.08.2016 01:00;0,476046;
Benzol;5;19.08.2016 01:00;0,360758;
Benzol;7;19.08.2016 01:00;0,32721;
Benzol;1;19.08.2016 01:00;0,282756;
Benzol;9;19.08.2016 01:00;0,225774;
Anilin;3;19.08.2016 01:00;3,67886;
Anilin;4;19.08.2016 01:00;1,40109;
Anilin;2;19.08.2016 01:00;0,913648;
Anilin;8;19.08.2016 01:00;0,848468;
Anilin;5;19.08.2016 01:00;0,581887;
Anilin;7;19.08.2016 01:00;0,295112;
Anilin;6;19.08.2016 01:00;0,270381;
Anilin;9;19.08.2016 01:00;0,142175;
Anilin;1;19.08.2016 01:00;0,125395;
Natriumchlorid;4;19.08.2016 02:00;1,25644;
Natriumchlorid;2;19.08.2016 02:00;0,797563;
Natriumchlorid;3;19.08.2016 02:00;0,555493;
Natriumchlorid;7;19.08.2016 02:00;0,507933;
Natriumchlorid;9;19.08.2016 02:00;0,387706;
Natriumchlorid;5;19.08.2016 02:00;0,328368;
Natriumchlorid;6;19.08.2016 02:00;0,30819;
Natriumchlorid;8;19.08.2016 02:00;0,256058;
Natriumchlorid;1;19.08.2016 02:00;0,0731595;
Arsen;4;19.08.2016 02:00;1,07696;
Arsen;3;19.08.2016 02:00;0,608592;
Arsen;6;19.08.2016 02:00;0,463368;
Arsen;8;19.08.2016 02:00;0,433469;
Arsen;1;19.08.2016 02:00;0,261023;
Arsen;2;19.08.2016 02:00;0,218626;
Arsen;9;19.08.2016 02:00;0,193765;
Arsen;5;19.08.2016 02:00;0,172685;
Arsen;7;19.08.2016 02:00;0,107482;
Benzol;4;19.08.2016 02:00;1,31528;
Benzol;3;19.08.2016 02:00;0,961094;
Benzol;8;19.08.2016 02:00;0,787955;
Benzol;7;19.08.2016 02:00;0,495992;
Benzol;6;19.08.2016 02:00;0,389538;
Benzol;1;19.08.2016 02:00;0,387445;
Benzol;5;19.08.2016 02:00;0,263163;
Benzol;2;19.08.2016 02:00;0,166808;
Benzol;9;19.08.2016 02:00;0,017599;
Anilin;3;19.08.2016 02:00;1,95954;
Anilin;4;19.08.2016 02:00;1,1864;
Anilin;8;19.08.2016 02:00;0,595982;
Anilin;6;19.08.2016 02:00;0,353588;
Anilin;7;19.08.2016 02:00;0,334419;
Anilin;9;19.08.2016 02:00;0,307825;
Anilin;5;19.08.2016 02:00;0,224334;
Anilin;2;19.08.2016 02:00;0,125225;
Anilin;1;19.08.2016 02:00;0,101439;
Natriumchlorid;3;19.08.2016 03:00;1,66505;
Natriumchlorid;4;19.08.2016 03:00;1,29711;
Natriumchlorid;5;19.08.2016 03:00;0,790641;
Natriumchlorid;2;19.08.2016 03:00;0,630343;
Natriumchlorid;8;19.08.2016 03:00;0,601001;
Natriumchlorid;9;19.08.2016 03:00;0,462618;
Natriumchlorid;6;19.08.2016 03:00;0,313664;
Natriumchlorid;7;19.08.2016 03:00;0,228994;
Natriumchlorid;1;19.08.2016 03:00;0,185705;
Arsen;8;19.08.2016 03:00;1,2166;
Arsen;3;19.08.2016 03:00;0,931285;
Arsen;2;19.08.2016 03:00;0,916827;
Arsen;4;19.08.2016 03:00;0,772888;
Arsen;5;19.08.2016 03:00;0,501993;
Arsen;1;19.08.2016 03:00;0,419982;
Arsen;9;19.08.2016 03:00;0,322269;
Arsen;6;19.08.2016 03:00;0,319639;
Arsen;7;19.08.2016 03:00;0,217075;
Benzol;6;19.08.2016 03:00;2,61096;
Benzol;3;19.08.2016 03:00;2,32343;
Benzol;4;19.08.2016 03:00;0,937291;
Benzol;2;19.08.2016 03:00;0,816135;
Benzol;7;19.08.2016 03:00;0,737237;
Benzol;8;19.08.2016 03:00;0,631534;
Benzol;1;19.08.2016 03:00;0,144802;
Benzol;5;19.08.2016 03:00;0,0875314;
Benzol;9;19.08.2016 03:00;0,0659125;
Anilin;5;19.08.2016 03:00;1,59237;
Anilin;4;19.08.2016 03:00;1,39684;
Anilin;3;19.08.2016 03:00;0,89452;
Anilin;7;19.08.2016 03:00;0,744942;
Anilin;8;19.08.2016 03:00;0,604445;
Anilin;6;19.08.2016 03:00;0,568922;
Anilin;2;19.08.2016 03:00;0,213269;
Anilin;9;19.08.2016 03:00;0,147515;
Anilin;1;19.08.2016 03:00;0,0395601;
Natriumchlorid;3;19.08.2016 04:00;2,85231;
Natriumchlorid;4;19.08.2016 04:00;1,39356;
Natriumchlorid;7;19.08.2016 04:00;1,14226;
Natriumchlorid;8;19.08.2016 04:00;0,603957;
Natriumchlorid;6;19.08.2016 04:00;0,4714;
Natriumchlorid;2;19.08.2016 04:00;0,299122;
Natriumchlorid;1;19.08.2016 04:00;0,198768;
Natriumchlorid;5;19.08.2016 04:00;0,0734561;
Natriumchlorid;9;19.08.2016 04:00;0,0654139;
Arsen;3;19.08.2016 04:00;1,58433;
Arsen;4;19.08.2016 04:00;1,19639;
Arsen;8;19.08.2016 04:00;0,84584;
Arsen;2;19.08.2016 04:00;0,658767;
Arsen;6;19.08.2016 04:00;0,268221;
Arsen;1;19.08.2016 04:00;0,121417;
Arsen;9;19.08.2016 04:00;0,118883;
Arsen;7;19.08.2016 04:00;0,0334692;
Arsen;5;19.08.2016 04:00;0,018727;
Benzol;4;19.08.2016 04:00;1,37262;
Benzol;7;19.08.2016 04:00;1,32145;
Benzol;3;19.08.2016 04:00;0,901079;
Benzol;2;19.08.2016 04:00;0,836352;
Benzol;6;19.08.2016 04:00;0,459662;
Benzol;8;19.08.2016 04:00;0,354693;
Benzol;1;19.08.2016 04:00;0,291827;
Benzol;5;19.08.2016 04:00;0,269191;
Benzol;9;19.08.2016 04:00;0,11316;
Anilin;3;19.08.2016 04:00;1,27401;
Anilin;6;19.08.2016 04:00;0,447985;
Anilin;2;19.08.2016 04:00;0,446052;
Anilin;5;19.08.2016 04:00;0,436257;
Anilin;4;19.08.2016 04:00;0,428982;
Anilin;8;19.08.2016 04:00;0,409363;
Anilin;1;19.08.2016 04:00;0,379704;
Anilin;7;19.08.2016 04:00;0,297468;
Anilin;9;19.08.2016 04:00;0,225397;
Natriumchlorid;8;19.08.2016 05:00;0,918923;
Natriumchlorid;4;19.08.2016 05:00;0,877932;
Natriumchlorid;6;19.08.2016 05:00;0,652114;
Natriumchlorid;2;19.08.2016 05:00;0,538019;
Natriumchlorid;9;19.08.2016 05:00;0,43755;
Natriumchlorid;7;19.08.2016 05:00;0,261627;
Natriumchlorid;5;19.08.2016 05:00;0,249836;
Natriumchlorid;3;19.08.2016 05:00;0,217419;
Natriumchlorid;1;19.08.2016 05:00;0,0488238;
Arsen;4;19.08.2016 05:00;1,38393;
Arsen;7;19.08.2016 05:00;1,07715;
Arsen;3;19.08.2016 05:00;0,67942;
Arsen;6;19.08.2016 05:00;0,403986;
Arsen;5;19.08.2016 05:00;0,295008;
Arsen;8;19.08.2016 05:00;0,204259;
Arsen;1;19.08.2016 05:00;0,189921;
Arsen;9;19.08.2016 05:00;0,18388;
Arsen;2;19.08.2016 05:00;0,0654212;
Benzol;4;19.08.2016 05:00;1,04241;
Benzol;7;19.08.2016 05:00;1,01372;
Benzol;3;19.08.2016 05:00;0,84463;
Benzol;6;19.08.2016 05:00;0,776071;
Benzol;1;19.08.2016 05:00;0,445578;
Benzol;5;19.08.2016 05:00;0,382436;
Benzol;2;19.08.2016 05:00;0,331894;
Benzol;8;19.08.2016 05:00;0,325213;
Benzol;9;19.08.2016 05:00;0,128616;
Anilin;3;19.08.2016 05:00;1,70755;
Anilin;4;19.08.2016 05:00;1,28226;
Anilin;7;19.08.2016 05:00;0,724532;
Anilin;9;19.08.2016 05:00;0,631868;
Anilin;6;19.08.2016 05:00;0,48081;
Anilin;1;19.08.2016 05:00;0,340811;
Anilin;2;19.08.2016 05:00;0,269301;
Anilin;8;19.08.2016 05:00;0,0344559;
Anilin;5;19.08.2016 05:00;0,025987;
Natriumchlorid;7;19.08.2016 06:00;2,1851;
Natriumchlorid;3;19.08.2016 06:00;1,50225;
Natriumchlorid;4;19.08.2016 06:00;1,14592;
Natriumchlorid;6;19.08.2016 06:00;0,829076;
Natriumchlorid;8;19.08.2016 06:00;0,738763;
Natriumchlorid;9;19.08.2016 06:00;0,552838;
Natriumchlorid;5;19.08.2016 06:00;0,289727;
Natriumchlorid;1;19.08.2016 06:00;0,186288;
Natriumchlorid;2;19.08.2016 06:00;0,0693255;
Arsen;3;19.08.2016 06:00;1,80526;
Arsen;4;19.08.2016 06:00;1,39578;
Arsen;6;19.08.2016 06:00;0,409007;
Arsen;9;19.08.2016 06:00;0,39164;
Arsen;1;19.08.2016 06:00;0,273603;
Arsen;7;19.08.2016 06:00;0,19736;
Arsen;8;19.08.2016 06:00;0,158663;
Arsen;2;19.08.2016 06:00;0,13384;
Arsen;5;19.08.2016 06:00;0,128045;
Benzol;6;19.08.2016 06:00;1,64798;
Benzol;4;19.08.2016 06:00;1,31914;
Benzol;7;19.08.2016 06:00;1,13126;
Benzol;8;19.08.2016 06:00;0,784007;
Benzol;1;19.08.2016 06:00;0,541652;
Benzol;5;19.08.2016 06:00;0,19099;
Benzol;3;19.08.2016 06:00;0,123132;
Benzol;9;19.08.2016 06:00;0,0875996;
Benzol;2;19.08.2016 06:00;0,0621133;
Anilin;3;19.08.2016 06:00;2,41327;
Anilin;4;19.08.2016 06:00;1,44271;
Anilin;7;19.08.2016 06:00;0,773107;
Anilin;8;19.08.2016 06:00;0,739992;
Anilin;9;19.08.2016 06:00;0,389904;
Anilin;5;19.08.2016 06:00;0,287933;
Anilin;6;19.08.2016 06:00;0,266181;
Anilin;1;19.08.2016 06:00;0,0243143;
Anilin;2;19.08.2016 06:00;0,0101151;
Natriumchlorid;7;19.08.2016 07:00;1,73157;
Natriumchlorid;4;19.08.2016 07:00;0,969814;
Natriumchlorid;8;19.08.2016 07:00;0,675577;
Natriumchlorid;5;19.08.2016 07:00;0,597173;
Natriumchlorid;9;19.08.2016 07:00;0,278672;
Natriumchlorid;1;19.08.2016 07:00;0,215967;
Natriumchlorid;6;19.08.2016 07:00;0,099714;
Natriumchlorid;2;19.08.2016 07:00;0,0215475;
Natriumchlorid;3;19.08.2016 07:00;0,0102151;
Arsen;4;19.08.2016 07:00;1,01789;
Arsen;7;19.08.2016 07:00;0,698295;
Arsen;3;19.08.2016 07:00;0,529948;
Arsen;9;19.08.2016 07:00;0,364634;
Arsen;6;19.08.2016 07:00;0,36015;
Arsen;5;19.08.2016 07:00;0,336677;
Arsen;8;19.08.2016 07:00;0,295219;
Arsen;1;19.08.2016 07:00;0,0950537;
Arsen;2;19.08.2016 07:00;0,0820534;
Benzol;4;19.08.2016 07:00;1,07473;
Benzol;5;19.08.2016 07:00;0,370783;
Benzol;6;19.08.2016 07:00;0,357118;
Benzol;3;19.08.2016 07:00;0,235328;
Benzol;7;19.08.2016 07:00;0,111476;
Benzol;2;19.08.2016 07:00;0,110022;
Benzol;8;19.08.2016 07:00;0,0547531;
Benzol;1;19.08.2016 07:00;0,0201583;
Benzol;9;19.08.2016 07:00;0,0167062;
Anilin;4;19.08.2016 07:00;1,15041;
Anilin;3;19.08.2016 07:00;1,13504;
Anilin;7;19.08.2016 07:00;0,715347;
Anilin;5;19.08.2016 07:00;0,612438;
Anilin;1;19.08.2016 07:00;0,44574;
Anilin;8;19.08.2016 07:00;0,369908;
Anilin;6;19.08.2016 07:00;0,347895;
Anilin;2;19.08.2016 07:00;0,21192;
Anilin;9;19.08.2016 07:00;0,178655;
Natriumchlorid;4;19.08.2016 08:00;1,13164;
Natriumchlorid;3;19.08.2016 08:00;0,684795;
Natriumchlorid;9;19.08.2016 08:00;0,556524;
Natriumchlorid;8;19.08.2016 08:00;0,522015;
Natriumchlorid;6;19.08.2016 08:00;0,476643;
Natriumchlorid;5;19.08.2016 08:00;0,421176;
Natriumchlorid;1;19.08.2016 08:00;0,158885;
Natriumchlorid;7;19.08.2016 08:00;0,151591;
Natriumchlorid;2;19.08.2016 08:00;0,0263432;
Arsen;3;19.08.2016 08:00;1,5035;
Arsen;4;19.08.2016 08:00;1,05198;
Arsen;8;19.08.2016 08:00;0,724694;
Arsen;5;19.08.2016 08:00;0,540043;
Arsen;6;19.08.2016 08:00;0,412209;
Arsen;1;19.08.2016 08:00;0,223586;
Arsen;9;19.08.2016 08:00;0,20096;
Arsen;2;19.08.2016 08:00;0,190131;
Arsen;7;19.08.2016 08:00;0,0839586;
Benzol;3;19.08.2016 08:00;3,13306;
Benzol;4;19.08.2016 08:00;0,97786;
Benzol;5;19.08.2016 08:00;0,683552;
Benzol;6;19.08.2016 08:00;0,588802;
Benzol;1;19.08.2016 08:00;0,371626;
Benzol;9;19.08.2016 08:00;0,336878;
Benzol;7;19.08.2016 08:00;0,145477;
Benzol;8;19.08.2016 08:00;0,13079;
Benzol;2;19.08.2016 08:00;0,0491803;
Anilin;3;19.08.2016 08:00;1,82176;
Anilin;7;19.08.2016 08:00;1,43225;
Anilin;8;19.08.2016 08:00;1,01987;
Anilin;4;19.08.2016 08:00;0,951276;
Anilin;2;19.08.2016 08:00;0,379718;
Anilin;1;19.08.2016 08:00;0,365451;
Anilin;6;19.08.2016 08:00;0,207243;
Anilin;9;19.08.2016 08:00;0,160743;
Anilin;5;19.08.2016 08:00;0,0197337;
Natriumchlorid;7;19.08.2016 09:00;2,23612;
Natriumchlorid;4;19.08.2016 09:00;1,62124;
Natriumchlorid;3;19.08.2016 09:00;0,846553;
Natriumchlorid;6;19.08.2016 09:00;0,564655;
Natriumchlorid;1;19.08.2016 09:00;0,531322;
Natriumchlorid;5;19.08.2016 09:00;0,405259;
Natriumchlorid;9;19.08.2016 09:00;0,229319;
Natriumchlorid;2;19.08.2016 09:00;0,172914;
Natriumchlorid;8;19.08.2016 09:00;0,0803008;
Arsen;3;19.08.2016 09:00;1,20429;
Arsen;4;19.08.2016 09:00;1,02888;
Arsen;7;19.08.2016 09:00;0,695274;
Arsen;2;19.08.2016 09:00;0,580288;
Arsen;6;19.08.2016 09:00;0,284576;
Arsen;5;19.08.2016 09:00;0,201025;
Arsen;1;19.08.2016 09:00;0,192956;
Arsen;8;19.08.2016 09:00;0,149608;
Arsen;9;19.08.2016 09:00;0,145874;
Benzol;7;19.08.2016 09:00;1,33613;
Benzol;2;19.08.2016 09:00;0,681985;
Benzol;3;19.08.2016 09:00;0,667435;
Benzol;4;19.08.2016 09:00;0,557257;
Benzol;1;19.08.2016 09:00;0,461643;
Benzol;6;19.08.2016 09:00;0,282346;
Benzol;8;19.08.2016 09:00;0,212188;
Benzol;9;19.08.2016 09:00;0,175004;
Benzol;5;19.08.2016 09:00;0,0940803;
Anilin;3;19.08.2016 09:00;1,64995;
Anilin;4;19.08.2016 09:00;0,888584;
Anilin;5;19.08.2016 09:00;0,6415;
Anilin;6;19.08.2016 09:00;0,519368;
Anilin;8;19.08.2016 09:00;0,426442;
Anilin;7;19.08.2016 09:00;0,378235;
Anilin;2;19.08.2016 09:00;0,375733;
Anilin;9;19.08.2016 09:00;0,221745;
Anilin;1;19.08.2016 09:00;0,100107;
Natriumchlorid;7;19.08.2016 10:00;1,03864;
Natriumchlorid;2;19.08.2016 10:00;0,934592;
Natriumchlorid;4;19.08.2016 10:00;0,895699;
Natriumchlorid;5;19.08.2016 10:00;0,258097;
Natriumchlorid;3;19.08.2016 10:00;0,199324;
Natriumchlorid;6;19.08.2016 10:00;0,19701;
Natriumchlorid;1;19.08.2016 10:00;0,164479;
Natriumchlorid;8;19.08.2016 10:00;0,151985;
Natriumchlorid;9;19.08.2016 10:00;0,0331776;
Arsen;4;19.08.2016 10:00;1,05261;
Arsen;5;19.08.2016 10:00;0,653494;
Arsen;6;19.08.2016 10:00;0,588587;
Arsen;9;19.08.2016 10:00;0,432455;
Arsen;2;19.08.2016 10:00;0,322708;
Arsen;7;19.08.2016 10:00;0,26681;
Arsen;8;19.08.2016 10:00;0,228555;
Arsen;3;19.08.2016 10:00;0,202287;
Arsen;1;19.08.2016 10:00;0,0126027;
Benzol;3;19.08.2016 10:00;1,40441;
Benzol;4;19.08.2016 10:00;1,1384;
Benzol;8;19.08.2016 10:00;0,798824;
Benzol;5;19.08.2016 10:00;0,587245;
Benzol;6;19.08.2016 10:00;0,451899;
Benzol;7;19.08.2016 10:00;0,443824;
Benzol;1;19.08.2016 10:00;0,366465;
Benzol;9;19.08.2016 10:00;0,172272;
Benzol;2;19.08.2016 10:00;0,0693255;
Anilin;7;19.08.2016 10:00;1,35114;
Anilin;4;19.08.2016 10:00;1,09909;
Anilin;8;19.08.2016 10:00;1,02532;
Anilin;2;19.08.2016 10:00;0,631162;
Anilin;9;19.08.2016 10:00;0,379773;
Anilin;3;19.08.2016 10:00;0,374742;
Anilin;6;19.08.2016 10:00;0,327817;
Anilin;5;19.08.2016 10:00;0,133497;
Anilin;1;19.08.2016 10:00;0,105393;
Natriumchlorid;3;19.08.2016 11:00;1,88339;
Natriumchlorid;7;19.08.2016 11:00;1,0763;
Natriumchlorid;4;19.08.2016 11:00;0,98878;
Natriumchlorid;6;19.08.2016 11:00;0,782252;
Natriumchlorid;5;19.08.2016 11:00;0,265886;
Natriumchlorid;8;19.08.2016 11:00;0,200006;
Natriumchlorid;2;19.08.2016 11:00;0,106193;
Natriumchlorid;9;19.08.2016 11:00;0,0694357;
Natriumchlorid;1;19.08.2016 11:00;0,0314488;
Arsen;4;19.08.2016 11:00;0,925951;
Arsen;7;19.08.2016 11:00;0,826037;
Arsen;2;19.08.2016 11:00;0,591596;
Arsen;8;19.08.2016 11:00;0,496758;
Arsen;6;19.08.2016 11:00;0,446915;
Arsen;1;19.08.2016 11:00;0,44033;
Arsen;5;19.08.2016 11:00;0,257581;
Arsen;3;19.08.2016 11:00;0,225839;
Arsen;9;19.08.2016 11:00;0,176592;
Benzol;3;19.08.2016 11:00;1,41797;
Benzol;4;19.08.2016 11:00;1,00399;
Benzol;6;19.08.2016 11:00;0,412792;
Benzol;7;19.08.2016 11:00;0,386211;
Benzol;2;19.08.2016 11:00;0,275771;
Benzol;1;19.08.2016 11:00;0,124459;
Benzol;8;19.08.2016 11:00;0,103841;
Benzol;9;19.08.2016 11:00;0,0709841;
Benzol;5;19.08.2016 11:00;0,0507076;
Anilin;4;19.08.2016 11:00;1,47151;
Anilin;3;19.08.2016 11:00;0,808498;
Anilin;2;19.08.2016 11:00;0,447895;
Anilin;5;19.08.2016 11:00;0,320329;
Anilin;6;19.08.2016 11:00;0,307782;
Anilin;8;19.08.2016 11:00;0,246022;
Anilin;1;19.08.2016 11:00;0,113126;
Anilin;9;19.08.2016 11:00;0,0866665;
Anilin;7;19.08.2016 11:00;0,0438463;
Natriumchlorid;4;19.08.2016 12:00;1,33206;
Natriumchlorid;5;19.08.2016 12:00;0,929664;
Natriumchlorid;3;19.08.2016 12:00;0,549072;
Natriumchlorid;6;19.08.2016 12:00;0,508569;
Natriumchlorid;1;19.08.2016 12:00;0,439701;
Natriumchlorid;2;19.08.2016 12:00;0,433418;
Natriumchlorid;8;19.08.2016 12:00;0,268687;
Natriumchlorid;9;19.08.2016 12:00;0,191851;
Natriumchlorid;7;19.08.2016 12:00;0,156044;
Arsen;3;19.08.2016 12:00;1,6897;
Arsen;5;19.08.2016 12:00;1,16241;
Arsen;4;19.08.2016 12:00;0,958208;
Arsen;9;19.08.2016 12:00;0,32449;
Arsen;7;19.08.2016 12:00;0,271055;
Arsen;8;19.08.2016 12:00;0,197679;
Arsen;1;19.08.2016 12:00;0,121575;
Arsen;6;19.08.2016 12:00;0,071717;
Arsen;2;19.08.2016 12:00;0,0647731;
Benzol;3;19.08.2016 12:00;1,86087;
Benzol;4;19.08.2016 12:00;1,00729;
Benzol;5;19.08.2016 12:00;0,758534;
Benzol;9;19.08.2016 12:00;0,498364;
Benzol;8;19.08.2016 12:00;0,4613;
Benzol;7;19.08.2016 12:00;0,438537;
Benzol;6;19.08.2016 12:00;0,435629;
Benzol;2;19.08.2016 12:00;0,264248;
Benzol;1;19.08.2016 12:00;0,108105;
Anilin;3;19.08.2016 12:00;1,41015;
Anilin;4;19.08.2016 12:00;1,24709;
Anilin;8;19.08.2016 12:00;1,05739;
Anilin;5;19.08.2016 12:00;0,667849;
Anilin;6;19.08.2016 12:00;0,523359;
Anilin;7;19.08.2016 12:00;0,332586;
Anilin;1;19.08.2016 12:00;0,264382;
Anilin;9;19.08.2016 12:00;0,227017;
Anilin;2;19.08.2016 12:00;0,0137928;
Natriumchlorid;3;19.08.2016 13:00;1,5533;
Natriumchlorid;7;19.08.2016 13:00;1,10123;
Natriumchlorid;4;19.08.2016 13:00;0,959679;
Natriumchlorid;8;19.08.2016 13:00;0,784881;
Natriumchlorid;5;19.08.2016 13:00;0,481761;
Natriumchlorid;6;19.08.2016 13:00;0,374634;
Natriumchlorid;1;19.08.2016 13:00;0,231207;
Natriumchlorid;2;19.08.2016 13:00;0,185125;
Natriumchlorid;9;19.08.2016 13:00;0,12482;
Arsen;3;19.08.2016 13:00;3,3438;
Arsen;4;19.08.2016 13:00;0,92089;
Arsen;8;19.08.2016 13:00;0,403986;
Arsen;7;19.08.2016 13:00;0,388442;
Arsen;5;19.08.2016 13:00;0,275522;
Arsen;9;19.08.2016 13:00;0,200528;
Arsen;6;19.08.2016 13:00;0,144047;
Arsen;1;19.08.2016 13:00;0,0411825;
Arsen;2;19.08.2016 13:00;0,00170242;
Benzol;7;19.08.2016 13:00;1,14932;
Benzol;4;19.08.2016 13:00;1,02375;
Benzol;5;19.08.2016 13:00;0,532335;
Benzol;8;19.08.2016 13:00;0,389549;
Benzol;3;19.08.2016 13:00;0,321801;
Benzol;9;19.08.2016 13:00;0,0928467;
Benzol;6;19.08.2016 13:00;0,0387293;
Benzol;1;19.08.2016 13:00;0,0263083;
Benzol;2;19.08.2016 13:00;0,00996472;
Anilin;4;19.08.2016 13:00;0,860299;
Anilin;8;19.08.2016 13:00;0,779471;
Anilin;7;19.08.2016 13:00;0,713131;
Anilin;3;19.08.2016 13:00;0,495679;
Anilin;2;19.08.2016 13:00;0,491747;
Anilin;1;19.08.2016 13:00;0,380853;
Anilin;6;19.08.2016 13:00;0,309836;
Anilin;5;19.08.2016 13:00;0,298528;
Anilin;9;19.08.2016 13:00;0,106424;
Natriumchlorid;4;19.08.2016 14:00;1,24756;
Natriumchlorid;2;19.08.2016 14:00;1,05663;
Natriumchlorid;3;19.08.2016 14:00;0,767754;
Natriumchlorid;7;19.08.2016 14:00;0,63692;
Natriumchlorid;6;19.08.2016 14:00;0,55083;
Natriumchlorid;8;19.08.2016 14:00;0,42359;
Natriumchlorid;1;19.08.2016 14:00;0,288221;
Natriumchlorid;5;19.08.2016 14:00;0,115826;
Natriumchlorid;9;19.08.2016 14:00;0,040928;
Arsen;3;19.08.2016 14:00;4,1125;
Arsen;8;19.08.2016 14:00;1,53758;
Arsen;4;19.08.2016 14:00;0,975863;
Arsen;7;19.08.2016 14:00;0,677037;
Arsen;5;19.08.2016 14:00;0,358826;
Arsen;1;19.08.2016 14:00;0,202854;
Arsen;6;19.08.2016 14:00;0,186513;
Arsen;2;19.08.2016 14:00;0,0744919;
Arsen;9;19.08.2016 14:00;0,0265534;
Benzol;7;19.08.2016 14:00;2,12442;
Benzol;4;19.08.2016 14:00;1,65903;
Benzol;3;19.08.2016 14:00;1,39387;
Benzol;6;19.08.2016 14:00;0,565559;
Benzol;5;19.08.2016 14:00;0,287714;
Benzol;1;19.08.2016 14:00;0,243838;
Benzol;8;19.08.2016 14:00;0,205844;
Benzol;2;19.08.2016 14:00;0,0867402;
Benzol;9;19.08.2016 14:00;0,0428051;
Anilin;4;19.08.2016 14:00;1,28522;
Anilin;7;19.08.2016 14:00;0,733256;
Anilin;5;19.08.2016 14:00;0,442521;
Anilin;9;19.08.2016 14:00;0,385178;
Anilin;3;19.08.2016 14:00;0,35312;
Anilin;1;19.08.2016 14:00;0,344044;
Anilin;2;19.08.2016 14:00;0,339554;
Anilin;6;19.08.2016 14:00;0,32974;
Anilin;8;19.08.2016 14:00;0,301982;
Natriumchlorid;4;19.08.2016 15:00;1,23185;
Natriumchlorid;8;19.08.2016 15:00;0,685556;
Natriumchlorid;7;19.08.2016 15:00;0,56301;
Natriumchlorid;1;19.08.2016 15:00;0,489186;
Natriumchlorid;9;19.08.2016 15:00;0,278259;
Natriumchlorid;3;19.08.2016 15:00;0,238607;
Natriumchlorid;6;19.08.2016 15:00;0,219447;
Natriumchlorid;2;19.08.2016 15:00;0,0577214;
Natriumchlorid;5;19.08.2016 15:00;0,0350807;
Arsen;3;19.08.2016 15:00;4,2453;
Arsen;4;19.08.2016 15:00;1,42526;
Arsen;1;19.08.2016 15:00;0,656908;
Arsen;2;19.08.2016 15:00;0,370893;
Arsen;6;19.08.2016 15:00;0,329757;
Arsen;9;19.08.2016 15:00;0,294727;
Arsen;7;19.08.2016 15:00;0,272476;
Arsen;5;19.08.2016 15:00;0,170425;
Arsen;8;19.08.2016 15:00;0,155081;
Benzol;4;19.08.2016 15:00;1,06628;
Benzol;6;19.08.2016 15:00;0,563199;
Benzol;5;19.08.2016 15:00;0,509323;
Benzol;7;19.08.2016 15:00;0,487476;
Benzol;8;19.08.2016 15:00;0,487362;
Benzol;1;19.08.2016 15:00;0,345057;
Benzol;3;19.08.2016 15:00;0,309686;
Benzol;2;19.08.2016 15:00;0,18328;
Benzol;9;19.08.2016 15:00;0,116327;
Anilin;3;19.08.2016 15:00;3,10638;
Anilin;4;19.08.2016 15:00;0,921871;
Anilin;6;19.08.2016 15:00;0,360633;
Anilin;9;19.08.2016 15:00;0,32462;
Anilin;2;19.08.2016 15:00;0,266259;
Anilin;7;19.08.2016 15:00;0,215202;
Anilin;5;19.08.2016 15:00;0,184735;
Anilin;8;19.08.2016 15:00;0,0744546;
Anilin;1;19.08.2016 15:00;0,0391377;
Natriumchlorid;3;19.08.2016 16:00;1,86742;
Natriumchlorid;5;19.08.2016 16:00;1,39076;
Natriumchlorid;4;19.08.2016 16:00;1,01269;
Natriumchlorid;8;19.08.2016 16:00;0,840245;
Natriumchlorid;7;19.08.2016 16:00;0,612777;
Natriumchlorid;6;19.08.2016 16:00;0,571936;
Natriumchlorid;2;19.08.2016 16:00;0,386719;
Natriumchlorid;1;19.08.2016 16:00;0,180462;
Natriumchlorid;9;19.08.2016 16:00;0,00211624;
Arsen;4;19.08.2016 16:00;0,830943;
Arsen;2;19.08.2016 16:00;0,60552;
Arsen;5;19.08.2016 16:00;0,309142;
Arsen;6;19.08.2016 16:00;0,269606;
Arsen;8;19.08.2016 16:00;0,179243;
Arsen;3;19.08.2016 16:00;0,171659;
Arsen;7;19.08.2016 16:00;0,171231;
Arsen;9;19.08.2016 16:00;0,162877;
Arsen;1;19.08.2016 16:00;0,015338;
Benzol;5;19.08.2016 16:00;1,13048;
Benzol;4;19.08.2016 16:00;1,10807;
Benzol;3;19.08.2016 16:00;0,777586;
Benzol;7;19.08.2016 16:00;0,420677;
Benzol;2;19.08.2016 16:00;0,386408;
Benzol;6;19.08.2016 16:00;0,326181;
Benzol;9;19.08.2016 16:00;0,10002;
Benzol;1;19.08.2016 16:00;0,0587969;
Benzol;8;19.08.2016 16:00;0,0387087;
Anilin;3;19.08.2016 16:00;1,96278;
Anilin;4;19.08.2016 16:00;1,26986;
Anilin;2;19.08.2016 16:00;1,0063;
Anilin;9;19.08.2016 16:00;0,699105;
Anilin;7;19.08.2016 16:00;0,402301;
Anilin;6;19.08.2016 16:00;0,357258;
Anilin;5;19.08.2016 16:00;0,214026;
Anilin;8;19.08.2016 16:00;0,210752;
Anilin;1;19.08.2016 16:00;0,10539;
Natriumchlorid;8;19.08.2016 17:00;1,57096;
Natriumchlorid;3;19.08.2016 17:00;1,31213;
Natriumchlorid;4;19.08.2016 17:00;1,22633;
Natriumchlorid;6;19.08.2016 17:00;0,401736;
Natriumchlorid;7;19.08.2016 17:00;0,263057;
Natriumchlorid;2;19.08.2016 17:00;0,257185;
Natriumchlorid;1;19.08.2016 17:00;0,171083;
Natriumchlorid;9;19.08.2016 17:00;0,15964;
Natriumchlorid;5;19.08.2016 17:00;0,0966643;
Arsen;4;19.08.2016 17:00;1,14155;
Arsen;5;19.08.2016 17:00;1,03191;
Arsen;3;19.08.2016 17:00;0,993546;
Arsen;6;19.08.2016 17:00;0,711778;
Arsen;8;19.08.2016 17:00;0,71027;
Arsen;2;19.08.2016 17:00;0,578465;
Arsen;9;19.08.2016 17:00;0,437674;
Arsen;1;19.08.2016 17:00;0,262612;
Arsen;7;19.08.2016 17:00;0,149937;
Benzol;4;19.08.2016 17:00;1,11227;
Benzol;3;19.08.2016 17:00;0,848836;
Benzol;2;19.08.2016 17:00;0,507343;
Benzol;6;19.08.2016 17:00;0,413635;
Benzol;7;19.08.2016 17:00;0,207879;
Benzol;1;19.08.2016 17:00;0,164282;
Benzol;8;19.08.2016 17:00;0,104284;
Benzol;5;19.08.2016 17:00;0,0940694;
Benzol;9;19.08.2016 17:00;0,0339038;
Anilin;4;19.08.2016 17:00;1,09032;
Anilin;5;19.08.2016 17:00;0,85685;
Anilin;3;19.08.2016 17:00;0,634714;
Anilin;9;19.08.2016 17:00;0,461823;
Anilin;6;19.08.2016 17:00;0,435008;
Anilin;1;19.08.2016 17:00;0,319734;
Anilin;7;19.08.2016 17:00;0,264768;
Anilin;2;19.08.2016 17:00;0,099173;
Anilin;8;19.08.2016 17:00;0,0499319;
Natriumchlorid;3;19.08.2016 18:00;0,946957;
Natriumchlorid;4;19.08.2016 18:00;0,83353;
Natriumchlorid;8;19.08.2016 18:00;0,72219;
Natriumchlorid;7;19.08.2016 18:00;0,421715;
Natriumchlorid;5;19.08.2016 18:00;0,321526;
Natriumchlorid;1;19.08.2016 18:00;0,180836;
Natriumchlorid;9;19.08.2016 18:00;0,117311;
Natriumchlorid;6;19.08.2016 18:00;0,0682545;
Natriumchlorid;2;19.08.2016 18:00;0,00305074;
Arsen;3;19.08.2016 18:00;3,21054;
Arsen;4;19.08.2016 18:00;1,29756;
Arsen;8;19.08.2016 18:00;0,792288;
Arsen;6;19.08.2016 18:00;0,267346;
Arsen;9;19.08.2016 18:00;0,248347;
Arsen;5;19.08.2016 18:00;0,241333;
Arsen;2;19.08.2016 18:00;0,204702;
Arsen;1;19.08.2016 18:00;0,162528;
Arsen;7;19.08.2016 18:00;0,118441;
Benzol;7;19.08.2016 18:00;1,41649;
Benzol;4;19.08.2016 18:00;1,00019;
Benzol;8;19.08.2016 18:00;0,734794;
Benzol;9;19.08.2016 18:00;0,679624;
Benzol;6;19.08.2016 18:00;0,590915;
Benzol;5;19.08.2016 18:00;0,590634;
Benzol;2;19.08.2016 18:00;0,387402;
Benzol;1;19.08.2016 18:00;0,268602;
Benzol;3;19.08.2016 18:00;0,234319;
Anilin;4;19.08.2016 18:00;1,37682;
Anilin;3;19.08.2016 18:00;1,12749;
Anilin;6;19.08.2016 18:00;0,488136;
Anilin;2;19.08.2016 18:00;0,400385;
Anilin;1;19.08.2016 18:00;0,138992;
Anilin;9;19.08.2016 18:00;0,0803396;
Anilin;8;19.08.2016 18:00;0,0651186;
Anilin;7;19.08.2016 18:00;0,0290922;
Anilin;5;19.08.2016 18:00;0,0122832;
Natriumchlorid;4;19.08.2016 19:00;0,809635;
Natriumchlorid;8;19.08.2016 19:00;0,790756;
Natriumchlorid;9;19.08.2016 19:00;0,57861;
Natriumchlorid;3;19.08.2016 19:00;0,56121;
Natriumchlorid;6;19.08.2016 19:00;0,404338;
Natriumchlorid;1;19.08.2016 19:00;0,376701;
Natriumchlorid;5;19.08.2016 19:00;0,279743;
Natriumchlorid;2;19.08.2016 19:00;0,259362;
Natriumchlorid;7;19.08.2016 19:00;0,0356599;
Arsen;3;19.08.2016 19:00;1,33228;
Arsen;7;19.08.2016 19:00;0,957689;
Arsen;4;19.08.2016 19:00;0,765561;
Arsen;8;19.08.2016 19:00;0,709609;
Arsen;9;19.08.2016 19:00;0,42136;
Arsen;5;19.08.2016 19:00;0,399456;
Arsen;6;19.08.2016 19:00;0,240886;
Arsen;2;19.08.2016 19:00;0,203748;
Arsen;1;19.08.2016 19:00;0,0465886;
Benzol;4;19.08.2016 19:00;0,88608;
Benzol;8;19.08.2016 19:00;0,706358;
Benzol;3;19.08.2016 19:00;0,631445;
Benzol;9;19.08.2016 19:00;0,431018;
Benzol;2;19.08.2016 19:00;0,280387;
Benzol;5;19.08.2016 19:00;0,135421;
Benzol;6;19.08.2016 19:00;0,0737588;
Benzol;7;19.08.2016 19:00;0,0287254;
Benzol;1;19.08.2016 19:00;0,010935;
Anilin;3;19.08.2016 19:00;1,30128;
Anilin;4;19.08.2016 19:00;0,973947;
Anilin;5;19.08.2016 19:00;0,839467;
Anilin;8;19.08.2016 19:00;0,564312;
Anilin;7;19.08.2016 19:00;0,341693;
Anilin;6;19.08.2016 19:00;0,32212;
Anilin;2;19.08.2016 19:00;0,296978;
Anilin;1;19.08.2016 19:00;0,271759;
Anilin;9;19.08.2016 19:00;0,110885;
Natriumchlorid;3;19.08.2016 20:00;1,66423;
Natriumchlorid;4;19.08.2016 20:00;1,26918;
Natriumchlorid;8;19.08.2016 20:00;0,71118;
Natriumchlorid;6;19.08.2016 20:00;0,409635;
Natriumchlorid;2;19.08.2016 20:00;0,394432;
Natriumchlorid;7;19.08.2016 20:00;0,359925;
Natriumchlorid;1;19.08.2016 20:00;0,285178;
Natriumchlorid;9;19.08.2016 20:00;0,107033;
Natriumchlorid;5;19.08.2016 20:00;0,00981784;
Arsen;4;19.08.2016 20:00;1,15552;
Arsen;3;19.08.2016 20:00;1,06024;
Arsen;7;19.08.2016 20:00;0,726451;
Arsen;2;19.08.2016 20:00;0,680031;
Arsen;6;19.08.2016 20:00;0,589856;
Arsen;8;19.08.2016 20:00;0,351828;
Arsen;1;19.08.2016 20:00;0,248725;
Arsen;5;19.08.2016 20:00;0,246387;
Arsen;9;19.08.2016 20:00;0,152157;
Benzol;8;19.08.2016 20:00;0,770263;
Benzol;4;19.08.2016 20:00;0,768858;
Benzol;6;19.08.2016 20:00;0,672036;
Benzol;2;19.08.2016 20:00;0,425195;
Benzol;1;19.08.2016 20:00;0,30425;
Benzol;3;19.08.2016 20:00;0,294609;
Benzol;7;19.08.2016 20:00;0,274743;
Benzol;5;19.08.2016 20:00;0,104872;
Benzol;9;19.08.2016 20:00;0,0266311;
Anilin;7;19.08.2016 20:00;2,14426;
Anilin;4;19.08.2016 20:00;0,981199;
Anilin;5;19.08.2016 20:00;0,914155;
Anilin;2;19.08.2016 20:00;0,863249;
Anilin;6;19.08.2016 20:00;0,49756;
Anilin;8;19.08.2016 20:00;0,485514;
Anilin;9;19.08.2016 20:00;0,184074;
Anilin;1;19.08.2016 20:00;0,179962;
Anilin;3;19.08.2016 20:00;0,178029;
Natriumchlorid;7;19.08.2016 21:00;2,6802;
Natriumchlorid;3;19.08.2016 21:00;1,52159;
Natriumchlorid;4;19.08.2016 21:00;0,753029;
Natriumchlorid;6;19.08.2016 21:00;0,443368;
Natriumchlorid;5;19.08.2016 21:00;0,351677;
Natriumchlorid;2;19.08.2016 21:00;0,287801;
Natriumchlorid;9;19.08.2016 21:00;0,268294;
Natriumchlorid;8;19.08.2016 21:00;0,0692656;
Natriumchlorid;1;19.08.2016 21:00;0,0251456;
Arsen;3;19.08.2016 21:00;3,84422;
Arsen;4;19.08.2016 21:00;1,17603;
Arsen;5;19.08.2016 21:00;0,963286;
Arsen;6;19.08.2016 21:00;0,583633;
Arsen;9;19.08.2016 21:00;0,440173;
Arsen;7;19.08.2016 21:00;0,364249;
Arsen;1;19.08.2016 21:00;0,360124;
Arsen;2;19.08.2016 21:00;0,27437;
Arsen;8;19.08.2016 21:00;0,0904735;
Benzol;4;19.08.2016 21:00;1,34633;
Benzol;8;19.08.2016 21:00;0,721049;
Benzol;3;19.08.2016 21:00;0,651901;
Benzol;7;19.08.2016 21:00;0,390338;
Benzol;5;19.08.2016 21:00;0,335103;
Benzol;2;19.08.2016 21:00;0,305667;
Benzol;1;19.08.2016 21:00;0,264141;
Benzol;9;19.08.2016 21:00;0,193198;
Benzol;6;19.08.2016 21:00;0,0575552;
Anilin;3;19.08.2016 21:00;1,09023;
Anilin;4;19.08.2016 21:00;0,906267;
Anilin;6;19.08.2016 21:00;0,698924;
Anilin;2;19.08.2016 21:00;0,579681;
Anilin;5;19.08.2016 21:00;0,554164;
Anilin;8;19.08.2016 21:00;0,398747;
Anilin;1;19.08.2016 21:00;0,320448;
Anilin;7;19.08.2016 21:00;0,261236;
Anilin;9;19.08.2016 21:00;0,158228;
Natriumchlorid;4;19.08.2016 22:00;0,964665;
Natriumchlorid;7;19.08.2016 22:00;0,904281;
Natriumchlorid;3;19.08.2016 22:00;0,484139;
Natriumchlorid;8;19.08.2016 22:00;0,263996;
Natriumchlorid;1;19.08.2016 22:00;0,240771;
Natriumchlorid;5;19.08.2016 22:00;0,220371;
Natriumchlorid;9;19.08.2016 22:00;0,206634;
Natriumchlorid;6;19.08.2016 22:00;0,112888;
Natriumchlorid;2;19.08.2016 22:00;0,0506904;
Arsen;3;19.08.2016 22:00;3,44515;
Arsen;4;19.08.2016 22:00;0,62357;
Arsen;7;19.08.2016 22:00;0,527555;
Arsen;5;19.08.2016 22:00;0,402573;
Arsen;9;19.08.2016 22:00;0,354578;
Arsen;6;19.08.2016 22:00;0,277362;
Arsen;8;19.08.2016 22:00;0,165196;
Arsen;1;19.08.2016 22:00;0,107718;
Arsen;2;19.08.2016 22:00;0,105037;
Benzol;4;19.08.2016 22:00;1,7092;
Benzol;3;19.08.2016 22:00;0,79031;
Benzol;2;19.08.2016 22:00;0,517053;
Benzol;8;19.08.2016 22:00;0,46477;
Benzol;7;19.08.2016 22:00;0,255418;
Benzol;6;19.08.2016 22:00;0,195828;
Benzol;1;19.08.2016 22:00;0,173245;
Benzol;5;19.08.2016 22:00;0,0560296;
Benzol;9;19.08.2016 22:00;0,00365724;
Anilin;4;19.08.2016 22:00;1,3043;
Anilin;3;19.08.2016 22:00;0,840928;
Anilin;6;19.08.2016 22:00;0,445485;
Anilin;2;19.08.2016 22:00;0,294491;
Anilin;9;19.08.2016 22:00;0,19456;
Anilin;1;19.08.2016 22:00;0,162519;
Anilin;5;19.08.2016 22:00;0,0443406;
Anilin;7;19.08.2016 22:00;0,0431116;
Anilin;8;19.08.2016 22:00;0,041781;
Natriumchlorid;3;19.08.2016 23:00;3,12907;
Natriumchlorid;4;19.08.2016 23:00;1,09038;
Natriumchlorid;8;19.08.2016 23:00;0,692468;
Natriumchlorid;2;19.08.2016 23:00;0,497609;
Natriumchlorid;5;19.08.2016 23:00;0,46452;
Natriumchlorid;7;19.08.2016 23:00;0,385135;
Natriumchlorid;1;19.08.2016 23:00;0,324397;
Natriumchlorid;9;19.08.2016 23:00;0,28642;
Natriumchlorid;6;19.08.2016 23:00;0,079856;
Arsen;4;19.08.2016 23:00;1,17653;
Arsen;6;19.08.2016 23:00;0,522453;
Arsen;5;19.08.2016 23:00;0,323995;
Arsen;2;19.08.2016 23:00;0,315236;
Arsen;1;19.08.2016 23:00;0,275426;
Arsen;3;19.08.2016 23:00;0,275106;
Arsen;9;19.08.2016 23:00;0,160961;
Arsen;7;19.08.2016 23:00;0,131064;
Arsen;8;19.08.2016 23:00;0,00958184;
Benzol;3;19.08.2016 23:00;1,47561;
Benzol;4;19.08.2016 23:00;1,16211;
Benzol;2;19.08.2016 23:00;0,781522;
Benzol;5;19.08.2016 23:00;0,695572;
Benzol;8;19.08.2016 23:00;0,603888;
Benzol;6;19.08.2016 23:00;0,587469;
Benzol;7;19.08.2016 23:00;0,310871;
Benzol;9;19.08.2016 23:00;0,0808698;
Benzol;1;19.08.2016 23:00;0,0270878;
Anilin;3;19.08.2016 23:00;1,64234;
Anilin;4;19.08.2016 23:00;1,20371;
Anilin;6;19.08.2016 23:00;0,496837;
Anilin;9;19.08.2016 23:00;0,450496;
Anilin;2;19.08.2016 23:00;0,408045;
Anilin;1;19.08.2016 23:00;0,367528;
Anilin;7;19.08.2016 23:00;0,107482;
Anilin;5;19.08.2016 23:00;0,0744368;
Anilin;8;19.08.2016 23:00;0,0489887;
Natriumchlorid;4;20.08.2016 00:00;1,20701;
Natriumchlorid;7;20.08.2016 00:00;0,93683;
Natriumchlorid;6;20.08.2016 00:00;0,46543;
Natriumchlorid;5;20.08.2016 00:00;0,297393;
Natriumchlorid;2;20.08.2016 00:00;0,245953;
Natriumchlorid;3;20.08.2016 00:00;0,183633;
Natriumchlorid;1;20.08.2016 00:00;0,156898;
Natriumchlorid;9;20.08.2016 00:00;0,145517;
Natriumchlorid;8;20.08.2016 00:00;0,060623;
Arsen;3;20.08.2016 00:00;2,83346;
Arsen;4;20.08.2016 00:00;1,29106;
Arsen;5;20.08.2016 00:00;0,758971;
Arsen;2;20.08.2016 00:00;0,605776;
Arsen;6;20.08.2016 00:00;0,59366;
Arsen;8;20.08.2016 00:00;0,524614;
Arsen;7;20.08.2016 00:00;0,383742;
Arsen;9;20.08.2016 00:00;0,284292;
Arsen;1;20.08.2016 00:00;0,0775834;
Benzol;3;20.08.2016 00:00;2,66308;
Benzol;4;20.08.2016 00:00;1,52622;
Benzol;5;20.08.2016 00:00;0,776039;
Benzol;8;20.08.2016 00:00;0,630377;
Benzol;6;20.08.2016 00:00;0,580991;
Benzol;9;20.08.2016 00:00;0,235256;
Benzol;7;20.08.2016 00:00;0,0924487;
Benzol;2;20.08.2016 00:00;0,0839667;
Benzol;1;20.08.2016 00:00;0,0541242;
Anilin;4;20.08.2016 00:00;1,1161;
Anilin;7;20.08.2016 00:00;0,843829;
Anilin;2;20.08.2016 00:00;0,824175;
Anilin;5;20.08.2016 00:00;0,618967;
Anilin;8;20.08.2016 00:00;0,598921;
Anilin;6;20.08.2016 00:00;0,388358;
Anilin;3;20.08.2016 00:00;0,192203;
Anilin;1;20.08.2016 00:00;0,144007;
Anilin;9;20.08.2016 00:00;0,00149141;
Natriumchlorid;3;20.08.2016 01:00;1,69961;
Natriumchlorid;4;20.08.2016 01:00;1,12064;
Natriumchlorid;6;20.08.2016 01:00;0,706523;
Natriumchlorid;5;20.08.2016 01:00;0,48693;
Natriumchlorid;7;20.08.2016 01:00;0,425205;
Natriumchlorid;1;20.08.2016 01:00;0,330811;
Natriumchlorid;2;20.08.2016 01:00;0,30665;
Natriumchlorid;8;20.08.2016 01:00;0,305667;
Natriumchlorid;9;20.08.2016 01:00;0,229428;
Arsen;5;20.08.2016 01:00;0,69874;
Arsen;6;20.08.2016 01:00;0,688491;
Arsen;4;20.08.2016 01:00;0,646155;
Arsen;8;20.08.2016 01:00;0,520926;
Arsen;1;20.08.2016 01:00;0,393464;
Arsen;7;20.08.2016 01:00;0,247653;
Arsen;2;20.08.2016 01:00;0,237186;
Arsen;3;20.08.2016 01:00;0,145324;
Arsen;9;20.08.2016 01:00;0,124346;
Benzol;3;20.08.2016 01:00;1,22426;
Benzol;5;20.08.2016 01:00;0,961937;
Benzol;4;20.08.2016 01:00;0,945546;
Benzol;8;20.08.2016 01:00;0,506301;
Benzol;2;20.08.2016 01:00;0,445867;
Benzol;6;20.08.2016 01:00;0,289993;
Benzol;7;20.08.2016 01:00;0,23372;
Benzol;9;20.08.2016 01:00;0,157603;
Benzol;1;20.08.2016 01:00;0,0346138;
Anilin;4;20.08.2016 01:00;1,35235;
Anilin;7;20.08.2016 01:00;1,32002;
Anilin;5;20.08.2016 01:00;0,60662;
Anilin;3;20.08.2016 01:00;0,549785;
Anilin;6;20.08.2016 01:00;0,342478;
Anilin;9;20.08.2016 01:00;0,230077;
Anilin;1;20.08.2016 01:00;0,144452;
Anilin;2;20.08.2016 01:00;0,0847643;
Anilin;8;20.08.2016 01:00;0,0135602;
Natriumchlorid;4;20.08.2016 02:00;1,50153;
Natriumchlorid;7;20.08.2016 02:00;1,38745;
Natriumchlorid;5;20.08.2016 02:00;1,13202;
Natriumchlorid;6;20.08.2016 02:00;0,385782;
Natriumchlorid;3;20.08.2016 02:00;0,382084;
Natriumchlorid;1;20.08.2016 02:00;0,350201;
Natriumchlorid;2;20.08.2016 02:00;0,295623;
Natriumchlorid;9;20.08.2016 02:00;0,256964;
Natriumchlorid;8;20.08.2016 02:00;0,143812;
Arsen;4;20.08.2016 02:00;1,31327;
Arsen;3;20.08.2016 02:00;0,654629;
Arsen;6;20.08.2016 02:00;0,534663;
Arsen;9;20.08.2016 02:00;0,517581;
Arsen;5;20.08.2016 02:00;0,404666;
Arsen;1;20.08.2016 02:00;0,353754;
Arsen;7;20.08.2016 02:00;0,101176;
Arsen;8;20.08.2016 02:00;0,0835074;
Arsen;2;20.08.2016 02:00;0,0280335;
Benzol;4;20.08.2016 02:00;1,54689;
Benzol;3;20.08.2016 02:00;0,904074;
Benzol;6;20.08.2016 02:00;0,629563;
Benzol;5;20.08.2016 02:00;0,533397;
Benzol;1;20.08.2016 02:00;0,410695;
Benzol;7;20.08.2016 02:00;0,11291;
Benzol;8;20.08.2016 02:00;0,0977704;
Benzol;2;20.08.2016 02:00;0,0686347;
Benzol;9;20.08.2016 02:00;0,00555685;
Anilin;7;20.08.2016 02:00;10,90266;
Anilin;3;20.08.2016 02:00;1,45457;
Anilin;4;20.08.2016 02:00;1,04061;
Anilin;2;20.08.2016 02:00;0,557716;
Anilin;6;20.08.2016 02:00;0,377516;
Anilin;5;20.08.2016 02:00;0,252947;
Anilin;9;20.08.2016 02:00;0,0954868;
Anilin;1;20.08.2016 02:00;0,0272433;
Anilin;8;20.08.2016 02:00;0,0155075;
Natriumchlorid;3;20.08.2016 03:00;3,08043;
Natriumchlorid;6;20.08.2016 03:00;1,66429;
Natriumchlorid;4;20.08.2016 03:00;0,788685;
Natriumchlorid;5;20.08.2016 03:00;0,603841;
Natriumchlorid;7;20.08.2016 03:00;0,438129;
Natriumchlorid;9;20.08.2016 03:00;0,273246;
Natriumchlorid;2;20.08.2016 03:00;0,21878;
Natriumchlorid;1;20.08.2016 03:00;0,183588;
Natriumchlorid;8;20.08.2016 03:00;0,0136873;
Arsen;6;20.08.2016 03:00;1,5757;
Arsen;3;20.08.2016 03:00;1,36437;
Arsen;4;20.08.2016 03:00;0,970287;
Arsen;8;20.08.2016 03:00;0,223458;
Arsen;7;20.08.2016 03:00;0,207144;
Arsen;9;20.08.2016 03:00;0,164137;
Arsen;1;20.08.2016 03:00;0,0973237;
Arsen;2;20.08.2016 03:00;0,0648054;
Arsen;5;20.08.2016 03:00;0,0460602;
Benzol;2;20.08.2016 03:00;1,29817;
Benzol;7;20.08.2016 03:00;0,747682;
Benzol;6;20.08.2016 03:00;0,73707;
Benzol;3;20.08.2016 03:00;0,660418;
Benzol;4;20.08.2016 03:00;0,653293;
Benzol;9;20.08.2016 03:00;0,560724;
Benzol;1;20.08.2016 03:00;0,312921;
Benzol;5;20.08.2016 03:00;0,277689;
Benzol;8;20.08.2016 03:00;0,103036;
Anilin;4;20.08.2016 03:00;0,838357;
Anilin;3;20.08.2016 03:00;0,759059;
Anilin;2;20.08.2016 03:00;0,700658;
Anilin;7;20.08.2016 03:00;0,485109;
Anilin;5;20.08.2016 03:00;0,279167;
Anilin;1;20.08.2016 03:00;0,227511;
Anilin;8;20.08.2016 03:00;0,166364;
Anilin;6;20.08.2016 03:00;0,111812;
Anilin;9;20.08.2016 03:00;0,0194235;
Natriumchlorid;7;20.08.2016 04:00;1,92694;
Natriumchlorid;8;20.08.2016 04:00;1,1274;
Natriumchlorid;4;20.08.2016 04:00;0,86652;
Natriumchlorid;5;20.08.2016 04:00;0,834423;
Natriumchlorid;3;20.08.2016 04:00;0,56186;
Natriumchlorid;6;20.08.2016 04:00;0,529487;
Natriumchlorid;1;20.08.2016 04:00;0,391422;
Natriumchlorid;9;20.08.2016 04:00;0,164927;
Natriumchlorid;2;20.08.2016 04:00;0,102013;
Arsen;3;20.08.2016 04:00;2,85465;
Arsen;6;20.08.2016 04:00;2,71837;
Arsen;1;20.08.2016 04:00;2,20189;
Arsen;2;20.08.2016 04:00;1,37266;
Arsen;4;20.08.2016 04:00;1,25784;
Arsen;8;20.08.2016 04:00;0,624443;
Arsen;5;20.08.2016 04:00;0,369392;
Arsen;9;20.08.2016 04:00;0,203573;
Arsen;7;20.08.2016 04:00;0,00648298;
Benzol;2;20.08.2016 04:00;7,46014;
Benzol;4;20.08.2016 04:00;1,0375;
Benzol;3;20.08.2016 04:00;0,942265;
Benzol;7;20.08.2016 04:00;0,489235;
Benzol;9;20.08.2016 04:00;0,422522;
Benzol;6;20.08.2016 04:00;0,159418;
Benzol;8;20.08.2016 04:00;0,148639;
Benzol;1;20.08.2016 04:00;0,05657;
Benzol;5;20.08.2016 04:00;0,0431245;
Anilin;3;20.08.2016 04:00;3,40836;
Anilin;4;20.08.2016 04:00;1,39204;
Anilin;2;20.08.2016 04:00;0,706129;
Anilin;5;20.08.2016 04:00;0,630772;
Anilin;6;20.08.2016 04:00;0,296502;
Anilin;7;20.08.2016 04:00;0,251928;
Anilin;9;20.08.2016 04:00;0,14152;
Anilin;8;20.08.2016 04:00;0,10818;
Anilin;1;20.08.2016 04:00;0,0783023;
Natriumchlorid;2;20.08.2016 05:00;4,40613;
Natriumchlorid;3;20.08.2016 05:00;1,28431;
Natriumchlorid;4;20.08.2016 05:00;1,13356;
Natriumchlorid;5;20.08.2016 05:00;0,801489;
Natriumchlorid;7;20.08.2016 05:00;0,598726;
Natriumchlorid;8;20.08.2016 05:00;0,389672;
Natriumchlorid;9;20.08.2016 05:00;0,324304;
Natriumchlorid;1;20.08.2016 05:00;0,199426;
Natriumchlorid;6;20.08.2016 05:00;0,0371553;
Arsen;8;20.08.2016 05:00;1,30769;
Arsen;1;20.08.2016 05:00;1,30165;
Arsen;4;20.08.2016 05:00;1,08005;
Arsen;6;20.08.2016 05:00;0,522509;
Arsen;3;20.08.2016 05:00;0,352678;
Arsen;7;20.08.2016 05:00;0,333748;
Arsen;5;20.08.2016 05:00;0,300296;
Arsen;2;20.08.2016 05:00;0,248124;
Arsen;9;20.08.2016 05:00;0,149112;
Benzol;3;20.08.2016 05:00;2,07653;
Benzol;7;20.08.2016 05:00;1,72474;
Benzol;4;20.08.2016 05:00;1,27271;
Benzol;8;20.08.2016 05:00;0,990835;
Benzol;2;20.08.2016 05:00;0,572145;
Benzol;5;20.08.2016 05:00;0,319734;
Benzol;9;20.08.2016 05:00;0,210937;
Benzol;6;20.08.2016 05:00;0,170348;
Benzol;1;20.08.2016 05:00;0,0111025;
Anilin;2;20.08.2016 05:00;42,71211;
Anilin;4;20.08.2016 05:00;1,28219;
Anilin;6;20.08.2016 05:00;0,411703;
Anilin;8;20.08.2016 05:00;0,410076;
Anilin;1;20.08.2016 05:00;0,361011;
Anilin;7;20.08.2016 05:00;0,231255;
Anilin;9;20.08.2016 05:00;0,213988;
Anilin;3;20.08.2016 05:00;0,13012;
Anilin;5;20.08.2016 05:00;0,0158333;
Natriumchlorid;2;20.08.2016 06:00;16,43803;
Natriumchlorid;3;20.08.2016 06:00;3,03971;
Natriumchlorid;2;20.08.2016 06:00;1,88756;
Natriumchlorid;4;20.08.2016 06:00;1,22808;
Natriumchlorid;6;20.08.2016 06:00;0,923556;
Natriumchlorid;8;20.08.2016 06:00;0,747651;
Natriumchlorid;7;20.08.2016 06:00;0,522483;
Natriumchlorid;9;20.08.2016 06:00;0,289081;
Natriumchlorid;1;20.08.2016 06:00;0,223947;
Natriumchlorid;5;20.08.2016 06:00;0,0781849;
Arsen;3;20.08.2016 06:00;4,32176;
Arsen;4;20.08.2016 06:00;1,50905;
Arsen;6;20.08.2016 06:00;0,58539;
Arsen;1;20.08.2016 06:00;0,45164;
Arsen;7;20.08.2016 06:00;0,33878;
Arsen;8;20.08.2016 06:00;0,233855;
Arsen;9;20.08.2016 06:00;0,154688;
Arsen;2;20.08.2016 06:00;0,106296;
Arsen;5;20.08.2016 06:00;0,0679394;
Benzol;3;20.08.2016 06:00;1,81979;
Benzol;4;20.08.2016 06:00;1,23537;
Benzol;6;20.08.2016 06:00;0,340594;
Benzol;2;20.08.2016 06:00;0,332799;
Benzol;8;20.08.2016 06:00;0,262763;
Benzol;7;20.08.2016 06:00;0,224601;
Benzol;5;20.08.2016 06:00;0,0737123;
Benzol;9;20.08.2016 06:00;0,0386297;
Benzol;1;20.08.2016 06:00;0,0231764;
Anilin;3;20.08.2016 06:00;1,7954;
Anilin;4;20.08.2016 06:00;1,16559;
Anilin;5;20.08.2016 06:00;0,713222;
Anilin;6;20.08.2016 06:00;0,53497;
Anilin;7;20.08.2016 06:00;0,363589;
Anilin;9;20.08.2016 06:00;0,297319;
Anilin;1;20.08.2016 06:00;0,269625;
Anilin;8;20.08.2016 06:00;0,25399;
Natriumchlorid;4;20.08.2016 07:00;2,95477;
Natriumchlorid;6;20.08.2016 07:00;0,390396;
Natriumchlorid;1;20.08.2016 07:00;0,380577;
Natriumchlorid;2;20.08.2016 07:00;0,380463;
Natriumchlorid;8;20.08.2016 07:00;0,204776;
Natriumchlorid;9;20.08.2016 07:00;0,134666;
Natriumchlorid;3;20.08.2016 07:00;0,131799;
Natriumchlorid;7;20.08.2016 07:00;0,109512;
Natriumchlorid;5;20.08.2016 07:00;0,0523498;
Arsen;4;20.08.2016 07:00;2,07947;
Arsen;3;20.08.2016 07:00;1,0649;
Arsen;7;20.08.2016 07:00;0,949025;
Arsen;2;20.08.2016 07:00;0,66305;
Arsen;6;20.08.2016 07:00;0,334812;
Arsen;1;20.08.2016 07:00;0,307136;
Arsen;8;20.08.2016 07:00;0,105609;
Arsen;5;20.08.2016 07:00;0,0670091;
Arsen;9;20.08.2016 07:00;0,0613375;
Benzol;3;20.08.2016 07:00;1,55169;
Benzol;4;20.08.2016 07:00;1,12208;
Benzol;8;20.08.2016 07:00;0,911489;
Benzol;1;20.08.2016 07:00;0,328282;
Benzol;7;20.08.2016 07:00;0,317337;
Benzol;6;20.08.2016 07:00;0,241746;
Benzol;9;20.08.2016 07:00;0,209803;
Benzol;5;20.08.2016 07:00;0,155657;
Benzol;2;20.08.2016 07:00;0,0635089;
Anilin;3;20.08.2016 07:00;2,18434;
Anilin;4;20.08.2016 07:00;1,26894;
Anilin;5;20.08.2016 07:00;1,02477;
Anilin;7;20.08.2016 07:00;0,724532;
Anilin;8;20.08.2016 07:00;0,426503;
Anilin;2;20.08.2016 07:00;0,340617;
Anilin;6;20.08.2016 07:00;0,316176;
Anilin;9;20.08.2016 07:00;0,195876;
Anilin;1;20.08.2016 07:00;0,068265;
Natriumchlorid;4;20.08.2016 08:00;2,44902;
Natriumchlorid;3;20.08.2016 08:00;1,13586;
Natriumchlorid;7;20.08.2016 08:00;0,91297;
Natriumchlorid;2;20.08.2016 08:00;0,869391;
Natriumchlorid;6;20.08.2016 08:00;0,684858;
Natriumchlorid;8;20.08.2016 08:00;0,442044;
Natriumchlorid;1;20.08.2016 08:00;0,211259;
Natriumchlorid;5;20.08.2016 08:00;0,172821;
Natriumchlorid;9;20.08.2016 08:00;0,0693409;
Arsen;7;20.08.2016 08:00;1,13899;
Arsen;8;20.08.2016 08:00;0,971918;
Arsen;4;20.08.2016 08:00;0,877791;
Arsen;3;20.08.2016 08:00;0,589247;
Arsen;5;20.08.2016 08:00;0,42221;
Arsen;2;20.08.2016 08:00;0,366879;
Arsen;1;20.08.2016 08:00;0,309119;
Arsen;6;20.08.2016 08:00;0,133641;
Arsen;9;20.08.2016 08:00;0,0197222;
Benzol;3;20.08.2016 08:00;1,72953;
Benzol;7;20.08.2016 08:00;1,41278;
Benzol;4;20.08.2016 08:00;1,05313;
Benzol;6;20.08.2016 08:00;0,722648;
Benzol;8;20.08.2016 08:00;0,547801;
Benzol;2;20.08.2016 08:00;0,533604;
Benzol;5;20.08.2016 08:00;0,391503;
Benzol;9;20.08.2016 08:00;0,167739;
Benzol;1;20.08.2016 08:00;0,149397;
Anilin;4;20.08.2016 08:00;1,08219;
Anilin;3;20.08.2016 08:00;1,08215;
Anilin;8;20.08.2016 08:00;1,00814;
Anilin;1;20.08.2016 08:00;0,715094;
Anilin;9;20.08.2016 08:00;0,629383;
Anilin;7;20.08.2016 08:00;0,522278;
Anilin;6;20.08.2016 08:00;0,346738;
Anilin;2;20.08.2016 08:00;0,231903;
Anilin;5;20.08.2016 08:00;0,193438;
Natriumchlorid;4;20.08.2016 09:00;3,22185;
Natriumchlorid;3;20.08.2016 09:00;1,93459;
Natriumchlorid;2;20.08.2016 09:00;0,465995;
Natriumchlorid;7;20.08.2016 09:00;0,412538;
Natriumchlorid;9;20.08.2016 09:00;0,312831;
Natriumchlorid;5;20.08.2016 09:00;0,289397;
Natriumchlorid;8;20.08.2016 09:00;0,257274;
Natriumchlorid;6;20.08.2016 09:00;0,24331;
Natriumchlorid;1;20.08.2016 09:00;0,17184;
Arsen;4;20.08.2016 09:00;1,13245;
Arsen;7;20.08.2016 09:00;1,05886;
Arsen;3;20.08.2016 09:00;0,604584;
Arsen;2;20.08.2016 09:00;0,564477;
Arsen;5;20.08.2016 09:00;0,202175;
Arsen;6;20.08.2016 09:00;0,170526;
Arsen;9;20.08.2016 09:00;0,157578;
Arsen;8;20.08.2016 09:00;0,0507395;
Arsen;1;20.08.2016 09:00;0,0199263;
Benzol;3;20.08.2016 09:00;2,74936;
Benzol;4;20.08.2016 09:00;1,14759;
Benzol;5;20.08.2016 09:00;0,795664;
Benzol;7;20.08.2016 09:00;0,487268;
Benzol;8;20.08.2016 09:00;0,356848;
Benzol;6;20.08.2016 09:00;0,195596;
Benzol;2;20.08.2016 09:00;0,102202;
Benzol;1;20.08.2016 09:00;0,0488443;
Benzol;9;20.08.2016 09:00;0,0268057;
Anilin;4;20.08.2016 09:00;0,874874;
Anilin;7;20.08.2016 09:00;0,867181;
Anilin;2;20.08.2016 09:00;0,693112;
Anilin;8;20.08.2016 09:00;0,571899;
Anilin;6;20.08.2016 09:00;0,491861;
Anilin;5;20.08.2016 09:00;0,36427;
Anilin;3;20.08.2016 09:00;0,352425;
Anilin;9;20.08.2016 09:00;0,138223;
Anilin;1;20.08.2016 09:00;0,0326951;
Natriumchlorid;3;20.08.2016 10:00;26,49518;
Natriumchlorid;3;20.08.2016 10:00;4,56653;
Natriumchlorid;4;20.08.2016 10:00;2,363;
Natriumchlorid;7;20.08.2016 10:00;0,870808;
Natriumchlorid;5;20.08.2016 10:00;0,577431;
Natriumchlorid;6;20.08.2016 10:00;0,211937;
Natriumchlorid;8;20.08.2016 10:00;0,187704;
Natriumchlorid;1;20.08.2016 10:00;0,181054;
Natriumchlorid;9;20.08.2016 10:00;0,163749;
Natriumchlorid;2;20.08.2016 10:00;0,0358893;
Arsen;5;20.08.2016 10:00;2,18719;
Arsen;4;20.08.2016 10:00;1,15054;
Arsen;3;20.08.2016 10:00;0,681499;
Arsen;7;20.08.2016 10:00;0,43532;
Arsen;6;20.08.2016 10:00;0,305016;
Arsen;8;20.08.2016 10:00;0,177488;
Arsen;1;20.08.2016 10:00;0,0744129;
Arsen;9;20.08.2016 10:00;0,0686394;
Arsen;2;20.08.2016 10:00;0,0432168;
Benzol;3;20.08.2016 10:00;5,77153;
Benzol;4;20.08.2016 10:00;1,0736;
Benzol;6;20.08.2016 10:00;0,806595;
Benzol;7;20.08.2016 10:00;0,446739;
Benzol;2;20.08.2016 10:00;0,314917;
Benzol;5;20.08.2016 10:00;0,0435478;
Benzol;9;20.08.2016 10:00;0,0430603;
Benzol;1;20.08.2016 10:00;0,0246652;
Benzol;8;20.08.2016 10:00;0,0144379;
Anilin;7;20.08.2016 10:00;1,67992;
Anilin;4;20.08.2016 10:00;1,17112;
Anilin;8;20.08.2016 10:00;1,04869;
Anilin;1;20.08.2016 10:00;0,645056;
Anilin;6;20.08.2016 10:00;0,254744;
Anilin;9;20.08.2016 10:00;0,14539;
Anilin;5;20.08.2016 10:00;0,101816;
Anilin;2;20.08.2016 10:00;0,0993626;
Natriumchlorid;8;20.08.2016 11:00;1,03646;
Natriumchlorid;7;20.08.2016 11:00;0,997692;
Natriumchlorid;4;20.08.2016 11:00;0,980029;
Natriumchlorid;3;20.08.2016 11:00;0,521792;
Natriumchlorid;6;20.08.2016 11:00;0,501265;
Natriumchlorid;2;20.08.2016 11:00;0,47947;
Natriumchlorid;1;20.08.2016 11:00;0,324861;
Natriumchlorid;9;20.08.2016 11:00;0,190455;
Natriumchlorid;5;20.08.2016 11:00;0,0724352;
Arsen;4;20.08.2016 11:00;1,69127;
Arsen;3;20.08.2016 11:00;0,790381;
Arsen;8;20.08.2016 11:00;0,602704;
Arsen;5;20.08.2016 11:00;0,456486;
Arsen;2;20.08.2016 11:00;0,312623;
Arsen;6;20.08.2016 11:00;0,301957;
Arsen;7;20.08.2016 11:00;0,297888;
Arsen;1;20.08.2016 11:00;0,209167;
Arsen;9;20.08.2016 11:00;0,0197303;
Benzol;3;20.08.2016 11:00;3,69848;
Benzol;4;20.08.2016 11:00;1,18111;
Benzol;7;20.08.2016 11:00;1,05542;
Benzol;5;20.08.2016 11:00;0,968988;
Benzol;6;20.08.2016 11:00;0,727637;
Benzol;8;20.08.2016 11:00;0,377636;
Benzol;9;20.08.2016 11:00;0,364333;
Benzol;1;20.08.2016 11:00;0,280726;
Benzol;2;20.08.2016 11:00;0,228589;
Anilin;4;20.08.2016 11:00;1,10986;
Anilin;8;20.08.2016 11:00;0,700118;
Anilin;3;20.08.2016 11:00;0,562379;
Anilin;6;20.08.2016 11:00;0,452279;
Anilin;2;20.08.2016 11:00;0,324366;
Anilin;7;20.08.2016 11:00;0,257185;
Anilin;1;20.08.2016 11:00;0,213159;
Anilin;5;20.08.2016 11:00;0,171201;
Anilin;9;20.08.2016 11:00;0,0906326;
Natriumchlorid;3;20.08.2016 12:00;8,6876;
Natriumchlorid;3;20.08.2016 12:00;2,46216;
Natriumchlorid;4;20.08.2016 12:00;1,37382;
Natriumchlorid;7;20.08.2016 12:00;0,580354;
Natriumchlorid;2;20.08.2016 12:00;0,390549;
Natriumchlorid;6;20.08.2016 12:00;0,304897;
Natriumchlorid;9;20.08.2016 12:00;0,225551;
Natriumchlorid;5;20.08.2016 12:00;0,19369;
Natriumchlorid;1;20.08.2016 12:00;0,0839435;
Natriumchlorid;8;20.08.2016 12:00;0,0736869;
Arsen;5;20.08.2016 12:00;2,34034;
Arsen;4;20.08.2016 12:00;1,25918;
Arsen;2;20.08.2016 12:00;0,565219;
Arsen;8;20.08.2016 12:00;0,557246;
Arsen;7;20.08.2016 12:00;0,466722;
Arsen;6;20.08.2016 12:00;0,415384;
Arsen;9;20.08.2016 12:00;0,202119;
Arsen;3;20.08.2016 12:00;0,198065;
Arsen;1;20.08.2016 12:00;0,112874;
Benzol;4;20.08.2016 12:00;1,09724;
Benzol;9;20.08.2016 12:00;0,836326;
Benzol;2;20.08.2016 12:00;0,759035;
Benzol;7;20.08.2016 12:00;0,55615;
Benzol;3;20.08.2016 12:00;0,363991;
Benzol;8;20.08.2016 12:00;0,343092;
Benzol;6;20.08.2016 12:00;0,213904;
Benzol;1;20.08.2016 12:00;0,212194;
Benzol;5;20.08.2016 12:00;0,0387496;
Anilin;4;20.08.2016 12:00;1,05477;
Anilin;2;20.08.2016 12:00;0,919741;
Anilin;6;20.08.2016 12:00;0,585742;
Anilin;7;20.08.2016 12:00;0,269277;
Anilin;1;20.08.2016 12:00;0,223054;
Anilin;8;20.08.2016 12:00;0,15126;
Anilin;5;20.08.2016 12:00;0,136619;
Anilin;9;20.08.2016 12:00;0,106999;
Natriumchlorid;3;20.08.2016 13:00;15,02033;
Natriumchlorid;3;20.08.2016 13:00;5,79057;
Natriumchlorid;7;20.08.2016 13:00;1,17818;
Natriumchlorid;5;20.08.2016 13:00;0,698906;
Natriumchlorid;4;20.08.2016 13:00;0,607483;
Natriumchlorid;2;20.08.2016 13:00;0,40055;
Natriumchlorid;9;20.08.2016 13:00;0,381221;
Natriumchlorid;8;20.08.2016 13:00;0,342815;
Natriumchlorid;6;20.08.2016 13:00;0,29943;
Natriumchlorid;1;20.08.2016 13:00;0,0826738;
Arsen;7;20.08.2016 13:00;1,24797;
Arsen;4;20.08.2016 13:00;0,996712;
Arsen;5;20.08.2016 13:00;0,933265;
Arsen;3;20.08.2016 13:00;0,643065;
Arsen;2;20.08.2016 13:00;0,452331;
Arsen;6;20.08.2016 13:00;0,422577;
Arsen;9;20.08.2016 13:00;0,3653;
Arsen;8;20.08.2016 13:00;0,192663;
Arsen;1;20.08.2016 13:00;0,14723;
Benzol;3;20.08.2016 13:00;1,846;
Benzol;8;20.08.2016 13:00;1,02866;
Benzol;4;20.08.2016 13:00;0,997498;
Benzol;2;20.08.2016 13:00;0,935254;
Benzol;5;20.08.2016 13:00;0,768946;
Benzol;6;20.08.2016 13:00;0,3278;
Benzol;1;20.08.2016 13:00;0,185721;
Benzol;9;20.08.2016 13:00;0,148544;
Benzol;7;20.08.2016 13:00;0,0329134;
Anilin;8;20.08.2016 13:00;1,30849;
Anilin;4;20.08.2016 13:00;1,20543;
Anilin;7;20.08.2016 13:00;0,57678;
Anilin;5;20.08.2016 13:00;0,28947;
Anilin;9;20.08.2016 13:00;0,28008;
Anilin;2;20.08.2016 13:00;0,245923;
Anilin;1;20.08.2016 13:00;0,117311;
Anilin;6;20.08.2016 13:00;0,0747392;
Natriumchlorid;5;20.08.2016 14:00;1,58102;
Natriumchlorid;3;20.08.2016 14:00;1,16547;
Natriumchlorid;4;20.08.2016 14:00;1,15287;
Natriumchlorid;6;20.08.2016 14:00;0,687155;
Natriumchlorid;8;20.08.2016 14:00;0,504021;
Natriumchlorid;1;20.08.2016 14:00;0,3841;
Natriumchlorid;7;20.08.2016 14:00;0,17905;
Natriumchlorid;2;20.08.2016 14:00;0,110254;
Natriumchlorid;9;20.08.2016 14:00;0,0017905;
Arsen;3;20.08.2016 14:00;1,88076;
Arsen;4;20.08.2016 14:00;0,948376;
Arsen;8;20.08.2016 14:00;0,678494;
Arsen;6;20.08.2016 14:00;0,637612;
Arsen;9;20.08.2016 14:00;0,49883;
Arsen;5;20.08.2016 14:00;0,443343;
Arsen;7;20.08.2016 14:00;0,439263;
Arsen;1;20.08.2016 14:00;0,203297;
Arsen;2;20.08.2016 14:00;0,0609777;
Benzol;3;20.08.2016 14:00;2,04413;
Benzol;4;20.08.2016 14:00;0,755281;
Benzol;9;20.08.2016 14:00;0,622155;
Benzol;6;20.08.2016 14:00;0,396886;
Benzol;8;20.08.2016 14:00;0,341817;
Benzol;2;20.08.2016 14:00;0,21552;
Benzol;1;20.08.2016 14:00;0,146929;
Benzol;5;20.08.2016 14:00;0,00880991;
Benzol;7;20.08.2016 14:00;0,00294981;
Anilin;4;20.08.2016 14:00;0,772947;
Anilin;9;20.08.2016 14:00;0,227805;
Anilin;7;20.08.2016 14:00;0,204539;
Anilin;8;20.08.2016 14:00;0,20101;
Anilin;5;20.08.2016 14:00;0,156509;
Anilin;1;20.08.2016 14:00;0,143657;
Anilin;2;20.08.2016 14:00;0,109784;
Anilin;6;20.08.2016 14:00;0,0989081;
Anilin;3;20.08.2016 14:00;0,0123768;
Natriumchlorid;5;20.08.2016 15:00;1,93792;
Natriumchlorid;4;20.08.2016 15:00;1,17318;
Natriumchlorid;7;20.08.2016 15:00;0,696392;
Natriumchlorid;8;20.08.2016 15:00;0,634435;
Natriumchlorid;2;20.08.2016 15:00;0,329925;
Natriumchlorid;9;20.08.2016 15:00;0,249056;
Natriumchlorid;1;20.08.2016 15:00;0,173199;
Natriumchlorid;3;20.08.2016 15:00;0,16431;
Natriumchlorid;6;20.08.2016 15:00;0,0564911;
Arsen;3;20.08.2016 15:00;2,11994;
Arsen;4;20.08.2016 15:00;1,09637;
Arsen;6;20.08.2016 15:00;0,565515;
Arsen;2;20.08.2016 15:00;0,56299;
Arsen;7;20.08.2016 15:00;0,525359;
Arsen;8;20.08.2016 15:00;0,497262;
Arsen;9;20.08.2016 15:00;0,462726;
Arsen;5;20.08.2016 15:00;0,347743;
Arsen;1;20.08.2016 15:00;0,250872;
Benzol;3;20.08.2016 15:00;1,37862;
Benzol;5;20.08.2016 15:00;1,07224;
Benzol;7;20.08.2016 15:00;1,0662;
Benzol;4;20.08.2016 15:00;0,877535;
Benzol;2;20.08.2016 15:00;0,648329;
Benzol;8;20.08.2016 15:00;0,513483;
Benzol;6;20.08.2016 15:00;0,499495;
Benzol;9;20.08.2016 15:00;0,145058;
Benzol;1;20.08.2016 15:00;0,112571;
Anilin;4;20.08.2016 15:00;1,41742;
Anilin;2;20.08.2016 15:00;0,845296;
Anilin;3;20.08.2016 15:00;0,743395;
Anilin;9;20.08.2016 15:00;0,412193;
Anilin;6;20.08.2016 15:00;0,365738;
Anilin;5;20.08.2016 15:00;0,298678;
Anilin;1;20.08.2016 15:00;0,225057;
Anilin;8;20.08.2016 15:00;0,107931;
Anilin;7;20.08.2016 15:00;0,0736753;
Natriumchlorid;3;20.08.2016 16:00;4,3104;
Natriumchlorid;4;20.08.2016 16:00;1,36853;
Natriumchlorid;6;20.08.2016 16:00;0,550424;
Natriumchlorid;7;20.08.2016 16:00;0,487846;
Natriumchlorid;5;20.08.2016 16:00;0,465572;
Natriumchlorid;9;20.08.2016 16:00;0,267513;
Natriumchlorid;2;20.08.2016 16:00;0,259784;
Natriumchlorid;8;20.08.2016 16:00;0,116871;
Natriumchlorid;1;20.08.2016 16:00;0,0342907;
Arsen;3;20.08.2016 16:00;1,57796;
Arsen;4;20.08.2016 16:00;1,11741;
Arsen;7;20.08.2016 16:00;0,794525;
Arsen;8;20.08.2016 16:00;0,522752;
Arsen;2;20.08.2016 16:00;0,467065;
Arsen;9;20.08.2016 16:00;0,184586;
Arsen;5;20.08.2016 16:00;0,183569;
Arsen;1;20.08.2016 16:00;0,0197914;
Arsen;6;20.08.2016 16:00;0,00902824;
Benzol;4;20.08.2016 16:00;1,06408;
Benzol;3;20.08.2016 16:00;0,747852;
Benzol;2;20.08.2016 16:00;0,727782;
Benzol;7;20.08.2016 16:00;0,370318;
Benzol;9;20.08.2016 16:00;0,311506;
Benzol;5;20.08.2016 16:00;0,28808;
Benzol;8;20.08.2016 16:00;0,171679;
Benzol;1;20.08.2016 16:00;0,0956268;
Benzol;6;20.08.2016 16:00;0,0581671;
Anilin;4;20.08.2016 16:00;1,39063;
Anilin;5;20.08.2016 16:00;0,862451;
Anilin;3;20.08.2016 16:00;0,756924;
Anilin;6;20.08.2016 16:00;0,460847;
Anilin;1;20.08.2016 16:00;0,266561;
Anilin;8;20.08.2016 16:00;0,234289;
Anilin;9;20.08.2016 16:00;0,181883;
Anilin;7;20.08.2016 16:00;0,123609;
Anilin;2;20.08.2016 16:00;0,041762;
Natriumchlorid;3;20.08.2016 17:00;2,09588;
Natriumchlorid;4;20.08.2016 17:00;1,42081;
Natriumchlorid;7;20.08.2016 17:00;1,13712;
Natriumchlorid;5;20.08.2016 17:00;0,840012;
Natriumchlorid;6;20.08.2016 17:00;0,260831;
Natriumchlorid;1;20.08.2016 17:00;0,220407;
Natriumchlorid;2;20.08.2016 17:00;0,217861;
Natriumchlorid;8;20.08.2016 17:00;0,215496;
Natriumchlorid;9;20.08.2016 17:00;0,0625412;
Arsen;3;20.08.2016 17:00;1,31158;
Arsen;4;20.08.2016 17:00;1,19758;
Arsen;7;20.08.2016 17:00;0,679056;
Arsen;8;20.08.2016 17:00;0,467686;
Arsen;9;20.08.2016 17:00;0,409791;
Arsen;1;20.08.2016 17:00;0,362113;
Arsen;5;20.08.2016 17:00;0,168368;
Arsen;6;20.08.2016 17:00;0,12719;
Arsen;2;20.08.2016 17:00;0,00993016;
Benzol;4;20.08.2016 17:00;1,12869;
Benzol;3;20.08.2016 17:00;1,11201;
Benzol;8;20.08.2016 17:00;0,783038;
Benzol;5;20.08.2016 17:00;0,654641;
Benzol;7;20.08.2016 17:00;0,589441;
Benzol;6;20.08.2016 17:00;0,521606;
Benzol;2;20.08.2016 17:00;0,278275;
Benzol;1;20.08.2016 17:00;0,232013;
Benzol;9;20.08.2016 17:00;0,178686;
Anilin;3;20.08.2016 17:00;2,16346;
Anilin;4;20.08.2016 17:00;1,2052;
Anilin;8;20.08.2016 17:00;0,745469;
Anilin;6;20.08.2016 17:00;0,604301;
Anilin;5;20.08.2016 17:00;0,582616;
Anilin;1;20.08.2016 17:00;0,347316;
Anilin;9;20.08.2016 17:00;0,24451;
Anilin;7;20.08.2016 17:00;0,15722;
Anilin;2;20.08.2016 17:00;0,125077;
Natriumchlorid;4;20.08.2016 18:00;1,04984;
Natriumchlorid;8;20.08.2016 18:00;0,733796;
Natriumchlorid;5;20.08.2016 18:00;0,637215;
Natriumchlorid;2;20.08.2016 18:00;0,443174;
Natriumchlorid;7;20.08.2016 18:00;0,37926;
Natriumchlorid;9;20.08.2016 18:00;0,367941;
Natriumchlorid;1;20.08.2016 18:00;0,36666;
Natriumchlorid;6;20.08.2016 18:00;0,220502;
Natriumchlorid;3;20.08.2016 18:00;0,132061;
Arsen;7;20.08.2016 18:00;1,26823;
Arsen;8;20.08.2016 18:00;0,963128;
Arsen;4;20.08.2016 18:00;0,956313;
Arsen;3;20.08.2016 18:00;0,741408;
Arsen;9;20.08.2016 18:00;0,451235;
Arsen;1;20.08.2016 18:00;0,267986;
Arsen;5;20.08.2016 18:00;0,196854;
Arsen;2;20.08.2016 18:00;0,193252;
Arsen;6;20.08.2016 18:00;0,160361;
Benzol;4;20.08.2016 18:00;1,06574;
Benzol;6;20.08.2016 18:00;0,678546;
Benzol;3;20.08.2016 18:00;0,378476;
Benzol;2;20.08.2016 18:00;0,274121;
Benzol;5;20.08.2016 18:00;0,211752;
Benzol;7;20.08.2016 18:00;0,102453;
Benzol;9;20.08.2016 18:00;0,0955568;
Benzol;1;20.08.2016 18:00;0,0920866;
Benzol;8;20.08.2016 18:00;0,0715915;
Anilin;4;20.08.2016 18:00;1,20868;
Anilin;7;20.08.2016 18:00;0,738767;
Anilin;6;20.08.2016 18:00;0,698271;
Anilin;2;20.08.2016 18:00;0,35943;
Anilin;8;20.08.2016 18:00;0,253177;
Anilin;1;20.08.2016 18:00;0,209252;
Anilin;9;20.08.2016 18:00;0,112336;
Anilin;5;20.08.2016 18:00;0,0968335;
Anilin;3;20.08.2016 18:00;0,0203226;
Natriumchlorid;4;20.08.2016 19:00;1,35478;
Natriumchlorid;8;20.08.2016 19:00;0,992938;
Natriumchlorid;5;20.08.2016 19:00;0,890004;
Natriumchlorid;7;20.08.2016 19:00;0,522179;
Natriumchlorid;6;20.08.2016 19:00;0,402349;
Natriumchlorid;2;20.08.2016 19:00;0,30554;
Natriumchlorid;1;20.08.2016 19:00;0,24235;
Natriumchlorid;9;20.08.2016 19:00;0,185731;
Natriumchlorid;3;20.08.2016 19:00;0,180798;
Arsen;4;20.08.2016 19:00;1,48178;
Arsen;8;20.08.2016 19:00;1,23221;
Arsen;6;20.08.2016 19:00;0,570216;
Arsen;3;20.08.2016 19:00;0,346424;
Arsen;7;20.08.2016 19:00;0,291925;
Arsen;1;20.08.2016 19:00;0,245391;
Arsen;9;20.08.2016 19:00;0,205914;
Arsen;2;20.08.2016 19:00;0,140431;
Arsen;5;20.08.2016 19:00;0,0930366;
Benzol;4;20.08.2016 19:00;0,941054;
Benzol;3;20.08.2016 19:00;0,639113;
Benzol;6;20.08.2016 19:00;0,557565;
Benzol;8;20.08.2016 19:00;0,35118;
Benzol;7;20.08.2016 19:00;0,232166;
Benzol;2;20.08.2016 19:00;0,232057;
Benzol;5;20.08.2016 19:00;0,230006;
Benzol;9;20.08.2016 19:00;0,145465;
Benzol;1;20.08.2016 19:00;0,0526844;
Anilin;4;20.08.2016 19:00;1,03689;
Anilin;6;20.08.2016 19:00;0,713386;
Anilin;5;20.08.2016 19:00;0,65556;
Anilin;8;20.08.2016 19:00;0,511764;
Anilin;9;20.08.2016 19:00;0,431735;
Anilin;7;20.08.2016 19:00;0,393205;
Anilin;1;20.08.2016 19:00;0,158872;
Anilin;2;20.08.2016 19:00;0,0712356;
Anilin;3;20.08.2016 19:00;0,00245177;
Natriumchlorid;4;20.08.2016 20:00;1,37161;
Natriumchlorid;5;20.08.2016 20:00;0,71394;
Natriumchlorid;8;20.08.2016 20:00;0,52999;
Natriumchlorid;3;20.08.2016 20:00;0,391708;
Natriumchlorid;6;20.08.2016 20:00;0,386334;
Natriumchlorid;1;20.08.2016 20:00;0,383237;
Natriumchlorid;7;20.08.2016 20:00;0,199141;
Natriumchlorid;9;20.08.2016 20:00;0,17767;
Natriumchlorid;2;20.08.2016 20:00;0,0760426;
Arsen;3;20.08.2016 20:00;2,08682;
Arsen;8;20.08.2016 20:00;1,39963;
Arsen;4;20.08.2016 20:00;1,18644;
Arsen;9;20.08.2016 20:00;0,449694;
Arsen;5;20.08.2016 20:00;0,391854;
Arsen;6;20.08.2016 20:00;0,371299;
Arsen;2;20.08.2016 20:00;0,229744;
Arsen;7;20.08.2016 20:00;0,143652;
Arsen;1;20.08.2016 20:00;0,0368435;
Benzol;3;20.08.2016 20:00;1,70997;
Benzol;4;20.08.2016 20:00;1,09718;
Benzol;6;20.08.2016 20:00;0,466529;
Benzol;7;20.08.2016 20:00;0,406177;
Benzol;8;20.08.2016 20:00;0,345163;
Benzol;5;20.08.2016 20:00;0,275704;
Benzol;1;20.08.2016 20:00;0,098735;
Benzol;9;20.08.2016 20:00;0,0853887;
Benzol;2;20.08.2016 20:00;0,0126323;
Anilin;3;20.08.2016 20:00;1,38455;
Anilin;4;20.08.2016 20:00;1,20047;
Anilin;6;20.08.2016 20:00;0,659639;
Anilin;8;20.08.2016 20:00;0,419576;
Anilin;5;20.08.2016 20:00;0,378681;
Anilin;9;20.08.2016 20:00;0,376497;
Anilin;7;20.08.2016 20:00;0,336168;
Anilin;2;20.08.2016 20:00;0,189121;
Anilin;1;20.08.2016 20:00;0,0952762;
Natriumchlorid;4;20.08.2016 21:00;1,20962;
Natriumchlorid;3;20.08.2016 21:00;0,702982;
Natriumchlorid;6;20.08.2016 21:00;0,502676;
Natriumchlorid;1;20.08.2016 21:00;0,322675;
Natriumchlorid;5;20.08.2016 21:00;0,154971;
Natriumchlorid;8;20.08.2016 21:00;0,149012;
Natriumchlorid;2;20.08.2016 21:00;0,148466;
Natriumchlorid;7;20.08.2016 21:00;0,129813;
Natriumchlorid;9;20.08.2016 21:00;0,0387989;
Arsen;3;20.08.2016 21:00;4,09722;
Arsen;4;20.08.2016 21:00;1,04296;
Arsen;5;20.08.2016 21:00;0,852881;
Arsen;8;20.08.2016 21:00;0,83007;
Arsen;2;20.08.2016 21:00;0,767363;
Arsen;6;20.08.2016 21:00;0,471221;
Arsen;1;20.08.2016 21:00;0,408285;
Arsen;9;20.08.2016 21:00;0,126165;
Arsen;7;20.08.2016 21:00;0,00870586;
Benzol;4;20.08.2016 21:00;1,70315;
Benzol;3;20.08.2016 21:00;1,50506;
Benzol;8;20.08.2016 21:00;0,878338;
Benzol;6;20.08.2016 21:00;0,629474;
Benzol;5;20.08.2016 21:00;0,48061;
Benzol;7;20.08.2016 21:00;0,467372;
Benzol;2;20.08.2016 21:00;0,387265;
Benzol;1;20.08.2016 21:00;0,381706;
Benzol;9;20.08.2016 21:00;0,209574;
Anilin;3;20.08.2016 21:00;1,57151;
Anilin;8;20.08.2016 21:00;1,41571;
Anilin;4;20.08.2016 21:00;0,947006;
Anilin;5;20.08.2016 21:00;0,780947;
Anilin;7;20.08.2016 21:00;0,663075;
Anilin;9;20.08.2016 21:00;0,400977;
Anilin;2;20.08.2016 21:00;0,37634;
Anilin;6;20.08.2016 21:00;0,337854;
Anilin;1;20.08.2016 21:00;0,329355;
Natriumchlorid;3;20.08.2016 22:00;2,5105;
Natriumchlorid;4;20.08.2016 22:00;1,32218;
Natriumchlorid;2;20.08.2016 22:00;0,725429;
Natriumchlorid;8;20.08.2016 22:00;0,722868;
Natriumchlorid;6;20.08.2016 22:00;0,416765;
Natriumchlorid;7;20.08.2016 22:00;0,34413;
Natriumchlorid;1;20.08.2016 22:00;0,229335;
Natriumchlorid;5;20.08.2016 22:00;0,20836;
Natriumchlorid;9;20.08.2016 22:00;0,0680395;
Arsen;7;20.08.2016 22:00;1,93158;
Arsen;3;20.08.2016 22:00;0,8317;
Arsen;4;20.08.2016 22:00;0,742574;
Arsen;6;20.08.2016 22:00;0,496476;
Arsen;8;20.08.2016 22:00;0,36736;
Arsen;1;20.08.2016 22:00;0,290571;
Arsen;5;20.08.2016 22:00;0,25625;
Arsen;2;20.08.2016 22:00;0,0779871;
Arsen;9;20.08.2016 22:00;0,0498602;
Benzol;7;20.08.2016 22:00;1,54969;
Benzol;4;20.08.2016 22:00;1,13498;
Benzol;3;20.08.2016 22:00;0,912202;
Benzol;5;20.08.2016 22:00;0,63191;
Benzol;2;20.08.2016 22:00;0,444169;
Benzol;8;20.08.2016 22:00;0,306359;
Benzol;9;20.08.2016 22:00;0,0783845;
Benzol;1;20.08.2016 22:00;0,0120323;
Benzol;6;20.08.2016 22:00;0,0100578;
Anilin;3;20.08.2016 22:00;1,92724;
Anilin;4;20.08.2016 22:00;0,981818;
Anilin;8;20.08.2016 22:00;0,582057;
Anilin;7;20.08.2016 22:00;0,348887;
Anilin;9;20.08.2016 22:00;0,208042;
Anilin;6;20.08.2016 22:00;0,206853;
Anilin;2;20.08.2016 22:00;0,0801313;
Anilin;5;20.08.2016 22:00;0,0655739;
Anilin;1;20.08.2016 22:00;0,0381418;
Natriumchlorid;5;20.08.2016 23:00;4,66195;
Natriumchlorid;3;20.08.2016 23:00;1,33052;
Natriumchlorid;4;20.08.2016 23:00;1,06616;
Natriumchlorid;2;20.08.2016 23:00;0,297734;
Natriumchlorid;7;20.08.2016 23:00;0,259947;
Natriumchlorid;6;20.08.2016 23:00;0,147785;
Natriumchlorid;8;20.08.2016 23:00;0,118639;
Natriumchlorid;9;20.08.2016 23:00;0,111189;
Natriumchlorid;1;20.08.2016 23:00;0,0945736;
Arsen;4;20.08.2016 23:00;0,759331;
Arsen;5;20.08.2016 23:00;0,331083;
Arsen;9;20.08.2016 23:00;0,303288;
Arsen;1;20.08.2016 23:00;0,229335;
Arsen;6;20.08.2016 23:00;0,204029;
Arsen;2;20.08.2016 23:00;0,122702;
Arsen;3;20.08.2016 23:00;0,101293;
Arsen;7;20.08.2016 23:00;0,0495246;
Arsen;8;20.08.2016 23:00;0,0401793;
Benzol;4;20.08.2016 23:00;1,22207;
Benzol;5;20.08.2016 23:00;0,415314;
Benzol;2;20.08.2016 23:00;0,40785;
Benzol;3;20.08.2016 23:00;0,279409;
Benzol;7;20.08.2016 23:00;0,252588;
Benzol;1;20.08.2016 23:00;0,226554;
Benzol;8;20.08.2016 23:00;0,159727;
Benzol;9;20.08.2016 23:00;0,0475791;
Benzol;6;20.08.2016 23:00;0,0234425;
Anilin;3;20.08.2016 23:00;1,44307;
Anilin;4;20.08.2016 23:00;1,02638;
Anilin;6;20.08.2016 23:00;0,695645;
Anilin;7;20.08.2016 23:00;0,461249;
Anilin;2;20.08.2016 23:00;0,392196;
Anilin;1;20.08.2016 23:00;0,291283;
Anilin;5;20.08.2016 23:00;0,180237;
Anilin;8;20.08.2016 23:00;0,105609;
Anilin;9;20.08.2016 23:00;0,0575216;
Natriumchlorid;3;21.08.2016 00:00;2,62361;
Natriumchlorid;5;21.08.2016 00:00;0,998044;
Natriumchlorid;2;21.08.2016 00:00;0,961673;
Natriumchlorid;4;21.08.2016 00:00;0,938566;
Natriumchlorid;7;21.08.2016 00:00;0,86965;
Natriumchlorid;6;21.08.2016 00:00;0,424225;
Natriumchlorid;8;21.08.2016 00:00;0,246549;
Natriumchlorid;9;21.08.2016 00:00;0,232152;
Natriumchlorid;1;21.08.2016 00:00;0,0431435;
Arsen;3;21.08.2016 00:00;2,50739;
Arsen;7;21.08.2016 00:00;1,94097;
Arsen;4;21.08.2016 00:00;1,15174;
Arsen;2;21.08.2016 00:00;0,592486;
Arsen;6;21.08.2016 00:00;0,55838;
Arsen;5;21.08.2016 00:00;0,506737;
Arsen;8;21.08.2016 00:00;0,412165;
Arsen;1;21.08.2016 00:00;0,291012;
Arsen;9;21.08.2016 00:00;0,167711;
Benzol;4;21.08.2016 00:00;1,14792;
Benzol;7;21.08.2016 00:00;0,899303;
Benzol;3;21.08.2016 00:00;0,843802;
Benzol;6;21.08.2016 00:00;0,574496;
Benzol;2;21.08.2016 00:00;0,441503;
Benzol;8;21.08.2016 00:00;0,390314;
Benzol;9;21.08.2016 00:00;0,0479028;
Benzol;1;21.08.2016 00:00;0,028355;
Benzol;5;21.08.2016 00:00;0,00328923;
Anilin;3;21.08.2016 00:00;1,95703;
Anilin;4;21.08.2016 00:00;1,11396;
Anilin;7;21.08.2016 00:00;0,556472;
Anilin;8;21.08.2016 00:00;0,493955;
Anilin;9;21.08.2016 00:00;0,314431;
Anilin;1;21.08.2016 00:00;0,239491;
Anilin;2;21.08.2016 00:00;0,186641;
Anilin;5;21.08.2016 00:00;0,165759;
Anilin;6;21.08.2016 00:00;0,102288;
Natriumchlorid;3;21.08.2016 01:00;2,61589;
Natriumchlorid;4;21.08.2016 01:00;0,956926;
Natriumchlorid;5;21.08.2016 01:00;0,754404;
Natriumchlorid;2;21.08.2016 01:00;0,630835;
Natriumchlorid;7;21.08.2016 01:00;0,572162;
Natriumchlorid;6;21.08.2016 01:00;0,504794;
Natriumchlorid;8;21.08.2016 01:00;0,296739;
Natriumchlorid;1;21.08.2016 01:00;0,167677;
Natriumchlorid;9;21.08.2016 01:00;0,117851;
Arsen;3;21.08.2016 01:00;2,77182;
Arsen;4;21.08.2016 01:00;1,02706;
Arsen;5;21.08.2016 01:00;0,641734;
Arsen;7;21.08.2016 01:00;0,57483;
Arsen;1;21.08.2016 01:00;0,400421;
Arsen;8;21.08.2016 01:00;0,371227;
Arsen;2;21.08.2016 01:00;0,157217;
Arsen;9;21.08.2016 01:00;0,132048;
Arsen;6;21.08.2016 01:00;0,0743633;
Benzol;4;21.08.2016 01:00;1,06249;
Benzol;7;21.08.2016 01:00;0,868732;
Benzol;8;21.08.2016 01:00;0,738982;
Benzol;2;21.08.2016 01:00;0,602767;
Benzol;3;21.08.2016 01:00;0,526759;
Benzol;6;21.08.2016 01:00;0,48354;
Benzol;9;21.08.2016 01:00;0,270871;
Benzol;5;21.08.2016 01:00;0,165435;
Benzol;1;21.08.2016 01:00;0,11944;
Anilin;4;21.08.2016 01:00;1,36536;
Anilin;3;21.08.2016 01:00;0,93542;
Anilin;5;21.08.2016 01:00;0,579519;
Anilin;8;21.08.2016 01:00;0,511796;
Anilin;9;21.08.2016 01:00;0,451809;
Anilin;2;21.08.2016 01:00;0,368516;
Anilin;7;21.08.2016 01:00;0,257176;
Anilin;6;21.08.2016 01:00;0,237334;
Anilin;1;21.08.2016 01:00;0,0398764;
Natriumchlorid;4;21.08.2016 02:00;1,51745;
Natriumchlorid;3;21.08.2016 02:00;1,45769;
Natriumchlorid;8;21.08.2016 02:00;1,02345;
Natriumchlorid;6;21.08.2016 02:00;0,580829;
Natriumchlorid;9;21.08.2016 02:00;0,292218;
Natriumchlorid;5;21.08.2016 02:00;0,187433;
Natriumchlorid;1;21.08.2016 02:00;0,143832;
Natriumchlorid;7;21.08.2016 02:00;0,109485;
Natriumchlorid;2;21.08.2016 02:00;0,108702;
Arsen;4;21.08.2016 02:00;1,46713;
Arsen;8;21.08.2016 02:00;0,633926;
Arsen;7;21.08.2016 02:00;0,590187;
Arsen;3;21.08.2016 02:00;0,43697;
Arsen;6;21.08.2016 02:00;0,379101;
Arsen;2;21.08.2016 02:00;0,213948;
Arsen;1;21.08.2016 02:00;0,0975156;
Arsen;9;21.08.2016 02:00;0,0707203;
Arsen;5;21.08.2016 02:00;0,0186496;
Benzol;4;21.08.2016 02:00;1,14522;
Benzol;6;21.08.2016 02:00;0,976154;
Benzol;3;21.08.2016 02:00;0,974648;
Benzol;8;21.08.2016 02:00;0,35007;
Benzol;2;21.08.2016 02:00;0,323356;
Benzol;5;21.08.2016 02:00;0,321518;
Benzol;7;21.08.2016 02:00;0,29774;
Benzol;9;21.08.2016 02:00;0,190763;
Benzol;1;21.08.2016 02:00;0,113513;
Anilin;4;21.08.2016 02:00;1,34542;
Anilin;2;21.08.2016 02:00;0,814138;
Anilin;6;21.08.2016 02:00;0,637179;
Anilin;3;21.08.2016 02:00;0,606621;
Anilin;5;21.08.2016 02:00;0,480901;
Anilin;8;21.08.2016 02:00;0,296074;
Anilin;1;21.08.2016 02:00;0,0828892;
Anilin;7;21.08.2016 02:00;0,0568432;
Anilin;9;21.08.2016 02:00;0,0146104;
Natriumchlorid;3;21.08.2016 03:00;2,62041;
Natriumchlorid;4;21.08.2016 03:00;0,978008;
Natriumchlorid;8;21.08.2016 03:00;0,507411;
Natriumchlorid;5;21.08.2016 03:00;0,471606;
Natriumchlorid;6;21.08.2016 03:00;0,419346;
Natriumchlorid;9;21.08.2016 03:00;0,31181;
Natriumchlorid;7;21.08.2016 03:00;0,267334;
Natriumchlorid;1;21.08.2016 03:00;0,147578;
Natriumchlorid;2;21.08.2016 03:00;0,100482;
Arsen;8;21.08.2016 03:00;1,08095;
Arsen;4;21.08.2016 03:00;1,05668;
Arsen;7;21.08.2016 03:00;1,00274;
Arsen;2;21.08.2016 03:00;0,655596;
Arsen;6;21.08.2016 03:00;0,498751;
Arsen;9;21.08.2016 03:00;0,257044;
Arsen;3;21.08.2016 03:00;0,25204;
Arsen;5;21.08.2016 03:00;0,0686591;
Arsen;1;21.08.2016 03:00;0,0305414;
Benzol;4;21.08.2016 03:00;0,94811;
Benzol;3;21.08.2016 03:00;0,743806;
Benzol;2;21.08.2016 03:00;0,61223;
Benzol;7;21.08.2016 03:00;0,391569;
Benzol;5;21.08.2016 03:00;0,386624;
Benzol;9;21.08.2016 03:00;0,361095;
Benzol;6;21.08.2016 03:00;0,257735;
Benzol;1;21.08.2016 03:00;0,12184;
Benzol;8;21.08.2016 03:00;0,0940948;
Anilin;4;21.08.2016 03:00;0,986523;
Anilin;2;21.08.2016 03:00;0,819566;
Anilin;3;21.08.2016 03:00;0,717614;
Anilin;9;21.08.2016 03:00;0,510649;
Anilin;7;21.08.2016 03:00;0,375969;
Anilin;5;21.08.2016 03:00;0,358608;
Anilin;1;21.08.2016 03:00;0,249688;
Anilin;6;21.08.2016 03:00;0,128918;
Anilin;8;21.08.2016 03:00;0,00958849;
Natriumchlorid;4;21.08.2016 04:00;1,10262;
Natriumchlorid;3;21.08.2016 04:00;0,992099;
Natriumchlorid;9;21.08.2016 04:00;0,656286;
Natriumchlorid;6;21.08.2016 04:00;0,513639;
Natriumchlorid;8;21.08.2016 04:00;0,492006;
Natriumchlorid;5;21.08.2016 04:00;0,472988;
Natriumchlorid;2;21.08.2016 04:00;0,426595;
Natriumchlorid;7;21.08.2016 04:00;0,170782;
Natriumchlorid;1;21.08.2016 04:00;0,00106531;
Arsen;3;21.08.2016 04:00;5,87673;
Arsen;4;21.08.2016 04:00;1,10449;
Arsen;8;21.08.2016 04:00;0,514279;
Arsen;1;21.08.2016 04:00;0,380531;
Arsen;6;21.08.2016 04:00;0,304091;
Arsen;2;21.08.2016 04:00;0,137987;
Arsen;7;21.08.2016 04:00;0,0851914;
Arsen;5;21.08.2016 04:00;0,0519346;
Arsen;9;21.08.2016 04:00;0,0353451;
Benzol;4;21.08.2016 04:00;1,03744;
Benzol;8;21.08.2016 04:00;0,889468;
Benzol;5;21.08.2016 04:00;0,589154;
Benzol;7;21.08.2016 04:00;0,544667;
Benzol;6;21.08.2016 04:00;0,420545;
Benzol;2;21.08.2016 04:00;0,413848;
Benzol;3;21.08.2016 04:00;0,228139;
Benzol;1;21.08.2016 04:00;0,191606;
Benzol;9;21.08.2016 04:00;0,140753;
Anilin;3;21.08.2016 04:00;1,30528;
Anilin;5;21.08.2016 04:00;1,06884;
Anilin;7;21.08.2016 04:00;0,978245;
Anilin;8;21.08.2016 04:00;0,741002;
Anilin;4;21.08.2016 04:00;0,698467;
Anilin;6;21.08.2016 04:00;0,450398;
Anilin;1;21.08.2016 04:00;0,0774605;
Anilin;9;21.08.2016 04:00;0,0423262;
Anilin;2;21.08.2016 04:00;0,0360545;
Natriumchlorid;4;21.08.2016 05:00;0,911222;
Natriumchlorid;3;21.08.2016 05:00;0,654962;
Natriumchlorid;8;21.08.2016 05:00;0,410076;
Natriumchlorid;5;21.08.2016 05:00;0,359577;
Natriumchlorid;6;21.08.2016 05:00;0,279974;
Natriumchlorid;1;21.08.2016 05:00;0,179316;
Natriumchlorid;9;21.08.2016 05:00;0,143816;
Natriumchlorid;2;21.08.2016 05:00;0,097972;
Natriumchlorid;7;21.08.2016 05:00;0,00414422;
Arsen;3;21.08.2016 05:00;1,29784;
Arsen;4;21.08.2016 05:00;1,07918;
Arsen;7;21.08.2016 05:00;1,04401;
Arsen;2;21.08.2016 05:00;0,826856;
Arsen;9;21.08.2016 05:00;0,449827;
Arsen;8;21.08.2016 05:00;0,309218;
Arsen;1;21.08.2016 05:00;0,144468;
Arsen;6;21.08.2016 05:00;0,0543302;
Arsen;5;21.08.2016 05:00;0,00998116;
Benzol;4;21.08.2016 05:00;1,36759;
Benzol;8;21.08.2016 05:00;0,810617;
Benzol;5;21.08.2016 05:00;0,735325;
Benzol;6;21.08.2016 05:00;0,593073;
Benzol;3;21.08.2016 05:00;0,533668;
Benzol;9;21.08.2016 05:00;0,300535;
Benzol;7;21.08.2016 05:00;0,281062;
Benzol;2;21.08.2016 05:00;0,0494999;
Benzol;1;21.08.2016 05:00;0,00422717;
Anilin;3;21.08.2016 05:00;1,57456;
Anilin;4;21.08.2016 05:00;1,13684;
Anilin;7;21.08.2016 05:00;0,619904;
Anilin;9;21.08.2016 05:00;0,47096;
Anilin;8;21.08.2016 05:00;0,45482;
Anilin;6;21.08.2016 05:00;0,275807;
Anilin;2;21.08.2016 05:00;0,182384;
Anilin;5;21.08.2016 05:00;0,168138;
Anilin;1;21.08.2016 05:00;0,143991;
Natriumchlorid;5;21.08.2016 06:00;5,79118;
Natriumchlorid;4;21.08.2016 06:00;0,934765;
Natriumchlorid;8;21.08.2016 06:00;0,598402;
Natriumchlorid;6;21.08.2016 06:00;0,550952;
Natriumchlorid;1;21.08.2016 06:00;0,3841;
Natriumchlorid;2;21.08.2016 06:00;0,32986;
Natriumchlorid;7;21.08.2016 06:00;0,27039;
Natriumchlorid;3;21.08.2016 06:00;0,173433;
Natriumchlorid;9;21.08.2016 06:00;0,0665248;
Arsen;4;21.08.2016 06:00;1,39624;
Arsen;3;21.08.2016 06:00;0,953228;
Arsen;2;21.08.2016 06:00;0,809994;
Arsen;8;21.08.2016 06:00;0,685359;
Arsen;6;21.08.2016 06:00;0,463046;
Arsen;7;21.08.2016 06:00;0,198352;
Arsen;1;21.08.2016 06:00;0,180885;
Arsen;5;21.08.2016 06:00;0,175378;
Arsen;9;21.08.2016 06:00;0,0343555;
Benzol;4;21.08.2016 06:00;1,40057;
Benzol;8;21.08.2016 06:00;0,848354;
Benzol;3;21.08.2016 06:00;0,821941;
Benzol;2;21.08.2016 06:00;0,737736;
Benzol;9;21.08.2016 06:00;0,195734;
Benzol;1;21.08.2016 06:00;0,172072;
Benzol;7;21.08.2016 06:00;0,135275;
Benzol;5;21.08.2016 06:00;0,119803;
Benzol;6;21.08.2016 06:00;0,0715396;
Anilin;4;21.08.2016 06:00;1,23611;
Anilin;5;21.08.2016 06:00;0,395142;
Anilin;3;21.08.2016 06:00;0,320854;
Anilin;7;21.08.2016 06:00;0,228392;
Anilin;8;21.08.2016 06:00;0,155572;
Anilin;6;21.08.2016 06:00;0,129956;
Anilin;2;21.08.2016 06:00;0,084828;
Anilin;9;21.08.2016 06:00;0,0782287;
Anilin;1;21.08.2016 06:00;0,0052825;
Natriumchlorid;3;21.08.2016 07:00;1,19406;
Natriumchlorid;4;21.08.2016 07:00;0,930596;
Natriumchlorid;2;21.08.2016 07:00;0,869499;
Natriumchlorid;5;21.08.2016 07:00;0,819332;
Natriumchlorid;6;21.08.2016 07:00;0,573179;
Natriumchlorid;9;21.08.2016 07:00;0,310471;
Natriumchlorid;8;21.08.2016 07:00;0,221499;
Natriumchlorid;7;21.08.2016 07:00;0,189464;
Natriumchlorid;1;21.08.2016 07:00;0,177931;
Arsen;4;21.08.2016 07:00;1,10339;
Arsen;3;21.08.2016 07:00;0,829221;
Arsen;5;21.08.2016 07:00;0,622467;
Arsen;8;21.08.2016 07:00;0,488303;
Arsen;7;21.08.2016 07:00;0,323992;
Arsen;6;21.08.2016 07:00;0,29136;
Arsen;1;21.08.2016 07:00;0,240803;
Arsen;9;21.08.2016 07:00;0,17017;
Arsen;2;21.08.2016 07:00;0,139684;
Benzol;6;21.08.2016 07:00;0,853241;
Benzol;4;21.08.2016 07:00;0,817235;
Benzol;5;21.08.2016 07:00;0,593179;
Benzol;7;21.08.2016 07:00;0,520776;
Benzol;3;21.08.2016 07:00;0,424888;
Benzol;9;21.08.2016 07:00;0,404895;
Benzol;1;21.08.2016 07:00;0,274507;
Benzol;8;21.08.2016 07:00;0,257069;
Benzol;2;21.08.2016 07:00;0,0463841;
Anilin;4;21.08.2016 07:00;0,770594;
Anilin;1;21.08.2016 07:00;0,745857;
Anilin;6;21.08.2016 07:00;0,504864;
Anilin;2;21.08.2016 07:00;0,275709;
Anilin;8;21.08.2016 07:00;0,245362;
Anilin;3;21.08.2016 07:00;0,176664;
Anilin;5;21.08.2016 07:00;0,0780692;
Anilin;9;21.08.2016 07:00;0,0396073;
Anilin;7;21.08.2016 07:00;0,00882174;
Natriumchlorid;4;21.08.2016 08:00;4,41777;
Natriumchlorid;4;21.08.2016 08:00;1,11071;
Natriumchlorid;6;21.08.2016 08:00;0,648696;
Natriumchlorid;3;21.08.2016 08:00;0,497669;
Natriumchlorid;8;21.08.2016 08:00;0,208434;
Natriumchlorid;9;21.08.2016 08:00;0,193856;
Natriumchlorid;5;21.08.2016 08:00;0,157565;
Natriumchlorid;7;21.08.2016 08:00;0,135816;
Natriumchlorid;1;21.08.2016 08:00;0,0489257;
Natriumchlorid;2;21.08.2016 08:00;0,0112994;
Arsen;4;21.08.2016 08:00;1,40181;
Arsen;2;21.08.2016 08:00;0,833439;
Arsen;7;21.08.2016 08:00;0,770065;
Arsen;5;21.08.2016 08:00;0,514386;
Arsen;9;21.08.2016 08:00;0,511035;
Arsen;6;21.08.2016 08:00;0,493394;
Arsen;8;21.08.2016 08:00;0,454096;
Arsen;1;21.08.2016 08:00;0,169489;
Arsen;3;21.08.2016 08:00;0,160221;
Benzol;4;21.08.2016 08:00;2,69956;
Benzol;5;21.08.2016 08:00;0,554416;
Benzol;8;21.08.2016 08:00;0,55082;
Benzol;6;21.08.2016 08:00;0,487143;
Benzol;2;21.08.2016 08:00;0,389796;
Benzol;3;21.08.2016 08:00;0,213258;
Benzol;7;21.08.2016 08:00;0,175398;
Benzol;1;21.08.2016 08:00;0,126443;
Benzol;9;21.08.2016 08:00;0,0599724;
Anilin;3;21.08.2016 08:00;0,806954;
Anilin;8;21.08.2016 08:00;0,728366;
Anilin;6;21.08.2016 08:00;0,580416;
Anilin;5;21.08.2016 08:00;0,466064;
Anilin;2;21.08.2016 08:00;0,288209;
Anilin;1;21.08.2016 08:00;0,278425;
Anilin;7;21.08.2016 08:00;0,220841;
Anilin;9;21.08.2016 08:00;0,016789;
Natriumchlorid;4;21.08.2016 09:00;11,85315;
Natriumchlorid;4;21.08.2016 09:00;2,5537;
Natriumchlorid;7;21.08.2016 09:00;0,97739;
Natriumchlorid;5;21.08.2016 09:00;0,891673;
Natriumchlorid;1;21.08.2016 09:00;0,508369;
Natriumchlorid;2;21.08.2016 09:00;0,271527;
Natriumchlorid;3;21.08.2016 09:00;0,153937;
Natriumchlorid;8;21.08.2016 09:00;0,109766;
Natriumchlorid;6;21.08.2016 09:00;0,072069;
Natriumchlorid;9;21.08.2016 09:00;0,0321896;
Arsen;4;21.08.2016 09:00;0,825512;
Arsen;5;21.08.2016 09:00;0,703159;
Arsen;6;21.08.2016 09:00;0,535508;
Arsen;9;21.08.2016 09:00;0,306571;
Arsen;3;21.08.2016 09:00;0,259607;
Arsen;8;21.08.2016 09:00;0,172506;
Arsen;2;21.08.2016 09:00;0,145101;
Arsen;1;21.08.2016 09:00;0,043992;
Arsen;7;21.08.2016 09:00;0,0321332;
Benzol;3;21.08.2016 09:00;4,05173;
Benzol;4;21.08.2016 09:00;1,38469;
Benzol;7;21.08.2016 09:00;1,15359;
Benzol;6;21.08.2016 09:00;0,466869;
Benzol;8;21.08.2016 09:00;0,37595;
Benzol;9;21.08.2016 09:00;0,365149;
Benzol;1;21.08.2016 09:00;0,119838;
Benzol;2;21.08.2016 09:00;0,114712;
Benzol;5;21.08.2016 09:00;0,0470347;
Anilin;7;21.08.2016 09:00;0,876058;
Anilin;6;21.08.2016 09:00;0,813478;
Anilin;8;21.08.2016 09:00;0,56143;
Anilin;3;21.08.2016 09:00;0,414571;
Anilin;2;21.08.2016 09:00;0,314821;
Anilin;5;21.08.2016 09:00;0,208018;
Anilin;1;21.08.2016 09:00;0,128747;
Anilin;9;21.08.2016 09:00;0,0595808;
Natriumchlorid;4;21.08.2016 10:00;11,81091;
Natriumchlorid;4;21.08.2016 10:00;2,20532;
Natriumchlorid;3;21.08.2016 10:00;0,922127;
Natriumchlorid;2;21.08.2016 10:00;0,799348;
Natriumchlorid;6;21.08.2016 10:00;0,484375;
Natriumchlorid;7;21.08.2016 10:00;0,378477;
Natriumchlorid;1;21.08.2016 10:00;0,337072;
Natriumchlorid;9;21.08.2016 10:00;0,288136;
Natriumchlorid;8;21.08.2016 10:00;0,0419638;
Natriumchlorid;5;21.08.2016 10:00;0,019037;
Arsen;9;21.08.2016 10:00;1,40596;
Arsen;4;21.08.2016 10:00;0,701074;
Arsen;1;21.08.2016 10:00;0,614129;
Arsen;6;21.08.2016 10:00;0,580945;
Arsen;2;21.08.2016 10:00;0,557769;
Arsen;8;21.08.2016 10:00;0,459567;
Arsen;3;21.08.2016 10:00;0,255886;
Arsen;5;21.08.2016 10:00;0,0708817;
Arsen;7;21.08.2016 10:00;0,0101303;
Benzol;4;21.08.2016 10:00;4,16635;
Benzol;7;21.08.2016 10:00;0,726976;
Benzol;8;21.08.2016 10:00;0,443152;
Benzol;5;21.08.2016 10:00;0,354837;
Benzol;3;21.08.2016 10:00;0,334614;
Benzol;9;21.08.2016 10:00;0,321201;
Benzol;1;21.08.2016 10:00;0,142765;
Benzol;6;21.08.2016 10:00;0,0814986;
Benzol;2;21.08.2016 10:00;0,0119436;
Anilin;3;21.08.2016 10:00;0,993775;
Anilin;6;21.08.2016 10:00;0,585154;
Anilin;5;21.08.2016 10:00;0,445195;
Anilin;7;21.08.2016 10:00;0,326812;
Anilin;2;21.08.2016 10:00;0,230835;
Anilin;8;21.08.2016 10:00;0,202567;
Anilin;1;21.08.2016 10:00;0,194514;
Anilin;9;21.08.2016 10:00;0,0801932;
Natriumchlorid;4;21.08.2016 11:00;1,34074;
Natriumchlorid;3;21.08.2016 11:00;1,18972;
Natriumchlorid;6;21.08.2016 11:00;0,590505;
Natriumchlorid;1;21.08.2016 11:00;0,544517;
Natriumchlorid;5;21.08.2016 11:00;0,162144;
Natriumchlorid;2;21.08.2016 11:00;0,138501;
Natriumchlorid;8;21.08.2016 11:00;0,12485;
Natriumchlorid;9;21.08.2016 11:00;0,0959597;
Natriumchlorid;7;21.08.2016 11:00;0,05994;
Arsen;9;21.08.2016 11:00;1,2497;
Arsen;4;21.08.2016 11:00;0,834825;
Arsen;7;21.08.2016 11:00;0,736897;
Arsen;3;21.08.2016 11:00;0,608855;
Arsen;5;21.08.2016 11:00;0,48985;
Arsen;8;21.08.2016 11:00;0,31395;
Arsen;1;21.08.2016 11:00;0,209237;
Arsen;2;21.08.2016 11:00;0,192535;
Arsen;6;21.08.2016 11:00;0,163623;
Benzol;4;21.08.2016 11:00;4,86572;
Benzol;3;21.08.2016 11:00;3,35659;
Benzol;5;21.08.2016 11:00;0,778946;
Benzol;2;21.08.2016 11:00;0,371966;
Benzol;8;21.08.2016 11:00;0,337616;
Benzol;7;21.08.2016 11:00;0,274507;
Benzol;1;21.08.2016 11:00;0,238976;
Benzol;9;21.08.2016 11:00;0,21296;
Benzol;6;21.08.2016 11:00;0,165701;
Anilin;4;21.08.2016 11:00;1,17625;
Anilin;3;21.08.2016 11:00;0,703996;
Anilin;8;21.08.2016 11:00;0,631353;
Anilin;2;21.08.2016 11:00;0,546306;
Anilin;7;21.08.2016 11:00;0,475141;
Anilin;6;21.08.2016 11:00;0,456742;
Anilin;5;21.08.2016 11:00;0,450061;
Anilin;1;21.08.2016 11:00;0,33841;
Anilin;9;21.08.2016 11:00;0,0750086;
Natriumchlorid;4;21.08.2016 12:00;6,67511;
Natriumchlorid;3;21.08.2016 12:00;2,11792;
Natriumchlorid;4;21.08.2016 12:00;1,75468;
Natriumchlorid;7;21.08.2016 12:00;0,938899;
Natriumchlorid;6;21.08.2016 12:00;0,592757;
Natriumchlorid;5;21.08.2016 12:00;0,515736;
Natriumchlorid;1;21.08.2016 12:00;0,477741;
Natriumchlorid;8;21.08.2016 12:00;0,403503;
Natriumchlorid;2;21.08.2016 12:00;0,325064;
Natriumchlorid;9;21.08.2016 12:00;0,134874;
Arsen;4;21.08.2016 12:00;1,06306;
Arsen;9;21.08.2016 12:00;0,76134;
Arsen;5;21.08.2016 12:00;0,518807;
Arsen;7;21.08.2016 12:00;0,495231;
Arsen;8;21.08.2016 12:00;0,442629;
Arsen;1;21.08.2016 12:00;0,228809;
Arsen;3;21.08.2016 12:00;0,205817;
Arsen;2;21.08.2016 12:00;0,0630874;
Arsen;6;21.08.2016 12:00;0,0352344;
Benzol;7;21.08.2016 12:00;1,93888;
Benzol;8;21.08.2016 12:00;0,975857;
Benzol;4;21.08.2016 12:00;0,770117;
Benzol;3;21.08.2016 12:00;0,689564;
Benzol;5;21.08.2016 12:00;0,521379;
Benzol;9;21.08.2016 12:00;0,425674;
Benzol;6;21.08.2016 12:00;0,401431;
Benzol;2;21.08.2016 12:00;0,049837;
Benzol;1;21.08.2016 12:00;0,043157;
Anilin;2;21.08.2016 12:00;0,759687;
Anilin;8;21.08.2016 12:00;0,652032;
Anilin;1;21.08.2016 12:00;0,583687;
Anilin;5;21.08.2016 12:00;0,486206;
Anilin;9;21.08.2016 12:00;0,343925;
Anilin;6;21.08.2016 12:00;0,33803;
Anilin;3;21.08.2016 12:00;0,299592;
Anilin;7;21.08.2016 12:00;0,172422;
Natriumchlorid;3;21.08.2016 13:00;1,08862;
Natriumchlorid;4;21.08.2016 13:00;0,78677;
Natriumchlorid;9;21.08.2016 13:00;0,667982;
Natriumchlorid;6;21.08.2016 13:00;0,652317;
Natriumchlorid;5;21.08.2016 13:00;0,552495;
Natriumchlorid;8;21.08.2016 13:00;0,459227;
Natriumchlorid;2;21.08.2016 13:00;0,295907;
Natriumchlorid;1;21.08.2016 13:00;0,188297;
Natriumchlorid;7;21.08.2016 13:00;0,0187925;
Arsen;9;21.08.2016 13:00;1,60516;
Arsen;3;21.08.2016 13:00;1,39812;
Arsen;4;21.08.2016 13:00;1,2612;
Arsen;6;21.08.2016 13:00;0,369458;
Arsen;2;21.08.2016 13:00;0,355804;
Arsen;8;21.08.2016 13:00;0,332065;
Arsen;5;21.08.2016 13:00;0,175414;
Arsen;7;21.08.2016 13:00;0,114514;
Arsen;1;21.08.2016 13:00;0,0512963;
Benzol;4;21.08.2016 13:00;4,82924;
Benzol;3;21.08.2016 13:00;1,43541;
Benzol;8;21.08.2016 13:00;1,07797;
Benzol;2;21.08.2016 13:00;0,392643;
Benzol;6;21.08.2016 13:00;0,363189;
Benzol;7;21.08.2016 13:00;0,327536;
Benzol;5;21.08.2016 13:00;0,119484;
Benzol;1;21.08.2016 13:00;0,0389188;
Benzol;9;21.08.2016 13:00;0,021954;
Anilin;3;21.08.2016 13:00;1,38062;
Anilin;4;21.08.2016 13:00;1,21995;
Anilin;8;21.08.2016 13:00;1,01236;
Anilin;7;21.08.2016 13:00;0,830502;
Anilin;5;21.08.2016 13:00;0,416555;
Anilin;6;21.08.2016 13:00;0,345183;
Anilin;1;21.08.2016 13:00;0,312168;
Anilin;9;21.08.2016 13:00;0,184708;
Anilin;2;21.08.2016 13:00;0,0504609;
Natriumchlorid;4;21.08.2016 14:00;38,58217;
Natriumchlorid;4;21.08.2016 14:00;5,19687;
Natriumchlorid;8;21.08.2016 14:00;0,919422;
Natriumchlorid;5;21.08.2016 14:00;0,679864;
Natriumchlorid;6;21.08.2016 14:00;0,637303;
Natriumchlorid;3;21.08.2016 14:00;0,616124;
Natriumchlorid;7;21.08.2016 14:00;0,351991;
Natriumchlorid;1;21.08.2016 14:00;0,240069;
Natriumchlorid;2;21.08.2016 14:00;0,09354;
Natriumchlorid;9;21.08.2016 14:00;0,0825982;
Arsen;9;21.08.2016 14:00;3,96245;
Arsen;3;21.08.2016 14:00;2,30619;
Arsen;5;21.08.2016 14:00;1,01782;
Arsen;4;21.08.2016 14:00;0,895028;
Arsen;6;21.08.2016 14:00;0,263277;
Arsen;2;21.08.2016 14:00;0,156576;
Arsen;7;21.08.2016 14:00;0,1424;
Arsen;8;21.08.2016 14:00;0,140163;
Arsen;1;21.08.2016 14:00;0,0396233;
Benzol;4;21.08.2016 14:00;4,55123;
Benzol;7;21.08.2016 14:00;1,43081;
Benzol;3;21.08.2016 14:00;0,256706;
Benzol;8;21.08.2016 14:00;0,216754;
Benzol;6;21.08.2016 14:00;0,209567;
Benzol;1;21.08.2016 14:00;0,208103;
Benzol;5;21.08.2016 14:00;0,107049;
Benzol;2;21.08.2016 14:00;0,0893813;
Benzol;9;21.08.2016 14:00;0,0526241;
Anilin;7;21.08.2016 14:00;2,06258;
Anilin;8;21.08.2016 14:00;0,52455;
Anilin;5;21.08.2016 14:00;0,50647;
Anilin;1;21.08.2016 14:00;0,372468;
Anilin;9;21.08.2016 14:00;0,371803;
Anilin;2;21.08.2016 14:00;0,28248;
Anilin;6;21.08.2016 14:00;0,278578;
Anilin;3;21.08.2016 14:00;0,121075;
Natriumchlorid;4;21.08.2016 15:00;22,39014;
Natriumchlorid;4;21.08.2016 15:00;2,76166;
Natriumchlorid;3;21.08.2016 15:00;1,29503;
Natriumchlorid;5;21.08.2016 15:00;0,574411;
Natriumchlorid;2;21.08.2016 15:00;0,173988;
Natriumchlorid;8;21.08.2016 15:00;0,16412;
Natriumchlorid;1;21.08.2016 15:00;0,15255;
Natriumchlorid;9;21.08.2016 15:00;0,15154;
Natriumchlorid;7;21.08.2016 15:00;0,142697;
Natriumchlorid;6;21.08.2016 15:00;0,115142;
Arsen;3;21.08.2016 15:00;2,33951;
Arsen;9;21.08.2016 15:00;1,95339;
Arsen;4;21.08.2016 15:00;1,3715;
Arsen;7;21.08.2016 15:00;0,598383;
Arsen;5;21.08.2016 15:00;0,483311;
Arsen;6;21.08.2016 15:00;0,482822;
Arsen;8;21.08.2016 15:00;0,243504;
Arsen;1;21.08.2016 15:00;0,176068;
Arsen;2;21.08.2016 15:00;0,046348;
Benzol;4;21.08.2016 15:00;3,12539;
Benzol;3;21.08.2016 15:00;0,739219;
Benzol;6;21.08.2016 15:00;0,364417;
Benzol;8;21.08.2016 15:00;0,273618;
Benzol;1;21.08.2016 15:00;0,202532;
Benzol;5;21.08.2016 15:00;0,142926;
Benzol;7;21.08.2016 15:00;0,105784;
Benzol;2;21.08.2016 15:00;0,0713001;
Benzol;9;21.08.2016 15:00;0,0491611;
Anilin;5;21.08.2016 15:00;0,712635;
Anilin;6;21.08.2016 15:00;0,407353;
Anilin;9;21.08.2016 15:00;0,240521;
Anilin;7;21.08.2016 15:00;0,223076;
Anilin;8;21.08.2016 15:00;0,216482;
Anilin;3;21.08.2016 15:00;0,168586;
Anilin;1;21.08.2016 15:00;0,0919105;
Anilin;2;21.08.2016 15:00;0,0707199;
Natriumchlorid;4;21.08.2016 16:00;40,75027;
Natriumchlorid;4;21.08.2016 16:00;4,90815;
Natriumchlorid;3;21.08.2016 16:00;1,49924;
Natriumchlorid;6;21.08.2016 16:00;0,527325;
Natriumchlorid;5;21.08.2016 16:00;0,480299;
Natriumchlorid;7;21.08.2016 16:00;0,469671;
Natriumchlorid;1;21.08.2016 16:00;0,368333;
Natriumchlorid;9;21.08.2016 16:00;0,299473;
Natriumchlorid;2;21.08.2016 16:00;0,285922;
Natriumchlorid;8;21.08.2016 16:00;0,172615;
Arsen;9;21.08.2016 16:00;3,75369;
Arsen;7;21.08.2016 16:00;2,68521;
Arsen;4;21.08.2016 16:00;0,902415;
Arsen;8;21.08.2016 16:00;0,826812;
Arsen;5;21.08.2016 16:00;0,599284;
Arsen;3;21.08.2016 16:00;0,472263;
Arsen;1;21.08.2016 16:00;0,239926;
Arsen;6;21.08.2016 16:00;0,209374;
Arsen;2;21.08.2016 16:00;0,0606513;
Benzol;4;21.08.2016 16:00;3,08101;
Benzol;3;21.08.2016 16:00;2,47695;
Benzol;7;21.08.2016 16:00;0,846528;
Benzol;8;21.08.2016 16:00;0,575026;
Benzol;6;21.08.2016 16:00;0,375621;
Benzol;9;21.08.2016 16:00;0,270683;
Benzol;1;21.08.2016 16:00;0,263786;
Benzol;2;21.08.2016 16:00;0,21098;
Benzol;5;21.08.2016 16:00;0,138504;
Anilin;3;21.08.2016 16:00;1,47612;
Anilin;2;21.08.2016 16:00;0,55594;
Anilin;6;21.08.2016 16:00;0,516057;
Anilin;7;21.08.2016 16:00;0,479396;
Anilin;8;21.08.2016 16:00;0,347139;
Anilin;9;21.08.2016 16:00;0,155159;
Anilin;5;21.08.2016 16:00;0,14879;
Anilin;1;21.08.2016 16:00;0,0302237;
Natriumchlorid;4;21.08.2016 17:00;1,35689;
Natriumchlorid;3;21.08.2016 17:00;1,28899;
Natriumchlorid;8;21.08.2016 17:00;0,468027;
Natriumchlorid;2;21.08.2016 17:00;0,450751;
Natriumchlorid;9;21.08.2016 17:00;0,448796;
Natriumchlorid;6;21.08.2016 17:00;0,420484;
Natriumchlorid;5;21.08.2016 17:00;0,254697;
Natriumchlorid;7;21.08.2016 17:00;0,18214;
Natriumchlorid;1;21.08.2016 17:00;0,073517;
Arsen;4;21.08.2016 17:00;1,36733;
Arsen;6;21.08.2016 17:00;0,58811;
Arsen;3;21.08.2016 17:00;0,416884;
Arsen;5;21.08.2016 17:00;0,327663;
Arsen;9;21.08.2016 17:00;0,313973;
Arsen;8;21.08.2016 17:00;0,278741;
Arsen;7;21.08.2016 17:00;0,255287;
Arsen;2;21.08.2016 17:00;0,046459;
Arsen;1;21.08.2016 17:00;0,0345711;
Benzol;4;21.08.2016 17:00;2,72492;
Benzol;8;21.08.2016 17:00;1,36532;
Benzol;5;21.08.2016 17:00;0,944437;
Benzol;3;21.08.2016 17:00;0,492023;
Benzol;1;21.08.2016 17:00;0,39008;
Benzol;6;21.08.2016 17:00;0,319522;
Benzol;2;21.08.2016 17:00;0,221537;
Benzol;7;21.08.2016 17:00;0,173068;
Benzol;9;21.08.2016 17:00;0,0551416;
Anilin;3;21.08.2016 17:00;4,23049;
Anilin;4;21.08.2016 17:00;1,01679;
Anilin;7;21.08.2016 17:00;0,952032;
Anilin;8;21.08.2016 17:00;0,79204;
Anilin;5;21.08.2016 17:00;0,672059;
Anilin;1;21.08.2016 17:00;0,58783;
Anilin;6;21.08.2016 17:00;0,289048;
Anilin;2;21.08.2016 17:00;0,144946;
Anilin;9;21.08.2016 17:00;0,140147;
Natriumchlorid;7;21.08.2016 18:00;1,57591;
Natriumchlorid;4;21.08.2016 18:00;1,36928;
Natriumchlorid;2;21.08.2016 18:00;0,870121;
Natriumchlorid;3;21.08.2016 18:00;0,576901;
Natriumchlorid;6;21.08.2016 18:00;0,44975;
Natriumchlorid;5;21.08.2016 18:00;0,335807;
Natriumchlorid;8;21.08.2016 18:00;0,159983;
Natriumchlorid;9;21.08.2016 18:00;0,147247;
Natriumchlorid;1;21.08.2016 18:00;0,101871;
Arsen;3;21.08.2016 18:00;1,82058;
Arsen;4;21.08.2016 18:00;1,18689;
Arsen;7;21.08.2016 18:00;0,602796;
Arsen;6;21.08.2016 18:00;0,582355;
Arsen;5;21.08.2016 18:00;0,460612;
Arsen;9;21.08.2016 18:00;0,452487;
Arsen;8;21.08.2016 18:00;0,361431;
Arsen;1;21.08.2016 18:00;0,275213;
Arsen;2;21.08.2016 18:00;0,268171;
Benzol;3;21.08.2016 18:00;1,63982;
Benzol;4;21.08.2016 18:00;1,12472;
Benzol;7;21.08.2016 18:00;0,810556;
Benzol;8;21.08.2016 18:00;0,561453;
Benzol;5;21.08.2016 18:00;0,487679;
Benzol;9;21.08.2016 18:00;0,473783;
Benzol;6;21.08.2016 18:00;0,379655;
Benzol;1;21.08.2016 18:00;0,339891;
Benzol;2;21.08.2016 18:00;0,157125;
Anilin;3;21.08.2016 18:00;1,57719;
Anilin;4;21.08.2016 18:00;0,950205;
Anilin;7;21.08.2016 18:00;0,875707;
Anilin;6;21.08.2016 18:00;0,654571;
Anilin;8;21.08.2016 18:00;0,421905;
Anilin;2;21.08.2016 18:00;0,395293;
Anilin;5;21.08.2016 18:00;0,343368;
Anilin;9;21.08.2016 18:00;0,0636436;
Anilin;1;21.08.2016 18:00;0,0534739;
Natriumchlorid;3;21.08.2016 19:00;2,26998;
Natriumchlorid;4;21.08.2016 19:00;1,04587;
Natriumchlorid;8;21.08.2016 19:00;0,932644;
Natriumchlorid;5;21.08.2016 19:00;0,665261;
Natriumchlorid;7;21.08.2016 19:00;0,452299;
Natriumchlorid;6;21.08.2016 19:00;0,227021;
Natriumchlorid;2;21.08.2016 19:00;0,202096;
Natriumchlorid;1;21.08.2016 19:00;0,178978;
Natriumchlorid;9;21.08.2016 19:00;0,0113412;
Arsen;3;21.08.2016 19:00;1,51571;
Arsen;4;21.08.2016 19:00;0,997708;
Arsen;6;21.08.2016 19:00;0,649394;
Arsen;5;21.08.2016 19:00;0,616469;
Arsen;9;21.08.2016 19:00;0,422436;
Arsen;7;21.08.2016 19:00;0,249026;
Arsen;8;21.08.2016 19:00;0,192795;
Arsen;1;21.08.2016 19:00;0,173106;
Arsen;2;21.08.2016 19:00;0,0746148;
Benzol;4;21.08.2016 19:00;1,2772;
Benzol;2;21.08.2016 19:00;0,528066;
Benzol;8;21.08.2016 19:00;0,361001;
Benzol;5;21.08.2016 19:00;0,325948;
Benzol;6;21.08.2016 19:00;0,278891;
Benzol;3;21.08.2016 19:00;0,159843;
Benzol;7;21.08.2016 19:00;0,143323;
Benzol;1;21.08.2016 19:00;0,0131087;
Benzol;9;21.08.2016 19:00;0,0114693;
Anilin;4;21.08.2016 19:00;1,17641;
Anilin;2;21.08.2016 19:00;0,761484;
Anilin;5;21.08.2016 19:00;0,547419;
Anilin;6;21.08.2016 19:00;0,395463;
Anilin;8;21.08.2016 19:00;0,359432;
Anilin;3;21.08.2016 19:00;0,24277;
Anilin;7;21.08.2016 19:00;0,164281;
Anilin;9;21.08.2016 19:00;0,160119;
Anilin;1;21.08.2016 19:00;0,0755114;
Natriumchlorid;3;21.08.2016 20:00;4,75893;
Natriumchlorid;4;21.08.2016 20:00;1,00064;
Natriumchlorid;6;21.08.2016 20:00;0,650061;
Natriumchlorid;5;21.08.2016 20:00;0,437928;
Natriumchlorid;1;21.08.2016 20:00;0,25931;
Natriumchlorid;8;21.08.2016 20:00;0,251211;
Natriumchlorid;7;21.08.2016 20:00;0,214652;
Natriumchlorid;2;21.08.2016 20:00;0,106548;
Natriumchlorid;9;21.08.2016 20:00;0,0196076;
Arsen;8;21.08.2016 20:00;1,17324;
Arsen;4;21.08.2016 20:00;1,13341;
Arsen;7;21.08.2016 20:00;0,801039;
Arsen;5;21.08.2016 20:00;0,72749;
Arsen;2;21.08.2016 20:00;0,634239;
Arsen;6;21.08.2016 20:00;0,471286;
Arsen;9;21.08.2016 20:00;0,417838;
Arsen;3;21.08.2016 20:00;0,102959;
Arsen;1;21.08.2016 20:00;0,0473098;
Benzol;4;21.08.2016 20:00;1,00873;
Benzol;3;21.08.2016 20:00;0,707459;
Benzol;6;21.08.2016 20:00;0,472968;
Benzol;7;21.08.2016 20:00;0,429628;
Benzol;2;21.08.2016 20:00;0,421191;
Benzol;1;21.08.2016 20:00;0,15233;
Benzol;8;21.08.2016 20:00;0,108411;
Benzol;9;21.08.2016 20:00;0,0461021;
Benzol;5;21.08.2016 20:00;0,0112488;
Anilin;3;21.08.2016 20:00;1,13216;
Anilin;4;21.08.2016 20:00;0,952785;
Anilin;5;21.08.2016 20:00;0,646786;
Anilin;8;21.08.2016 20:00;0,424786;
Anilin;9;21.08.2016 20:00;0,242757;
Anilin;1;21.08.2016 20:00;0,24049;
Anilin;2;21.08.2016 20:00;0,206903;
Anilin;6;21.08.2016 20:00;0,155589;
Anilin;7;21.08.2016 20:00;0,130575;
Natriumchlorid;5;21.08.2016 21:00;4,66159;
Natriumchlorid;3;21.08.2016 21:00;1,17958;
Natriumchlorid;4;21.08.2016 21:00;0,917738;
Natriumchlorid;7;21.08.2016 21:00;0,624598;
Natriumchlorid;8;21.08.2016 21:00;0,405615;
Natriumchlorid;9;21.08.2016 21:00;0,371383;
Natriumchlorid;6;21.08.2016 21:00;0,230815;
Natriumchlorid;2;21.08.2016 21:00;0,192242;
Natriumchlorid;1;21.08.2016 21:00;0,0330368;
Arsen;4;21.08.2016 21:00;0,922643;
Arsen;3;21.08.2016 21:00;0,741477;
Arsen;5;21.08.2016 21:00;0,545061;
Arsen;2;21.08.2016 21:00;0,541988;
Arsen;9;21.08.2016 21:00;0,379452;
Arsen;7;21.08.2016 21:00;0,214239;
Arsen;6;21.08.2016 21:00;0,211627;
Arsen;8;21.08.2016 21:00;0,180234;
Arsen;1;21.08.2016 21:00;0,128486;
Benzol;4;21.08.2016 21:00;1,09514;
Benzol;6;21.08.2016 21:00;0,635763;
Benzol;3;21.08.2016 21:00;0,567579;
Benzol;1;21.08.2016 21:00;0,509275;
Benzol;5;21.08.2016 21:00;0,412004;
Benzol;7;21.08.2016 21:00;0,357941;
Benzol;8;21.08.2016 21:00;0,25609;
Benzol;2;21.08.2016 21:00;0,251534;
Benzol;9;21.08.2016 21:00;0,181883;
Anilin;3;21.08.2016 21:00;2,20961;
Anilin;4;21.08.2016 21:00;1,0663;
Anilin;7;21.08.2016 21:00;0,977024;
Anilin;9;21.08.2016 21:00;0,456648;
Anilin;8;21.08.2016 21:00;0,446324;
Anilin;2;21.08.2016 21:00;0,39764;
Anilin;6;21.08.2016 21:00;0,312268;
Anilin;5;21.08.2016 21:00;0,130537;
Anilin;1;21.08.2016 21:00;0,00741359;
Natriumchlorid;5;21.08.2016 22:00;2,79074;
Natriumchlorid;4;21.08.2016 22:00;0,841986;
Natriumchlorid;7;21.08.2016 22:00;0,830741;
Natriumchlorid;6;21.08.2016 22:00;0,33402;
Natriumchlorid;1;21.08.2016 22:00;0,30935;
Natriumchlorid;9;21.08.2016 22:00;0,283506;
Natriumchlorid;8;21.08.2016 22:00;0,20274;
Natriumchlorid;2;21.08.2016 22:00;0,0491148;
Natriumchlorid;3;21.08.2016 22:00;0,0143964;
Arsen;3;21.08.2016 22:00;2,44059;
Arsen;4;21.08.2016 22:00;1,51785;
Arsen;6;21.08.2016 22:00;0,271812;
Arsen;9;21.08.2016 22:00;0,263831;
Arsen;2;21.08.2016 22:00;0,258889;
Arsen;8;21.08.2016 22:00;0,257983;
Arsen;7;21.08.2016 22:00;0,252166;
Arsen;1;21.08.2016 22:00;0,223701;
Arsen;5;21.08.2016 22:00;0,150887;
Benzol;3;21.08.2016 22:00;2,96262;
Benzol;4;21.08.2016 22:00;0,85649;
Benzol;2;21.08.2016 22:00;0,587819;
Benzol;5;21.08.2016 22:00;0,525995;
Benzol;7;21.08.2016 22:00;0,480603;
Benzol;6;21.08.2016 22:00;0,410232;
Benzol;1;21.08.2016 22:00;0,326689;
Benzol;9;21.08.2016 22:00;0,175267;
Benzol;8;21.08.2016 22:00;0,0774286;
Anilin;3;21.08.2016 22:00;4,16133;
Anilin;4;21.08.2016 22:00;1,16677;
Anilin;7;21.08.2016 22:00;0,947937;
Anilin;8;21.08.2016 22:00;0,569754;
Anilin;5;21.08.2016 22:00;0,455261;
Anilin;6;21.08.2016 22:00;0,43285;
Anilin;2;21.08.2016 22:00;0,360524;
Anilin;9;21.08.2016 22:00;0,13965;
Anilin;1;21.08.2016 22:00;0,0880112;
Natriumchlorid;5;21.08.2016 23:00;3,8005;
Natriumchlorid;3;21.08.2016 23:00;1,01178;
Natriumchlorid;4;21.08.2016 23:00;0,84714;
Natriumchlorid;8;21.08.2016 23:00;0,737277;
Natriumchlorid;6;21.08.2016 23:00;0,461825;
Natriumchlorid;9;21.08.2016 23:00;0,349816;
Natriumchlorid;7;21.08.2016 23:00;0,202112;
Natriumchlorid;1;21.08.2016 23:00;0,140473;
Natriumchlorid;2;21.08.2016 23:00;0,0392441;
Arsen;4;21.08.2016 23:00;1,28752;
Arsen;5;21.08.2016 23:00;0,922198;
Arsen;3;21.08.2016 23:00;0,500302;
Arsen;8;21.08.2016 23:00;0,388141;
Arsen;6;21.08.2016 23:00;0,347277;
Arsen;1;21.08.2016 23:00;0,327831;
Arsen;9;21.08.2016 23:00;0,319862;
Arsen;7;21.08.2016 23:00;0,224793;
Arsen;2;21.08.2016 23:00;0,0297435;
Benzol;7;21.08.2016 23:00;1,07701;
Benzol;8;21.08.2016 23:00;0,827137;
Benzol;4;21.08.2016 23:00;0,779856;
Benzol;5;21.08.2016 23:00;0,393301;
Benzol;1;21.08.2016 23:00;0,296459;
Benzol;3;21.08.2016 23:00;0,270706;
Benzol;9;21.08.2016 23:00;0,249987;
Benzol;6;21.08.2016 23:00;0,229697;
Benzol;2;21.08.2016 23:00;0,0227257;
Anilin;3;21.08.2016 23:00;1,32424;
Anilin;4;21.08.2016 23:00;0,951518;
Anilin;8;21.08.2016 23:00;0,726441;
Anilin;2;21.08.2016 23:00;0,642269;
Anilin;9;21.08.2016 23:00;0,528283;
Anilin;7;21.08.2016 23:00;0,454855;
Anilin;1;21.08.2016 23:00;0,196626;
Anilin;5;21.08.2016 23:00;0,102645;
Anilin;6;21.08.2016 23:00;0,079083;
Natriumchlorid;4;22.08.2016 00:00;1,08302;
Natriumchlorid;7;22.08.2016 00:00;0,940415;
Natriumchlorid;9;22.08.2016 00:00;0,456;
Natriumchlorid;2;22.08.2016 00:00;0,367012;
Natriumchlorid;6;22.08.2016 00:00;0,290686;
Natriumchlorid;5;22.08.2016 00:00;0,269158;
Natriumchlorid;8;22.08.2016 00:00;0,235222;
Natriumchlorid;3;22.08.2016 00:00;0,215842;
Natriumchlorid;1;22.08.2016 00:00;0,158666;
Arsen;3;22.08.2016 00:00;1,86646;
Arsen;4;22.08.2016 00:00;1,42014;
Arsen;5;22.08.2016 00:00;0,81268;
Arsen;7;22.08.2016 00:00;0,785691;
Arsen;9;22.08.2016 00:00;0,673854;
Arsen;6;22.08.2016 00:00;0,631854;
Arsen;8;22.08.2016 00:00;0,597952;
Arsen;2;22.08.2016 00:00;0,382023;
Arsen;1;22.08.2016 00:00;0,0446583;
Benzol;2;22.08.2016 00:00;1,03248;
Benzol;4;22.08.2016 00:00;0,707675;
Benzol;8;22.08.2016 00:00;0,679534;
Benzol;3;22.08.2016 00:00;0,656294;
Benzol;5;22.08.2016 00:00;0,596147;
Benzol;6;22.08.2016 00:00;0,424826;
Benzol;9;22.08.2016 00:00;0,320155;
Benzol;1;22.08.2016 00:00;0,318875;
Benzol;7;22.08.2016 00:00;0,0720266;
Anilin;3;22.08.2016 00:00;1,15097;
Anilin;4;22.08.2016 00:00;1,08347;
Anilin;2;22.08.2016 00:00;0,634128;
Anilin;6;22.08.2016 00:00;0,560187;
Anilin;5;22.08.2016 00:00;0,398484;
Anilin;8;22.08.2016 00:00;0,362968;
Anilin;9;22.08.2016 00:00;0,196458;
Anilin;7;22.08.2016 00:00;0,112016;
Anilin;1;22.08.2016 00:00;0,066954;
Natriumchlorid;4;22.08.2016 01:00;1,35819;
Natriumchlorid;3;22.08.2016 01:00;1,0936;
Natriumchlorid;8;22.08.2016 01:00;0,955162;
Natriumchlorid;2;22.08.2016 01:00;0,562581;
Natriumchlorid;6;22.08.2016 01:00;0,229587;
Natriumchlorid;9;22.08.2016 01:00;0,201461;
Natriumchlorid;1;22.08.2016 01:00;0,168962;
Natriumchlorid;7;22.08.2016 01:00;0,0937578;
Natriumchlorid;5;22.08.2016 01:00;0,0271416;
Arsen;3;22.08.2016 01:00;2,71077;
Arsen;7;22.08.2016 01:00;1,98445;
Arsen;4;22.08.2016 01:00;1,0505;
Arsen;2;22.08.2016 01:00;0,405946;
Arsen;6;22.08.2016 01:00;0,352283;
Arsen;8;22.08.2016 01:00;0,344977;
Arsen;1;22.08.2016 01:00;0,20319;
Arsen;9;22.08.2016 01:00;0,129577;
Arsen;5;22.08.2016 01:00;0,128009;
Benzol;7;22.08.2016 01:00;2,04015;
Benzol;4;22.08.2016 01:00;1,21964;
Benzol;5;22.08.2016 01:00;0,51858;
Benzol;6;22.08.2016 01:00;0,419961;
Benzol;8;22.08.2016 01:00;0,418933;
Benzol;2;22.08.2016 01:00;0,414165;
Benzol;3;22.08.2016 01:00;0,19901;
Benzol;1;22.08.2016 01:00;0,153227;
Benzol;9;22.08.2016 01:00;0,00679136;
Anilin;4;22.08.2016 01:00;0,803164;
Anilin;8;22.08.2016 01:00;0,793726;
Anilin;5;22.08.2016 01:00;0,715579;
Anilin;3;22.08.2016 01:00;0,452957;
Anilin;2;22.08.2016 01:00;0,280168;
Anilin;1;22.08.2016 01:00;0,241006;
Anilin;6;22.08.2016 01:00;0,206145;
Anilin;7;22.08.2016 01:00;0,119465;
Anilin;9;22.08.2016 01:00;0,0781435;
Natriumchlorid;5;22.08.2016 02:00;4,19126;
Natriumchlorid;3;22.08.2016 02:00;1,05158;
Natriumchlorid;4;22.08.2016 02:00;0,95917;
Natriumchlorid;6;22.08.2016 02:00;0,552359;
Natriumchlorid;9;22.08.2016 02:00;0,311184;
Natriumchlorid;1;22.08.2016 02:00;0,145691;
Natriumchlorid;8;22.08.2016 02:00;0,104123;
Natriumchlorid;2;22.08.2016 02:00;0,0418137;
Natriumchlorid;7;22.08.2016 02:00;0,0186001;
Arsen;4;22.08.2016 02:00;0,928661;
Arsen;5;22.08.2016 02:00;0,873305;
Arsen;3;22.08.2016 02:00;0,734417;
Arsen;7;22.08.2016 02:00;0,59923;
Arsen;8;22.08.2016 02:00;0,511509;
Arsen;2;22.08.2016 02:00;0,408081;
Arsen;6;22.08.2016 02:00;0,26347;
Arsen;1;22.08.2016 02:00;0,233424;
Arsen;9;22.08.2016 02:00;0,0366542;
Benzol;7;22.08.2016 02:00;1,86004;
Benzol;4;22.08.2016 02:00;0,916996;
Benzol;2;22.08.2016 02:00;0,833608;
Benzol;5;22.08.2016 02:00;0,647178;
Benzol;1;22.08.2016 02:00;0,455675;
Benzol;8;22.08.2016 02:00;0,396098;
Benzol;9;22.08.2016 02:00;0,385601;
Benzol;3;22.08.2016 02:00;0,279031;
Benzol;6;22.08.2016 02:00;0,153836;
Anilin;3;22.08.2016 02:00;1,75473;
Anilin;4;22.08.2016 02:00;1,04645;
Anilin;6;22.08.2016 02:00;0,482722;
Anilin;9;22.08.2016 02:00;0,382222;
Anilin;1;22.08.2016 02:00;0,370501;
Anilin;7;22.08.2016 02:00;0,353499;
Anilin;5;22.08.2016 02:00;0,262583;
Anilin;2;22.08.2016 02:00;0,23178;
Anilin;8;22.08.2016 02:00;0,0144379;
Natriumchlorid;5;22.08.2016 03:00;4,54026;
Natriumchlorid;4;22.08.2016 03:00;1,15112;
Natriumchlorid;3;22.08.2016 03:00;1,00962;
Natriumchlorid;9;22.08.2016 03:00;0,41539;
Natriumchlorid;8;22.08.2016 03:00;0,332655;
Natriumchlorid;7;22.08.2016 03:00;0,28611;
Natriumchlorid;6;22.08.2016 03:00;0,250468;
Natriumchlorid;2;22.08.2016 03:00;0,223468;
Natriumchlorid;1;22.08.2016 03:00;0,198233;
Arsen;4;22.08.2016 03:00;1,33485;
Arsen;3;22.08.2016 03:00;0,700292;
Arsen;6;22.08.2016 03:00;0,386871;
Arsen;8;22.08.2016 03:00;0,383487;
Arsen;9;22.08.2016 03:00;0,360757;
Arsen;5;22.08.2016 03:00;0,340733;
Arsen;2;22.08.2016 03:00;0,304495;
Arsen;1;22.08.2016 03:00;0,131057;
Arsen;7;22.08.2016 03:00;0,00341146;
Benzol;4;22.08.2016 03:00;1,10392;
Benzol;3;22.08.2016 03:00;1,07283;
Benzol;9;22.08.2016 03:00;0,526762;
Benzol;1;22.08.2016 03:00;0,491246;
Benzol;6;22.08.2016 03:00;0,433192;
Benzol;7;22.08.2016 03:00;0,373903;
Benzol;5;22.08.2016 03:00;0,152305;
Benzol;8;22.08.2016 03:00;0,104163;
Benzol;2;22.08.2016 03:00;0,0847002;
Anilin;4;22.08.2016 03:00;0,96528;
Anilin;2;22.08.2016 03:00;0,730276;
Anilin;8;22.08.2016 03:00;0,381833;
Anilin;9;22.08.2016 03:00;0,335932;
Anilin;6;22.08.2016 03:00;0,280449;
Anilin;5;22.08.2016 03:00;0,19671;
Anilin;7;22.08.2016 03:00;0,187955;
Anilin;3;22.08.2016 03:00;0,044173;
Anilin;1;22.08.2016 03:00;0,0249436;
Natriumchlorid;5;22.08.2016 04:00;3,97427;
Natriumchlorid;4;22.08.2016 04:00;1,14076;
Natriumchlorid;3;22.08.2016 04:00;0,636038;
Natriumchlorid;7;22.08.2016 04:00;0,369984;
Natriumchlorid;1;22.08.2016 04:00;0,297543;
Natriumchlorid;6;22.08.2016 04:00;0,266276;
Natriumchlorid;9;22.08.2016 04:00;0,254515;
Natriumchlorid;2;22.08.2016 04:00;0,112199;
Natriumchlorid;8;22.08.2016 04:00;0,0687111;
Arsen;4;22.08.2016 04:00;0,848967;
Arsen;5;22.08.2016 04:00;0,713735;
Arsen;7;22.08.2016 04:00;0,493254;
Arsen;6;22.08.2016 04:00;0,311257;
Arsen;2;22.08.2016 04:00;0,229253;
Arsen;1;22.08.2016 04:00;0,164448;
Arsen;9;22.08.2016 04:00;0,160088;
Arsen;3;22.08.2016 04:00;0,148537;
Arsen;8;22.08.2016 04:00;0,131748;
Benzol;3;22.08.2016 04:00;1,68222;
Benzol;4;22.08.2016 04:00;1,38082;
Benzol;5;22.08.2016 04:00;1,02477;
Benzol;6;22.08.2016 04:00;0,459502;
Benzol;9;22.08.2016 04:00;0,381383;
Benzol;8;22.08.2016 04:00;0,379477;
Benzol;1;22.08.2016 04:00;0,324936;
Benzol;7;22.08.2016 04:00;0,236636;
Benzol;2;22.08.2016 04:00;0,0651947;
Anilin;3;22.08.2016 04:00;1,19729;
Anilin;8;22.08.2016 04:00;0,713879;
Anilin;4;22.08.2016 04:00;0,660758;
Anilin;5;22.08.2016 04:00;0,55512;
Anilin;7;22.08.2016 04:00;0,429816;
Anilin;9;22.08.2016 04:00;0,290893;
Anilin;2;22.08.2016 04:00;0,209349;
Anilin;1;22.08.2016 04:00;0,13333;
Anilin;6;22.08.2016 04:00;0,111466;
Natriumchlorid;5;22.08.2016 05:00;1,49651;
Natriumchlorid;4;22.08.2016 05:00;1,10538;
Natriumchlorid;2;22.08.2016 05:00;0,879905;
Natriumchlorid;7;22.08.2016 05:00;0,543277;
Natriumchlorid;6;22.08.2016 05:00;0,449924;
Natriumchlorid;9;22.08.2016 05:00;0,353487;
Natriumchlorid;3;22.08.2016 05:00;0,190439;
Natriumchlorid;1;22.08.2016 05:00;0,179439;
Natriumchlorid;8;22.08.2016 05:00;0,156199;
Arsen;4;22.08.2016 05:00;1,55775;
Arsen;3;22.08.2016 05:00;0,751236;
Arsen;8;22.08.2016 05:00;0,557618;
Arsen;5;22.08.2016 05:00;0,426638;
Arsen;6;22.08.2016 05:00;0,259894;
Arsen;7;22.08.2016 05:00;0,23656;
Arsen;1;22.08.2016 05:00;0,231455;
Arsen;2;22.08.2016 05:00;0,21293;
Arsen;9;22.08.2016 05:00;0,190855;
Benzol;4;22.08.2016 05:00;0,952905;
Benzol;7;22.08.2016 05:00;0,431033;
Benzol;6;22.08.2016 05:00;0,37448;
Benzol;9;22.08.2016 05:00;0,311256;
Benzol;2;22.08.2016 05:00;0,237396;
Benzol;1;22.08.2016 05:00;0,226446;
Benzol;3;22.08.2016 05:00;0,164874;
Benzol;8;22.08.2016 05:00;0,125393;
Benzol;5;22.08.2016 05:00;0,113603;
Anilin;3;22.08.2016 05:00;1,82824;
Anilin;4;22.08.2016 05:00;0,952102;
Anilin;2;22.08.2016 05:00;0,769211;
Anilin;8;22.08.2016 05:00;0,43903;
Anilin;6;22.08.2016 05:00;0,433905;
Anilin;7;22.08.2016 05:00;0,421092;
Anilin;5;22.08.2016 05:00;0,414954;
Anilin;9;22.08.2016 05:00;0,134586;
Anilin;1;22.08.2016 05:00;0,0619205;
Natriumchlorid;3;22.08.2016 06:00;2,10585;
Natriumchlorid;4;22.08.2016 06:00;0,990615;
Natriumchlorid;7;22.08.2016 06:00;0,766681;
Natriumchlorid;1;22.08.2016 06:00;0,650302;
Natriumchlorid;9;22.08.2016 06:00;0,334643;
Natriumchlorid;5;22.08.2016 06:00;0,224571;
Natriumchlorid;8;22.08.2016 06:00;0,169042;
Natriumchlorid;2;22.08.2016 06:00;0,146367;
Natriumchlorid;6;22.08.2016 06:00;0,0409751;
Arsen;9;22.08.2016 06:00;1,4378;
Arsen;4;22.08.2016 06:00;1,22087;
Arsen;7;22.08.2016 06:00;1,07292;
Arsen;3;22.08.2016 06:00;0,497477;
Arsen;6;22.08.2016 06:00;0,41319;
Arsen;8;22.08.2016 06:00;0,305761;
Arsen;2;22.08.2016 06:00;0,185562;
Arsen;1;22.08.2016 06:00;0,136246;
Arsen;5;22.08.2016 06:00;0,0330524;
Benzol;4;22.08.2016 06:00;2,76682;
Benzol;3;22.08.2016 06:00;1,79179;
Benzol;5;22.08.2016 06:00;0,674567;
Benzol;2;22.08.2016 06:00;0,567313;
Benzol;6;22.08.2016 06:00;0,54462;
Benzol;8;22.08.2016 06:00;0,398516;
Benzol;7;22.08.2016 06:00;0,283328;
Benzol;9;22.08.2016 06:00;0,281241;
Benzol;1;22.08.2016 06:00;0,271547;
Anilin;3;22.08.2016 06:00;5,23856;
Anilin;4;22.08.2016 06:00;1,01225;
Anilin;8;22.08.2016 06:00;0,653639;
Anilin;2;22.08.2016 06:00;0,580625;
Anilin;7;22.08.2016 06:00;0,263038;
Anilin;6;22.08.2016 06:00;0,247334;
Anilin;9;22.08.2016 06:00;0,223732;
Anilin;5;22.08.2016 06:00;0,209799;
Anilin;1;22.08.2016 06:00;0,0638943;
Natriumchlorid;4;22.08.2016 07:00;1,3123;
Natriumchlorid;7;22.08.2016 07:00;1,01656;
Natriumchlorid;3;22.08.2016 07:00;0,709855;
Natriumchlorid;6;22.08.2016 07:00;0,690541;
Natriumchlorid;8;22.08.2016 07:00;0,634435;
Natriumchlorid;1;22.08.2016 07:00;0,288777;
Natriumchlorid;9;22.08.2016 07:00;0,211182;
Natriumchlorid;2;22.08.2016 07:00;0,210409;
Natriumchlorid;5;22.08.2016 07:00;0,206709;
Arsen;3;22.08.2016 07:00;1,05449;
Arsen;4;22.08.2016 07:00;1,01803;
Arsen;2;22.08.2016 07:00;0,662513;
Arsen;7;22.08.2016 07:00;0,62633;
Arsen;1;22.08.2016 07:00;0,358883;
Arsen;8;22.08.2016 07:00;0,350934;
Arsen;6;22.08.2016 07:00;0,287635;
Arsen;5;22.08.2016 07:00;0,26585;
Arsen;9;22.08.2016 07:00;0,2333;
Benzol;4;22.08.2016 07:00;0,935302;
Benzol;2;22.08.2016 07:00;0,727416;
Benzol;7;22.08.2016 07:00;0,625828;
Benzol;3;22.08.2016 07:00;0,585716;
Benzol;8;22.08.2016 07:00;0,268881;
Benzol;6;22.08.2016 07:00;0,21674;
Benzol;1;22.08.2016 07:00;0,146675;
Benzol;9;22.08.2016 07:00;0,110935;
Benzol;5;22.08.2016 07:00;0,0216284;
Anilin;4;22.08.2016 07:00;1,17326;
Anilin;3;22.08.2016 07:00;0,817851;
Anilin;6;22.08.2016 07:00;0,662219;
Anilin;2;22.08.2016 07:00;0,649732;
Anilin;1;22.08.2016 07:00;0,437272;
Anilin;7;22.08.2016 07:00;0,33027;
Anilin;8;22.08.2016 07:00;0,196356;
Anilin;9;22.08.2016 07:00;0,180485;
Anilin;5;22.08.2016 07:00;0,0860508;
Natriumchlorid;9;22.08.2016 08:00;5,54201;
Natriumchlorid;7;22.08.2016 08:00;1,25367;
Natriumchlorid;4;22.08.2016 08:00;1,2474;
Natriumchlorid;9;22.08.2016 08:00;0,810742;
Natriumchlorid;8;22.08.2016 08:00;0,795768;
Natriumchlorid;3;22.08.2016 08:00;0,501137;
Natriumchlorid;5;22.08.2016 08:00;0,287804;
Natriumchlorid;1;22.08.2016 08:00;0,181207;
Natriumchlorid;6;22.08.2016 08:00;0,067587;
Natriumchlorid;2;22.08.2016 08:00;0,0416624;
Arsen;3;22.08.2016 08:00;1,62239;
Arsen;4;22.08.2016 08:00;1,50269;
Arsen;5;22.08.2016 08:00;0,682714;
Arsen;7;22.08.2016 08:00;0,654779;
Arsen;2;22.08.2016 08:00;0,453714;
Arsen;6;22.08.2016 08:00;0,437823;
Arsen;8;22.08.2016 08:00;0,375705;
Arsen;9;22.08.2016 08:00;0,160477;
Arsen;1;22.08.2016 08:00;0,00352854;
Benzol;4;22.08.2016 08:00;1,03115;
Benzol;3;22.08.2016 08:00;0,828089;
Benzol;6;22.08.2016 08:00;0,640393;
Benzol;2;22.08.2016 08:00;0,604498;
Benzol;8;22.08.2016 08:00;0,530409;
Benzol;5;22.08.2016 08:00;0,484532;
Benzol;9;22.08.2016 08:00;0,400421;
Benzol;7;22.08.2016 08:00;0,327104;
Benzol;1;22.08.2016 08:00;0,250808;
Anilin;3;22.08.2016 08:00;1,9208;
Anilin;4;22.08.2016 08:00;1,014;
Anilin;2;22.08.2016 08:00;0,894356;
Anilin;7;22.08.2016 08:00;0,580782;
Anilin;6;22.08.2016 08:00;0,402517;
Anilin;1;22.08.2016 08:00;0,328019;
Anilin;5;22.08.2016 08:00;0,0609894;
Anilin;8;22.08.2016 08:00;0,00144823;
Natriumchlorid;6;22.08.2016 09:00;21,53433;
Natriumchlorid;6;22.08.2016 09:00;2,6998;
Natriumchlorid;7;22.08.2016 09:00;1,22743;
Natriumchlorid;2;22.08.2016 09:00;1,0492;
Natriumchlorid;5;22.08.2016 09:00;0,857632;
Natriumchlorid;4;22.08.2016 09:00;0,721115;
Natriumchlorid;8;22.08.2016 09:00;0,484576;
Natriumchlorid;9;22.08.2016 09:00;0,227851;
Natriumchlorid;3;22.08.2016 09:00;0,117154;
Natriumchlorid;1;22.08.2016 09:00;0,07924;
Arsen;3;22.08.2016 09:00;2,14434;
Arsen;4;22.08.2016 09:00;1,1861;
Arsen;8;22.08.2016 09:00;0,791003;
Arsen;7;22.08.2016 09:00;0,615655;
Arsen;5;22.08.2016 09:00;0,523028;
Arsen;6;22.08.2016 09:00;0,303627;
Arsen;2;22.08.2016 09:00;0,034616;
Arsen;1;22.08.2016 09:00;0,0209591;
Arsen;9;22.08.2016 09:00;0,0186404;
Benzol;3;22.08.2016 09:00;1,9619;
Benzol;4;22.08.2016 09:00;1,1038;
Benzol;6;22.08.2016 09:00;0,863831;
Benzol;5;22.08.2016 09:00;0,76352;
Benzol;9;22.08.2016 09:00;0,35081;
Benzol;7;22.08.2016 09:00;0,156644;
Benzol;8;22.08.2016 09:00;0,138871;
Benzol;1;22.08.2016 09:00;0,101059;
Benzol;2;22.08.2016 09:00;0,0594153;
Anilin;7;22.08.2016 09:00;2,05065;
Anilin;4;22.08.2016 09:00;1,07413;
Anilin;3;22.08.2016 09:00;0,822859;
Anilin;8;22.08.2016 09:00;0,564911;
Anilin;9;22.08.2016 09:00;0,470845;
Anilin;5;22.08.2016 09:00;0,396514;
Anilin;1;22.08.2016 09:00;0,267144;
Anilin;2;22.08.2016 09:00;0,165641;
Natriumchlorid;4;22.08.2016 10:00;1,13098;
Natriumchlorid;3;22.08.2016 10:00;0,852549;
Natriumchlorid;2;22.08.2016 10:00;0,523716;
Natriumchlorid;6;22.08.2016 10:00;0,469707;
Natriumchlorid;7;22.08.2016 10:00;0,465808;
Natriumchlorid;5;22.08.2016 10:00;0,416046;
Natriumchlorid;8;22.08.2016 10:00;0,252166;
Natriumchlorid;9;22.08.2016 10:00;0,0684684;
Natriumchlorid;1;22.08.2016 10:00;0,0532057;
Arsen;4;22.08.2016 10:00;1,39804;
Arsen;3;22.08.2016 10:00;1,12365;
Arsen;9;22.08.2016 10:00;0,548777;
Arsen;8;22.08.2016 10:00;0,237085;
Arsen;5;22.08.2016 10:00;0,226142;
Arsen;7;22.08.2016 10:00;0,205778;
Arsen;1;22.08.2016 10:00;0,0871692;
Arsen;6;22.08.2016 10:00;0,0543302;
Arsen;2;22.08.2016 10:00;0,00825032;
Benzol;4;22.08.2016 10:00;1,17231;
Benzol;3;22.08.2016 10:00;1,01232;
Benzol;6;22.08.2016 10:00;0,36763;
Benzol;2;22.08.2016 10:00;0,229049;
Benzol;8;22.08.2016 10:00;0,186294;
Benzol;5;22.08.2016 10:00;0,16515;
Benzol;1;22.08.2016 10:00;0,161522;
Benzol;9;22.08.2016 10:00;0,0143274;
Benzol;7;22.08.2016 10:00;0,00597875;
Anilin;4;22.08.2016 10:00;1,20844;
Anilin;8;22.08.2016 10:00;0,724226;
Anilin;9;22.08.2016 10:00;0,318765;
Anilin;1;22.08.2016 10:00;0,3041;
Anilin;2;22.08.2016 10:00;0,198723;
Anilin;3;22.08.2016 10:00;0,15243;
Anilin;6;22.08.2016 10:00;0,0985753;
Anilin;7;22.08.2016 10:00;0,0225732;
Anilin;5;22.08.2016 10:00;0,0130204;
Natriumchlorid;7;22.08.2016 11:00;1,93626;
Natriumchlorid;4;22.08.2016 11:00;1,08568;
Natriumchlorid;3;22.08.2016 11:00;0,707513;
Natriumchlorid;2;22.08.2016 11:00;0,436461;
Natriumchlorid;8;22.08.2016 11:00;0,33966;
Natriumchlorid;6;22.08.2016 11:00;0,300349;
Natriumchlorid;9;22.08.2016 11:00;0,127872;
Natriumchlorid;1;22.08.2016 11:00;0,0856623;
Natriumchlorid;5;22.08.2016 11:00;0,0402327;
Arsen;8;22.08.2016 11:00;1,15232;
Arsen;4;22.08.2016 11:00;0,916157;
Arsen;6;22.08.2016 11:00;0,78984;
Arsen;7;22.08.2016 11:00;0,728292;
Arsen;9;22.08.2016 11:00;0,583112;
Arsen;3;22.08.2016 11:00;0,505891;
Arsen;2;22.08.2016 11:00;0,423405;
Arsen;1;22.08.2016 11:00;0,205929;
Arsen;5;22.08.2016 11:00;0,0880258;
Benzol;4;22.08.2016 11:00;1,34883;
Benzol;8;22.08.2016 11:00;0,777127;
Benzol;6;22.08.2016 11:00;0,661823;
Benzol;7;22.08.2016 11:00;0,398271;
Benzol;5;22.08.2016 11:00;0,365225;
Benzol;2;22.08.2016 11:00;0,353642;
Benzol;9;22.08.2016 11:00;0,273851;
Benzol;1;22.08.2016 11:00;0,18322;
Benzol;3;22.08.2016 11:00;0,172992;
Anilin;4;22.08.2016 11:00;0,930443;
Anilin;3;22.08.2016 11:00;0,912421;
Anilin;5;22.08.2016 11:00;0,719534;
Anilin;8;22.08.2016 11:00;0,716509;
Anilin;7;22.08.2016 11:00;0,694907;
Anilin;6;22.08.2016 11:00;0,401568;
Anilin;1;22.08.2016 11:00;0,312472;
Anilin;9;22.08.2016 11:00;0,142127;
Anilin;2;22.08.2016 11:00;0,0212288;
Natriumchlorid;3;22.08.2016 12:00;1,72602;
Natriumchlorid;4;22.08.2016 12:00;1,13231;
Natriumchlorid;5;22.08.2016 12:00;0,888422;
Natriumchlorid;2;22.08.2016 12:00;0,689598;
Natriumchlorid;6;22.08.2016 12:00;0,418516;
Natriumchlorid;7;22.08.2016 12:00;0,331059;
Natriumchlorid;1;22.08.2016 12:00;0,182544;
Natriumchlorid;8;22.08.2016 12:00;0,0758161;
Natriumchlorid;9;22.08.2016 12:00;0,0200665;
Arsen;3;22.08.2016 12:00;2,46194;
Arsen;4;22.08.2016 12:00;0,965184;
Arsen;8;22.08.2016 12:00;0,866416;
Arsen;2;22.08.2016 12:00;0,417563;
Arsen;6;22.08.2016 12:00;0,377916;
Arsen;1;22.08.2016 12:00;0,342995;
Arsen;5;22.08.2016 12:00;0,331355;
Arsen;9;22.08.2016 12:00;0,110885;
Arsen;7;22.08.2016 12:00;0,0535222;
Benzol;3;22.08.2016 12:00;1,18574;
Benzol;4;22.08.2016 12:00;1,08093;
Benzol;9;22.08.2016 12:00;0,530181;
Benzol;6;22.08.2016 12:00;0,458623;
Benzol;2;22.08.2016 12:00;0,360911;
Benzol;7;22.08.2016 12:00;0,277233;
Benzol;8;22.08.2016 12:00;0,272499;
Benzol;1;22.08.2016 12:00;0,262163;
Benzol;5;22.08.2016 12:00;0,18977;
Anilin;3;22.08.2016 12:00;1,86605;
Anilin;4;22.08.2016 12:00;1,17986;
Anilin;2;22.08.2016 12:00;0,997852;
Anilin;6;22.08.2016 12:00;0,735684;
Anilin;7;22.08.2016 12:00;0,444149;
Anilin;8;22.08.2016 12:00;0,432425;
Anilin;5;22.08.2016 12:00;0,335665;
Anilin;9;22.08.2016 12:00;0,158604;
Anilin;1;22.08.2016 12:00;0,132352;
Natriumchlorid;3;22.08.2016 13:00;2,98562;
Natriumchlorid;4;22.08.2016 13:00;0,912958;
Natriumchlorid;5;22.08.2016 13:00;0,713735;
Natriumchlorid;7;22.08.2016 13:00;0,594331;
Natriumchlorid;6;22.08.2016 13:00;0,29175;
Natriumchlorid;8;22.08.2016 13:00;0,273885;
Natriumchlorid;9;22.08.2016 13:00;0,223299;
Natriumchlorid;1;22.08.2016 13:00;0,189354;
Natriumchlorid;2;22.08.2016 13:00;0,0648894;
Arsen;3;22.08.2016 13:00;2,10119;
Arsen;2;22.08.2016 13:00;0,931801;
Arsen;4;22.08.2016 13:00;0,792782;
Arsen;5;22.08.2016 13:00;0,493861;
Arsen;9;22.08.2016 13:00;0,301195;
Arsen;6;22.08.2016 13:00;0,294995;
Arsen;7;22.08.2016 13:00;0,228246;
Arsen;1;22.08.2016 13:00;0,145644;
Arsen;8;22.08.2016 13:00;0,144487;
Benzol;7;22.08.2016 13:00;2,36426;
Benzol;3;22.08.2016 13:00;1,55427;
Benzol;4;22.08.2016 13:00;1,01181;
Benzol;8;22.08.2016 13:00;0,783328;
Benzol;6;22.08.2016 13:00;0,359041;
Benzol;1;22.08.2016 13:00;0,216734;
Benzol;5;22.08.2016 13:00;0,11203;
Benzol;9;22.08.2016 13:00;0,100072;
Benzol;2;22.08.2016 13:00;0,0676858;
Anilin;4;22.08.2016 13:00;1,06546;
Anilin;8;22.08.2016 13:00;0,417248;
Anilin;6;22.08.2016 13:00;0,396688;
Anilin;9;22.08.2016 13:00;0,392854;
Anilin;2;22.08.2016 13:00;0,220128;
Anilin;7;22.08.2016 13:00;0,201831;
Anilin;1;22.08.2016 13:00;0,182359;
Anilin;5;22.08.2016 13:00;0,137308;
Anilin;3;22.08.2016 13:00;0,127201;
Natriumchlorid;3;22.08.2016 14:00;2,16733;
Natriumchlorid;4;22.08.2016 14:00;1,29528;
Natriumchlorid;5;22.08.2016 14:00;1,03208;
Natriumchlorid;6;22.08.2016 14:00;0,742246;
Natriumchlorid;8;22.08.2016 14:00;0,550852;
Natriumchlorid;9;22.08.2016 14:00;0,332769;
Natriumchlorid;2;22.08.2016 14:00;0,227975;
Natriumchlorid;7;22.08.2016 14:00;0,217257;
Natriumchlorid;1;22.08.2016 14:00;0,0480674;
Arsen;7;22.08.2016 14:00;2,47335;
Arsen;4;22.08.2016 14:00;1,22288;
Arsen;2;22.08.2016 14:00;0,791509;
Arsen;1;22.08.2016 14:00;0,436439;
Arsen;3;22.08.2016 14:00;0,376261;
Arsen;5;22.08.2016 14:00;0,2982;
Arsen;8;22.08.2016 14:00;0,174912;
Arsen;6;22.08.2016 14:00;0,0913803;
Arsen;9;22.08.2016 14:00;0,0760854;
Benzol;4;22.08.2016 14:00;1,1082;
Benzol;3;22.08.2016 14:00;0,887399;
Benzol;2;22.08.2016 14:00;0,843615;
Benzol;5;22.08.2016 14:00;0,729975;
Benzol;8;22.08.2016 14:00;0,598575;
Benzol;1;22.08.2016 14:00;0,474135;
Benzol;6;22.08.2016 14:00;0,356391;
Benzol;7;22.08.2016 14:00;0,307435;
Benzol;9;22.08.2016 14:00;0,0673838;
Anilin;3;22.08.2016 14:00;3,16643;
Anilin;4;22.08.2016 14:00;1,32458;
Anilin;5;22.08.2016 14:00;0,766259;
Anilin;6;22.08.2016 14:00;0,661606;
Anilin;2;22.08.2016 14:00;0,62006;
Anilin;8;22.08.2016 14:00;0,487425;
Anilin;1;22.08.2016 14:00;0,423034;
Anilin;7;22.08.2016 14:00;0,0634185;
Anilin;9;22.08.2016 14:00;0,0255874;
Natriumchlorid;4;22.08.2016 15:00;1,27677;
Natriumchlorid;5;22.08.2016 15:00;0,957036;
Natriumchlorid;8;22.08.2016 15:00;0,818311;
Natriumchlorid;1;22.08.2016 15:00;0,711791;
Natriumchlorid;2;22.08.2016 15:00;0,703821;
Natriumchlorid;6;22.08.2016 15:00;0,272769;
Natriumchlorid;3;22.08.2016 15:00;0,230787;
Natriumchlorid;9;22.08.2016 15:00;0,120033;
Natriumchlorid;7;22.08.2016 15:00;0,00568532;
Arsen;4;22.08.2016 15:00;0,824922;
Arsen;3;22.08.2016 15:00;0,563226;
Arsen;6;22.08.2016 15:00;0,552748;
Arsen;9;22.08.2016 15:00;0,543711;
Arsen;5;22.08.2016 15:00;0,471628;
Arsen;7;22.08.2016 15:00;0,410954;
Arsen;1;22.08.2016 15:00;0,319075;
Arsen;2;22.08.2016 15:00;0,209427;
Arsen;8;22.08.2016 15:00;0,00197965;
Benzol;6;22.08.2016 15:00;3,45886;
Benzol;3;22.08.2016 15:00;1,25343;
Benzol;4;22.08.2016 15:00;0,898439;
Benzol;7;22.08.2016 15:00;0,812171;
Benzol;8;22.08.2016 15:00;0,418014;
Benzol;2;22.08.2016 15:00;0,402112;
Benzol;9;22.08.2016 15:00;0,307736;
Benzol;1;22.08.2016 15:00;0,199809;
Benzol;5;22.08.2016 15:00;0,0386318;
Anilin;3;22.08.2016 15:00;1,20515;
Anilin;4;22.08.2016 15:00;0,927421;
Anilin;1;22.08.2016 15:00;0,448266;
Anilin;6;22.08.2016 15:00;0,429907;
Anilin;5;22.08.2016 15:00;0,273993;
Anilin;7;22.08.2016 15:00;0,270191;
Anilin;8;22.08.2016 15:00;0,206498;
Anilin;2;22.08.2016 15:00;0,0901543;
Anilin;9;22.08.2016 15:00;0,0219822;
Natriumchlorid;5;22.08.2016 16:00;1,07548;
Natriumchlorid;4;22.08.2016 16:00;0,745261;
Natriumchlorid;8;22.08.2016 16:00;0,576475;
Natriumchlorid;6;22.08.2016 16:00;0,55324;
Natriumchlorid;3;22.08.2016 16:00;0,359755;
Natriumchlorid;7;22.08.2016 16:00;0,103179;
Natriumchlorid;1;22.08.2016 16:00;0,0472517;
Natriumchlorid;9;22.08.2016 16:00;0,0468415;
Natriumchlorid;2;22.08.2016 16:00;0,0363537;
Arsen;3;22.08.2016 16:00;1,78819;
Arsen;4;22.08.2016 16:00;1,52651;
Arsen;7;22.08.2016 16:00;0,962919;
Arsen;5;22.08.2016 16:00;0,774123;
Arsen;8;22.08.2016 16:00;0,730557;
Arsen;2;22.08.2016 16:00;0,3965;
Arsen;6;22.08.2016 16:00;0,229301;
Arsen;1;22.08.2016 16:00;0,0340104;
Arsen;9;22.08.2016 16:00;0,00425173;
Benzol;6;22.08.2016 16:00;5,52658;
Benzol;3;22.08.2016 16:00;1,7465;
Benzol;4;22.08.2016 16:00;0,91667;
Benzol;5;22.08.2016 16:00;0,568222;
Benzol;7;22.08.2016 16:00;0,491091;
Benzol;2;22.08.2016 16:00;0,271228;
Benzol;8;22.08.2016 16:00;0,253874;
Benzol;1;22.08.2016 16:00;0,127261;
Benzol;9;22.08.2016 16:00;0,0509329;
Anilin;3;22.08.2016 16:00;1,50298;
Anilin;4;22.08.2016 16:00;1,15101;
Anilin;2;22.08.2016 16:00;0,641256;
Anilin;6;22.08.2016 16:00;0,538682;
Anilin;5;22.08.2016 16:00;0,466258;
Anilin;8;22.08.2016 16:00;0,13572;
Anilin;9;22.08.2016 16:00;0,113025;
Anilin;1;22.08.2016 16:00;0,0802917;
Anilin;7;22.08.2016 16:00;0,064324;
Natriumchlorid;4;22.08.2016 17:00;1,0941;
Natriumchlorid;3;22.08.2016 17:00;1,00932;
Natriumchlorid;7;22.08.2016 17:00;0,904475;
Natriumchlorid;5;22.08.2016 17:00;0,896809;
Natriumchlorid;8;22.08.2016 17:00;0,551707;
Natriumchlorid;9;22.08.2016 17:00;0,324119;
Natriumchlorid;2;22.08.2016 17:00;0,221292;
Natriumchlorid;1;22.08.2016 17:00;0,158963;
Natriumchlorid;6;22.08.2016 17:00;0,0075664;
Arsen;3;22.08.2016 17:00;1,2183;
Arsen;4;22.08.2016 17:00;1,01549;
Arsen;7;22.08.2016 17:00;0,934883;
Arsen;5;22.08.2016 17:00;0,263445;
Arsen;8;22.08.2016 17:00;0,0946262;
Arsen;9;22.08.2016 17:00;0,066954;
Arsen;6;22.08.2016 17:00;0,0423467;
Arsen;2;22.08.2016 17:00;0,0420599;
Arsen;1;22.08.2016 17:00;0,0240442;
Benzol;6;22.08.2016 17:00;6,02593;
Benzol;3;22.08.2016 17:00;1,80409;
Benzol;7;22.08.2016 17:00;1,42123;
Benzol;4;22.08.2016 17:00;1,32777;
Benzol;2;22.08.2016 17:00;0,47484;
Benzol;8;22.08.2016 17:00;0,337492;
Benzol;9;22.08.2016 17:00;0,330811;
Benzol;5;22.08.2016 17:00;0,314394;
Benzol;1;22.08.2016 17:00;0,0403613;
Anilin;4;22.08.2016 17:00;1,19574;
Anilin;5;22.08.2016 17:00;0,874412;
Anilin;8;22.08.2016 17:00;0,829798;
Anilin;7;22.08.2016 17:00;0,661332;
Anilin;9;22.08.2016 17:00;0,428708;
Anilin;3;22.08.2016 17:00;0,329753;
Anilin;2;22.08.2016 17:00;0,287018;
Anilin;6;22.08.2016 17:00;0,283527;
Anilin;1;22.08.2016 17:00;0,12103;
Natriumchlorid;3;22.08.2016 18:00;3,40778;
Natriumchlorid;4;22.08.2016 18:00;1,10233;
Natriumchlorid;6;22.08.2016 18:00;0,649961;
Natriumchlorid;1;22.08.2016 18:00;0,571165;
Natriumchlorid;9;22.08.2016 18:00;0,465175;
Natriumchlorid;5;22.08.2016 18:00;0,210589;
Natriumchlorid;8;22.08.2016 18:00;0,114562;
Natriumchlorid;7;22.08.2016 18:00;0,019811;
Natriumchlorid;2;22.08.2016 18:00;0,00412076;
Arsen;4;22.08.2016 18:00;0,954205;
Arsen;9;22.08.2016 18:00;0,581211;
Arsen;2;22.08.2016 18:00;0,54841;
Arsen;6;22.08.2016 18:00;0,29438;
Arsen;1;22.08.2016 18:00;0,268408;
Arsen;5;22.08.2016 18:00;0,25556;
Arsen;7;22.08.2016 18:00;0,145032;
Arsen;3;22.08.2016 18:00;0,0492177;
Arsen;8;22.08.2016 18:00;0,0106168;
Benzol;6;22.08.2016 18:00;3,33992;
Benzol;4;22.08.2016 18:00;0,857163;
Benzol;3;22.08.2016 18:00;0,79792;
Benzol;8;22.08.2016 18:00;0,773941;
Benzol;2;22.08.2016 18:00;0,500685;
Benzol;5;22.08.2016 18:00;0,389376;
Benzol;7;22.08.2016 18:00;0,230299;
Benzol;9;22.08.2016 18:00;0,18216;
Benzol;1;22.08.2016 18:00;0,0580487;
Anilin;3;22.08.2016 18:00;3,08971;
Anilin;4;22.08.2016 18:00;1,32751;
Anilin;9;22.08.2016 18:00;0,436377;
Anilin;6;22.08.2016 18:00;0,38917;
Anilin;5;22.08.2016 18:00;0,350087;
Anilin;2;22.08.2016 18:00;0,288397;
Anilin;1;22.08.2016 18:00;0,281192;
Anilin;8;22.08.2016 18:00;0,237418;
Anilin;7;22.08.2016 18:00;0,16886;
Natriumchlorid;7;22.08.2016 19:00;0,933169;
Natriumchlorid;4;22.08.2016 19:00;0,869399;
Natriumchlorid;3;22.08.2016 19:00;0,57788;
Natriumchlorid;6;22.08.2016 19:00;0,449829;
Natriumchlorid;1;22.08.2016 19:00;0,255325;
Natriumchlorid;9;22.08.2016 19:00;0,246931;
Natriumchlorid;8;22.08.2016 19:00;0,22494;
Natriumchlorid;5;22.08.2016 19:00;0,0206234;
Natriumchlorid;2;22.08.2016 19:00;0,0111692;
Arsen;3;22.08.2016 19:00;4,79507;
Arsen;5;22.08.2016 19:00;0,869218;
Arsen;4;22.08.2016 19:00;0,836474;
Arsen;8;22.08.2016 19:00;0,746403;
Arsen;1;22.08.2016 19:00;0,462581;
Arsen;6;22.08.2016 19:00;0,206805;
Arsen;7;22.08.2016 19:00;0,141608;
Arsen;2;22.08.2016 19:00;0,0509857;
Arsen;9;22.08.2016 19:00;0,0269512;
Benzol;7;22.08.2016 19:00;1,68736;
Benzol;4;22.08.2016 19:00;1,12161;
Benzol;1;22.08.2016 19:00;0,538534;
Benzol;5;22.08.2016 19:00;0,352093;
Benzol;8;22.08.2016 19:00;0,264741;
Benzol;6;22.08.2016 19:00;0,248049;
Benzol;2;22.08.2016 19:00;0,167827;
Benzol;3;22.08.2016 19:00;0,13694;
Benzol;9;22.08.2016 19:00;0,119854;
Anilin;3;22.08.2016 19:00;0,777144;
Anilin;4;22.08.2016 19:00;0,686911;
Anilin;5;22.08.2016 19:00;0,527505;
Anilin;6;22.08.2016 19:00;0,461553;
Anilin;7;22.08.2016 19:00;0,271426;
Anilin;2;22.08.2016 19:00;0,244383;
Anilin;8;22.08.2016 19:00;0,163528;
Anilin;1;22.08.2016 19:00;0,106692;
Anilin;9;22.08.2016 19:00;0,0548233;
Natriumchlorid;4;22.08.2016 20:00;1,39537;
Natriumchlorid;2;22.08.2016 20:00;1,18888;
Natriumchlorid;3;22.08.2016 20:00;1,15396;
Natriumchlorid;8;22.08.2016 20:00;0,498712;
Natriumchlorid;6;22.08.2016 20:00;0,484024;
Natriumchlorid;7;22.08.2016 20:00;0,415359;
Natriumchlorid;5;22.08.2016 20:00;0,376442;
Natriumchlorid;9;22.08.2016 20:00;0,167506;
Natriumchlorid;1;22.08.2016 20:00;0,0269323;
Arsen;4;22.08.2016 20:00;0,960089;
Arsen;3;22.08.2016 20:00;0,879359;
Arsen;7;22.08.2016 20:00;0,643336;
Arsen;6;22.08.2016 20:00;0,415829;
Arsen;8;22.08.2016 20:00;0,412777;
Arsen;5;22.08.2016 20:00;0,340357;
Arsen;1;22.08.2016 20:00;0,266642;
Arsen;9;22.08.2016 20:00;0,0761596;
Arsen;2;22.08.2016 20:00;0,0318181;
Benzol;3;22.08.2016 20:00;1,38502;
Benzol;4;22.08.2016 20:00;1,09107;
Benzol;5;22.08.2016 20:00;0,694008;
Benzol;2;22.08.2016 20:00;0,476703;
Benzol;8;22.08.2016 20:00;0,470326;
Benzol;9;22.08.2016 20:00;0,379178;
Benzol;1;22.08.2016 20:00;0,336164;
Benzol;6;22.08.2016 20:00;0,326869;
Benzol;7;22.08.2016 20:00;0,223405;
Anilin;5;22.08.2016 20:00;2,08439;
Anilin;4;22.08.2016 20:00;1,27537;
Anilin;6;22.08.2016 20:00;0,59664;
Anilin;3;22.08.2016 20:00;0,545703;
Anilin;1;22.08.2016 20:00;0,358569;
Anilin;2;22.08.2016 20:00;0,356689;
Anilin;7;22.08.2016 20:00;0,218129;
Anilin;9;22.08.2016 20:00;0,188097;
Anilin;8;22.08.2016 20:00;0,0585575;
Natriumchlorid;3;22.08.2016 21:00;1,59372;
Natriumchlorid;4;22.08.2016 21:00;1,07835;
Natriumchlorid;8;22.08.2016 21:00;0,740036;
Natriumchlorid;1;22.08.2016 21:00;0,45409;
Natriumchlorid;2;22.08.2016 21:00;0,409311;
Natriumchlorid;9;22.08.2016 21:00;0,354413;
Natriumchlorid;5;22.08.2016 21:00;0,306742;
Natriumchlorid;6;22.08.2016 21:00;0,274655;
Natriumchlorid;7;22.08.2016 21:00;0,263059;
Arsen;3;22.08.2016 21:00;1,42032;
Arsen;4;22.08.2016 21:00;1,27356;
Arsen;9;22.08.2016 21:00;0,481811;
Arsen;6;22.08.2016 21:00;0,481357;
Arsen;2;22.08.2016 21:00;0,315906;
Arsen;8;22.08.2016 21:00;0,283073;
Arsen;7;22.08.2016 21:00;0,164067;
Arsen;5;22.08.2016 21:00;0,142963;
Arsen;1;22.08.2016 21:00;0,0249436;
Benzol;3;22.08.2016 21:00;3,07917;
Benzol;4;22.08.2016 21:00;1,29656;
Benzol;2;22.08.2016 21:00;0,590362;
Benzol;7;22.08.2016 21:00;0,276356;
Benzol;8;22.08.2016 21:00;0,25808;
Benzol;6;22.08.2016 21:00;0,151668;
Benzol;9;22.08.2016 21:00;0,0597108;
Benzol;1;22.08.2016 21:00;0,0412144;
Benzol;5;22.08.2016 21:00;0,0317809;
Anilin;8;22.08.2016 21:00;1,31845;
Anilin;2;22.08.2016 21:00;1,01343;
Anilin;3;22.08.2016 21:00;0,888051;
Anilin;4;22.08.2016 21:00;0,879344;
Anilin;5;22.08.2016 21:00;0,752964;
Anilin;6;22.08.2016 21:00;0,352346;
Anilin;9;22.08.2016 21:00;0,249916;
Anilin;7;22.08.2016 21:00;0,147886;
Anilin;1;22.08.2016 21:00;0,138608;
Natriumchlorid;3;22.08.2016 22:00;3,34878;
Natriumchlorid;4;22.08.2016 22:00;1,19791;
Natriumchlorid;8;22.08.2016 22:00;0,663975;
Natriumchlorid;5;22.08.2016 22:00;0,57116;
Natriumchlorid;7;22.08.2016 22:00;0,39524;
Natriumchlorid;6;22.08.2016 22:00;0,394851;
Natriumchlorid;9;22.08.2016 22:00;0,312813;
Natriumchlorid;1;22.08.2016 22:00;0,282822;
Natriumchlorid;2;22.08.2016 22:00;0,0508874;
Arsen;4;22.08.2016 22:00;1,03037;
Arsen;7;22.08.2016 22:00;0,840943;
Arsen;3;22.08.2016 22:00;0,431498;
Arsen;2;22.08.2016 22:00;0,320829;
Arsen;5;22.08.2016 22:00;0,282414;
Arsen;1;22.08.2016 22:00;0,217395;
Arsen;9;22.08.2016 22:00;0,162784;
Arsen;8;22.08.2016 22:00;0,0546018;
Arsen;6;22.08.2016 22:00;0,0505212;
Benzol;3;22.08.2016 22:00;1,36371;
Benzol;4;22.08.2016 22:00;1,27708;
Benzol;7;22.08.2016 22:00;0,885427;
Benzol;8;22.08.2016 22:00;0,762351;
Benzol;2;22.08.2016 22:00;0,437056;
Benzol;9;22.08.2016 22:00;0,420853;
Benzol;6;22.08.2016 22:00;0,269398;
Benzol;5;22.08.2016 22:00;0,183569;
Benzol;1;22.08.2016 22:00;0,153352;
Anilin;4;22.08.2016 22:00;0,841493;
Anilin;2;22.08.2016 22:00;0,732225;
Anilin;3;22.08.2016 22:00;0,495423;
Anilin;6;22.08.2016 22:00;0,492201;
Anilin;1;22.08.2016 22:00;0,414708;
Anilin;8;22.08.2016 22:00;0,262438;
Anilin;7;22.08.2016 22:00;0,170493;
Anilin;9;22.08.2016 22:00;0,0570643;
Anilin;5;22.08.2016 22:00;0,0289103;
Natriumchlorid;3;22.08.2016 23:00;1,30328;
Natriumchlorid;8;22.08.2016 23:00;1,27746;
Natriumchlorid;4;22.08.2016 23:00;1,18696;
Natriumchlorid;2;22.08.2016 23:00;1,00078;
Natriumchlorid;6;22.08.2016 23:00;0,492422;
Natriumchlorid;5;22.08.2016 23:00;0,388745;
Natriumchlorid;9;22.08.2016 23:00;0,0920512;
Natriumchlorid;7;22.08.2016 23:00;0,0582987;
Natriumchlorid;1;22.08.2016 23:00;0,0273887;
Arsen;4;22.08.2016 23:00;0,94141;
Arsen;6;22.08.2016 23:00;0,767627;
Arsen;7;22.08.2016 23:00;0,501168;
Arsen;3;22.08.2016 23:00;0,490484;
Arsen;8;22.08.2016 23:00;0,387498;
Arsen;5;22.08.2016 23:00;0,312876;
Arsen;1;22.08.2016 23:00;0,18047;
Arsen;9;22.08.2016 23:00;0,137002;
Arsen;2;22.08.2016 23:00;0,12546;
Benzol;4;22.08.2016 23:00;1,19765;
Benzol;8;22.08.2016 23:00;0,980292;
Benzol;3;22.08.2016 23:00;0,640278;
Benzol;2;22.08.2016 23:00;0,499712;
Benzol;6;22.08.2016 23:00;0,398355;
Benzol;9;22.08.2016 23:00;0,223131;
Benzol;1;22.08.2016 23:00;0,2106;
Benzol;5;22.08.2016 23:00;0,132044;
Benzol;7;22.08.2016 23:00;0,0382596;
Anilin;4;22.08.2016 23:00;1,26812;
Anilin;5;22.08.2016 23:00;0,846896;
Anilin;2;22.08.2016 23:00;0,596817;
Anilin;3;22.08.2016 23:00;0,493947;
Anilin;6;22.08.2016 23:00;0,357587;
Anilin;9;22.08.2016 23:00;0,345755;
Anilin;7;22.08.2016 23:00;0,123176;
Anilin;1;22.08.2016 23:00;0,0384178;
Anilin;8;22.08.2016 23:00;0,0326396;
Natriumchlorid;3;23.08.2016 00:00;1,2582;
Natriumchlorid;4;23.08.2016 00:00;1,0055;
Natriumchlorid;8;23.08.2016 00:00;0,595511;
Natriumchlorid;1;23.08.2016 00:00;0,449194;
Natriumchlorid;6;23.08.2016 00:00;0,418178;
Natriumchlorid;5;23.08.2016 00:00;0,298783;
Natriumchlorid;9;23.08.2016 00:00;0,196244;
Natriumchlorid;7;23.08.2016 00:00;0,113154;
Natriumchlorid;2;23.08.2016 00:00;0,0613183;
Arsen;4;23.08.2016 00:00;1,32772;
Arsen;2;23.08.2016 00:00;0,860482;
Arsen;6;23.08.2016 00:00;0,590867;
Arsen;5;23.08.2016 00:00;0,583881;
Arsen;9;23.08.2016 00:00;0,478425;
Arsen;8;23.08.2016 00:00;0,284126;
Arsen;3;23.08.2016 00:00;0,276823;
Arsen;7;23.08.2016 00:00;0,220553;
Arsen;1;23.08.2016 00:00;0,180462;
Benzol;3;23.08.2016 00:00;1,60529;
Benzol;4;23.08.2016 00:00;1,1695;
Benzol;6;23.08.2016 00:00;0,460943;
Benzol;2;23.08.2016 00:00;0,21847;
Benzol;8;23.08.2016 00:00;0,205706;
Benzol;9;23.08.2016 00:00;0,166967;
Benzol;7;23.08.2016 00:00;0,0945658;
Benzol;1;23.08.2016 00:00;0,0696248;
Benzol;5;23.08.2016 00:00;0,0337286;
Anilin;4;23.08.2016 00:00;0,949099;
Anilin;8;23.08.2016 00:00;0,874234;
Anilin;2;23.08.2016 00:00;0,651175;
Anilin;6;23.08.2016 00:00;0,59437;
Anilin;3;23.08.2016 00:00;0,417329;
Anilin;1;23.08.2016 00:00;0,243368;
Anilin;9;23.08.2016 00:00;0,157431;
Anilin;5;23.08.2016 00:00;0,104077;
Anilin;7;23.08.2016 00:00;0,083548;
Natriumchlorid;7;23.08.2016 01:00;2,98919;
Natriumchlorid;4;23.08.2016 01:00;1,39077;
Natriumchlorid;8;23.08.2016 01:00;1,16507;
Natriumchlorid;2;23.08.2016 01:00;0,552768;
Natriumchlorid;9;23.08.2016 01:00;0,42771;
Natriumchlorid;6;23.08.2016 01:00;0,190633;
Natriumchlorid;5;23.08.2016 01:00;0,137339;
Natriumchlorid;1;23.08.2016 01:00;0,100713;
Natriumchlorid;3;23.08.2016 01:00;0,0645658;
Arsen;3;23.08.2016 01:00;1,46404;
Arsen;4;23.08.2016 01:00;1,16311;
Arsen;2;23.08.2016 01:00;0,697919;
Arsen;6;23.08.2016 01:00;0,510952;
Arsen;9;23.08.2016 01:00;0,386238;
Arsen;7;23.08.2016 01:00;0,376556;
Arsen;5;23.08.2016 01:00;0,22259;
Arsen;8;23.08.2016 01:00;0,15243;
Arsen;1;23.08.2016 01:00;0,0641642;
Benzol;3;23.08.2016 01:00;2,15734;
Benzol;4;23.08.2016 01:00;1,40347;
Benzol;6;23.08.2016 01:00;0,646589;
Benzol;5;23.08.2016 01:00;0,554265;
Benzol;2;23.08.2016 01:00;0,522995;
Benzol;1;23.08.2016 01:00;0,436285;
Benzol;8;23.08.2016 01:00;0,21818;
Benzol;7;23.08.2016 01:00;0,101403;
Benzol;9;23.08.2016 01:00;0,0558486;
Anilin;7;23.08.2016 01:00;2,01435;
Anilin;8;23.08.2016 01:00;0,901328;
Anilin;4;23.08.2016 01:00;0,898191;
Anilin;3;23.08.2016 01:00;0,833614;
Anilin;5;23.08.2016 01:00;0,498609;
Anilin;1;23.08.2016 01:00;0,364011;
Anilin;6;23.08.2016 01:00;0,156458;
Anilin;2;23.08.2016 01:00;0,15306;
Anilin;9;23.08.2016 01:00;0,0721135;
Natriumchlorid;3;23.08.2016 02:00;1,71603;
Natriumchlorid;4;23.08.2016 02:00;1,11291;
Natriumchlorid;8;23.08.2016 02:00;0,659729;
Natriumchlorid;6;23.08.2016 02:00;0,425273;
Natriumchlorid;1;23.08.2016 02:00;0,277253;
Natriumchlorid;2;23.08.2016 02:00;0,248203;
Natriumchlorid;9;23.08.2016 02:00;0,228299;
Natriumchlorid;5;23.08.2016 02:00;0,170693;
Natriumchlorid;7;23.08.2016 02:00;0,0528905;
Arsen;3;23.08.2016 02:00;1,9107;
Arsen;4;23.08.2016 02:00;1,11046;
Arsen;5;23.08.2016 02:00;0,865915;
Arsen;8;23.08.2016 02:00;0,600272;
Arsen;9;23.08.2016 02:00;0,327719;
Arsen;1;23.08.2016 02:00;0,315134;
Arsen;6;23.08.2016 02:00;0,277306;
Arsen;7;23.08.2016 02:00;0,124441;
Arsen;2;23.08.2016 02:00;0,0192683;
Benzol;4;23.08.2016 02:00;1,24515;
Benzol;7;23.08.2016 02:00;0,958755;
Benzol;3;23.08.2016 02:00;0,744697;
Benzol;5;23.08.2016 02:00;0,715571;
Benzol;1;23.08.2016 02:00;0,405438;
Benzol;6;23.08.2016 02:00;0,399457;
Benzol;2;23.08.2016 02:00;0,343779;
Benzol;8;23.08.2016 02:00;0,277376;
Benzol;9;23.08.2016 02:00;0,0899034;
Anilin;4;23.08.2016 02:00;1,01877;
Anilin;5;23.08.2016 02:00;0,900563;
Anilin;6;23.08.2016 02:00;0,486722;
Anilin;3;23.08.2016 02:00;0,420664;
Anilin;7;23.08.2016 02:00;0,122077;
Anilin;2;23.08.2016 02:00;0,0606836;
Anilin;1;23.08.2016 02:00;0,0561343;
Anilin;9;23.08.2016 02:00;0,0483145;
Anilin;8;23.08.2016 02:00;0,0281849;
Natriumchlorid;4;23.08.2016 03:00;1,24096;
Natriumchlorid;5;23.08.2016 03:00;0,951136;
Natriumchlorid;2;23.08.2016 03:00;0,628709;
Natriumchlorid;1;23.08.2016 03:00;0,468378;
Natriumchlorid;7;23.08.2016 03:00;0,37132;
Natriumchlorid;3;23.08.2016 03:00;0,362347;
Natriumchlorid;9;23.08.2016 03:00;0,193963;
Natriumchlorid;8;23.08.2016 03:00;0,176703;
Natriumchlorid;6;23.08.2016 03:00;0,0394326;
Arsen;3;23.08.2016 03:00;1,94678;
Arsen;4;23.08.2016 03:00;1,38087;
Arsen;2;23.08.2016 03:00;0,924267;
Arsen;5;23.08.2016 03:00;0,822395;
Arsen;8;23.08.2016 03:00;0,604271;
Arsen;6;23.08.2016 03:00;0,38989;
Arsen;9;23.08.2016 03:00;0,200268;
Arsen;1;23.08.2016 03:00;0,120683;
Arsen;7;23.08.2016 03:00;0,117558;
Benzol;3;23.08.2016 03:00;3,69322;
Benzol;8;23.08.2016 03:00;1,50635;
Benzol;4;23.08.2016 03:00;1,30055;
Benzol;6;23.08.2016 03:00;0,394423;
Benzol;2;23.08.2016 03:00;0,327669;
Benzol;9;23.08.2016 03:00;0,234977;
Benzol;5;23.08.2016 03:00;0,186309;
Benzol;7;23.08.2016 03:00;0,108121;
Benzol;1;23.08.2016 03:00;0,0597573;
Anilin;7;23.08.2016 03:00;3,81396;
Anilin;3;23.08.2016 03:00;1,38263;
Anilin;4;23.08.2016 03:00;1,12522;
Anilin;2;23.08.2016 03:00;0,871494;
Anilin;6;23.08.2016 03:00;0,811044;
Anilin;8;23.08.2016 03:00;0,694832;
Anilin;9;23.08.2016 03:00;0,638056;
Anilin;5;23.08.2016 03:00;0,386025;
Anilin;1;23.08.2016 03:00;0,312562;
Natriumchlorid;3;23.08.2016 04:00;1,74017;
Natriumchlorid;4;23.08.2016 04:00;0,977709;
Natriumchlorid;5;23.08.2016 04:00;0,969682;
Natriumchlorid;7;23.08.2016 04:00;0,737577;
Natriumchlorid;6;23.08.2016 04:00;0,586261;
Natriumchlorid;2;23.08.2016 04:00;0,518563;
Natriumchlorid;9;23.08.2016 04:00;0,219746;
Natriumchlorid;1;23.08.2016 04:00;0,209414;
Natriumchlorid;8;23.08.2016 04:00;0,0359402;
Arsen;8;23.08.2016 04:00;1,14965;
Arsen;4;23.08.2016 04:00;1,13917;
Arsen;5;23.08.2016 04:00;0,661288;
Arsen;3;23.08.2016 04:00;0,596056;
Arsen;9;23.08.2016 04:00;0,542909;
Arsen;1;23.08.2016 04:00;0,396367;
Arsen;7;23.08.2016 04:00;0,385086;
Arsen;2;23.08.2016 04:00;0,325743;
Arsen;6;23.08.2016 04:00;0,246472;
Benzol;3;23.08.2016 04:00;1,72468;
Benzol;7;23.08.2016 04:00;1,17261;
Benzol;5;23.08.2016 04:00;0,988023;
Benzol;4;23.08.2016 04:00;0,861205;
Benzol;1;23.08.2016 04:00;0,554887;
Benzol;8;23.08.2016 04:00;0,300499;
Benzol;9;23.08.2016 04:00;0,206174;
Benzol;2;23.08.2016 04:00;0,157617;
Benzol;6;23.08.2016 04:00;0,137092;
Anilin;3;23.08.2016 04:00;6,84874;
Anilin;4;23.08.2016 04:00;1,13113;
Anilin;1;23.08.2016 04:00;0,742743;
Anilin;2;23.08.2016 04:00;0,670975;
Anilin;7;23.08.2016 04:00;0,604251;
Anilin;8;23.08.2016 04:00;0,510746;
Anilin;9;23.08.2016 04:00;0,364505;
Anilin;6;23.08.2016 04:00;0,247334;
Anilin;5;23.08.2016 04:00;0,0583669;
Natriumchlorid;4;23.08.2016 05:00;1,2626;
Natriumchlorid;7;23.08.2016 05:00;0,435214;
Natriumchlorid;3;23.08.2016 05:00;0,375249;
Natriumchlorid;1;23.08.2016 05:00;0,341282;
Natriumchlorid;6;23.08.2016 05:00;0,279387;
Natriumchlorid;9;23.08.2016 05:00;0,19159;
Natriumchlorid;8;23.08.2016 05:00;0,182331;
Natriumchlorid;2;23.08.2016 05:00;0,167391;
Natriumchlorid;5;23.08.2016 05:00;0,0029653;
Arsen;4;23.08.2016 05:00;1,0927;
Arsen;3;23.08.2016 05:00;1,03026;
Arsen;7;23.08.2016 05:00;0,789818;
Arsen;5;23.08.2016 05:00;0,342999;
Arsen;6;23.08.2016 05:00;0,285317;
Arsen;8;23.08.2016 05:00;0,266619;
Arsen;2;23.08.2016 05:00;0,158909;
Arsen;1;23.08.2016 05:00;0,0861716;
Arsen;9;23.08.2016 05:00;0,00439998;
Benzol;6;23.08.2016 05:00;3,78495;
Benzol;4;23.08.2016 05:00;1,18602;
Benzol;5;23.08.2016 05:00;1,01499;
Benzol;7;23.08.2016 05:00;0,58431;
Benzol;3;23.08.2016 05:00;0,523275;
Benzol;2;23.08.2016 05:00;0,499065;
Benzol;9;23.08.2016 05:00;0,107816;
Benzol;8;23.08.2016 05:00;0,0786507;
Benzol;1;23.08.2016 05:00;0,0193543;
Anilin;3;23.08.2016 05:00;3,27562;
Anilin;5;23.08.2016 05:00;1,17837;
Anilin;4;23.08.2016 05:00;1,12125;
Anilin;7;23.08.2016 05:00;0,988126;
Anilin;2;23.08.2016 05:00;0,578513;
Anilin;6;23.08.2016 05:00;0,404032;
Anilin;8;23.08.2016 05:00;0,266262;
Anilin;1;23.08.2016 05:00;0,236267;
Anilin;9;23.08.2016 05:00;0,160602;
Natriumchlorid;6;23.08.2016 06:00;42,24573;
Natriumchlorid;6;23.08.2016 06:00;4,50209;
Natriumchlorid;4;23.08.2016 06:00;1,4437;
Natriumchlorid;3;23.08.2016 06:00;1,32737;
Natriumchlorid;7;23.08.2016 06:00;0,685464;
Natriumchlorid;5;23.08.2016 06:00;0,606724;
Natriumchlorid;2;23.08.2016 06:00;0,292384;
Natriumchlorid;8;23.08.2016 06:00;0,277504;
Natriumchlorid;9;23.08.2016 06:00;0,132451;
Natriumchlorid;1;23.08.2016 06:00;0,009473;
Arsen;4;23.08.2016 06:00;1,17612;
Arsen;8;23.08.2016 06:00;0,727124;
Arsen;3;23.08.2016 06:00;0,575793;
Arsen;6;23.08.2016 06:00;0,563519;
Arsen;7;23.08.2016 06:00;0,433093;
Arsen;5;23.08.2016 06:00;0,318774;
Arsen;9;23.08.2016 06:00;0,145422;
Arsen;1;23.08.2016 06:00;0,075907;
Arsen;2;23.08.2016 06:00;0,0562638;
Benzol;3;23.08.2016 06:00;1,46031;
Benzol;4;23.08.2016 06:00;1,31275;
Benzol;7;23.08.2016 06:00;0,855387;
Benzol;5;23.08.2016 06:00;0,427145;
Benzol;6;23.08.2016 06:00;0,395295;
Benzol;8;23.08.2016 06:00;0,343803;
Benzol;2;23.08.2016 06:00;0,333608;
Benzol;9;23.08.2016 06:00;0,172782;
Benzol;1;23.08.2016 06:00;0,0339643;
Anilin;7;23.08.2016 06:00;1,05241;
Anilin;4;23.08.2016 06:00;0,971165;
Anilin;5;23.08.2016 06:00;0,588014;
Anilin;8;23.08.2016 06:00;0,535616;
Anilin;2;23.08.2016 06:00;0,283825;
Anilin;1;23.08.2016 06:00;0,181976;
Anilin;3;23.08.2016 06:00;0,169278;
Anilin;9;23.08.2016 06:00;0,0715111;
Natriumchlorid;6;23.08.2016 07:00;26,93431;
Natriumchlorid;6;23.08.2016 07:00;2,75309;
Natriumchlorid;4;23.08.2016 07:00;1,34926;
Natriumchlorid;9;23.08.2016 07:00;0,710251;
Natriumchlorid;7;23.08.2016 07:00;0,68366;
Natriumchlorid;3;23.08.2016 07:00;0,676134;
Natriumchlorid;8;23.08.2016 07:00;0,604864;
Natriumchlorid;1;23.08.2016 07:00;0,245721;
Natriumchlorid;5;23.08.2016 07:00;0,196156;
Natriumchlorid;2;23.08.2016 07:00;0,129395;
Arsen;3;23.08.2016 07:00;3,46693;
Arsen;8;23.08.2016 07:00;1,11836;
Arsen;4;23.08.2016 07:00;1,06644;
Arsen;2;23.08.2016 07:00;0,640021;
Arsen;9;23.08.2016 07:00;0,524484;
Arsen;6;23.08.2016 07:00;0,456742;
Arsen;1;23.08.2016 07:00;0,297991;
Arsen;7;23.08.2016 07:00;0,143255;
Arsen;5;23.08.2016 07:00;0,0755783;
Benzol;4;23.08.2016 07:00;0,828861;
Benzol;7;23.08.2016 07:00;0,784924;
Benzol;2;23.08.2016 07:00;0,776722;
Benzol;6;23.08.2016 07:00;0,54341;
Benzol;9;23.08.2016 07:00;0,404542;
Benzol;5;23.08.2016 07:00;0,356716;
Benzol;3;23.08.2016 07:00;0,339982;
Benzol;1;23.08.2016 07:00;0,270309;
Benzol;8;23.08.2016 07:00;0,141101;
Anilin;3;23.08.2016 07:00;2,47161;
Anilin;4;23.08.2016 07:00;1,6438;
Anilin;2;23.08.2016 07:00;0,297987;
Anilin;1;23.08.2016 07:00;0,224518;
Anilin;5;23.08.2016 07:00;0,131604;
Anilin;7;23.08.2016 07:00;0,0466914;
Anilin;9;23.08.2016 07:00;0,0180353;
Anilin;8;23.08.2016 07:00;0,0119959;
Natriumchlorid;3;23.08.2016 08:00;1,33339;
Natriumchlorid;4;23.08.2016 08:00;1,02795;
Natriumchlorid;9;23.08.2016 08:00;0,546054;
Natriumchlorid;6;23.08.2016 08:00;0,481092;
Natriumchlorid;7;23.08.2016 08:00;0,463646;
Natriumchlorid;5;23.08.2016 08:00;0,381697;
Natriumchlorid;2;23.08.2016 08:00;0,310333;
Natriumchlorid;1;23.08.2016 08:00;0,239148;
Natriumchlorid;8;23.08.2016 08:00;0,189147;
Arsen;3;23.08.2016 08:00;1,44456;
Arsen;9;23.08.2016 08:00;1,21292;
Arsen;4;23.08.2016 08:00;1,19183;
Arsen;6;23.08.2016 08:00;0,51622;
Arsen;1;23.08.2016 08:00;0,237777;
Arsen;7;23.08.2016 08:00;0,20676;
Arsen;2;23.08.2016 08:00;0,100604;
Arsen;8;23.08.2016 08:00;0,0329722;
Arsen;5;23.08.2016 08:00;0,00985921;
Benzol;8;23.08.2016 08:00;1,28902;
Benzol;4;23.08.2016 08:00;1,11196;
Benzol;3;23.08.2016 08:00;1,0439;
Benzol;9;23.08.2016 08:00;0,818887;
Benzol;7;23.08.2016 08:00;0,766593;
Benzol;2;23.08.2016 08:00;0,430919;
Benzol;6;23.08.2016 08:00;0,410355;
Benzol;1;23.08.2016 08:00;0,3131;
Benzol;5;23.08.2016 08:00;0,0627948;
Anilin;4;23.08.2016 08:00;1,11436;
Anilin;7;23.08.2016 08:00;0,742183;
Anilin;2;23.08.2016 08:00;0,531246;
Anilin;5;23.08.2016 08:00;0,490201;
Anilin;8;23.08.2016 08:00;0,476955;
Anilin;6;23.08.2016 08:00;0,369737;
Anilin;9;23.08.2016 08:00;0,20988;
Anilin;3;23.08.2016 08:00;0,190627;
Anilin;1;23.08.2016 08:00;0,0688481;
Natriumchlorid;3;23.08.2016 09:00;3,01898;
Natriumchlorid;4;23.08.2016 09:00;1,27676;
Natriumchlorid;5;23.08.2016 09:00;0,607447;
Natriumchlorid;9;23.08.2016 09:00;0,567546;
Natriumchlorid;2;23.08.2016 09:00;0,341431;
Natriumchlorid;6;23.08.2016 09:00;0,328029;
Natriumchlorid;7;23.08.2016 09:00;0,302435;
Natriumchlorid;8;23.08.2016 09:00;0,0640745;
Natriumchlorid;1;23.08.2016 09:00;0,0263083;
Arsen;7;23.08.2016 09:00;1,58074;
Arsen;4;23.08.2016 09:00;1,20791;
Arsen;9;23.08.2016 09:00;1,15913;
Arsen;3;23.08.2016 09:00;0,89241;
Arsen;5;23.08.2016 09:00;0,491406;
Arsen;1;23.08.2016 09:00;0,42859;
Arsen;2;23.08.2016 09:00;0,181251;
Arsen;8;23.08.2016 09:00;0,179308;
Arsen;6;23.08.2016 09:00;0,175478;
Benzol;4;23.08.2016 09:00;1,30989;
Benzol;3;23.08.2016 09:00;0,925004;
Benzol;9;23.08.2016 09:00;0,718469;
Benzol;2;23.08.2016 09:00;0,499805;
Benzol;5;23.08.2016 09:00;0,170541;
Benzol;1;23.08.2016 09:00;0,110412;
Benzol;8;23.08.2016 09:00;0,0796259;
Benzol;6;23.08.2016 09:00;0,0505921;
Benzol;7;23.08.2016 09:00;0,0208474;
Anilin;4;23.08.2016 09:00;1,27663;
Anilin;6;23.08.2016 09:00;0,504566;
Anilin;2;23.08.2016 09:00;0,313323;
Anilin;3;23.08.2016 09:00;0,222211;
Anilin;9;23.08.2016 09:00;0,221968;
Anilin;5;23.08.2016 09:00;0,114125;
Anilin;7;23.08.2016 09:00;0,10649;
Anilin;1;23.08.2016 09:00;0,0913348;
Anilin;8;23.08.2016 09:00;0,039125;
Natriumchlorid;3;23.08.2016 10:00;3,72848;
Natriumchlorid;4;23.08.2016 10:00;1,05597;
Natriumchlorid;5;23.08.2016 10:00;0,750459;
Natriumchlorid;6;23.08.2016 10:00;0,639827;
Natriumchlorid;8;23.08.2016 10:00;0,457544;
Natriumchlorid;9;23.08.2016 10:00;0,325081;
Natriumchlorid;2;23.08.2016 10:00;0,278838;
Natriumchlorid;7;23.08.2016 10:00;0,170942;
Natriumchlorid;1;23.08.2016 10:00;0,0529852;
Arsen;5;23.08.2016 10:00;1,60351;
Arsen;4;23.08.2016 10:00;1,02266;
Arsen;9;23.08.2016 10:00;0,951288;
Arsen;3;23.08.2016 10:00;0,870845;
Arsen;8;23.08.2016 10:00;0,69143;
Arsen;1;23.08.2016 10:00;0,491378;
Arsen;6;23.08.2016 10:00;0,330261;
Arsen;7;23.08.2016 10:00;0,24689;
Arsen;2;23.08.2016 10:00;0,190362;
Benzol;3;23.08.2016 10:00;1,60518;
Benzol;4;23.08.2016 10:00;1,45062;
Benzol;7;23.08.2016 10:00;1,09786;
Benzol;8;23.08.2016 10:00;0,721978;
Benzol;5;23.08.2016 10:00;0,570743;
Benzol;6;23.08.2016 10:00;0,537226;
Benzol;9;23.08.2016 10:00;0,390007;
Benzol;1;23.08.2016 10:00;0,336221;
Benzol;2;23.08.2016 10:00;0,158265;
Anilin;3;23.08.2016 10:00;1,79269;
Anilin;5;23.08.2016 10:00;1,64633;
Anilin;4;23.08.2016 10:00;0,9836;
Anilin;6;23.08.2016 10:00;0,575483;
Anilin;1;23.08.2016 10:00;0,334912;
Anilin;2;23.08.2016 10:00;0,2684;
Anilin;8;23.08.2016 10:00;0,237658;
Anilin;7;23.08.2016 10:00;0,175729;
Anilin;9;23.08.2016 10:00;0,123953;
Natriumchlorid;3;23.08.2016 11:00;4,42012;
Natriumchlorid;4;23.08.2016 11:00;1,24986;
Natriumchlorid;5;23.08.2016 11:00;1,03791;
Natriumchlorid;7;23.08.2016 11:00;0,713213;
Natriumchlorid;2;23.08.2016 11:00;0,464318;
Natriumchlorid;9;23.08.2016 11:00;0,408486;
Natriumchlorid;6;23.08.2016 11:00;0,31919;
Natriumchlorid;8;23.08.2016 11:00;0,162981;
Natriumchlorid;1;23.08.2016 11:00;0,033924;
Arsen;7;23.08.2016 11:00;1,82525;
Arsen;8;23.08.2016 11:00;1,38439;
Arsen;4;23.08.2016 11:00;1,09927;
Arsen;6;23.08.2016 11:00;0,950426;
Arsen;2;23.08.2016 11:00;0,477753;
Arsen;3;23.08.2016 11:00;0,245481;
Arsen;9;23.08.2016 11:00;0,172801;
Arsen;1;23.08.2016 11:00;0,156804;
Arsen;5;23.08.2016 11:00;0,0995548;
Benzol;3;23.08.2016 11:00;0,961845;
Benzol;8;23.08.2016 11:00;0,896333;
Benzol;4;23.08.2016 11:00;0,847571;
Benzol;5;23.08.2016 11:00;0,846141;
Benzol;9;23.08.2016 11:00;0,645084;
Benzol;2;23.08.2016 11:00;0,55412;
Benzol;6;23.08.2016 11:00;0,503515;
Benzol;1;23.08.2016 11:00;0,393488;
Benzol;7;23.08.2016 11:00;0,366423;
Anilin;8;23.08.2016 11:00;1,23301;
Anilin;7;23.08.2016 11:00;1,15058;
Anilin;2;23.08.2016 11:00;1,03954;
Anilin;4;23.08.2016 11:00;1,01708;
Anilin;3;23.08.2016 11:00;0,98089;
Anilin;6;23.08.2016 11:00;0,597859;
Anilin;5;23.08.2016 11:00;0,413099;
Anilin;1;23.08.2016 11:00;0,262757;
Anilin;9;23.08.2016 11:00;0,16774;
Natriumchlorid;3;23.08.2016 12:00;1,69578;
Natriumchlorid;4;23.08.2016 12:00;1,5075;
Natriumchlorid;9;23.08.2016 12:00;1,28357;
Natriumchlorid;5;23.08.2016 12:00;0,566085;
Natriumchlorid;1;23.08.2016 12:00;0,423288;
Natriumchlorid;6;23.08.2016 12:00;0,398401;
Natriumchlorid;8;23.08.2016 12:00;0,244286;
Natriumchlorid;7;23.08.2016 12:00;0,12105;
Natriumchlorid;2;23.08.2016 12:00;0,0824845;
Arsen;4;23.08.2016 12:00;0,789121;
Arsen;3;23.08.2016 12:00;0,719583;
Arsen;6;23.08.2016 12:00;0,32184;
Arsen;7;23.08.2016 12:00;0,284594;
Arsen;1;23.08.2016 12:00;0,183465;
Arsen;8;23.08.2016 12:00;0,0905144;
Arsen;9;23.08.2016 12:00;0,0237467;
Arsen;2;23.08.2016 12:00;0,0147127;
Arsen;5;23.08.2016 12:00;0,00135156;
Benzol;4;23.08.2016 12:00;1,22292;
Benzol;9;23.08.2016 12:00;0,896732;
Benzol;3;23.08.2016 12:00;0,874954;
Benzol;8;23.08.2016 12:00;0,869144;
Benzol;5;23.08.2016 12:00;0,560489;
Benzol;6;23.08.2016 12:00;0,455214;
Benzol;2;23.08.2016 12:00;0,107365;
Benzol;1;23.08.2016 12:00;0,0628123;
Benzol;7;23.08.2016 12:00;0,0365396;
Anilin;4;23.08.2016 12:00;1,17807;
Anilin;2;23.08.2016 12:00;0,897833;
Anilin;3;23.08.2016 12:00;0,644723;
Anilin;5;23.08.2016 12:00;0,626364;
Anilin;8;23.08.2016 12:00;0,565323;
Anilin;1;23.08.2016 12:00;0,523267;
Anilin;7;23.08.2016 12:00;0,20806;
Anilin;9;23.08.2016 12:00;0,173485;
Anilin;6;23.08.2016 12:00;0,0510766;
Natriumchlorid;4;23.08.2016 13:00;1,1475;
Natriumchlorid;9;23.08.2016 13:00;0,945393;
Natriumchlorid;2;23.08.2016 13:00;0,871494;
Natriumchlorid;6;23.08.2016 13:00;0,615965;
Natriumchlorid;3;23.08.2016 13:00;0,5158;
Natriumchlorid;7;23.08.2016 13:00;0,344632;
Natriumchlorid;5;23.08.2016 13:00;0,299634;
Natriumchlorid;8;23.08.2016 13:00;0,246874;
Natriumchlorid;1;23.08.2016 13:00;0,207154;
Arsen;4;23.08.2016 13:00;1,14845;
Arsen;8;23.08.2016 13:00;0,834625;
Arsen;9;23.08.2016 13:00;0,760099;
Arsen;6;23.08.2016 13:00;0,567593;
Arsen;1;23.08.2016 13:00;0,531202;
Arsen;3;23.08.2016 13:00;0,43417;
Arsen;5;23.08.2016 13:00;0,396925;
Arsen;7;23.08.2016 13:00;0,128897;
Arsen;2;23.08.2016 13:00;0,0260203;
Benzol;4;23.08.2016 13:00;1,49093;
Benzol;3;23.08.2016 13:00;0,935951;
Benzol;9;23.08.2016 13:00;0,469578;
Benzol;2;23.08.2016 13:00;0,365279;
Benzol;7;23.08.2016 13:00;0,34903;
Benzol;8;23.08.2016 13:00;0,30277;
Benzol;5;23.08.2016 13:00;0,209713;
Benzol;6;23.08.2016 13:00;0,100044;
Benzol;1;23.08.2016 13:00;0,0872231;
Anilin;4;23.08.2016 13:00;1,42464;
Anilin;3;23.08.2016 13:00;1,30984;
Anilin;8;23.08.2016 13:00;1,20169;
Anilin;6;23.08.2016 13:00;0,667664;
Anilin;9;23.08.2016 13:00;0,418965;
Anilin;2;23.08.2016 13:00;0,329409;
Anilin;1;23.08.2016 13:00;0,280793;
Anilin;7;23.08.2016 13:00;0,137176;
Anilin;5;23.08.2016 13:00;0,0769457;
Natriumchlorid;3;23.08.2016 14:00;1,98682;
Natriumchlorid;4;23.08.2016 14:00;1,06694;
Natriumchlorid;8;23.08.2016 14:00;0,795069;
Natriumchlorid;7;23.08.2016 14:00;0,725866;
Natriumchlorid;5;23.08.2016 14:00;0,612912;
Natriumchlorid;1;23.08.2016 14:00;0,590764;
Natriumchlorid;2;23.08.2016 14:00;0,548903;
Natriumchlorid;6;23.08.2016 14:00;0,25653;
Natriumchlorid;9;23.08.2016 14:00;0,150944;
Arsen;3;23.08.2016 14:00;1,96293;
Arsen;4;23.08.2016 14:00;1,27393;
Arsen;9;23.08.2016 14:00;0,98109;
Arsen;6;23.08.2016 14:00;0,573179;
Arsen;8;23.08.2016 14:00;0,356324;
Arsen;5;23.08.2016 14:00;0,272833;
Arsen;1;23.08.2016 14:00;0,23;
Arsen;2;23.08.2016 14:00;0,17138;
Arsen;7;23.08.2016 14:00;0,0449598;
Benzol;3;23.08.2016 14:00;1,60764;
Benzol;4;23.08.2016 14:00;1,0722;
Benzol;8;23.08.2016 14:00;0,570558;
Benzol;6;23.08.2016 14:00;0,447009;
Benzol;7;23.08.2016 14:00;0,199004;
Benzol;9;23.08.2016 14:00;0,136334;
Benzol;5;23.08.2016 14:00;0,0500379;
Benzol;1;23.08.2016 14:00;0,0407393;
Benzol;2;23.08.2016 14:00;0,00542211;
Anilin;4;23.08.2016 14:00;1,00829;
Anilin;6;23.08.2016 14:00;0,564741;
Anilin;3;23.08.2016 14:00;0,419234;
Anilin;8;23.08.2016 14:00;0,249476;
Anilin;7;23.08.2016 14:00;0,210936;
Anilin;2;23.08.2016 14:00;0,208186;
Anilin;1;23.08.2016 14:00;0,179485;
Anilin;9;23.08.2016 14:00;0,165488;
Anilin;5;23.08.2016 14:00;0,135812;
Natriumchlorid;9;23.08.2016 15:00;1,50522;
Natriumchlorid;4;23.08.2016 15:00;1,13118;
Natriumchlorid;3;23.08.2016 15:00;0,615171;
Natriumchlorid;6;23.08.2016 15:00;0,612516;
Natriumchlorid;2;23.08.2016 15:00;0,528838;
Natriumchlorid;8;23.08.2016 15:00;0,23115;
Natriumchlorid;5;23.08.2016 15:00;0,2239;
Natriumchlorid;7;23.08.2016 15:00;0,180928;
Natriumchlorid;1;23.08.2016 15:00;0,10002;
Arsen;3;23.08.2016 15:00;2,03844;
Arsen;4;23.08.2016 15:00;1,02329;
Arsen;8;23.08.2016 15:00;0,701173;
Arsen;9;23.08.2016 15:00;0,504055;
Arsen;2;23.08.2016 15:00;0,441557;
Arsen;1;23.08.2016 15:00;0,431585;
Arsen;5;23.08.2016 15:00;0,242824;
Arsen;6;23.08.2016 15:00;0,168893;
Arsen;7;23.08.2016 15:00;0,117207;
Benzol;7;23.08.2016 15:00;1,26672;
Benzol;5;23.08.2016 15:00;1,26539;
Benzol;4;23.08.2016 15:00;1,14141;
Benzol;3;23.08.2016 15:00;0,888906;
Benzol;9;23.08.2016 15:00;0,313984;
Benzol;1;23.08.2016 15:00;0,295035;
Benzol;2;23.08.2016 15:00;0,286517;
Benzol;6;23.08.2016 15:00;0,153411;
Benzol;8;23.08.2016 15:00;0,0734309;
Anilin;3;23.08.2016 15:00;2,52281;
Anilin;4;23.08.2016 15:00;1,07853;
Anilin;6;23.08.2016 15:00;0,617838;
Anilin;5;23.08.2016 15:00;0,491553;
Anilin;8;23.08.2016 15:00;0,346522;
Anilin;1;23.08.2016 15:00;0,281241;
Anilin;2;23.08.2016 15:00;0,148559;
Anilin;9;23.08.2016 15:00;0,134142;
Anilin;7;23.08.2016 15:00;0,018199;
Natriumchlorid;4;23.08.2016 16:00;1,1058;
Natriumchlorid;2;23.08.2016 16:00;0,564616;
Natriumchlorid;6;23.08.2016 16:00;0,540165;
Natriumchlorid;3;23.08.2016 16:00;0,438829;
Natriumchlorid;8;23.08.2016 16:00;0,169225;
Natriumchlorid;9;23.08.2016 16:00;0,0993087;
Natriumchlorid;1;23.08.2016 16:00;0,0849378;
Natriumchlorid;5;23.08.2016 16:00;0,0662977;
Natriumchlorid;7;23.08.2016 16:00;0,00627956;
Arsen;4;23.08.2016 16:00;1,33191;
Arsen;7;23.08.2016 16:00;0,702386;
Arsen;3;23.08.2016 16:00;0,534831;
Arsen;9;23.08.2016 16:00;0,303206;
Arsen;5;23.08.2016 16:00;0,288529;
Arsen;6;23.08.2016 16:00;0,274692;
Arsen;2;23.08.2016 16:00;0,198699;
Arsen;8;23.08.2016 16:00;0,100724;
Arsen;1;23.08.2016 16:00;0,0981315;
Benzol;4;23.08.2016 16:00;1,18203;
Benzol;7;23.08.2016 16:00;0,972651;
Benzol;9;23.08.2016 16:00;0,493457;
Benzol;6;23.08.2016 16:00;0,484944;
Benzol;2;23.08.2016 16:00;0,281605;
Benzol;3;23.08.2016 16:00;0,256013;
Benzol;5;23.08.2016 16:00;0,229501;
Benzol;1;23.08.2016 16:00;0,0958021;
Benzol;8;23.08.2016 16:00;0,0242077;
Anilin;4;23.08.2016 16:00;1,61474;
Anilin;3;23.08.2016 16:00;1,44336;
Anilin;2;23.08.2016 16:00;1,24247;
Anilin;6;23.08.2016 16:00;0,492439;
Anilin;9;23.08.2016 16:00;0,301856;
Anilin;1;23.08.2016 16:00;0,262934;
Anilin;5;23.08.2016 16:00;0,261171;
Anilin;7;23.08.2016 16:00;0,257689;
Anilin;8;23.08.2016 16:00;0,165166;
Natriumchlorid;4;23.08.2016 17:00;1,18781;
Natriumchlorid;3;23.08.2016 17:00;1,13101;
Natriumchlorid;8;23.08.2016 17:00;0,680055;
Natriumchlorid;6;23.08.2016 17:00;0,44514;
Natriumchlorid;7;23.08.2016 17:00;0,409883;
Natriumchlorid;5;23.08.2016 17:00;0,321414;
Natriumchlorid;1;23.08.2016 17:00;0,316383;
Natriumchlorid;2;23.08.2016 17:00;0,145247;
Natriumchlorid;9;23.08.2016 17:00;0,141403;
Arsen;5;23.08.2016 17:00;1,18651;
Arsen;4;23.08.2016 17:00;0,967367;
Arsen;6;23.08.2016 17:00;0,534509;
Arsen;3;23.08.2016 17:00;0,457932;
Arsen;7;23.08.2016 17:00;0,406328;
Arsen;2;23.08.2016 17:00;0,195181;
Arsen;8;23.08.2016 17:00;0,149049;
Arsen;1;23.08.2016 17:00;0,126443;
Arsen;9;23.08.2016 17:00;0,0257862;
Benzol;3;23.08.2016 17:00;2,5289;
Benzol;4;23.08.2016 17:00;1,4357;
Benzol;6;23.08.2016 17:00;0,598033;
Benzol;9;23.08.2016 17:00;0,522598;
Benzol;2;23.08.2016 17:00;0,443101;
Benzol;1;23.08.2016 17:00;0,387326;
Benzol;8;23.08.2016 17:00;0,323294;
Benzol;5;23.08.2016 17:00;0,319956;
Benzol;7;23.08.2016 17:00;0,0170774;
Anilin;4;23.08.2016 17:00;1,19533;
Anilin;3;23.08.2016 17:00;1,03586;
Anilin;8;23.08.2016 17:00;0,824924;
Anilin;7;23.08.2016 17:00;0,781773;
Anilin;6;23.08.2016 17:00;0,453912;
Anilin;2;23.08.2016 17:00;0,339414;
Anilin;9;23.08.2016 17:00;0,268701;
Anilin;5;23.08.2016 17:00;0,185552;
Anilin;1;23.08.2016 17:00;0,102371;
Natriumchlorid;4;23.08.2016 18:00;1,24673;
Natriumchlorid;3;23.08.2016 18:00;0,743326;
Natriumchlorid;9;23.08.2016 18:00;0,634158;
Natriumchlorid;5;23.08.2016 18:00;0,5403;
Natriumchlorid;8;23.08.2016 18:00;0,389029;
Natriumchlorid;6;23.08.2016 18:00;0,379624;
Natriumchlorid;7;23.08.2016 18:00;0,275792;
Natriumchlorid;2;23.08.2016 18:00;0,239061;
Natriumchlorid;1;23.08.2016 18:00;0,235427;
Arsen;4;23.08.2016 18:00;1,0316;
Arsen;7;23.08.2016 18:00;0,686485;
Arsen;9;23.08.2016 18:00;0,577746;
Arsen;1;23.08.2016 18:00;0,502046;
Arsen;2;23.08.2016 18:00;0,300658;
Arsen;5;23.08.2016 18:00;0,256716;
Arsen;8;23.08.2016 18:00;0,236121;
Arsen;6;23.08.2016 18:00;0,188397;
Arsen;3;23.08.2016 18:00;0,140511;
Benzol;4;23.08.2016 18:00;1,3795;
Benzol;9;23.08.2016 18:00;0,939988;
Benzol;5;23.08.2016 18:00;0,79233;
Benzol;3;23.08.2016 18:00;0,761265;
Benzol;6;23.08.2016 18:00;0,517381;
Benzol;2;23.08.2016 18:00;0,323875;
Benzol;8;23.08.2016 18:00;0,314705;
Benzol;7;23.08.2016 18:00;0,197549;
Benzol;1;23.08.2016 18:00;0,133269;
Anilin;7;23.08.2016 18:00;1,25979;
Anilin;4;23.08.2016 18:00;1,12003;
Anilin;5;23.08.2016 18:00;0,599497;
Anilin;2;23.08.2016 18:00;0,551506;
Anilin;3;23.08.2016 18:00;0,516121;
Anilin;6;23.08.2016 18:00;0,393535;
Anilin;1;23.08.2016 18:00;0,328696;
Anilin;9;23.08.2016 18:00;0,211563;
Anilin;8;23.08.2016 18:00;0,0182057;
Natriumchlorid;4;23.08.2016 19:00;1,28514;
Natriumchlorid;3;23.08.2016 19:00;1,22903;
Natriumchlorid;7;23.08.2016 19:00;1,10432;
Natriumchlorid;5;23.08.2016 19:00;0,489702;
Natriumchlorid;9;23.08.2016 19:00;0,473544;
Natriumchlorid;8;23.08.2016 19:00;0,294217;
Natriumchlorid;2;23.08.2016 19:00;0,0774083;
Natriumchlorid;1;23.08.2016 19:00;0,0379224;
Natriumchlorid;6;23.08.2016 19:00;0,00328569;
Arsen;3;23.08.2016 19:00;1,00816;
Arsen;4;23.08.2016 19:00;0,81293;
Arsen;8;23.08.2016 19:00;0,626343;
Arsen;2;23.08.2016 19:00;0,438224;
Arsen;7;23.08.2016 19:00;0,393999;
Arsen;6;23.08.2016 19:00;0,379439;
Arsen;1;23.08.2016 19:00;0,186902;
Arsen;9;23.08.2016 19:00;0,131359;
Arsen;5;23.08.2016 19:00;0,0149453;
Benzol;3;23.08.2016 19:00;1,6284;
Benzol;7;23.08.2016 19:00;1,48325;
Benzol;4;23.08.2016 19:00;1,0051;
Benzol;9;23.08.2016 19:00;0,680687;
Benzol;6;23.08.2016 19:00;0,633419;
Benzol;5;23.08.2016 19:00;0,533193;
Benzol;1;23.08.2016 19:00;0,447705;
Benzol;2;23.08.2016 19:00;0,361021;
Benzol;8;23.08.2016 19:00;0,145575;
Anilin;4;23.08.2016 19:00;1,24865;
Anilin;3;23.08.2016 19:00;1,01185;
Anilin;5;23.08.2016 19:00;0,846586;
Anilin;8;23.08.2016 19:00;0,438292;
Anilin;9;23.08.2016 19:00;0,379563;
Anilin;1;23.08.2016 19:00;0,377947;
Anilin;2;23.08.2016 19:00;0,340011;
Anilin;6;23.08.2016 19:00;0,328942;
Anilin;7;23.08.2016 19:00;0,151134;
Natriumchlorid;7;23.08.2016 20:00;1,37887;
Natriumchlorid;3;23.08.2016 20:00;1,02831;
Natriumchlorid;4;23.08.2016 20:00;0,769258;
Natriumchlorid;8;23.08.2016 20:00;0,489495;
Natriumchlorid;9;23.08.2016 20:00;0,371563;
Natriumchlorid;6;23.08.2016 20:00;0,368715;
Natriumchlorid;5;23.08.2016 20:00;0,171847;
Natriumchlorid;2;23.08.2016 20:00;0,0990646;
Natriumchlorid;1;23.08.2016 20:00;0,0605302;
Arsen;3;23.08.2016 20:00;2,82465;
Arsen;5;23.08.2016 20:00;1,19983;
Arsen;4;23.08.2016 20:00;0,905104;
Arsen;6;23.08.2016 20:00;0,645513;
Arsen;1;23.08.2016 20:00;0,442645;
Arsen;2;23.08.2016 20:00;0,346721;
Arsen;7;23.08.2016 20:00;0,33062;
Arsen;8;23.08.2016 20:00;0,288236;
Arsen;9;23.08.2016 20:00;0,0760421;
Benzol;7;23.08.2016 20:00;1,54853;
Benzol;4;23.08.2016 20:00;1,11617;
Benzol;2;23.08.2016 20:00;1,06374;
Benzol;8;23.08.2016 20:00;0,853437;
Benzol;9;23.08.2016 20:00;0,346925;
Benzol;1;23.08.2016 20:00;0,338565;
Benzol;6;23.08.2016 20:00;0,241704;
Benzol;3;23.08.2016 20:00;0,233752;
Benzol;5;23.08.2016 20:00;0,165077;
Anilin;4;23.08.2016 20:00;1,22976;
Anilin;7;23.08.2016 20:00;1,21182;
Anilin;9;23.08.2016 20:00;1,036;
Anilin;3;23.08.2016 20:00;0,954575;
Anilin;6;23.08.2016 20:00;0,407231;
Anilin;8;23.08.2016 20:00;0,309331;
Anilin;5;23.08.2016 20:00;0,238151;
Anilin;1;23.08.2016 20:00;0,16732;
Anilin;2;23.08.2016 20:00;0,136966;
Natriumchlorid;3;23.08.2016 21:00;1,72774;
Natriumchlorid;4;23.08.2016 21:00;1,00736;
Natriumchlorid;5;23.08.2016 21:00;0,756616;
Natriumchlorid;6;23.08.2016 21:00;0,322302;
Natriumchlorid;8;23.08.2016 21:00;0,295916;
Natriumchlorid;7;23.08.2016 21:00;0,26634;
Natriumchlorid;1;23.08.2016 21:00;0,226811;
Natriumchlorid;2;23.08.2016 21:00;0,115424;
Natriumchlorid;9;23.08.2016 21:00;0,100425;
Arsen;7;23.08.2016 21:00;2,73398;
Arsen;4;23.08.2016 21:00;1,30974;
Arsen;3;23.08.2016 21:00;1,28808;
Arsen;6;23.08.2016 21:00;0,392341;
Arsen;2;23.08.2016 21:00;0,365511;
Arsen;9;23.08.2016 21:00;0,277089;
Arsen;1;23.08.2016 21:00;0,199105;
Arsen;5;23.08.2016 21:00;0,0796385;
Arsen;8;23.08.2016 21:00;0,00865171;
Benzol;4;23.08.2016 21:00;1,20241;
Benzol;3;23.08.2016 21:00;0,964399;
Benzol;9;23.08.2016 21:00;0,869101;
Benzol;8;23.08.2016 21:00;0,467624;
Benzol;1;23.08.2016 21:00;0,26369;
Benzol;7;23.08.2016 21:00;0,193754;
Benzol;6;23.08.2016 21:00;0,174413;
Benzol;5;23.08.2016 21:00;0,0177445;
Benzol;2;23.08.2016 21:00;0,00193875;
Anilin;3;23.08.2016 21:00;1,61258;
Anilin;4;23.08.2016 21:00;0,965525;
Anilin;2;23.08.2016 21:00;0,933604;
Anilin;7;23.08.2016 21:00;0,600792;
Anilin;5;23.08.2016 21:00;0,469718;
Anilin;6;23.08.2016 21:00;0,464447;
Anilin;8;23.08.2016 21:00;0,295047;
Anilin;9;23.08.2016 21:00;0,219212;
Anilin;1;23.08.2016 21:00;0,083436;
Natriumchlorid;3;23.08.2016 22:00;3,69082;
Natriumchlorid;4;23.08.2016 22:00;1,21982;
Natriumchlorid;7;23.08.2016 22:00;0,957921;
Natriumchlorid;5;23.08.2016 22:00;0,856217;
Natriumchlorid;8;23.08.2016 22:00;0,599267;
Natriumchlorid;6;23.08.2016 22:00;0,437169;
Natriumchlorid;9;23.08.2016 22:00;0,203557;
Natriumchlorid;2;23.08.2016 22:00;0,182782;
Natriumchlorid;1;23.08.2016 22:00;0,177269;
Arsen;9;23.08.2016 22:00;1,20325;
Arsen;4;23.08.2016 22:00;1,13529;
Arsen;3;23.08.2016 22:00;0,849978;
Arsen;8;23.08.2016 22:00;0,563779;
Arsen;6;23.08.2016 22:00;0,518747;
Arsen;7;23.08.2016 22:00;0,465976;
Arsen;2;23.08.2016 22:00;0,390107;
Arsen;5;23.08.2016 22:00;0,0988592;
Arsen;1;23.08.2016 22:00;0,0796252;
Benzol;3;23.08.2016 22:00;1,58995;
Benzol;4;23.08.2016 22:00;1,18457;
Benzol;1;23.08.2016 22:00;0,783299;
Benzol;9;23.08.2016 22:00;0,715741;
Benzol;6;23.08.2016 22:00;0,640361;
Benzol;2;23.08.2016 22:00;0,233592;
Benzol;7;23.08.2016 22:00;0,123907;
Benzol;5;23.08.2016 22:00;0,118005;
Benzol;8;23.08.2016 22:00;0,0979902;
Anilin;4;23.08.2016 22:00;1,03878;
Anilin;8;23.08.2016 22:00;0,909624;
Anilin;3;23.08.2016 22:00;0,634981;
Anilin;7;23.08.2016 22:00;0,590857;
Anilin;9;23.08.2016 22:00;0,568524;
Anilin;2;23.08.2016 22:00;0,387755;
Anilin;6;23.08.2016 22:00;0,297289;
Anilin;5;23.08.2016 22:00;0,293536;
Anilin;1;23.08.2016 22:00;0,00770722;
Natriumchlorid;3;23.08.2016 23:00;0,983809;
Natriumchlorid;4;23.08.2016 23:00;0,931468;
Natriumchlorid;9;23.08.2016 23:00;0,568468;
Natriumchlorid;6;23.08.2016 23:00;0,463609;
Natriumchlorid;5;23.08.2016 23:00;0,309818;
Natriumchlorid;8;23.08.2016 23:00;0,282121;
Natriumchlorid;1;23.08.2016 23:00;0,258272;
Natriumchlorid;7;23.08.2016 23:00;0,128598;
Natriumchlorid;2;23.08.2016 23:00;0,0638009;
Arsen;4;23.08.2016 23:00;1,41473;
Arsen;8;23.08.2016 23:00;0,68394;
Arsen;9;23.08.2016 23:00;0,643152;
Arsen;5;23.08.2016 23:00;0,554891;
Arsen;6;23.08.2016 23:00;0,436516;
Arsen;3;23.08.2016 23:00;0,262886;
Arsen;2;23.08.2016 23:00;0,163181;
Arsen;7;23.08.2016 23:00;0,143323;
Arsen;1;23.08.2016 23:00;0,0835449;
Benzol;9;23.08.2016 23:00;1,074;
Benzol;7;23.08.2016 23:00;1,04468;
Benzol;4;23.08.2016 23:00;0,919131;
Benzol;2;23.08.2016 23:00;0,607983;
Benzol;6;23.08.2016 23:00;0,439039;
Benzol;8;23.08.2016 23:00;0,395578;
Benzol;3;23.08.2016 23:00;0,280481;
Benzol;5;23.08.2016 23:00;0,246474;
Benzol;1;23.08.2016 23:00;0,00957896;
Anilin;3;23.08.2016 23:00;3,56508;
Anilin;4;23.08.2016 23:00;1,57075;
Anilin;5;23.08.2016 23:00;1,26693;
Anilin;9;23.08.2016 23:00;1,15878;
Anilin;6;23.08.2016 23:00;0,554351;
Anilin;7;23.08.2016 23:00;0,336393;
Anilin;8;23.08.2016 23:00;0,112669;
Anilin;1;23.08.2016 23:00;0,103575;
Anilin;2;23.08.2016 23:00;0,0667481;
Natriumchlorid;9;24.08.2016 00:00;1,31685;
Natriumchlorid;8;24.08.2016 00:00;1,15322;
Natriumchlorid;7;24.08.2016 00:00;0,915939;
Natriumchlorid;4;24.08.2016 00:00;0,907291;
Natriumchlorid;5;24.08.2016 00:00;0,655302;
Natriumchlorid;3;24.08.2016 00:00;0,62705;
Natriumchlorid;6;24.08.2016 00:00;0,526558;
Natriumchlorid;1;24.08.2016 00:00;0,484858;
Natriumchlorid;2;24.08.2016 00:00;0,11417;
Arsen;3;24.08.2016 00:00;1,22383;
Arsen;4;24.08.2016 00:00;1,10583;
Arsen;5;24.08.2016 00:00;0,653167;
Arsen;7;24.08.2016 00:00;0,600585;
Arsen;2;24.08.2016 00:00;0,53509;
Arsen;8;24.08.2016 00:00;0,388692;
Arsen;9;24.08.2016 00:00;0,244218;
Arsen;1;24.08.2016 00:00;0,233618;
Arsen;6;24.08.2016 00:00;0,00830246;
Benzol;4;24.08.2016 00:00;1,1638;
Benzol;9;24.08.2016 00:00;0,873736;
Benzol;3;24.08.2016 00:00;0,756167;
Benzol;7;24.08.2016 00:00;0,49471;
Benzol;6;24.08.2016 00:00;0,466658;
Benzol;5;24.08.2016 00:00;0,416261;
Benzol;8;24.08.2016 00:00;0,408216;
Benzol;1;24.08.2016 00:00;0,333131;
Benzol;2;24.08.2016 00:00;0,149351;
Anilin;3;24.08.2016 00:00;1,95014;
Anilin;5;24.08.2016 00:00;1,11842;
Anilin;4;24.08.2016 00:00;1,08617;
Anilin;1;24.08.2016 00:00;0,336202;
Anilin;9;24.08.2016 00:00;0,246519;
Anilin;8;24.08.2016 00:00;0,231618;
Anilin;7;24.08.2016 00:00;0,105494;
Anilin;6;24.08.2016 00:00;0,0904207;
Anilin;2;24.08.2016 00:00;0,0479971;
Natriumchlorid;8;24.08.2016 01:00;0,816413;
Natriumchlorid;4;24.08.2016 01:00;0,808085;
Natriumchlorid;5;24.08.2016 01:00;0,795051;
Natriumchlorid;9;24.08.2016 01:00;0,622844;
Natriumchlorid;1;24.08.2016 01:00;0,528873;
Natriumchlorid;6;24.08.2016 01:00;0,42569;
Natriumchlorid;3;24.08.2016 01:00;0,399693;
Natriumchlorid;2;24.08.2016 01:00;0,371154;
Natriumchlorid;7;24.08.2016 01:00;0,129613;
Arsen;7;24.08.2016 01:00;2,54044;
Arsen;4;24.08.2016 01:00;1,1725;
Arsen;8;24.08.2016 01:00;0,770732;
Arsen;3;24.08.2016 01:00;0,491895;
Arsen;6;24.08.2016 01:00;0,490096;
Arsen;9;24.08.2016 01:00;0,3941;
Arsen;5;24.08.2016 01:00;0,358043;
Arsen;1;24.08.2016 01:00;0,348563;
Arsen;2;24.08.2016 01:00;0,143062;
Benzol;3;24.08.2016 01:00;2,39264;
Benzol;4;24.08.2016 01:00;1,19961;
Benzol;9;24.08.2016 01:00;1,19354;
Benzol;2;24.08.2016 01:00;0,452443;
Benzol;7;24.08.2016 01:00;0,400433;
Benzol;5;24.08.2016 01:00;0,307879;
Benzol;6;24.08.2016 01:00;0,241536;
Benzol;8;24.08.2016 01:00;0,211231;
Benzol;1;24.08.2016 01:00;0,152456;
Anilin;3;24.08.2016 01:00;2,42962;
Anilin;9;24.08.2016 01:00;0,831925;
Anilin;4;24.08.2016 01:00;0,774823;
Anilin;7;24.08.2016 01:00;0,63101;
Anilin;5;24.08.2016 01:00;0,34533;
Anilin;6;24.08.2016 01:00;0,295715;
Anilin;1;24.08.2016 01:00;0,291113;
Anilin;2;24.08.2016 01:00;0,242664;
Anilin;8;24.08.2016 01:00;0,110084;
Natriumchlorid;9;24.08.2016 02:00;1,67755;
Natriumchlorid;4;24.08.2016 02:00;1,24005;
Natriumchlorid;5;24.08.2016 02:00;0,920725;
Natriumchlorid;8;24.08.2016 02:00;0,852914;
Natriumchlorid;3;24.08.2016 02:00;0,459271;
Natriumchlorid;1;24.08.2016 02:00;0,166591;
Natriumchlorid;6;24.08.2016 02:00;0,162357;
Natriumchlorid;7;24.08.2016 02:00;0,104939;
Natriumchlorid;2;24.08.2016 02:00;0,0727515;
Arsen;4;24.08.2016 02:00;1,02913;
Arsen;8;24.08.2016 02:00;0,433622;
Arsen;3;24.08.2016 02:00;0,390948;
Arsen;2;24.08.2016 02:00;0,377415;
Arsen;6;24.08.2016 02:00;0,314688;
Arsen;1;24.08.2016 02:00;0,299859;
Arsen;9;24.08.2016 02:00;0,251677;
Arsen;5;24.08.2016 02:00;0,209827;
Arsen;7;24.08.2016 02:00;0,123035;
Benzol;4;24.08.2016 02:00;1,06462;
Benzol;9;24.08.2016 02:00;0,916505;
Benzol;3;24.08.2016 02:00;0,568951;
Benzol;6;24.08.2016 02:00;0,39453;
Benzol;7;24.08.2016 02:00;0,329825;
Benzol;5;24.08.2016 02:00;0,293227;
Benzol;1;24.08.2016 02:00;0,0273305;
Benzol;8;24.08.2016 02:00;0,0155718;
Benzol;2;24.08.2016 02:00;0,01171;
Anilin;4;24.08.2016 02:00;1,27319;
Anilin;9;24.08.2016 02:00;1,1852;
Anilin;3;24.08.2016 02:00;0,68123;
Anilin;6;24.08.2016 02:00;0,498026;
Anilin;7;24.08.2016 02:00;0,379976;
Anilin;8;24.08.2016 02:00;0,364125;
Anilin;2;24.08.2016 02:00;0,0920287;
Anilin;1;24.08.2016 02:00;0,0819826;
Anilin;5;24.08.2016 02:00;0,0457503;
Natriumchlorid;3;24.08.2016 03:00;5,07221;
Natriumchlorid;4;24.08.2016 03:00;1,33076;
Natriumchlorid;6;24.08.2016 03:00;0,3293;
Natriumchlorid;1;24.08.2016 03:00;0,297664;
Natriumchlorid;2;24.08.2016 03:00;0,285421;
Natriumchlorid;5;24.08.2016 03:00;0,270131;
Natriumchlorid;7;24.08.2016 03:00;0,231034;
Natriumchlorid;9;24.08.2016 03:00;0,191118;
Natriumchlorid;8;24.08.2016 03:00;0,0932426;
Arsen;7;24.08.2016 03:00;1,07857;
Arsen;4;24.08.2016 03:00;0,960552;
Arsen;9;24.08.2016 03:00;0,900984;
Arsen;5;24.08.2016 03:00;0,632528;
Arsen;8;24.08.2016 03:00;0,428957;
Arsen;2;24.08.2016 03:00;0,349244;
Arsen;1;24.08.2016 03:00;0,286806;
Arsen;6;24.08.2016 03:00;0,272975;
Arsen;3;24.08.2016 03:00;0,192077;
Benzol;3;24.08.2016 03:00;4,00848;
Benzol;7;24.08.2016 03:00;3,70253;
Benzol;4;24.08.2016 03:00;1,12919;
Benzol;9;24.08.2016 03:00;0,590685;
Benzol;5;24.08.2016 03:00;0,282034;
Benzol;8;24.08.2016 03:00;0,241365;
Benzol;6;24.08.2016 03:00;0,133232;
Benzol;2;24.08.2016 03:00;0,124634;
Benzol;1;24.08.2016 03:00;0,0567282;
Anilin;8;24.08.2016 03:00;1,16018;
Anilin;4;24.08.2016 03:00;1,13868;
Anilin;9;24.08.2016 03:00;0,790183;
Anilin;2;24.08.2016 03:00;0,485359;
Anilin;6;24.08.2016 03:00;0,460062;
Anilin;3;24.08.2016 03:00;0,214708;
Anilin;7;24.08.2016 03:00;0,158208;
Anilin;1;24.08.2016 03:00;0,084479;
Anilin;5;24.08.2016 03:00;0,00771097;
Natriumchlorid;3;24.08.2016 04:00;1,29043;
Natriumchlorid;4;24.08.2016 04:00;1,14188;
Natriumchlorid;7;24.08.2016 04:00;0,811055;
Natriumchlorid;9;24.08.2016 04:00;0,677868;
Natriumchlorid;6;24.08.2016 04:00;0,496682;
Natriumchlorid;8;24.08.2016 04:00;0,341114;
Natriumchlorid;2;24.08.2016 04:00;0,230553;
Natriumchlorid;5;24.08.2016 04:00;0,154549;
Natriumchlorid;1;24.08.2016 04:00;0,0123417;
Arsen;3;24.08.2016 04:00;1,33246;
Arsen;4;24.08.2016 04:00;1,24003;
Arsen;2;24.08.2016 04:00;0,921604;
Arsen;6;24.08.2016 04:00;0,824021;
Arsen;8;24.08.2016 04:00;0,68797;
Arsen;9;24.08.2016 04:00;0,62208;
Arsen;5;24.08.2016 04:00;0,585188;
Arsen;1;24.08.2016 04:00;0,332254;
Arsen;7;24.08.2016 04:00;0,119881;
Benzol;3;24.08.2016 04:00;4,93719;
Benzol;4;24.08.2016 04:00;1,30665;
Benzol;8;24.08.2016 04:00;0,705251;
Benzol;6;24.08.2016 04:00;0,538702;
Benzol;2;24.08.2016 04:00;0,432693;
Benzol;1;24.08.2016 04:00;0,366292;
Benzol;9;24.08.2016 04:00;0,314415;
Benzol;7;24.08.2016 04:00;0,143502;
Benzol;5;24.08.2016 04:00;0,120901;
Anilin;4;24.08.2016 04:00;1,745;
Anilin;2;24.08.2016 04:00;0,919432;
Anilin;8;24.08.2016 04:00;0,670594;
Anilin;6;24.08.2016 04:00;0,372211;
Anilin;9;24.08.2016 04:00;0,362069;
Anilin;1;24.08.2016 04:00;0,36154;
Anilin;3;24.08.2016 04:00;0,334046;
Anilin;5;24.08.2016 04:00;0,163976;
Anilin;7;24.08.2016 04:00;0,158897;
Natriumchlorid;4;24.08.2016 05:00;1,13807;
Natriumchlorid;7;24.08.2016 05:00;1,12682;
Natriumchlorid;3;24.08.2016 05:00;0,831345;
Natriumchlorid;9;24.08.2016 05:00;0,714113;
Natriumchlorid;6;24.08.2016 05:00;0,602939;
Natriumchlorid;8;24.08.2016 05:00;0,322608;
Natriumchlorid;1;24.08.2016 05:00;0,214295;
Natriumchlorid;2;24.08.2016 05:00;0,202462;
Natriumchlorid;5;24.08.2016 05:00;0,171755;
Arsen;4;24.08.2016 05:00;1,41393;
Arsen;2;24.08.2016 05:00;0,788476;
Arsen;3;24.08.2016 05:00;0,42851;
Arsen;9;24.08.2016 05:00;0,304231;
Arsen;6;24.08.2016 05:00;0,281235;
Arsen;7;24.08.2016 05:00;0,177594;
Arsen;8;24.08.2016 05:00;0,112665;
Arsen;5;24.08.2016 05:00;0,043853;
Arsen;1;24.08.2016 05:00;0,0181779;
Benzol;7;24.08.2016 05:00;1,40456;
Benzol;4;24.08.2016 05:00;1,33598;
Benzol;3;24.08.2016 05:00;1,28547;
Benzol;8;24.08.2016 05:00;1,20215;
Benzol;9;24.08.2016 05:00;0,637336;
Benzol;6;24.08.2016 05:00;0,397116;
Benzol;2;24.08.2016 05:00;0,371597;
Benzol;1;24.08.2016 05:00;0,11715;
Benzol;5;24.08.2016 05:00;0,071235;
Anilin;9;24.08.2016 05:00;1,45073;
Anilin;3;24.08.2016 05:00;1,36144;
Anilin;4;24.08.2016 05:00;1,1764;
Anilin;7;24.08.2016 05:00;0,892603;
Anilin;8;24.08.2016 05:00;0,602008;
Anilin;6;24.08.2016 05:00;0,440631;
Anilin;2;24.08.2016 05:00;0,169632;
Anilin;5;24.08.2016 05:00;0,121343;
Anilin;1;24.08.2016 05:00;0,0366542;
Natriumchlorid;9;24.08.2016 06:00;15,94264;
Natriumchlorid;5;24.08.2016 06:00;6,17477;
Natriumchlorid;9;24.08.2016 06:00;2,57391;
Natriumchlorid;2;24.08.2016 06:00;1,32428;
Natriumchlorid;5;24.08.2016 06:00;1,04279;
Natriumchlorid;4;24.08.2016 06:00;0,904487;
Natriumchlorid;8;24.08.2016 06:00;0,719826;
Natriumchlorid;7;24.08.2016 06:00;0,718724;
Natriumchlorid;6;24.08.2016 06:00;0,548462;
Natriumchlorid;1;24.08.2016 06:00;0,373291;
Natriumchlorid;3;24.08.2016 06:00;0,263264;
Arsen;9;24.08.2016 06:00;1,16643;
Arsen;4;24.08.2016 06:00;0,944692;
Arsen;3;24.08.2016 06:00;0,851049;
Arsen;1;24.08.2016 06:00;0,382285;
Arsen;5;24.08.2016 06:00;0,344942;
Arsen;6;24.08.2016 06:00;0,319207;
Arsen;7;24.08.2016 06:00;0,269197;
Arsen;2;24.08.2016 06:00;0,201904;
Arsen;8;24.08.2016 06:00;0,117507;
Benzol;4;24.08.2016 06:00;1,17359;
Benzol;8;24.08.2016 06:00;0,978981;
Benzol;5;24.08.2016 06:00;0,750881;
Benzol;9;24.08.2016 06:00;0,738357;
Benzol;3;24.08.2016 06:00;0,693401;
Benzol;1;24.08.2016 06:00;0,524745;
Benzol;6;24.08.2016 06:00;0,245896;
Benzol;7;24.08.2016 06:00;0,198386;
Benzol;2;24.08.2016 06:00;0,0483484;
Anilin;3;24.08.2016 06:00;1,53821;
Anilin;7;24.08.2016 06:00;1,06634;
Anilin;4;24.08.2016 06:00;1,04514;
Anilin;8;24.08.2016 06:00;0,272624;
Anilin;6;24.08.2016 06:00;0,254125;
Anilin;1;24.08.2016 06:00;0,134892;
Anilin;2;24.08.2016 06:00;0,124141;
Natriumchlorid;9;24.08.2016 07:00;4,31702;
Natriumchlorid;3;24.08.2016 07:00;2,23939;
Natriumchlorid;7;24.08.2016 07:00;1,07786;
Natriumchlorid;4;24.08.2016 07:00;0,995216;
Natriumchlorid;2;24.08.2016 07:00;0,856213;
Natriumchlorid;8;24.08.2016 07:00;0,652182;
Natriumchlorid;6;24.08.2016 07:00;0,393137;
Natriumchlorid;5;24.08.2016 07:00;0,134317;
Natriumchlorid;1;24.08.2016 07:00;0,0631797;
Arsen;4;24.08.2016 07:00;1,12779;
Arsen;9;24.08.2016 07:00;1,01979;
Arsen;5;24.08.2016 07:00;0,897497;
Arsen;3;24.08.2016 07:00;0,542011;
Arsen;1;24.08.2016 07:00;0,500098;
Arsen;6;24.08.2016 07:00;0,494624;
Arsen;8;24.08.2016 07:00;0,321891;
Arsen;7;24.08.2016 07:00;0,10649;
Arsen;2;24.08.2016 07:00;0,0949343;
Benzol;3;24.08.2016 07:00;3,46629;
Benzol;4;24.08.2016 07:00;1,23842;
Benzol;8;24.08.2016 07:00;0,868475;
Benzol;5;24.08.2016 07:00;0,542468;
Benzol;9;24.08.2016 07:00;0,477369;
Benzol;6;24.08.2016 07:00;0,26161;
Benzol;7;24.08.2016 07:00;0,192395;
Benzol;2;24.08.2016 07:00;0,154877;
Benzol;1;24.08.2016 07:00;0,0155722;
Anilin;3;24.08.2016 07:00;3,18542;
Anilin;7;24.08.2016 07:00;2,07799;
Anilin;4;24.08.2016 07:00;0,776585;
Anilin;5;24.08.2016 07:00;0,544027;
Anilin;6;24.08.2016 07:00;0,428825;
Anilin;9;24.08.2016 07:00;0,405029;
Anilin;1;24.08.2016 07:00;0,112083;
Anilin;8;24.08.2016 07:00;0,0903759;
Anilin;2;24.08.2016 07:00;0,0607814;
Natriumchlorid;4;24.08.2016 08:00;0,898495;
Natriumchlorid;7;24.08.2016 08:00;0,89579;
Natriumchlorid;3;24.08.2016 08:00;0,760989;
Natriumchlorid;8;24.08.2016 08:00;0,564579;
Natriumchlorid;9;24.08.2016 08:00;0,550562;
Natriumchlorid;6;24.08.2016 08:00;0,548543;
Natriumchlorid;2;24.08.2016 08:00;0,526643;
Natriumchlorid;5;24.08.2016 08:00;0,131336;
Natriumchlorid;1;24.08.2016 08:00;0,105838;
Arsen;4;24.08.2016 08:00;1,10673;
Arsen;9;24.08.2016 08:00;0,960011;
Arsen;3;24.08.2016 08:00;0,82053;
Arsen;8;24.08.2016 08:00;0,555528;
Arsen;6;24.08.2016 08:00;0,511488;
Arsen;5;24.08.2016 08:00;0,418736;
Arsen;7;24.08.2016 08:00;0,39093;
Arsen;2;24.08.2016 08:00;0,0729427;
Arsen;1;24.08.2016 08:00;0,0348076;
Benzol;5;24.08.2016 08:00;2,2223;
Benzol;3;24.08.2016 08:00;1,85815;
Benzol;4;24.08.2016 08:00;1,10912;
Benzol;1;24.08.2016 08:00;0,506276;
Benzol;9;24.08.2016 08:00;0,447866;
Benzol;6;24.08.2016 08:00;0,414755;
Benzol;7;24.08.2016 08:00;0,203801;
Benzol;2;24.08.2016 08:00;0,196367;
Benzol;8;24.08.2016 08:00;0,0051617;
Anilin;4;24.08.2016 08:00;1,16287;
Anilin;5;24.08.2016 08:00;0,720546;
Anilin;8;24.08.2016 08:00;0,405401;
Anilin;6;24.08.2016 08:00;0,403267;
Anilin;7;24.08.2016 08:00;0,359779;
Anilin;9;24.08.2016 08:00;0,358218;
Anilin;3;24.08.2016 08:00;0,21578;
Anilin;1;24.08.2016 08:00;0,05657;
Anilin;2;24.08.2016 08:00;0,0317147;
Natriumchlorid;4;24.08.2016 09:00;1,18431;
Natriumchlorid;3;24.08.2016 09:00;0,654762;
Natriumchlorid;6;24.08.2016 09:00;0,528865;
Natriumchlorid;9;24.08.2016 09:00;0,447367;
Natriumchlorid;8;24.08.2016 09:00;0,3669;
Natriumchlorid;7;24.08.2016 09:00;0,252512;
Natriumchlorid;5;24.08.2016 09:00;0,136838;
Natriumchlorid;1;24.08.2016 09:00;0,122054;
Natriumchlorid;2;24.08.2016 09:00;0,0211909;
Arsen;3;24.08.2016 09:00;1,31121;
Arsen;4;24.08.2016 09:00;1,24428;
Arsen;1;24.08.2016 09:00;0,582919;
Arsen;7;24.08.2016 09:00;0,516103;
Arsen;6;24.08.2016 09:00;0,48689;
Arsen;5;24.08.2016 09:00;0,229721;
Arsen;9;24.08.2016 09:00;0,149909;
Arsen;8;24.08.2016 09:00;0,131825;
Arsen;2;24.08.2016 09:00;0,0666447;
Benzol;3;24.08.2016 09:00;3,29746;
Benzol;5;24.08.2016 09:00;2,58391;
Benzol;7;24.08.2016 09:00;1,14085;
Benzol;4;24.08.2016 09:00;0,931218;
Benzol;1;24.08.2016 09:00;0,33775;
Benzol;2;24.08.2016 09:00;0,301902;
Benzol;9;24.08.2016 09:00;0,285957;
Benzol;8;24.08.2016 09:00;0,170597;
Benzol;6;24.08.2016 09:00;0,168982;
Anilin;3;24.08.2016 09:00;1,56998;
Anilin;7;24.08.2016 09:00;1,07956;
Anilin;4;24.08.2016 09:00;1,0634;
Anilin;2;24.08.2016 09:00;0,461432;
Anilin;9;24.08.2016 09:00;0,266668;
Anilin;8;24.08.2016 09:00;0,253836;
Anilin;5;24.08.2016 09:00;0,242335;
Anilin;6;24.08.2016 09:00;0,200336;
Anilin;1;24.08.2016 09:00;0,125066;
Natriumchlorid;9;24.08.2016 10:00;1,35747;
Natriumchlorid;4;24.08.2016 10:00;1,26199;
Natriumchlorid;6;24.08.2016 10:00;0,823443;
Natriumchlorid;3;24.08.2016 10:00;0,681432;
Natriumchlorid;5;24.08.2016 10:00;0,295772;
Natriumchlorid;2;24.08.2016 10:00;0,278826;
Natriumchlorid;7;24.08.2016 10:00;0,201586;
Natriumchlorid;1;24.08.2016 10:00;0,196672;
Natriumchlorid;8;24.08.2016 10:00;0,00788018;
Arsen;3;24.08.2016 10:00;1,556;
Arsen;4;24.08.2016 10:00;0,99076;
Arsen;6;24.08.2016 10:00;0,575798;
Arsen;5;24.08.2016 10:00;0,524836;
Arsen;8;24.08.2016 10:00;0,522143;
Arsen;9;24.08.2016 10:00;0,427757;
Arsen;1;24.08.2016 10:00;0,165334;
Arsen;7;24.08.2016 10:00;0,153427;
Arsen;2;24.08.2016 10:00;0,00532721;
Benzol;4;24.08.2016 10:00;1,24084;
Benzol;2;24.08.2016 10:00;0,54065;
Benzol;6;24.08.2016 10:00;0,490927;
Benzol;3;24.08.2016 10:00;0,356648;
Benzol;8;24.08.2016 10:00;0,313358;
Benzol;1;24.08.2016 10:00;0,220715;
Benzol;5;24.08.2016 10:00;0,219222;
Benzol;7;24.08.2016 10:00;0,205853;
Benzol;9;24.08.2016 10:00;0,0631446;
Anilin;5;24.08.2016 10:00;1,57621;
Anilin;4;24.08.2016 10:00;1,01048;
Anilin;9;24.08.2016 10:00;0,930433;
Anilin;3;24.08.2016 10:00;0,748538;
Anilin;8;24.08.2016 10:00;0,583348;
Anilin;6;24.08.2016 10:00;0,573558;
Anilin;1;24.08.2016 10:00;0,563401;
Anilin;7;24.08.2016 10:00;0,3086;
Anilin;2;24.08.2016 10:00;0,208431;
Natriumchlorid;9;24.08.2016 11:00;4,10276;
Natriumchlorid;4;24.08.2016 11:00;1,21972;
Natriumchlorid;8;24.08.2016 11:00;0,718269;
Natriumchlorid;5;24.08.2016 11:00;0,643014;
Natriumchlorid;3;24.08.2016 11:00;0,382717;
Natriumchlorid;6;24.08.2016 11:00;0,361335;
Natriumchlorid;2;24.08.2016 11:00;0,292195;
Natriumchlorid;1;24.08.2016 11:00;0,125919;
Natriumchlorid;7;24.08.2016 11:00;0,104266;
Arsen;4;24.08.2016 11:00;1,31213;
Arsen;9;24.08.2016 11:00;0,919575;
Arsen;8;24.08.2016 11:00;0,6869;
Arsen;1;24.08.2016 11:00;0,482972;
Arsen;3;24.08.2016 11:00;0,438879;
Arsen;6;24.08.2016 11:00;0,380331;
Arsen;5;24.08.2016 11:00;0,369708;
Arsen;2;24.08.2016 11:00;0,368201;
Arsen;7;24.08.2016 11:00;0,025687;
Benzol;3;24.08.2016 11:00;2,73726;
Benzol;4;24.08.2016 11:00;1,47153;
Benzol;2;24.08.2016 11:00;0,74361;
Benzol;7;24.08.2016 11:00;0,566468;
Benzol;5;24.08.2016 11:00;0,543623;
Benzol;6;24.08.2016 11:00;0,363095;
Benzol;8;24.08.2016 11:00;0,312857;
Benzol;1;24.08.2016 11:00;0,118726;
Benzol;9;24.08.2016 11:00;0,0705933;
Anilin;9;24.08.2016 11:00;1,18186;
Anilin;4;24.08.2016 11:00;1,01099;
Anilin;7;24.08.2016 11:00;0,762852;
Anilin;3;24.08.2016 11:00;0,753828;
Anilin;8;24.08.2016 11:00;0,631462;
Anilin;6;24.08.2016 11:00;0,443462;
Anilin;5;24.08.2016 11:00;0,361488;
Anilin;2;24.08.2016 11:00;0,223958;
Anilin;1;24.08.2016 11:00;0,0596593;
Natriumchlorid;5;24.08.2016 12:00;5,85509;
Natriumchlorid;4;24.08.2016 12:00;1,25678;
Natriumchlorid;5;24.08.2016 12:00;1,25324;
Natriumchlorid;9;24.08.2016 12:00;1,2271;
Natriumchlorid;2;24.08.2016 12:00;0,59313;
Natriumchlorid;3;24.08.2016 12:00;0,555381;
Natriumchlorid;8;24.08.2016 12:00;0,449591;
Natriumchlorid;6;24.08.2016 12:00;0,43;
Natriumchlorid;1;24.08.2016 12:00;0,284368;
Natriumchlorid;7;24.08.2016 12:00;0,00267968;
Arsen;4;24.08.2016 12:00;1,35963;
Arsen;3;24.08.2016 12:00;1,29965;
Arsen;7;24.08.2016 12:00;0,862319;
Arsen;8;24.08.2016 12:00;0,711636;
Arsen;6;24.08.2016 12:00;0,677902;
Arsen;9;24.08.2016 12:00;0,641345;
Arsen;1;24.08.2016 12:00;0,57907;
Arsen;5;24.08.2016 12:00;0,482191;
Arsen;2;24.08.2016 12:00;0,172025;
Benzol;3;24.08.2016 12:00;2,76261;
Benzol;5;24.08.2016 12:00;1,65225;
Benzol;4;24.08.2016 12:00;1,18116;
Benzol;9;24.08.2016 12:00;1,15747;
Benzol;7;24.08.2016 12:00;0,556408;
Benzol;6;24.08.2016 12:00;0,455882;
Benzol;8;24.08.2016 12:00;0,427945;
Benzol;1;24.08.2016 12:00;0,393635;
Benzol;2;24.08.2016 12:00;0,00598145;
Anilin;3;24.08.2016 12:00;3,3416;
Anilin;4;24.08.2016 12:00;1,00299;
Anilin;6;24.08.2016 12:00;0,687069;
Anilin;7;24.08.2016 12:00;0,599001;
Anilin;9;24.08.2016 12:00;0,560519;
Anilin;8;24.08.2016 12:00;0,504147;
Anilin;2;24.08.2016 12:00;0,433128;
Anilin;1;24.08.2016 12:00;0,428472;
Natriumchlorid;4;24.08.2016 13:00;1,16293;
Natriumchlorid;2;24.08.2016 13:00;0,67684;
Natriumchlorid;8;24.08.2016 13:00;0,546704;
Natriumchlorid;7;24.08.2016 13:00;0,494413;
Natriumchlorid;3;24.08.2016 13:00;0,473452;
Natriumchlorid;1;24.08.2016 13:00;0,315785;
Natriumchlorid;6;24.08.2016 13:00;0,254783;
Natriumchlorid;5;24.08.2016 13:00;0,215115;
Natriumchlorid;9;24.08.2016 13:00;0,192862;
Arsen;3;24.08.2016 13:00;1,69029;
Arsen;4;24.08.2016 13:00;0,947904;
Arsen;8;24.08.2016 13:00;0,602808;
Arsen;6;24.08.2016 13:00;0,544978;
Arsen;7;24.08.2016 13:00;0,519255;
Arsen;9;24.08.2016 13:00;0,238462;
Arsen;5;24.08.2016 13:00;0,162672;
Arsen;2;24.08.2016 13:00;0,107713;
Arsen;1;24.08.2016 13:00;0,0630446;
Benzol;4;24.08.2016 13:00;1,49608;
Benzol;7;24.08.2016 13:00;1,23313;
Benzol;5;24.08.2016 13:00;1,09618;
Benzol;3;24.08.2016 13:00;0,751834;
Benzol;2;24.08.2016 13:00;0,607242;
Benzol;6;24.08.2016 13:00;0,468716;
Benzol;8;24.08.2016 13:00;0,306255;
Benzol;9;24.08.2016 13:00;0,237025;
Benzol;1;24.08.2016 13:00;0,0623638;
Anilin;3;24.08.2016 13:00;3,40365;
Anilin;8;24.08.2016 13:00;1,17048;
Anilin;4;24.08.2016 13:00;1,02436;
Anilin;9;24.08.2016 13:00;0,772866;
Anilin;5;24.08.2016 13:00;0,603707;
Anilin;2;24.08.2016 13:00;0,522063;
Anilin;6;24.08.2016 13:00;0,45084;
Anilin;1;24.08.2016 13:00;0,435151;
Anilin;7;24.08.2016 13:00;0,179738;
Natriumchlorid;9;24.08.2016 14:00;7,61717;
Natriumchlorid;3;24.08.2016 14:00;3,20527;
Natriumchlorid;4;24.08.2016 14:00;1,06122;
Natriumchlorid;5;24.08.2016 14:00;0,946499;
Natriumchlorid;9;24.08.2016 14:00;0,899136;
Natriumchlorid;7;24.08.2016 14:00;0,678278;
Natriumchlorid;6;24.08.2016 14:00;0,447324;
Natriumchlorid;2;24.08.2016 14:00;0,345315;
Natriumchlorid;8;24.08.2016 14:00;0,14505;
Natriumchlorid;1;24.08.2016 14:00;0,00201969;
Arsen;4;24.08.2016 14:00;1,05555;
Arsen;5;24.08.2016 14:00;0,811464;
Arsen;7;24.08.2016 14:00;0,728461;
Arsen;3;24.08.2016 14:00;0,70109;
Arsen;9;24.08.2016 14:00;0,68979;
Arsen;8;24.08.2016 14:00;0,52986;
Arsen;6;24.08.2016 14:00;0,461312;
Arsen;2;24.08.2016 14:00;0,2784;
Arsen;1;24.08.2016 14:00;0,0954175;
Benzol;9;24.08.2016 14:00;1,91419;
Benzol;4;24.08.2016 14:00;1,41804;
Benzol;5;24.08.2016 14:00;1,37981;
Benzol;6;24.08.2016 14:00;0,822298;
Benzol;8;24.08.2016 14:00;0,754623;
Benzol;7;24.08.2016 14:00;0,447823;
Benzol;3;24.08.2016 14:00;0,370062;
Benzol;2;24.08.2016 14:00;0,310873;
Benzol;1;24.08.2016 14:00;0,298509;
Anilin;3;24.08.2016 14:00;2,1969;
Anilin;4;24.08.2016 14:00;1,22359;
Anilin;8;24.08.2016 14:00;1,2226;
Anilin;7;24.08.2016 14:00;0,645961;
Anilin;2;24.08.2016 14:00;0,633743;
Anilin;6;24.08.2016 14:00;0,493598;
Anilin;5;24.08.2016 14:00;0,325165;
Anilin;1;24.08.2016 14:00;0,198065;
Natriumchlorid;4;24.08.2016 15:00;1,35317;
Natriumchlorid;9;24.08.2016 15:00;1,17786;
Natriumchlorid;2;24.08.2016 15:00;0,995852;
Natriumchlorid;3;24.08.2016 15:00;0,762712;
Natriumchlorid;5;24.08.2016 15:00;0,495243;
Natriumchlorid;7;24.08.2016 15:00;0,384695;
Natriumchlorid;6;24.08.2016 15:00;0,347768;
Natriumchlorid;1;24.08.2016 15:00;0,123192;
Natriumchlorid;8;24.08.2016 15:00;0,0904405;
Arsen;4;24.08.2016 15:00;1,28557;
Arsen;8;24.08.2016 15:00;0,944614;
Arsen;9;24.08.2016 15:00;0,70542;
Arsen;3;24.08.2016 15:00;0,695962;
Arsen;6;24.08.2016 15:00;0,593684;
Arsen;7;24.08.2016 15:00;0,385989;
Arsen;5;24.08.2016 15:00;0,34711;
Arsen;1;24.08.2016 15:00;0,27783;
Arsen;2;24.08.2016 15:00;0,0115732;
Benzol;4;24.08.2016 15:00;1,35433;
Benzol;5;24.08.2016 15:00;0,811523;
Benzol;2;24.08.2016 15:00;0,561752;
Benzol;3;24.08.2016 15:00;0,314354;
Benzol;9;24.08.2016 15:00;0,258983;
Benzol;6;24.08.2016 15:00;0,243414;
Benzol;1;24.08.2016 15:00;0,239507;
Benzol;7;24.08.2016 15:00;0,141973;
Benzol;8;24.08.2016 15:00;0,0242256;
Anilin;3;24.08.2016 15:00;2,00782;
Anilin;4;24.08.2016 15:00;1,19285;
Anilin;7;24.08.2016 15:00;0,312844;
Anilin;8;24.08.2016 15:00;0,265227;
Anilin;1;24.08.2016 15:00;0,222361;
Anilin;6;24.08.2016 15:00;0,169042;
Anilin;2;24.08.2016 15:00;0,16825;
Anilin;5;24.08.2016 15:00;0,148389;
Anilin;9;24.08.2016 15:00;0,0800749;
Natriumchlorid;4;24.08.2016 16:00;1,1008;
Natriumchlorid;3;24.08.2016 16:00;1,00149;
Natriumchlorid;5;24.08.2016 16:00;0,990724;
Natriumchlorid;8;24.08.2016 16:00;0,984087;
Natriumchlorid;9;24.08.2016 16:00;0,589537;
Natriumchlorid;6;24.08.2016 16:00;0,307748;
Natriumchlorid;7;24.08.2016 16:00;0,151866;
Natriumchlorid;2;24.08.2016 16:00;0,114611;
Natriumchlorid;1;24.08.2016 16:00;0,0299604;
Arsen;4;24.08.2016 16:00;0,770839;
Arsen;9;24.08.2016 16:00;0,630231;
Arsen;1;24.08.2016 16:00;0,30809;
Arsen;6;24.08.2016 16:00;0,227177;
Arsen;7;24.08.2016 16:00;0,19835;
Arsen;3;24.08.2016 16:00;0,186217;
Arsen;8;24.08.2016 16:00;0,0888871;
Arsen;2;24.08.2016 16:00;0,0492131;
Arsen;5;24.08.2016 16:00;0,00115437;
Benzol;4;24.08.2016 16:00;1,37739;
Benzol;3;24.08.2016 16:00;1,24693;
Benzol;9;24.08.2016 16:00;0,869124;
Benzol;8;24.08.2016 16:00;0,754623;
Benzol;5;24.08.2016 16:00;0,668647;
Benzol;7;24.08.2016 16:00;0,538782;
Benzol;1;24.08.2016 16:00;0,471037;
Benzol;6;24.08.2016 16:00;0,151794;
Benzol;2;24.08.2016 16:00;0,0603342;
Anilin;4;24.08.2016 16:00;1,31152;
Anilin;8;24.08.2016 16:00;1,03744;
Anilin;7;24.08.2016 16:00;0,825332;
Anilin;9;24.08.2016 16:00;0,755182;
Anilin;5;24.08.2016 16:00;0,450786;
Anilin;2;24.08.2016 16:00;0,444686;
Anilin;6;24.08.2016 16:00;0,317244;
Anilin;3;24.08.2016 16:00;0,103875;
Anilin;1;24.08.2016 16:00;0,0341614;
Natriumchlorid;7;24.08.2016 17:00;2,07281;
Natriumchlorid;4;24.08.2016 17:00;1,07536;
Natriumchlorid;3;24.08.2016 17:00;0,593567;
Natriumchlorid;6;24.08.2016 17:00;0,366514;
Natriumchlorid;1;24.08.2016 17:00;0,358799;
Natriumchlorid;8;24.08.2016 17:00;0,272299;
Natriumchlorid;9;24.08.2016 17:00;0,154763;
Natriumchlorid;2;24.08.2016 17:00;0,0761981;
Natriumchlorid;5;24.08.2016 17:00;0,0123848;
Arsen;4;24.08.2016 17:00;0,996472;
Arsen;2;24.08.2016 17:00;0,826253;
Arsen;9;24.08.2016 17:00;0,619362;
Arsen;3;24.08.2016 17:00;0,526952;
Arsen;8;24.08.2016 17:00;0,393681;
Arsen;1;24.08.2016 17:00;0,248379;
Arsen;6;24.08.2016 17:00;0,194588;
Arsen;5;24.08.2016 17:00;0,175119;
Arsen;7;24.08.2016 17:00;0,0226692;
Benzol;4;24.08.2016 17:00;1,4033;
Benzol;9;24.08.2016 17:00;0,777833;
Benzol;8;24.08.2016 17:00;0,653789;
Benzol;3;24.08.2016 17:00;0,631405;
Benzol;7;24.08.2016 17:00;0,597284;
Benzol;5;24.08.2016 17:00;0,492229;
Benzol;6;24.08.2016 17:00;0,429304;
Benzol;2;24.08.2016 17:00;0,215564;
Benzol;1;24.08.2016 17:00;0,0407184;
Anilin;3;24.08.2016 17:00;1,36986;
Anilin;4;24.08.2016 17:00;1,24132;
Anilin;6;24.08.2016 17:00;0,380854;
Anilin;7;24.08.2016 17:00;0,339517;
Anilin;2;24.08.2016 17:00;0,245498;
Anilin;1;24.08.2016 17:00;0,23608;
Anilin;9;24.08.2016 17:00;0,203924;
Anilin;5;24.08.2016 17:00;0,167643;
Anilin;8;24.08.2016 17:00;0,0879078;
Natriumchlorid;9;24.08.2016 18:00;1,47293;
Natriumchlorid;4;24.08.2016 18:00;1,15575;
Natriumchlorid;7;24.08.2016 18:00;1,00923;
Natriumchlorid;8;24.08.2016 18:00;0,5117;
Natriumchlorid;2;24.08.2016 18:00;0,499065;
Natriumchlorid;6;24.08.2016 18:00;0,380593;
Natriumchlorid;5;24.08.2016 18:00;0,258722;
Natriumchlorid;1;24.08.2016 18:00;0,110784;
Natriumchlorid;3;24.08.2016 18:00;0,0310087;
Arsen;3;24.08.2016 18:00;1,9188;
Arsen;9;24.08.2016 18:00;1,01231;
Arsen;4;24.08.2016 18:00;0,993393;
Arsen;5;24.08.2016 18:00;0,814228;
Arsen;6;24.08.2016 18:00;0,453182;
Arsen;8;24.08.2016 18:00;0,339608;
Arsen;1;24.08.2016 18:00;0,287648;
Arsen;7;24.08.2016 18:00;0,231586;
Arsen;2;24.08.2016 18:00;0,0399071;
Benzol;9;24.08.2016 18:00;1,93937;
Benzol;4;24.08.2016 18:00;1,30955;
Benzol;1;24.08.2016 18:00;0,695093;
Benzol;2;24.08.2016 18:00;0,476275;
Benzol;5;24.08.2016 18:00;0,402883;
Benzol;6;24.08.2016 18:00;0,364557;
Benzol;7;24.08.2016 18:00;0,294377;
Benzol;3;24.08.2016 18:00;0,0591864;
Benzol;8;24.08.2016 18:00;0,00934201;
Anilin;4;24.08.2016 18:00;1,1751;
Anilin;3;24.08.2016 18:00;0,869117;
Anilin;9;24.08.2016 18:00;0,765332;
Anilin;5;24.08.2016 18:00;0,656715;
Anilin;2;24.08.2016 18:00;0,600538;
Anilin;1;24.08.2016 18:00;0,506871;
Anilin;6;24.08.2016 18:00;0,474884;
Anilin;7;24.08.2016 18:00;0,431508;
Anilin;8;24.08.2016 18:00;0,380608;
Natriumchlorid;4;24.08.2016 19:00;1,27562;
Natriumchlorid;9;24.08.2016 19:00;0,746022;
Natriumchlorid;3;24.08.2016 19:00;0,580751;
Natriumchlorid;1;24.08.2016 19:00;0,575088;
Natriumchlorid;7;24.08.2016 19:00;0,539314;
Natriumchlorid;2;24.08.2016 19:00;0,51805;
Natriumchlorid;5;24.08.2016 19:00;0,48346;
Natriumchlorid;6;24.08.2016 19:00;0,0804609;
Natriumchlorid;8;24.08.2016 19:00;0,0100323;
Arsen;3;24.08.2016 19:00;4,03865;
Arsen;7;24.08.2016 19:00;1,58927;
Arsen;4;24.08.2016 19:00;1,18751;
Arsen;6;24.08.2016 19:00;0,543054;
Arsen;1;24.08.2016 19:00;0,512502;
Arsen;9;24.08.2016 19:00;0,502283;
Arsen;5;24.08.2016 19:00;0,358269;
Arsen;8;24.08.2016 19:00;0,299142;
Arsen;2;24.08.2016 19:00;0,056841;
Benzol;4;24.08.2016 19:00;1,4549;
Benzol;3;24.08.2016 19:00;0,737988;
Benzol;8;24.08.2016 19:00;0,693188;
Benzol;5;24.08.2016 19:00;0,589405;
Benzol;9;24.08.2016 19:00;0,40795;
Benzol;1;24.08.2016 19:00;0,117144;
Benzol;6;24.08.2016 19:00;0,083793;
Benzol;2;24.08.2016 19:00;0,0479643;
Benzol;7;24.08.2016 19:00;0,0215547;
Anilin;3;24.08.2016 19:00;2,15334;
Anilin;4;24.08.2016 19:00;1,15942;
Anilin;2;24.08.2016 19:00;0,777502;
Anilin;5;24.08.2016 19:00;0,446674;
Anilin;7;24.08.2016 19:00;0,26336;
Anilin;6;24.08.2016 19:00;0,191161;
Anilin;9;24.08.2016 19:00;0,162556;
Anilin;8;24.08.2016 19:00;0,0620952;
Anilin;1;24.08.2016 19:00;0,00259008;
Natriumchlorid;9;24.08.2016 20:00;16,41074;
Natriumchlorid;9;24.08.2016 20:00;3,00754;
Natriumchlorid;4;24.08.2016 20:00;1,06884;
Natriumchlorid;3;24.08.2016 20:00;0,898818;
Natriumchlorid;5;24.08.2016 20:00;0,774285;
Natriumchlorid;6;24.08.2016 20:00;0,482906;
Natriumchlorid;2;24.08.2016 20:00;0,459088;
Natriumchlorid;7;24.08.2016 20:00;0,158959;
Natriumchlorid;1;24.08.2016 20:00;0,0818184;
Natriumchlorid;8;24.08.2016 20:00;0,0504245;
Arsen;4;24.08.2016 20:00;1,44651;
Arsen;3;24.08.2016 20:00;0,745657;
Arsen;5;24.08.2016 20:00;0,387412;
Arsen;1;24.08.2016 20:00;0,349937;
Arsen;2;24.08.2016 20:00;0,337465;
Arsen;8;24.08.2016 20:00;0,303509;
Arsen;7;24.08.2016 20:00;0,214689;
Arsen;6;24.08.2016 20:00;0,185401;
Arsen;9;24.08.2016 20:00;0,13841;
Benzol;3;24.08.2016 20:00;1,29449;
Benzol;4;24.08.2016 20:00;0,957924;
Benzol;6;24.08.2016 20:00;0,495703;
Benzol;8;24.08.2016 20:00;0,486172;
Benzol;7;24.08.2016 20:00;0,474631;
Benzol;5;24.08.2016 20:00;0,472841;
Benzol;2;24.08.2016 20:00;0,282355;
Benzol;1;24.08.2016 20:00;0,192142;
Benzol;9;24.08.2016 20:00;0,0179227;
Anilin;3;24.08.2016 20:00;2,27132;
Anilin;4;24.08.2016 20:00;1,10135;
Anilin;5;24.08.2016 20:00;0,542324;
Anilin;6;24.08.2016 20:00;0,390457;
Anilin;8;24.08.2016 20:00;0,35774;
Anilin;7;24.08.2016 20:00;0,152141;
Anilin;2;24.08.2016 20:00;0,116894;
Anilin;1;24.08.2016 20:00;0,0865982;
Natriumchlorid;7;24.08.2016 21:00;1,17506;
Natriumchlorid;4;24.08.2016 21:00;1,14168;
Natriumchlorid;8;24.08.2016 21:00;0,75685;
Natriumchlorid;2;24.08.2016 21:00;0,419482;
Natriumchlorid;9;24.08.2016 21:00;0,348541;
Natriumchlorid;1;24.08.2016 21:00;0,283272;
Natriumchlorid;3;24.08.2016 21:00;0,276508;
Natriumchlorid;6;24.08.2016 21:00;0,219378;
Natriumchlorid;5;24.08.2016 21:00;0,0353405;
Arsen;4;24.08.2016 21:00;1,14794;
Arsen;3;24.08.2016 21:00;1,04617;
Arsen;9;24.08.2016 21:00;0,810818;
Arsen;8;24.08.2016 21:00;0,749081;
Arsen;7;24.08.2016 21:00;0,747597;
Arsen;1;24.08.2016 21:00;0,316673;
Arsen;6;24.08.2016 21:00;0,232559;
Arsen;2;24.08.2016 21:00;0,144082;
Arsen;5;24.08.2016 21:00;0,110393;
Benzol;3;24.08.2016 21:00;1,58543;
Benzol;4;24.08.2016 21:00;1,08834;
Benzol;5;24.08.2016 21:00;1,07846;
Benzol;2;24.08.2016 21:00;0,703484;
Benzol;1;24.08.2016 21:00;0,468491;
Benzol;9;24.08.2016 21:00;0,426771;
Benzol;7;24.08.2016 21:00;0,234745;
Benzol;6;24.08.2016 21:00;0,0809529;
Benzol;8;24.08.2016 21:00;0,0422375;
Anilin;9;24.08.2016 21:00;1,48402;
Anilin;4;24.08.2016 21:00;1,12414;
Anilin;8;24.08.2016 21:00;0,775222;
Anilin;3;24.08.2016 21:00;0,757338;
Anilin;7;24.08.2016 21:00;0,474575;
Anilin;5;24.08.2016 21:00;0,366822;
Anilin;6;24.08.2016 21:00;0,359869;
Anilin;2;24.08.2016 21:00;0,312909;
Anilin;1;24.08.2016 21:00;0,0979167;
Natriumchlorid;9;24.08.2016 22:00;1,31685;
Natriumchlorid;4;24.08.2016 22:00;0,937134;
Natriumchlorid;3;24.08.2016 22:00;0,736073;
Natriumchlorid;8;24.08.2016 22:00;0,426104;
Natriumchlorid;7;24.08.2016 22:00;0,39833;
Natriumchlorid;2;24.08.2016 22:00;0,313069;
Natriumchlorid;5;24.08.2016 22:00;0,264454;
Natriumchlorid;1;24.08.2016 22:00;0,217226;
Natriumchlorid;6;24.08.2016 22:00;0,128426;
Arsen;4;24.08.2016 22:00;1,23598;
Arsen;7;24.08.2016 22:00;0,659593;
Arsen;6;24.08.2016 22:00;0,486403;
Arsen;3;24.08.2016 22:00;0,394559;
Arsen;2;24.08.2016 22:00;0,31011;
Arsen;9;24.08.2016 22:00;0,258084;
Arsen;8;24.08.2016 22:00;0,139022;
Arsen;5;24.08.2016 22:00;0,0693658;
Arsen;1;24.08.2016 22:00;0,0183171;
Benzol;5;24.08.2016 22:00;2,27376;
Benzol;4;24.08.2016 22:00;1,32922;
Benzol;8;24.08.2016 22:00;1,2708;
Benzol;3;24.08.2016 22:00;1,06823;
Benzol;2;24.08.2016 22:00;0,564616;
Benzol;1;24.08.2016 22:00;0,31767;
Benzol;9;24.08.2016 22:00;0,239602;
Benzol;7;24.08.2016 22:00;0,168509;
Benzol;6;24.08.2016 22:00;0,128002;
Anilin;3;24.08.2016 22:00;2,77058;
Anilin;9;24.08.2016 22:00;1,05153;
Anilin;4;24.08.2016 22:00;0,890396;
Anilin;7;24.08.2016 22:00;0,818476;
Anilin;5;24.08.2016 22:00;0,481989;
Anilin;2;24.08.2016 22:00;0,196833;
Anilin;6;24.08.2016 22:00;0,192371;
Anilin;8;24.08.2016 22:00;0,178809;
Anilin;1;24.08.2016 22:00;0,159869;
Natriumchlorid;4;24.08.2016 23:00;1,44734;
Natriumchlorid;5;24.08.2016 23:00;0,730356;
Natriumchlorid;8;24.08.2016 23:00;0,550622;
Natriumchlorid;9;24.08.2016 23:00;0,412874;
Natriumchlorid;3;24.08.2016 23:00;0,406922;
Natriumchlorid;1;24.08.2016 23:00;0,188052;
Natriumchlorid;6;24.08.2016 23:00;0,13702;
Natriumchlorid;7;24.08.2016 23:00;0,136004;
Natriumchlorid;2;24.08.2016 23:00;0,0234406;
Arsen;4;24.08.2016 23:00;1,04006;
Arsen;3;24.08.2016 23:00;0,876326;
Arsen;9;24.08.2016 23:00;0,767605;
Arsen;2;24.08.2016 23:00;0,385901;
Arsen;8;24.08.2016 23:00;0,282647;
Arsen;1;24.08.2016 23:00;0,17168;
Arsen;6;24.08.2016 23:00;0,0966562;
Arsen;7;24.08.2016 23:00;0,0732635;
Arsen;5;24.08.2016 23:00;0,0421873;
Benzol;3;24.08.2016 23:00;2,77428;
Benzol;7;24.08.2016 23:00;2,31551;
Benzol;5;24.08.2016 23:00;1,22049;
Benzol;2;24.08.2016 23:00;1,18065;
Benzol;4;24.08.2016 23:00;1,10268;
Benzol;6;24.08.2016 23:00;0,467613;
Benzol;1;24.08.2016 23:00;0,373201;
Benzol;8;24.08.2016 23:00;0,0929807;
Benzol;9;24.08.2016 23:00;0,0140046;
Anilin;5;24.08.2016 23:00;7,08713;
Anilin;3;24.08.2016 23:00;1,47317;
Anilin;4;24.08.2016 23:00;1,21556;
Anilin;8;24.08.2016 23:00;0,577082;
Anilin;2;24.08.2016 23:00;0,470555;
Anilin;9;24.08.2016 23:00;0,413985;
Anilin;1;24.08.2016 23:00;0,391132;
Anilin;6;24.08.2016 23:00;0,304503;
Anilin;7;24.08.2016 23:00;0,274547;
Natriumchlorid;9;25.08.2016 00:00;3,05288;
Natriumchlorid;4;25.08.2016 00:00;1,04759;
Natriumchlorid;5;25.08.2016 00:00;0,706738;
Natriumchlorid;8;25.08.2016 00:00;0,536426;
Natriumchlorid;3;25.08.2016 00:00;0,242959;
Natriumchlorid;6;25.08.2016 00:00;0,176081;
Natriumchlorid;7;25.08.2016 00:00;0,160831;
Natriumchlorid;2;25.08.2016 00:00;0,104597;
Natriumchlorid;1;25.08.2016 00:00;0,0259289;
Arsen;4;25.08.2016 00:00;1,21013;
Arsen;3;25.08.2016 00:00;0,777864;
Arsen;8;25.08.2016 00:00;0,441644;
Arsen;1;25.08.2016 00:00;0,424665;
Arsen;6;25.08.2016 00:00;0,398921;
Arsen;2;25.08.2016 00:00;0,37629;
Arsen;9;25.08.2016 00:00;0,205487;
Arsen;7;25.08.2016 00:00;0,123214;
Arsen;5;25.08.2016 00:00;0,00961497;
Benzol;3;25.08.2016 00:00;4,10993;
Benzol;9;25.08.2016 00:00;0,916475;
Benzol;4;25.08.2016 00:00;0,825427;
Benzol;7;25.08.2016 00:00;0,742143;
Benzol;5;25.08.2016 00:00;0,628398;
Benzol;8;25.08.2016 00:00;0,617031;
Benzol;1;25.08.2016 00:00;0,425472;
Benzol;6;25.08.2016 00:00;0,248396;
Benzol;2;25.08.2016 00:00;0,104282;
Anilin;5;25.08.2016 00:00;4,17605;
Anilin;4;25.08.2016 00:00;1,43515;
Anilin;9;25.08.2016 00:00;0,680283;
Anilin;7;25.08.2016 00:00;0,561126;
Anilin;3;25.08.2016 00:00;0,56095;
Anilin;6;25.08.2016 00:00;0,289672;
Anilin;2;25.08.2016 00:00;0,173846;
Anilin;1;25.08.2016 00:00;0,100886;
Anilin;8;25.08.2016 00:00;0,0921633;
Natriumchlorid;3;25.08.2016 01:00;1,23677;
Natriumchlorid;4;25.08.2016 01:00;1,09437;
Natriumchlorid;9;25.08.2016 01:00;0,73891;
Natriumchlorid;7;25.08.2016 01:00;0,542271;
Natriumchlorid;6;25.08.2016 01:00;0,498371;
Natriumchlorid;2;25.08.2016 01:00;0,479509;
Natriumchlorid;5;25.08.2016 01:00;0,235323;
Natriumchlorid;1;25.08.2016 01:00;0,220868;
Natriumchlorid;8;25.08.2016 01:00;0,0614394;
Arsen;7;25.08.2016 01:00;1,24815;
Arsen;4;25.08.2016 01:00;1,12598;
Arsen;5;25.08.2016 01:00;0,445093;
Arsen;3;25.08.2016 01:00;0,398108;
Arsen;6;25.08.2016 01:00;0,233621;
Arsen;9;25.08.2016 01:00;0,180467;
Arsen;1;25.08.2016 01:00;0,113544;
Arsen;8;25.08.2016 01:00;0,0144713;
Arsen;2;25.08.2016 01:00;0,00139091;
Benzol;3;25.08.2016 01:00;1,05724;
Benzol;4;25.08.2016 01:00;1,02551;
Benzol;6;25.08.2016 01:00;0,418823;
Benzol;1;25.08.2016 01:00;0,354124;
Benzol;7;25.08.2016 01:00;0,087401;
Benzol;9;25.08.2016 01:00;0,0593494;
Benzol;8;25.08.2016 01:00;0,049043;
Benzol;2;25.08.2016 01:00;0,0248732;
Benzol;5;25.08.2016 01:00;0,00589914;
Anilin;3;25.08.2016 01:00;0,966881;
Anilin;4;25.08.2016 01:00;0,940156;
Anilin;2;25.08.2016 01:00;0,904971;
Anilin;8;25.08.2016 01:00;0,625733;
Anilin;6;25.08.2016 01:00;0,347847;
Anilin;1;25.08.2016 01:00;0,242241;
Anilin;5;25.08.2016 01:00;0,113241;
Anilin;9;25.08.2016 01:00;0,0422118;
Anilin;7;25.08.2016 01:00;0,0116956;
Natriumchlorid;2;25.08.2016 02:00;1,02159;
Natriumchlorid;5;25.08.2016 02:00;0,898712;
Natriumchlorid;4;25.08.2016 02:00;0,843625;
Natriumchlorid;8;25.08.2016 02:00;0,727082;
Natriumchlorid;7;25.08.2016 02:00;0,428981;
Natriumchlorid;9;25.08.2016 02:00;0,329728;
Natriumchlorid;6;25.08.2016 02:00;0,258522;
Natriumchlorid;1;25.08.2016 02:00;0,160368;
Natriumchlorid;3;25.08.2016 02:00;0,120827;
Arsen;7;25.08.2016 02:00;2,73037;
Arsen;4;25.08.2016 02:00;1,18014;
Arsen;5;25.08.2016 02:00;0,986394;
Arsen;2;25.08.2016 02:00;0,965074;
Arsen;9;25.08.2016 02:00;0,777395;
Arsen;6;25.08.2016 02:00;0,665914;
Arsen;3;25.08.2016 02:00;0,310569;
Arsen;8;25.08.2016 02:00;0,255078;
Arsen;1;25.08.2016 02:00;0,0329931;
Benzol;7;25.08.2016 02:00;0,902788;
Benzol;4;25.08.2016 02:00;0,887708;
Benzol;8;25.08.2016 02:00;0,881038;
Benzol;3;25.08.2016 02:00;0,709883;
Benzol;2;25.08.2016 02:00;0,679169;
Benzol;6;25.08.2016 02:00;0,366281;
Benzol;5;25.08.2016 02:00;0,151229;
Benzol;1;25.08.2016 02:00;0,1206;
Benzol;9;25.08.2016 02:00;0,112331;
Anilin;4;25.08.2016 02:00;1,21818;
Anilin;2;25.08.2016 02:00;0,941646;
Anilin;9;25.08.2016 02:00;0,730983;
Anilin;5;25.08.2016 02:00;0,568604;
Anilin;3;25.08.2016 02:00;0,429909;
Anilin;1;25.08.2016 02:00;0,41539;
Anilin;6;25.08.2016 02:00;0,35519;
Anilin;8;25.08.2016 02:00;0,10877;
Anilin;7;25.08.2016 02:00;0,10156;
Natriumchlorid;4;25.08.2016 03:00;1,11015;
Natriumchlorid;2;25.08.2016 03:00;0,916522;
Natriumchlorid;3;25.08.2016 03:00;0,656294;
Natriumchlorid;6;25.08.2016 03:00;0,640267;
Natriumchlorid;1;25.08.2016 03:00;0,356981;
Natriumchlorid;7;25.08.2016 03:00;0,313583;
Natriumchlorid;5;25.08.2016 03:00;0,30145;
Natriumchlorid;8;25.08.2016 03:00;0,0845251;
Natriumchlorid;9;25.08.2016 03:00;0,0349779;
Arsen;4;25.08.2016 03:00;1,35541;
Arsen;5;25.08.2016 03:00;1,34357;
Arsen;3;25.08.2016 03:00;0,629158;
Arsen;6;25.08.2016 03:00;0,417072;
Arsen;2;25.08.2016 03:00;0,31514;
Arsen;9;25.08.2016 03:00;0,267392;
Arsen;8;25.08.2016 03:00;0,164782;
Arsen;7;25.08.2016 03:00;0,120187;
Arsen;1;25.08.2016 03:00;0,0413477;
Benzol;7;25.08.2016 03:00;1,42052;
Benzol;3;25.08.2016 03:00;1,29693;
Benzol;4;25.08.2016 03:00;1,25493;
Benzol;6;25.08.2016 03:00;0,849149;
Benzol;9;25.08.2016 03:00;0,802553;
Benzol;8;25.08.2016 03:00;0,660296;
Benzol;2;25.08.2016 03:00;0,334093;
Benzol;5;25.08.2016 03:00;0,29369;
Benzol;1;25.08.2016 03:00;0,231397;
Anilin;4;25.08.2016 03:00;1,2793;
Anilin;9;25.08.2016 03:00;0,620435;
Anilin;5;25.08.2016 03:00;0,480278;
Anilin;7;25.08.2016 03:00;0,405289;
Anilin;8;25.08.2016 03:00;0,337368;
Anilin;1;25.08.2016 03:00;0,320485;
Anilin;2;25.08.2016 03:00;0,250793;
Anilin;3;25.08.2016 03:00;0,214897;
Anilin;6;25.08.2016 03:00;0,136583;
Natriumchlorid;3;25.08.2016 04:00;2,73102;
Natriumchlorid;4;25.08.2016 04:00;1,06646;
Natriumchlorid;9;25.08.2016 04:00;0,812283;
Natriumchlorid;6;25.08.2016 04:00;0,626311;
Natriumchlorid;8;25.08.2016 04:00;0,590481;
Natriumchlorid;7;25.08.2016 04:00;0,571459;
Natriumchlorid;2;25.08.2016 04:00;0,461697;
Natriumchlorid;5;25.08.2016 04:00;0,366853;
Natriumchlorid;1;25.08.2016 04:00;0,234728;
Arsen;3;25.08.2016 04:00;2,5682;
Arsen;7;25.08.2016 04:00;2,2133;
Arsen;9;25.08.2016 04:00;1,30638;
Arsen;4;25.08.2016 04:00;1,07181;
Arsen;1;25.08.2016 04:00;0,273884;
Arsen;6;25.08.2016 04:00;0,270569;
Arsen;8;25.08.2016 04:00;0,176703;
Arsen;2;25.08.2016 04:00;0,135838;
Arsen;5;25.08.2016 04:00;0,010512;
Benzol;7;25.08.2016 04:00;1,47986;
Benzol;3;25.08.2016 04:00;1,24587;
Benzol;4;25.08.2016 04:00;1,16695;
Benzol;8;25.08.2016 04:00;1,03237;
Benzol;5;25.08.2016 04:00;1,01513;
Benzol;6;25.08.2016 04:00;0,357665;
Benzol;2;25.08.2016 04:00;0,256938;
Benzol;1;25.08.2016 04:00;0,212654;
Benzol;9;25.08.2016 04:00;0,163493;
Anilin;4;25.08.2016 04:00;1,53903;
Anilin;3;25.08.2016 04:00;1,40354;
Anilin;7;25.08.2016 04:00;1,04942;
Anilin;5;25.08.2016 04:00;0,756473;
Anilin;8;25.08.2016 04:00;0,486986;
Anilin;1;25.08.2016 04:00;0,107118;
Anilin;6;25.08.2016 04:00;0,0676479;
Anilin;9;25.08.2016 04:00;0,0186602;
Anilin;2;25.08.2016 04:00;0,00920197;
Natriumchlorid;4;25.08.2016 05:00;1,00049;
Natriumchlorid;7;25.08.2016 05:00;0,939704;
Natriumchlorid;5;25.08.2016 05:00;0,701325;
Natriumchlorid;1;25.08.2016 05:00;0,396813;
Natriumchlorid;2;25.08.2016 05:00;0,211136;
Natriumchlorid;6;25.08.2016 05:00;0,185128;
Natriumchlorid;8;25.08.2016 05:00;0,16502;
Natriumchlorid;3;25.08.2016 05:00;0,136377;
Natriumchlorid;9;25.08.2016 05:00;0,0432568;
Arsen;3;25.08.2016 05:00;5,71262;
Arsen;7;25.08.2016 05:00;1,23313;
Arsen;4;25.08.2016 05:00;1,17071;
Arsen;8;25.08.2016 05:00;0,408216;
Arsen;6;25.08.2016 05:00;0,393719;
Arsen;9;25.08.2016 05:00;0,32358;
Arsen;5;25.08.2016 05:00;0,284991;
Arsen;1;25.08.2016 05:00;0,154342;
Arsen;2;25.08.2016 05:00;0,0205852;
Benzol;3;25.08.2016 05:00;1,38349;
Benzol;4;25.08.2016 05:00;1,14473;
Benzol;8;25.08.2016 05:00;0,878212;
Benzol;9;25.08.2016 05:00;0,762254;
Benzol;6;25.08.2016 05:00;0,291307;
Benzol;7;25.08.2016 05:00;0,212701;
Benzol;2;25.08.2016 05:00;0,166224;
Benzol;1;25.08.2016 05:00;0,111577;
Benzol;5;25.08.2016 05:00;0,0876189;
Anilin;3;25.08.2016 05:00;2,22561;
Anilin;4;25.08.2016 05:00;0,936296;
Anilin;9;25.08.2016 05:00;0,934107;
Anilin;7;25.08.2016 05:00;0,765883;
Anilin;6;25.08.2016 05:00;0,49459;
Anilin;2;25.08.2016 05:00;0,354506;
Anilin;5;25.08.2016 05:00;0,161242;
Anilin;8;25.08.2016 05:00;0,103956;
Anilin;1;25.08.2016 05:00;0,00383154;
Natriumchlorid;4;25.08.2016 06:00;1,24744;
Natriumchlorid;2;25.08.2016 06:00;0,768736;
Natriumchlorid;9;25.08.2016 06:00;0,494038;
Natriumchlorid;6;25.08.2016 06:00;0,440209;
Natriumchlorid;1;25.08.2016 06:00;0,433904;
Natriumchlorid;5;25.08.2016 06:00;0,281308;
Natriumchlorid;3;25.08.2016 06:00;0,168083;
Natriumchlorid;8;25.08.2016 06:00;0,160606;
Natriumchlorid;7;25.08.2016 06:00;0,0790417;
Arsen;4;25.08.2016 06:00;0,821127;
Arsen;3;25.08.2016 06:00;0,766026;
Arsen;6;25.08.2016 06:00;0,535566;
Arsen;5;25.08.2016 06:00;0,499944;
Arsen;9;25.08.2016 06:00;0,295771;
Arsen;2;25.08.2016 06:00;0,280606;
Arsen;1;25.08.2016 06:00;0,246365;
Arsen;7;25.08.2016 06:00;0,0563489;
Arsen;8;25.08.2016 06:00;0,00865234;
Benzol;4;25.08.2016 06:00;1,48036;
Benzol;5;25.08.2016 06:00;1,1138;
Benzol;6;25.08.2016 06:00;0,81054;
Benzol;3;25.08.2016 06:00;0,684186;
Benzol;9;25.08.2016 06:00;0,543807;
Benzol;1;25.08.2016 06:00;0,395206;
Benzol;7;25.08.2016 06:00;0,220265;
Benzol;8;25.08.2016 06:00;0,0577199;
Benzol;2;25.08.2016 06:00;0,00508619;
Anilin;3;25.08.2016 06:00;3,61097;
Anilin;5;25.08.2016 06:00;1,40084;
Anilin;9;25.08.2016 06:00;1,38173;
Anilin;4;25.08.2016 06:00;1,35284;
Anilin;8;25.08.2016 06:00;1,16912;
Anilin;6;25.08.2016 06:00;0,42606;
Anilin;7;25.08.2016 06:00;0,275072;
Anilin;2;25.08.2016 06:00;0,27411;
Anilin;1;25.08.2016 06:00;0,238462;
Natriumchlorid;4;25.08.2016 07:00;0,96454;
Natriumchlorid;3;25.08.2016 07:00;0,840999;
Natriumchlorid;9;25.08.2016 07:00;0,572461;
Natriumchlorid;8;25.08.2016 07:00;0,508268;
Natriumchlorid;5;25.08.2016 07:00;0,257326;
Natriumchlorid;2;25.08.2016 07:00;0,249503;
Natriumchlorid;1;25.08.2016 07:00;0,241037;
Natriumchlorid;7;25.08.2016 07:00;0,180723;
Natriumchlorid;6;25.08.2016 07:00;0,140289;
Arsen;7;25.08.2016 07:00;1,74466;
Arsen;2;25.08.2016 07:00;1,10022;
Arsen;3;25.08.2016 07:00;1,03235;
Arsen;4;25.08.2016 07:00;1,00291;
Arsen;9;25.08.2016 07:00;0,456038;
Arsen;1;25.08.2016 07:00;0,175852;
Arsen;8;25.08.2016 07:00;0,168827;
Arsen;5;25.08.2016 07:00;0,142371;
Arsen;6;25.08.2016 07:00;0,103209;
Benzol;4;25.08.2016 07:00;0,931302;
Benzol;7;25.08.2016 07:00;0,892883;
Benzol;3;25.08.2016 07:00;0,83844;
Benzol;5;25.08.2016 07:00;0,686866;
Benzol;1;25.08.2016 07:00;0,607081;
Benzol;8;25.08.2016 07:00;0,523683;
Benzol;6;25.08.2016 07:00;0,482606;
Benzol;2;25.08.2016 07:00;0,409237;
Benzol;9;25.08.2016 07:00;0,113119;
Anilin;3;25.08.2016 07:00;2,21694;
Anilin;2;25.08.2016 07:00;0,940714;
Anilin;4;25.08.2016 07:00;0,826224;
Anilin;8;25.08.2016 07:00;0,635853;
Anilin;6;25.08.2016 07:00;0,631974;
Anilin;7;25.08.2016 07:00;0,187988;
Anilin;9;25.08.2016 07:00;0,137949;
Anilin;5;25.08.2016 07:00;0,0950668;
Anilin;1;25.08.2016 07:00;0,0666193;
Natriumchlorid;3;25.08.2016 08:00;1,74451;
Natriumchlorid;4;25.08.2016 08:00;1,09208;
Natriumchlorid;8;25.08.2016 08:00;0,952449;
Natriumchlorid;2;25.08.2016 08:00;0,89477;
Natriumchlorid;5;25.08.2016 08:00;0,70202;
Natriumchlorid;9;25.08.2016 08:00;0,6175;
Natriumchlorid;1;25.08.2016 08:00;0,400143;
Natriumchlorid;6;25.08.2016 08:00;0,246431;
Natriumchlorid;7;25.08.2016 08:00;0,0143464;
Arsen;4;25.08.2016 08:00;1,25465;
Arsen;2;25.08.2016 08:00;0,791837;
Arsen;5;25.08.2016 08:00;0,727177;
Arsen;3;25.08.2016 08:00;0,725297;
Arsen;8;25.08.2016 08:00;0,700118;
Arsen;6;25.08.2016 08:00;0,572335;
Arsen;7;25.08.2016 08:00;0,519619;
Arsen;9;25.08.2016 08:00;0,214574;
Arsen;1;25.08.2016 08:00;0,110851;
Benzol;3;25.08.2016 08:00;2,10052;
Benzol;9;25.08.2016 08:00;1,56824;
Benzol;7;25.08.2016 08:00;1,26035;
Benzol;4;25.08.2016 08:00;1,23028;
Benzol;6;25.08.2016 08:00;0,653611;
Benzol;5;25.08.2016 08:00;0,613961;
Benzol;8;25.08.2016 08:00;0,497703;
Benzol;2;25.08.2016 08:00;0,392402;
Benzol;1;25.08.2016 08:00;0,0048188;
Anilin;3;25.08.2016 08:00;1,40743;
Anilin;7;25.08.2016 08:00;0,977854;
Anilin;5;25.08.2016 08:00;0,879066;
Anilin;4;25.08.2016 08:00;0,87437;
Anilin;9;25.08.2016 08:00;0,713553;
Anilin;6;25.08.2016 08:00;0,39834;
Anilin;1;25.08.2016 08:00;0,331855;
Anilin;2;25.08.2016 08:00;0,328893;
Anilin;8;25.08.2016 08:00;0,198513;
Natriumchlorid;3;25.08.2016 09:00;1,33524;
Natriumchlorid;4;25.08.2016 09:00;1,12221;
Natriumchlorid;5;25.08.2016 09:00;0,472241;
Natriumchlorid;2;25.08.2016 09:00;0,45341;
Natriumchlorid;9;25.08.2016 09:00;0,365356;
Natriumchlorid;6;25.08.2016 09:00;0,32002;
Natriumchlorid;8;25.08.2016 09:00;0,269623;
Natriumchlorid;7;25.08.2016 09:00;0,123991;
Natriumchlorid;1;25.08.2016 09:00;0,0937992;
Arsen;4;25.08.2016 09:00;1,05503;
Arsen;9;25.08.2016 09:00;1,04929;
Arsen;2;25.08.2016 09:00;0,819566;
Arsen;3;25.08.2016 09:00;0,455571;
Arsen;6;25.08.2016 09:00;0,426307;
Arsen;8;25.08.2016 09:00;0,37641;
Arsen;1;25.08.2016 09:00;0,229923;
Arsen;5;25.08.2016 09:00;0,150787;
Arsen;7;25.08.2016 09:00;0,0206846;
Benzol;4;25.08.2016 09:00;1,23506;
Benzol;8;25.08.2016 09:00;1,04272;
Benzol;9;25.08.2016 09:00;0,870813;
Benzol;3;25.08.2016 09:00;0,458506;
Benzol;5;25.08.2016 09:00;0,322742;
Benzol;2;25.08.2016 09:00;0,252707;
Benzol;6;25.08.2016 09:00;0,158659;
Benzol;7;25.08.2016 09:00;0,131019;
Benzol;1;25.08.2016 09:00;0,0464576;
Anilin;7;25.08.2016 09:00;1,68417;
Anilin;4;25.08.2016 09:00;1,27749;
Anilin;8;25.08.2016 09:00;0,55477;
Anilin;9;25.08.2016 09:00;0,470086;
Anilin;3;25.08.2016 09:00;0,353499;
Anilin;5;25.08.2016 09:00;0,351585;
Anilin;2;25.08.2016 09:00;0,347723;
Anilin;1;25.08.2016 09:00;0,291572;
Anilin;6;25.08.2016 09:00;0,0871338;
Natriumchlorid;3;25.08.2016 10:00;3,54638;
Natriumchlorid;4;25.08.2016 10:00;1,22116;
Natriumchlorid;9;25.08.2016 10:00;1,01878;
Natriumchlorid;5;25.08.2016 10:00;0,715265;
Natriumchlorid;8;25.08.2016 10:00;0,439061;
Natriumchlorid;7;25.08.2016 10:00;0,315927;
Natriumchlorid;6;25.08.2016 10:00;0,286864;
Natriumchlorid;2;25.08.2016 10:00;0,0634433;
Natriumchlorid;1;25.08.2016 10:00;0,00545863;
Arsen;7;25.08.2016 10:00;1,25404;
Arsen;4;25.08.2016 10:00;1,2403;
Arsen;9;25.08.2016 10:00;1,15436;
Arsen;8;25.08.2016 10:00;0,238547;
Arsen;3;25.08.2016 10:00;0,125854;
Arsen;6;25.08.2016 10:00;0,0990509;
Arsen;5;25.08.2016 10:00;0,0788122;
Arsen;1;25.08.2016 10:00;0,0495935;
Arsen;2;25.08.2016 10:00;0,0316428;
Benzol;4;25.08.2016 10:00;1,17594;
Benzol;9;25.08.2016 10:00;1,13611;
Benzol;6;25.08.2016 10:00;0,653679;
Benzol;5;25.08.2016 10:00;0,566148;
Benzol;8;25.08.2016 10:00;0,495341;
Benzol;2;25.08.2016 10:00;0,274463;
Benzol;7;25.08.2016 10:00;0,269323;
Benzol;1;25.08.2016 10:00;0,259055;
Benzol;3;25.08.2016 10:00;0,110571;
Anilin;7;25.08.2016 10:00;1,58897;
Anilin;4;25.08.2016 10:00;1,38512;
Anilin;5;25.08.2016 10:00;0,546568;
Anilin;6;25.08.2016 10:00;0,51481;
Anilin;1;25.08.2016 10:00;0,490937;
Anilin;9;25.08.2016 10:00;0,37137;
Anilin;3;25.08.2016 10:00;0,279536;
Anilin;2;25.08.2016 10:00;0,206801;
Anilin;8;25.08.2016 10:00;0,0431158;
Natriumchlorid;4;25.08.2016 11:00;1,30673;
Natriumchlorid;9;25.08.2016 11:00;0,895923;
Natriumchlorid;3;25.08.2016 11:00;0,841782;
Natriumchlorid;2;25.08.2016 11:00;0,568668;
Natriumchlorid;6;25.08.2016 11:00;0,30819;
Natriumchlorid;7;25.08.2016 11:00;0,260025;
Natriumchlorid;1;25.08.2016 11:00;0,179024;
Natriumchlorid;8;25.08.2016 11:00;0,170128;
Natriumchlorid;5;25.08.2016 11:00;0,126707;
Arsen;4;25.08.2016 11:00;1,19761;
Arsen;9;25.08.2016 11:00;0,99321;
Arsen;6;25.08.2016 11:00;0,565644;
Arsen;7;25.08.2016 11:00;0,554158;
Arsen;5;25.08.2016 11:00;0,548867;
Arsen;3;25.08.2016 11:00;0,467956;
Arsen;2;25.08.2016 11:00;0,455437;
Arsen;1;25.08.2016 11:00;0,273097;
Arsen;8;25.08.2016 11:00;0,126251;
Benzol;4;25.08.2016 11:00;1,16981;
Benzol;9;25.08.2016 11:00;0,839813;
Benzol;5;25.08.2016 11:00;0,681977;
Benzol;8;25.08.2016 11:00;0,610677;
Benzol;7;25.08.2016 11:00;0,444741;
Benzol;6;25.08.2016 11:00;0,42569;
Benzol;1;25.08.2016 11:00;0,378858;
Benzol;3;25.08.2016 11:00;0,0766794;
Benzol;2;25.08.2016 11:00;0,0143065;
Anilin;9;25.08.2016 11:00;1,06005;
Anilin;4;25.08.2016 11:00;1,01769;
Anilin;7;25.08.2016 11:00;0,917766;
Anilin;8;25.08.2016 11:00;0,760739;
Anilin;2;25.08.2016 11:00;0,6883;
Anilin;1;25.08.2016 11:00;0,411443;
Anilin;5;25.08.2016 11:00;0,393261;
Anilin;3;25.08.2016 11:00;0,367153;
Anilin;6;25.08.2016 11:00;0,163715;
Natriumchlorid;4;25.08.2016 12:00;1,41591;
Natriumchlorid;8;25.08.2016 12:00;1,31134;
Natriumchlorid;7;25.08.2016 12:00;0,327117;
Natriumchlorid;6;25.08.2016 12:00;0,32505;
Natriumchlorid;3;25.08.2016 12:00;0,175301;
Natriumchlorid;5;25.08.2016 12:00;0,149874;
Natriumchlorid;1;25.08.2016 12:00;0,13631;
Natriumchlorid;2;25.08.2016 12:00;0,0699016;
Natriumchlorid;9;25.08.2016 12:00;0,0131246;
Arsen;4;25.08.2016 12:00;1,25476;
Arsen;3;25.08.2016 12:00;0,797151;
Arsen;8;25.08.2016 12:00;0,337058;
Arsen;5;25.08.2016 12:00;0,20729;
Arsen;9;25.08.2016 12:00;0,144313;
Arsen;2;25.08.2016 12:00;0,135185;
Arsen;1;25.08.2016 12:00;0,126263;
Arsen;7;25.08.2016 12:00;0,0455943;
Arsen;6;25.08.2016 12:00;0,0210227;
Benzol;7;25.08.2016 12:00;1,67711;
Benzol;4;25.08.2016 12:00;0,915063;
Benzol;6;25.08.2016 12:00;0,552441;
Benzol;5;25.08.2016 12:00;0,490517;
Benzol;1;25.08.2016 12:00;0,443285;
Benzol;3;25.08.2016 12:00;0,19882;
Benzol;9;25.08.2016 12:00;0,0932985;
Benzol;2;25.08.2016 12:00;0,0849871;
Benzol;8;25.08.2016 12:00;0,0587118;
Anilin;3;25.08.2016 12:00;1,87222;
Anilin;4;25.08.2016 12:00;1,32209;
Anilin;7;25.08.2016 12:00;0,809024;
Anilin;6;25.08.2016 12:00;0,766228;
Anilin;8;25.08.2016 12:00;0,568382;
Anilin;5;25.08.2016 12:00;0,516522;
Anilin;9;25.08.2016 12:00;0,482384;
Anilin;2;25.08.2016 12:00;0,226758;
Anilin;1;25.08.2016 12:00;0,105243;
Natriumchlorid;4;25.08.2016 13:00;1,1081;
Natriumchlorid;7;25.08.2016 13:00;0,937979;
Natriumchlorid;5;25.08.2016 13:00;0,851608;
Natriumchlorid;9;25.08.2016 13:00;0,664823;
Natriumchlorid;8;25.08.2016 13:00;0,527315;
Natriumchlorid;3;25.08.2016 13:00;0,352341;
Natriumchlorid;6;25.08.2016 13:00;0,31636;
Natriumchlorid;2;25.08.2016 13:00;0,231655;
Natriumchlorid;1;25.08.2016 13:00;0,0217844;
Arsen;4;25.08.2016 13:00;1,18217;
Arsen;3;25.08.2016 13:00;0,865305;
Arsen;7;25.08.2016 13:00;0,633506;
Arsen;5;25.08.2016 13:00;0,497928;
Arsen;1;25.08.2016 13:00;0,461606;
Arsen;9;25.08.2016 13:00;0,435855;
Arsen;8;25.08.2016 13:00;0,274679;
Arsen;6;25.08.2016 13:00;0,220799;
Arsen;2;25.08.2016 13:00;0,0934685;
Benzol;3;25.08.2016 13:00;1,32978;
Benzol;4;25.08.2016 13:00;1,2694;
Benzol;5;25.08.2016 13:00;0,739766;
Benzol;6;25.08.2016 13:00;0,676026;
Benzol;8;25.08.2016 13:00;0,534417;
Benzol;7;25.08.2016 13:00;0,482893;
Benzol;1;25.08.2016 13:00;0,394272;
Benzol;9;25.08.2016 13:00;0,338906;
Benzol;2;25.08.2016 13:00;0,267811;
Anilin;4;25.08.2016 13:00;1,04093;
Anilin;7;25.08.2016 13:00;0,789634;
Anilin;6;25.08.2016 13:00;0,697528;
Anilin;3;25.08.2016 13:00;0,55952;
Anilin;8;25.08.2016 13:00;0,46539;
Anilin;2;25.08.2016 13:00;0,359099;
Anilin;9;25.08.2016 13:00;0,278875;
Anilin;5;25.08.2016 13:00;0,166899;
Anilin;1;25.08.2016 13:00;0,0697572;
Natriumchlorid;4;25.08.2016 14:00;1,08467;
Natriumchlorid;7;25.08.2016 14:00;0,879802;
Natriumchlorid;2;25.08.2016 14:00;0,596567;
Natriumchlorid;3;25.08.2016 14:00;0,512967;
Natriumchlorid;6;25.08.2016 14:00;0,493189;
Natriumchlorid;9;25.08.2016 14:00;0,392704;
Natriumchlorid;5;25.08.2016 14:00;0,387982;
Natriumchlorid;8;25.08.2016 14:00;0,383947;
Natriumchlorid;1;25.08.2016 14:00;0,165331;
Arsen;3;25.08.2016 14:00;1,5653;
Arsen;4;25.08.2016 14:00;1,13969;
Arsen;9;25.08.2016 14:00;0,801945;
Arsen;7;25.08.2016 14:00;0,710079;
Arsen;8;25.08.2016 14:00;0,542409;
Arsen;6;25.08.2016 14:00;0,29297;
Arsen;1;25.08.2016 14:00;0,22244;
Arsen;5;25.08.2016 14:00;0,0855198;
Arsen;2;25.08.2016 14:00;0,0624174;
Benzol;7;25.08.2016 14:00;1,93054;
Benzol;3;25.08.2016 14:00;1,20575;
Benzol;4;25.08.2016 14:00;1,16872;
Benzol;5;25.08.2016 14:00;0,711292;
Benzol;8;25.08.2016 14:00;0,641924;
Benzol;6;25.08.2016 14:00;0,4714;
Benzol;2;25.08.2016 14:00;0,369185;
Benzol;9;25.08.2016 14:00;0,32846;
Benzol;1;25.08.2016 14:00;0,0814721;
Anilin;3;25.08.2016 14:00;1,62931;
Anilin;4;25.08.2016 14:00;1,13814;
Anilin;1;25.08.2016 14:00;0,488837;
Anilin;5;25.08.2016 14:00;0,351373;
Anilin;8;25.08.2016 14:00;0,329923;
Anilin;9;25.08.2016 14:00;0,314077;
Anilin;6;25.08.2016 14:00;0,234054;
Anilin;2;25.08.2016 14:00;0,0613183;
Anilin;7;25.08.2016 14:00;0,0215924;
Natriumchlorid;9;25.08.2016 15:00;2,98466;
Natriumchlorid;7;25.08.2016 15:00;1,58286;
Natriumchlorid;4;25.08.2016 15:00;0,841077;
Natriumchlorid;6;25.08.2016 15:00;0,507967;
Natriumchlorid;5;25.08.2016 15:00;0,387127;
Natriumchlorid;8;25.08.2016 15:00;0,340114;
Natriumchlorid;2;25.08.2016 15:00;0,203988;
Natriumchlorid;1;25.08.2016 15:00;0,178061;
Natriumchlorid;3;25.08.2016 15:00;0,17274;
Arsen;5;25.08.2016 15:00;1,09453;
Arsen;4;25.08.2016 15:00;1,08944;
Arsen;3;25.08.2016 15:00;0,864299;
Arsen;8;25.08.2016 15:00;0,669402;
Arsen;9;25.08.2016 15:00;0,525831;
Arsen;2;25.08.2016 15:00;0,237709;
Arsen;6;25.08.2016 15:00;0,22886;
Arsen;1;25.08.2016 15:00;0,0923548;
Arsen;7;25.08.2016 15:00;0,0461615;
Benzol;4;25.08.2016 15:00;1,36252;
Benzol;3;25.08.2016 15:00;0,683379;
Benzol;5;25.08.2016 15:00;0,572163;
Benzol;8;25.08.2016 15:00;0,46257;
Benzol;9;25.08.2016 15:00;0,441482;
Benzol;1;25.08.2016 15:00;0,422465;
Benzol;6;25.08.2016 15:00;0,400421;
Benzol;7;25.08.2016 15:00;0,209328;
Benzol;2;25.08.2016 15:00;0,00201392;
Anilin;3;25.08.2016 15:00;1,81663;
Anilin;7;25.08.2016 15:00;1,5181;
Anilin;4;25.08.2016 15:00;1,22967;
Anilin;9;25.08.2016 15:00;0,599681;
Anilin;6;25.08.2016 15:00;0,376931;
Anilin;5;25.08.2016 15:00;0,143671;
Anilin;1;25.08.2016 15:00;0,0725439;
Anilin;8;25.08.2016 15:00;0,0477806;
Anilin;2;25.08.2016 15:00;0,0392107;
Natriumchlorid;9;25.08.2016 16:00;8,61555;
Natriumchlorid;4;25.08.2016 16:00;1,1534;
Natriumchlorid;5;25.08.2016 16:00;1,05469;
Natriumchlorid;2;25.08.2016 16:00;0,803326;
Natriumchlorid;6;25.08.2016 16:00;0,651606;
Natriumchlorid;7;25.08.2016 16:00;0,316221;
Natriumchlorid;3;25.08.2016 16:00;0,253994;
Natriumchlorid;1;25.08.2016 16:00;0,246286;
Natriumchlorid;8;25.08.2016 16:00;0,0599645;
Arsen;4;25.08.2016 16:00;1,47406;
Arsen;3;25.08.2016 16:00;1,22729;
Arsen;8;25.08.2016 16:00;0,727338;
Arsen;1;25.08.2016 16:00;0,709011;
Arsen;9;25.08.2016 16:00;0,564872;
Arsen;7;25.08.2016 16:00;0,432088;
Arsen;6;25.08.2016 16:00;0,377377;
Arsen;2;25.08.2016 16:00;0,292258;
Arsen;5;25.08.2016 16:00;0,192786;
Benzol;3;25.08.2016 16:00;1,85761;
Benzol;4;25.08.2016 16:00;1,41913;
Benzol;5;25.08.2016 16:00;0,861544;
Benzol;9;25.08.2016 16:00;0,800726;
Benzol;8;25.08.2016 16:00;0,699793;
Benzol;7;25.08.2016 16:00;0,449751;
Benzol;6;25.08.2016 16:00;0,270532;
Benzol;1;25.08.2016 16:00;0,0982303;
Benzol;2;25.08.2016 16:00;0,0263538;
Anilin;4;25.08.2016 16:00;1,34906;
Anilin;5;25.08.2016 16:00;0,868358;
Anilin;8;25.08.2016 16:00;0,483762;
Anilin;3;25.08.2016 16:00;0,47032;
Anilin;6;25.08.2016 16:00;0,400513;
Anilin;7;25.08.2016 16:00;0,339889;
Anilin;9;25.08.2016 16:00;0,339525;
Anilin;2;25.08.2016 16:00;0,326414;
Anilin;1;25.08.2016 16:00;0,051276;
Natriumchlorid;9;25.08.2016 17:00;9,93949;
Natriumchlorid;3;25.08.2016 17:00;3,00099;
Natriumchlorid;4;25.08.2016 17:00;0,850935;
Natriumchlorid;2;25.08.2016 17:00;0,47581;
Natriumchlorid;5;25.08.2016 17:00;0,463458;
Natriumchlorid;7;25.08.2016 17:00;0,349439;
Natriumchlorid;8;25.08.2016 17:00;0,137013;
Natriumchlorid;1;25.08.2016 17:00;0,0117104;
Natriumchlorid;6;25.08.2016 17:00;0,0029207;
Arsen;4;25.08.2016 17:00;1,10809;
Arsen;5;25.08.2016 17:00;0,641602;
Arsen;6;25.08.2016 17:00;0,445438;
Arsen;8;25.08.2016 17:00;0,283424;
Arsen;3;25.08.2016 17:00;0,147847;
Arsen;2;25.08.2016 17:00;0,147695;
Arsen;7;25.08.2016 17:00;0,1131;
Arsen;1;25.08.2016 17:00;0,0834313;
Arsen;9;25.08.2016 17:00;0,0158647;
Benzol;3;25.08.2016 17:00;1,26041;
Benzol;4;25.08.2016 17:00;1,17078;
Benzol;5;25.08.2016 17:00;0,809903;
Benzol;8;25.08.2016 17:00;0,60455;
Benzol;6;25.08.2016 17:00;0,333811;
Benzol;9;25.08.2016 17:00;0,282904;
Benzol;7;25.08.2016 17:00;0,216266;
Benzol;1;25.08.2016 17:00;0,205975;
Benzol;2;25.08.2016 17:00;0,0380822;
Anilin;3;25.08.2016 17:00;2,80217;
Anilin;4;25.08.2016 17:00;1,07172;
Anilin;8;25.08.2016 17:00;0,656639;
Anilin;6;25.08.2016 17:00;0,373523;
Anilin;9;25.08.2016 17:00;0,29762;
Anilin;2;25.08.2016 17:00;0,225947;
Anilin;7;25.08.2016 17:00;0,0570324;
Anilin;5;25.08.2016 17:00;0,01285;
Anilin;1;25.08.2016 17:00;0,00736493;
Natriumchlorid;9;25.08.2016 18:00;4,46584;
Natriumchlorid;4;25.08.2016 18:00;1,31408;
Natriumchlorid;8;25.08.2016 18:00;1,11713;
Natriumchlorid;3;25.08.2016 18:00;1,09247;
Natriumchlorid;6;25.08.2016 18:00;0,606478;
Natriumchlorid;5;25.08.2016 18:00;0,559362;
Natriumchlorid;1;25.08.2016 18:00;0,413028;
Natriumchlorid;7;25.08.2016 18:00;0,381549;
Natriumchlorid;2;25.08.2016 18:00;0,259443;
Arsen;3;25.08.2016 18:00;1,82626;
Arsen;4;25.08.2016 18:00;0,940792;
Arsen;8;25.08.2016 18:00;0,88427;
Arsen;9;25.08.2016 18:00;0,740076;
Arsen;6;25.08.2016 18:00;0,440975;
Arsen;2;25.08.2016 18:00;0,341757;
Arsen;7;25.08.2016 18:00;0,339322;
Arsen;1;25.08.2016 18:00;0,329035;
Arsen;5;25.08.2016 18:00;0,00424274;
Benzol;3;25.08.2016 18:00;2,66336;
Benzol;4;25.08.2016 18:00;1,22346;
Benzol;8;25.08.2016 18:00;0,795867;
Benzol;5;25.08.2016 18:00;0,619276;
Benzol;1;25.08.2016 18:00;0,605515;
Benzol;6;25.08.2016 18:00;0,433672;
Benzol;2;25.08.2016 18:00;0,286141;
Benzol;7;25.08.2016 18:00;0,127728;
Benzol;9;25.08.2016 18:00;0,114361;
Anilin;5;25.08.2016 18:00;1,54941;
Anilin;4;25.08.2016 18:00;0,873258;
Anilin;8;25.08.2016 18:00;0,7205;
Anilin;3;25.08.2016 18:00;0,472365;
Anilin;6;25.08.2016 18:00;0,44174;
Anilin;1;25.08.2016 18:00;0,424263;
Anilin;9;25.08.2016 18:00;0,217146;
Anilin;2;25.08.2016 18:00;0,137888;
Anilin;7;25.08.2016 18:00;0,0556089;
Natriumchlorid;5;25.08.2016 19:00;5,75378;
Natriumchlorid;9;25.08.2016 19:00;1,62012;
Natriumchlorid;3;25.08.2016 19:00;1,60116;
Natriumchlorid;4;25.08.2016 19:00;1,25057;
Natriumchlorid;5;25.08.2016 19:00;0,54719;
Natriumchlorid;7;25.08.2016 19:00;0,464588;
Natriumchlorid;6;25.08.2016 19:00;0,429954;
Natriumchlorid;2;25.08.2016 19:00;0,166808;
Natriumchlorid;1;25.08.2016 19:00;0,111264;
Natriumchlorid;8;25.08.2016 19:00;0,0965987;
Arsen;7;25.08.2016 19:00;1,61238;
Arsen;3;25.08.2016 19:00;1,23181;
Arsen;4;25.08.2016 19:00;1,12593;
Arsen;9;25.08.2016 19:00;0,581076;
Arsen;5;25.08.2016 19:00;0,416592;
Arsen;8;25.08.2016 19:00;0,295947;
Arsen;6;25.08.2016 19:00;0,250488;
Arsen;1;25.08.2016 19:00;0,13705;
Arsen;2;25.08.2016 19:00;0,117864;
Benzol;9;25.08.2016 19:00;1,77785;
Benzol;4;25.08.2016 19:00;1,30964;
Benzol;7;25.08.2016 19:00;0,854505;
Benzol;3;25.08.2016 19:00;0,718224;
Benzol;6;25.08.2016 19:00;0,673627;
Benzol;5;25.08.2016 19:00;0,608019;
Benzol;1;25.08.2016 19:00;0,395526;
Benzol;8;25.08.2016 19:00;0,304229;
Benzol;2;25.08.2016 19:00;0,247957;
Anilin;4;25.08.2016 19:00;1,04995;
Anilin;2;25.08.2016 19:00;0,897553;
Anilin;3;25.08.2016 19:00;0,717631;
Anilin;9;25.08.2016 19:00;0,683527;
Anilin;6;25.08.2016 19:00;0,586474;
Anilin;8;25.08.2016 19:00;0,215904;
Anilin;1;25.08.2016 19:00;0,198493;
Anilin;7;25.08.2016 19:00;0,180943;
Natriumchlorid;5;25.08.2016 20:00;29,36785;
Natriumchlorid;5;25.08.2016 20:00;3,46182;
Natriumchlorid;4;25.08.2016 20:00;1,17612;
Natriumchlorid;9;25.08.2016 20:00;0,887714;
Natriumchlorid;6;25.08.2016 20:00;0,427094;
Natriumchlorid;2;25.08.2016 20:00;0,273996;
Natriumchlorid;3;25.08.2016 20:00;0,209426;
Natriumchlorid;7;25.08.2016 20:00;0,157151;
Natriumchlorid;8;25.08.2016 20:00;0,0933736;
Natriumchlorid;1;25.08.2016 20:00;0,0628349;
Arsen;3;25.08.2016 20:00;1,6333;
Arsen;4;25.08.2016 20:00;1,27783;
Arsen;7;25.08.2016 20:00;0,961846;
Arsen;2;25.08.2016 20:00;0,848804;
Arsen;1;25.08.2016 20:00;0,558566;
Arsen;5;25.08.2016 20:00;0,457456;
Arsen;8;25.08.2016 20:00;0,45175;
Arsen;9;25.08.2016 20:00;0,431127;
Arsen;6;25.08.2016 20:00;0,332937;
Benzol;4;25.08.2016 20:00;1,43206;
Benzol;7;25.08.2016 20:00;1,39627;
Benzol;3;25.08.2016 20:00;0,528373;
Benzol;1;25.08.2016 20:00;0,283056;
Benzol;6;25.08.2016 20:00;0,275974;
Benzol;5;25.08.2016 20:00;0,217593;
Benzol;9;25.08.2016 20:00;0,167235;
Benzol;2;25.08.2016 20:00;0,0851467;
Benzol;8;25.08.2016 20:00;0,0478628;
Anilin;9;25.08.2016 20:00;1,13549;
Anilin;4;25.08.2016 20:00;0,956805;
Anilin;6;25.08.2016 20:00;0,818398;
Anilin;8;25.08.2016 20:00;0,697327;
Anilin;3;25.08.2016 20:00;0,537612;
Anilin;7;25.08.2016 20:00;0,241675;
Anilin;1;25.08.2016 20:00;0,0883691;
Anilin;2;25.08.2016 20:00;0,0683282;
Natriumchlorid;5;25.08.2016 21:00;13,36523;
Natriumchlorid;5;25.08.2016 21:00;1,95471;
Natriumchlorid;9;25.08.2016 21:00;1,32261;
Natriumchlorid;4;25.08.2016 21:00;1,14652;
Natriumchlorid;8;25.08.2016 21:00;0,825355;
Natriumchlorid;2;25.08.2016 21:00;0,819594;
Natriumchlorid;6;25.08.2016 21:00;0,557148;
Natriumchlorid;1;25.08.2016 21:00;0,40179;
Natriumchlorid;7;25.08.2016 21:00;0,18744;
Natriumchlorid;3;25.08.2016 21:00;0,125953;
Arsen;4;25.08.2016 21:00;1,14591;
Arsen;9;25.08.2016 21:00;0,644117;
Arsen;8;25.08.2016 21:00;0,560159;
Arsen;6;25.08.2016 21:00;0,405685;
Arsen;3;25.08.2016 21:00;0,275764;
Arsen;1;25.08.2016 21:00;0,237839;
Arsen;2;25.08.2016 21:00;0,220342;
Arsen;7;25.08.2016 21:00;0,091635;
Arsen;5;25.08.2016 21:00;0,0533249;
Benzol;4;25.08.2016 21:00;1,17552;
Benzol;8;25.08.2016 21:00;1,08516;
Benzol;9;25.08.2016 21:00;0,709066;
Benzol;3;25.08.2016 21:00;0,613657;
Benzol;5;25.08.2016 21:00;0,50871;
Benzol;7;25.08.2016 21:00;0,449944;
Benzol;6;25.08.2016 21:00;0,411366;
Benzol;2;25.08.2016 21:00;0,397571;
Benzol;1;25.08.2016 21:00;0,232447;
Anilin;3;25.08.2016 21:00;5,54775;
Anilin;4;25.08.2016 21:00;1,28537;
Anilin;8;25.08.2016 21:00;0,857004;
Anilin;7;25.08.2016 21:00;0,817903;
Anilin;6;25.08.2016 21:00;0,462644;
Anilin;9;25.08.2016 21:00;0,369937;
Anilin;1;25.08.2016 21:00;0,159916;
Anilin;2;25.08.2016 21:00;0,10113;
Natriumchlorid;4;25.08.2016 22:00;1,3988;
Natriumchlorid;3;25.08.2016 22:00;1,17738;
Natriumchlorid;2;25.08.2016 22:00;0,621081;
Natriumchlorid;1;25.08.2016 22:00;0,334682;
Natriumchlorid;8;25.08.2016 22:00;0,309846;
Natriumchlorid;6;25.08.2016 22:00;0,28118;
Natriumchlorid;7;25.08.2016 22:00;0,144908;
Natriumchlorid;5;25.08.2016 22:00;0,0646035;
Natriumchlorid;9;25.08.2016 22:00;0,0396919;
Arsen;4;25.08.2016 22:00;0,915823;
Arsen;6;25.08.2016 22:00;0,63814;
Arsen;3;25.08.2016 22:00;0,561795;
Arsen;7;25.08.2016 22:00;0,529978;
Arsen;9;25.08.2016 22:00;0,253013;
Arsen;2;25.08.2016 22:00;0,225516;
Arsen;5;25.08.2016 22:00;0,181355;
Arsen;1;25.08.2016 22:00;0,179009;
Arsen;8;25.08.2016 22:00;0,0526612;
Benzol;3;25.08.2016 22:00;1,98773;
Benzol;4;25.08.2016 22:00;1,0597;
Benzol;9;25.08.2016 22:00;0,453476;
Benzol;6;25.08.2016 22:00;0,437574;
Benzol;2;25.08.2016 22:00;0,301459;
Benzol;8;25.08.2016 22:00;0,291065;
Benzol;1;25.08.2016 22:00;0,240756;
Benzol;5;25.08.2016 22:00;0,177404;
Benzol;7;25.08.2016 22:00;0,155272;
Anilin;4;25.08.2016 22:00;1,60385;
Anilin;3;25.08.2016 22:00;1,02715;
Anilin;2;25.08.2016 22:00;0,997852;
Anilin;7;25.08.2016 22:00;0,990458;
Anilin;9;25.08.2016 22:00;0,697614;
Anilin;6;25.08.2016 22:00;0,588587;
Anilin;1;25.08.2016 22:00;0,555109;
Anilin;8;25.08.2016 22:00;0,372117;
Anilin;5;25.08.2016 22:00;0,100018;
Natriumchlorid;4;25.08.2016 23:00;1,35343;
Natriumchlorid;3;25.08.2016 23:00;0,876903;
Natriumchlorid;8;25.08.2016 23:00;0,665652;
Natriumchlorid;5;25.08.2016 23:00;0,577707;
Natriumchlorid;6;25.08.2016 23:00;0,275442;
Natriumchlorid;1;25.08.2016 23:00;0,245611;
Natriumchlorid;2;25.08.2016 23:00;0,123481;
Natriumchlorid;7;25.08.2016 23:00;0,0750964;
Natriumchlorid;9;25.08.2016 23:00;0,0726786;
Arsen;4;25.08.2016 23:00;0,987589;
Arsen;9;25.08.2016 23:00;0,446089;
Arsen;1;25.08.2016 23:00;0,392586;
Arsen;6;25.08.2016 23:00;0,376053;
Arsen;7;25.08.2016 23:00;0,12478;
Arsen;5;25.08.2016 23:00;0,112317;
Arsen;8;25.08.2016 23:00;0,101178;
Arsen;2;25.08.2016 23:00;0,100436;
Arsen;3;25.08.2016 23:00;0,057627;
Benzol;3;25.08.2016 23:00;1,22539;
Benzol;5;25.08.2016 23:00;1,12368;
Benzol;4;25.08.2016 23:00;1,10553;
Benzol;8;25.08.2016 23:00;0,801904;
Benzol;2;25.08.2016 23:00;0,622832;
Benzol;1;25.08.2016 23:00;0,454605;
Benzol;6;25.08.2016 23:00;0,342031;
Benzol;7;25.08.2016 23:00;0,239123;
Benzol;9;25.08.2016 23:00;0,119736;
Anilin;4;25.08.2016 23:00;0,932134;
Anilin;5;25.08.2016 23:00;0,851506;
Anilin;2;25.08.2016 23:00;0,549037;
Anilin;6;25.08.2016 23:00;0,452137;
Anilin;8;25.08.2016 23:00;0,313609;
Anilin;9;25.08.2016 23:00;0,285256;
Anilin;7;25.08.2016 23:00;0,246435;
Anilin;1;25.08.2016 23:00;0,10002;
Anilin;3;25.08.2016 23:00;0,0489119;
Natriumchlorid;3;26.08.2016 00:00;2,35499;
Natriumchlorid;7;26.08.2016 00:00;1,59947;
Natriumchlorid;4;26.08.2016 00:00;1,32289;
Natriumchlorid;6;26.08.2016 00:00;0,52879;
Natriumchlorid;1;26.08.2016 00:00;0,364011;
Natriumchlorid;2;26.08.2016 00:00;0,317295;
Natriumchlorid;9;26.08.2016 00:00;0,277533;
Natriumchlorid;5;26.08.2016 00:00;0,0411323;
Natriumchlorid;8;26.08.2016 00:00;0,0334791;
Arsen;3;26.08.2016 00:00;3,26286;
Arsen;7;26.08.2016 00:00;1,80192;
Arsen;4;26.08.2016 00:00;0,975817;
Arsen;2;26.08.2016 00:00;0,740767;
Arsen;6;26.08.2016 00:00;0,711829;
Arsen;8;26.08.2016 00:00;0,662494;
Arsen;5;26.08.2016 00:00;0,620957;
Arsen;9;26.08.2016 00:00;0,499261;
Arsen;1;26.08.2016 00:00;0,104802;
Benzol;5;26.08.2016 00:00;4,72773;
Benzol;4;26.08.2016 00:00;1,18831;
Benzol;1;26.08.2016 00:00;0,54794;
Benzol;3;26.08.2016 00:00;0,502035;
Benzol;2;26.08.2016 00:00;0,45773;
Benzol;9;26.08.2016 00:00;0,451671;
Benzol;7;26.08.2016 00:00;0,356714;
Benzol;8;26.08.2016 00:00;0,228872;
Benzol;6;26.08.2016 00:00;0,111163;
Anilin;7;26.08.2016 00:00;1,01423;
Anilin;4;26.08.2016 00:00;0,954548;
Anilin;8;26.08.2016 00:00;0,786976;
Anilin;3;26.08.2016 00:00;0,706866;
Anilin;9;26.08.2016 00:00;0,442079;
Anilin;6;26.08.2016 00:00;0,266983;
Anilin;1;26.08.2016 00:00;0,253845;
Anilin;2;26.08.2016 00:00;0,0831921;
Anilin;5;26.08.2016 00:00;0,0555393;
Natriumchlorid;4;26.08.2016 01:00;1,19542;
Natriumchlorid;2;26.08.2016 01:00;0,72106;
Natriumchlorid;8;26.08.2016 01:00;0,546917;
Natriumchlorid;9;26.08.2016 01:00;0,286531;
Natriumchlorid;1;26.08.2016 01:00;0,240147;
Natriumchlorid;3;26.08.2016 01:00;0,218559;
Natriumchlorid;7;26.08.2016 01:00;0,191273;
Natriumchlorid;5;26.08.2016 01:00;0,174312;
Natriumchlorid;6;26.08.2016 01:00;0,167305;
Arsen;3;26.08.2016 01:00;0,820177;
Arsen;4;26.08.2016 01:00;0,657803;
Arsen;8;26.08.2016 01:00;0,344916;
Arsen;6;26.08.2016 01:00;0,328567;
Arsen;1;26.08.2016 01:00;0,136681;
Arsen;2;26.08.2016 01:00;0,118732;
Arsen;5;26.08.2016 01:00;0,117582;
Arsen;9;26.08.2016 01:00;0,110807;
Arsen;7;26.08.2016 01:00;0,0955634;
Benzol;3;26.08.2016 01:00;2,39264;
Benzol;5;26.08.2016 01:00;1,86581;
Benzol;4;26.08.2016 01:00;1,08814;
Benzol;8;26.08.2016 01:00;0,971748;
Benzol;1;26.08.2016 01:00;0,540213;
Benzol;6;26.08.2016 01:00;0,360477;
Benzol;7;26.08.2016 01:00;0,310649;
Benzol;9;26.08.2016 01:00;0,275957;
Benzol;2;26.08.2016 01:00;0,220648;
Anilin;3;26.08.2016 01:00;2,38406;
Anilin;4;26.08.2016 01:00;1,30514;
Anilin;2;26.08.2016 01:00;0,958693;
Anilin;9;26.08.2016 01:00;0,642965;
Anilin;8;26.08.2016 01:00;0,498901;
Anilin;5;26.08.2016 01:00;0,442699;
Anilin;6;26.08.2016 01:00;0,384463;
Anilin;7;26.08.2016 01:00;0,213197;
Anilin;1;26.08.2016 01:00;0,152582;
Natriumchlorid;4;26.08.2016 02:00;1,07989;
Natriumchlorid;2;26.08.2016 02:00;0,48174;
Natriumchlorid;3;26.08.2016 02:00;0,473964;
Natriumchlorid;9;26.08.2016 02:00;0,425737;
Natriumchlorid;6;26.08.2016 02:00;0,379855;
Natriumchlorid;8;26.08.2016 02:00;0,364535;
Natriumchlorid;1;26.08.2016 02:00;0,304005;
Natriumchlorid;7;26.08.2016 02:00;0,244239;
Natriumchlorid;5;26.08.2016 02:00;0,0858698;
Arsen;4;26.08.2016 02:00;1,26959;
Arsen;9;26.08.2016 02:00;0,808371;
Arsen;7;26.08.2016 02:00;0,804134;
Arsen;3;26.08.2016 02:00;0,621037;
Arsen;2;26.08.2016 02:00;0,39996;
Arsen;1;26.08.2016 02:00;0,331988;
Arsen;5;26.08.2016 02:00;0,273561;
Arsen;8;26.08.2016 02:00;0,27162;
Arsen;6;26.08.2016 02:00;0,156297;
Benzol;5;26.08.2016 02:00;4,00282;
Benzol;4;26.08.2016 02:00;1,09246;
Benzol;8;26.08.2016 02:00;0,608221;
Benzol;3;26.08.2016 02:00;0,571817;
Benzol;7;26.08.2016 02:00;0,52389;
Benzol;6;26.08.2016 02:00;0,513801;
Benzol;1;26.08.2016 02:00;0,343707;
Benzol;9;26.08.2016 02:00;0,1813;
Benzol;2;26.08.2016 02:00;0,051445;
Anilin;4;26.08.2016 02:00;1,12094;
Anilin;5;26.08.2016 02:00;0,606406;
Anilin;9;26.08.2016 02:00;0,557774;
Anilin;1;26.08.2016 02:00;0,517257;
Anilin;7;26.08.2016 02:00;0,464025;
Anilin;3;26.08.2016 02:00;0,372276;
Anilin;6;26.08.2016 02:00;0,366933;
Anilin;2;26.08.2016 02:00;0,130637;
Anilin;8;26.08.2016 02:00;0,075646;
Natriumchlorid;4;26.08.2016 03:00;1,31825;
Natriumchlorid;8;26.08.2016 03:00;0,737321;
Natriumchlorid;3;26.08.2016 03:00;0,596581;
Natriumchlorid;7;26.08.2016 03:00;0,449288;
Natriumchlorid;6;26.08.2016 03:00;0,43344;
Natriumchlorid;2;26.08.2016 03:00;0,195818;
Natriumchlorid;5;26.08.2016 03:00;0,126209;
Natriumchlorid;1;26.08.2016 03:00;0,10862;
Natriumchlorid;9;26.08.2016 03:00;0,104472;
Arsen;4;26.08.2016 03:00;1,26485;
Arsen;5;26.08.2016 03:00;0,571947;
Arsen;8;26.08.2016 03:00;0,497545;
Arsen;3;26.08.2016 03:00;0,343233;
Arsen;2;26.08.2016 03:00;0,273987;
Arsen;9;26.08.2016 03:00;0,266833;
Arsen;6;26.08.2016 03:00;0,20254;
Arsen;7;26.08.2016 03:00;0,0949726;
Arsen;1;26.08.2016 03:00;0,00942025;
Benzol;5;26.08.2016 03:00;3,35842;
Benzol;3;26.08.2016 03:00;1,57445;
Benzol;9;26.08.2016 03:00;1,4556;
Benzol;4;26.08.2016 03:00;1,3249;
Benzol;7;26.08.2016 03:00;0,84356;
Benzol;1;26.08.2016 03:00;0,3956;
Benzol;6;26.08.2016 03:00;0,309022;
Benzol;2;26.08.2016 03:00;0,0775196;
Benzol;8;26.08.2016 03:00;0,0407751;
Anilin;3;26.08.2016 03:00;2,62335;
Anilin;8;26.08.2016 03:00;0,977328;
Anilin;4;26.08.2016 03:00;0,83981;
Anilin;5;26.08.2016 03:00;0,52992;
Anilin;6;26.08.2016 03:00;0,51602;
Anilin;2;26.08.2016 03:00;0,402184;
Anilin;1;26.08.2016 03:00;0,268959;
Anilin;7;26.08.2016 03:00;0,193755;
Anilin;9;26.08.2016 03:00;0,152197;
Natriumchlorid;3;26.08.2016 04:00;1,31414;
Natriumchlorid;5;26.08.2016 04:00;1,08707;
Natriumchlorid;4;26.08.2016 04:00;0,821068;
Natriumchlorid;2;26.08.2016 04:00;0,799066;
Natriumchlorid;7;26.08.2016 04:00;0,444213;
Natriumchlorid;8;26.08.2016 04:00;0,28435;
Natriumchlorid;6;26.08.2016 04:00;0,229345;
Natriumchlorid;1;26.08.2016 04:00;0,170908;
Natriumchlorid;9;26.08.2016 04:00;0,0341198;
Arsen;3;26.08.2016 04:00;2,79111;
Arsen;4;26.08.2016 04:00;1,08518;
Arsen;7;26.08.2016 04:00;0,998571;
Arsen;8;26.08.2016 04:00;0,816676;
Arsen;2;26.08.2016 04:00;0,534097;
Arsen;1;26.08.2016 04:00;0,369163;
Arsen;6;26.08.2016 04:00;0,323077;
Arsen;9;26.08.2016 04:00;0,205948;
Arsen;5;26.08.2016 04:00;0,10168;
Benzol;5;26.08.2016 04:00;5,18049;
Benzol;3;26.08.2016 04:00;2,75682;
Benzol;9;26.08.2016 04:00;1,36285;
Benzol;4;26.08.2016 04:00;1,13016;
Benzol;7;26.08.2016 04:00;0,91772;
Benzol;6;26.08.2016 04:00;0,681481;
Benzol;8;26.08.2016 04:00;0,634326;
Benzol;2;26.08.2016 04:00;0,564314;
Benzol;1;26.08.2016 04:00;0,0701199;
Anilin;3;26.08.2016 04:00;3,50285;
Anilin;5;26.08.2016 04:00;1,31577;
Anilin;4;26.08.2016 04:00;1,27598;
Anilin;9;26.08.2016 04:00;0,594994;
Anilin;7;26.08.2016 04:00;0,413051;
Anilin;8;26.08.2016 04:00;0,297941;
Anilin;6;26.08.2016 04:00;0,263122;
Anilin;1;26.08.2016 04:00;0,206404;
Anilin;2;26.08.2016 04:00;0,161984;
Natriumchlorid;4;26.08.2016 05:00;1,2421;
Natriumchlorid;8;26.08.2016 05:00;0,678494;
Natriumchlorid;5;26.08.2016 05:00;0,429377;
Natriumchlorid;9;26.08.2016 05:00;0,313377;
Natriumchlorid;1;26.08.2016 05:00;0,285866;
Natriumchlorid;6;26.08.2016 05:00;0,278505;
Natriumchlorid;2;26.08.2016 05:00;0,185967;
Natriumchlorid;7;26.08.2016 05:00;0,178951;
Natriumchlorid;3;26.08.2016 05:00;0,155571;
Arsen;3;26.08.2016 05:00;2,69979;
Arsen;4;26.08.2016 05:00;1,41733;
Arsen;7;26.08.2016 05:00;0,526527;
Arsen;6;26.08.2016 05:00;0,317128;
Arsen;9;26.08.2016 05:00;0,251942;
Arsen;1;26.08.2016 05:00;0,236671;
Arsen;2;26.08.2016 05:00;0,149395;
Arsen;8;26.08.2016 05:00;0,118143;
Arsen;5;26.08.2016 05:00;0,108237;
Benzol;3;26.08.2016 05:00;1,7551;
Benzol;5;26.08.2016 05:00;1,39849;
Benzol;4;26.08.2016 05:00;1,13234;
Benzol;2;26.08.2016 05:00;1,01392;
Benzol;7;26.08.2016 05:00;0,967869;
Benzol;6;26.08.2016 05:00;0,530432;
Benzol;9;26.08.2016 05:00;0,407024;
Benzol;8;26.08.2016 05:00;0,318301;
Benzol;1;26.08.2016 05:00;0,103541;
Anilin;4;26.08.2016 05:00;1,03019;
Anilin;5;26.08.2016 05:00;1,00205;
Anilin;8;26.08.2016 05:00;0,501111;
Anilin;7;26.08.2016 05:00;0,458169;
Anilin;3;26.08.2016 05:00;0,442953;
Anilin;2;26.08.2016 05:00;0,413918;
Anilin;1;26.08.2016 05:00;0,208593;
Anilin;6;26.08.2016 05:00;0,16055;
Anilin;9;26.08.2016 05:00;0,15279;
Natriumchlorid;4;26.08.2016 06:00;0,999941;
Natriumchlorid;9;26.08.2016 06:00;0,80897;
Natriumchlorid;8;26.08.2016 06:00;0,494742;
Natriumchlorid;6;26.08.2016 06:00;0,420822;
Natriumchlorid;1;26.08.2016 06:00;0,294984;
Natriumchlorid;3;26.08.2016 06:00;0,290636;
Natriumchlorid;5;26.08.2016 06:00;0,215977;
Natriumchlorid;7;26.08.2016 06:00;0,124667;
Natriumchlorid;2;26.08.2016 06:00;0,068106;
Arsen;3;26.08.2016 06:00;2,39178;
Arsen;4;26.08.2016 06:00;1,0432;
Arsen;2;26.08.2016 06:00;0,543359;
Arsen;8;26.08.2016 06:00;0,348805;
Arsen;6;26.08.2016 06:00;0,263933;
Arsen;7;26.08.2016 06:00;0,240237;
Arsen;9;26.08.2016 06:00;0,0450132;
Arsen;1;26.08.2016 06:00;0,0278427;
Arsen;5;26.08.2016 06:00;0,0206589;
Benzol;4;26.08.2016 06:00;1,20007;
Benzol;3;26.08.2016 06:00;0,813698;
Benzol;2;26.08.2016 06:00;0,784393;
Benzol;6;26.08.2016 06:00;0,587208;
Benzol;8;26.08.2016 06:00;0,437278;
Benzol;5;26.08.2016 06:00;0,304236;
Benzol;9;26.08.2016 06:00;0,20324;
Benzol;7;26.08.2016 06:00;0,0904854;
Benzol;1;26.08.2016 06:00;0,00222342;
Anilin;9;26.08.2016 06:00;1,45684;
Anilin;4;26.08.2016 06:00;1,30669;
Anilin;5;26.08.2016 06:00;1,05824;
Anilin;7;26.08.2016 06:00;0,981627;
Anilin;3;26.08.2016 06:00;0,737099;
Anilin;2;26.08.2016 06:00;0,657238;
Anilin;6;26.08.2016 06:00;0,426292;
Anilin;1;26.08.2016 06:00;0,310791;
Anilin;8;26.08.2016 06:00;0,205086;
Natriumchlorid;3;26.08.2016 07:00;1,27937;
Natriumchlorid;4;26.08.2016 07:00;1,18619;
Natriumchlorid;9;26.08.2016 07:00;1,15355;
Natriumchlorid;6;26.08.2016 07:00;0,602888;
Natriumchlorid;5;26.08.2016 07:00;0,519408;
Natriumchlorid;7;26.08.2016 07:00;0,354437;
Natriumchlorid;8;26.08.2016 07:00;0,251215;
Natriumchlorid;1;26.08.2016 07:00;0,169706;
Natriumchlorid;2;26.08.2016 07:00;0,097972;
Arsen;3;26.08.2016 07:00;3,85762;
Arsen;7;26.08.2016 07:00;1,88849;
Arsen;4;26.08.2016 07:00;1,34595;
Arsen;5;26.08.2016 07:00;1,14032;
Arsen;9;26.08.2016 07:00;1,00117;
Arsen;6;26.08.2016 07:00;0,399992;
Arsen;1;26.08.2016 07:00;0,177239;
Arsen;2;26.08.2016 07:00;0,13461;
Arsen;8;26.08.2016 07:00;0,0128524;
Benzol;7;26.08.2016 07:00;1,51208;
Benzol;4;26.08.2016 07:00;1,24654;
Benzol;5;26.08.2016 07:00;0,815113;
Benzol;1;26.08.2016 07:00;0,699105;
Benzol;2;26.08.2016 07:00;0,632748;
Benzol;9;26.08.2016 07:00;0,574884;
Benzol;3;26.08.2016 07:00;0,454233;
Benzol;6;26.08.2016 07:00;0,439632;
Benzol;8;26.08.2016 07:00;0,30381;
Anilin;8;26.08.2016 07:00;1,3935;
Anilin;7;26.08.2016 07:00;0,997063;
Anilin;4;26.08.2016 07:00;0,906779;
Anilin;3;26.08.2016 07:00;0,808989;
Anilin;9;26.08.2016 07:00;0,741867;
Anilin;6;26.08.2016 07:00;0,55744;
Anilin;2;26.08.2016 07:00;0,306129;
Anilin;5;26.08.2016 07:00;0,263867;
Anilin;1;26.08.2016 07:00;0,0511753;
Natriumchlorid;3;26.08.2016 08:00;2,01907;
Natriumchlorid;4;26.08.2016 08:00;1,25827;
Natriumchlorid;8;26.08.2016 08:00;0,808292;
Natriumchlorid;5;26.08.2016 08:00;0,743268;
Natriumchlorid;9;26.08.2016 08:00;0,487419;
Natriumchlorid;6;26.08.2016 08:00;0,461553;
Natriumchlorid;7;26.08.2016 08:00;0,37781;
Natriumchlorid;1;26.08.2016 08:00;0,308764;
Natriumchlorid;2;26.08.2016 08:00;0,265872;
Arsen;3;26.08.2016 08:00;2,0551;
Arsen;9;26.08.2016 08:00;1,12046;
Arsen;4;26.08.2016 08:00;1,10946;
Arsen;8;26.08.2016 08:00;0,975083;
Arsen;6;26.08.2016 08:00;0,671612;
Arsen;1;26.08.2016 08:00;0,254649;
Arsen;5;26.08.2016 08:00;0,170843;
Arsen;2;26.08.2016 08:00;0,117801;
Arsen;7;26.08.2016 08:00;0,0793905;
Benzol;4;26.08.2016 08:00;1,46386;
Benzol;3;26.08.2016 08:00;1,23224;
Benzol;8;26.08.2016 08:00;0,741795;
Benzol;7;26.08.2016 08:00;0,638642;
Benzol;1;26.08.2016 08:00;0,524974;
Benzol;6;26.08.2016 08:00;0,473099;
Benzol;2;26.08.2016 08:00;0,158263;
Benzol;5;26.08.2016 08:00;0,0816574;
Benzol;9;26.08.2016 08:00;0,0452696;
Anilin;3;26.08.2016 08:00;1,34287;
Anilin;9;26.08.2016 08:00;1,17014;
Anilin;4;26.08.2016 08:00;1,11746;
Anilin;5;26.08.2016 08:00;0,704688;
Anilin;1;26.08.2016 08:00;0,431884;
Anilin;2;26.08.2016 08:00;0,37431;
Anilin;7;26.08.2016 08:00;0,249634;
Anilin;6;26.08.2016 08:00;0,152985;
Anilin;8;26.08.2016 08:00;0,13029;
Natriumchlorid;3;26.08.2016 09:00;1,09448;
Natriumchlorid;4;26.08.2016 09:00;0,919369;
Natriumchlorid;8;26.08.2016 09:00;0,881607;
Natriumchlorid;2;26.08.2016 09:00;0,820583;
Natriumchlorid;7;26.08.2016 09:00;0,768904;
Natriumchlorid;6;26.08.2016 09:00;0,589616;
Natriumchlorid;9;26.08.2016 09:00;0,208664;
Natriumchlorid;1;26.08.2016 09:00;0,202104;
Natriumchlorid;5;26.08.2016 09:00;0,0401757;
Arsen;4;26.08.2016 09:00;1,82102;
Arsen;3;26.08.2016 09:00;1,80058;
Arsen;8;26.08.2016 09:00;0,872017;
Arsen;2;26.08.2016 09:00;0,777675;
Arsen;1;26.08.2016 09:00;0,707091;
Arsen;9;26.08.2016 09:00;0,66764;
Arsen;6;26.08.2016 09:00;0,433083;
Arsen;7;26.08.2016 09:00;0,402512;
Arsen;5;26.08.2016 09:00;0,0881625;
Benzol;9;26.08.2016 09:00;1,88402;
Benzol;3;26.08.2016 09:00;1,4747;
Benzol;4;26.08.2016 09:00;1,2487;
Benzol;6;26.08.2016 09:00;0,356319;
Benzol;2;26.08.2016 09:00;0,26096;
Benzol;5;26.08.2016 09:00;0,252074;
Benzol;7;26.08.2016 09:00;0,24288;
Benzol;1;26.08.2016 09:00;0,10603;
Benzol;8;26.08.2016 09:00;0,0712913;
Anilin;4;26.08.2016 09:00;1,28432;
Anilin;9;26.08.2016 09:00;1,15148;
Anilin;3;26.08.2016 09:00;0,961544;
Anilin;7;26.08.2016 09:00;0,741241;
Anilin;6;26.08.2016 09:00;0,705537;
Anilin;8;26.08.2016 09:00;0,668443;
Anilin;1;26.08.2016 09:00;0,349289;
Anilin;5;26.08.2016 09:00;0,208274;
Anilin;2;26.08.2016 09:00;0,0920812;
Natriumchlorid;4;26.08.2016 10:00;1,13113;
Natriumchlorid;6;26.08.2016 10:00;0,695326;
Natriumchlorid;8;26.08.2016 10:00;0,634834;
Natriumchlorid;9;26.08.2016 10:00;0,44396;
Natriumchlorid;1;26.08.2016 10:00;0,368791;
Natriumchlorid;2;26.08.2016 10:00;0,332476;
Natriumchlorid;3;26.08.2016 10:00;0,192644;
Natriumchlorid;7;26.08.2016 10:00;0,135829;
Natriumchlorid;5;26.08.2016 10:00;0,0912377;
Arsen;4;26.08.2016 10:00;1,04893;
Arsen;7;26.08.2016 10:00;0,67117;
Arsen;3;26.08.2016 10:00;0,505837;
Arsen;6;26.08.2016 10:00;0,38592;
Arsen;8;26.08.2016 10:00;0,323794;
Arsen;9;26.08.2016 10:00;0,175644;
Arsen;5;26.08.2016 10:00;0,147828;
Arsen;1;26.08.2016 10:00;0,146696;
Arsen;2;26.08.2016 10:00;0,0662952;
Benzol;3;26.08.2016 10:00;1,38781;
Benzol;4;26.08.2016 10:00;1,06213;
Benzol;7;26.08.2016 10:00;0,862753;
Benzol;8;26.08.2016 10:00;0,714671;
Benzol;9;26.08.2016 10:00;0,620318;
Benzol;6;26.08.2016 10:00;0,191793;
Benzol;1;26.08.2016 10:00;0,178855;
Benzol;5;26.08.2016 10:00;0,124601;
Benzol;2;26.08.2016 10:00;0,0422913;
Anilin;9;26.08.2016 10:00;1,44435;
Anilin;4;26.08.2016 10:00;1,18164;
Anilin;8;26.08.2016 10:00;0,755576;
Anilin;3;26.08.2016 10:00;0,714695;
Anilin;1;26.08.2016 10:00;0,513701;
Anilin;2;26.08.2016 10:00;0,422833;
Anilin;7;26.08.2016 10:00;0,161802;
Anilin;6;26.08.2016 10:00;0,148562;
Anilin;5;26.08.2016 10:00;0,0255057;
Natriumchlorid;4;26.08.2016 11:00;1,16933;
Natriumchlorid;3;26.08.2016 11:00;1,00433;
Natriumchlorid;7;26.08.2016 11:00;0,862807;
Natriumchlorid;9;26.08.2016 11:00;0,768129;
Natriumchlorid;2;26.08.2016 11:00;0,273218;
Natriumchlorid;8;26.08.2016 11:00;0,254261;
Natriumchlorid;5;26.08.2016 11:00;0,205889;
Natriumchlorid;6;26.08.2016 11:00;0,140005;
Natriumchlorid;1;26.08.2016 11:00;0,118659;
Arsen;8;26.08.2016 11:00;1,07771;
Arsen;4;26.08.2016 11:00;1,06774;
Arsen;3;26.08.2016 11:00;0,558026;
Arsen;1;26.08.2016 11:00;0,502429;
Arsen;6;26.08.2016 11:00;0,445407;
Arsen;2;26.08.2016 11:00;0,357093;
Arsen;5;26.08.2016 11:00;0,348776;
Arsen;7;26.08.2016 11:00;0,115889;
Arsen;9;26.08.2016 11:00;0,0324499;
Benzol;4;26.08.2016 11:00;1,81694;
Benzol;9;26.08.2016 11:00;1,15502;
Benzol;2;26.08.2016 11:00;0,709486;
Benzol;8;26.08.2016 11:00;0,496379;
Benzol;3;26.08.2016 11:00;0,48901;
Benzol;5;26.08.2016 11:00;0,198711;
Benzol;6;26.08.2016 11:00;0,0898614;
Benzol;7;26.08.2016 11:00;0,074511;
Benzol;1;26.08.2016 11:00;0,0503058;
Anilin;4;26.08.2016 11:00;1,18673;
Anilin;2;26.08.2016 11:00;0,493117;
Anilin;8;26.08.2016 11:00;0,400199;
Anilin;7;26.08.2016 11:00;0,304129;
Anilin;5;26.08.2016 11:00;0,277374;
Anilin;6;26.08.2016 11:00;0,243476;
Anilin;1;26.08.2016 11:00;0,084215;
Anilin;9;26.08.2016 11:00;0,0651931;
Anilin;3;26.08.2016 11:00;0,0550896;
Natriumchlorid;3;26.08.2016 12:00;4,81521;
Natriumchlorid;7;26.08.2016 12:00;1,71278;
Natriumchlorid;5;26.08.2016 12:00;1,14941;
Natriumchlorid;4;26.08.2016 12:00;1,13198;
Natriumchlorid;8;26.08.2016 12:00;0,345225;
Natriumchlorid;9;26.08.2016 12:00;0,312675;
Natriumchlorid;6;26.08.2016 12:00;0,289137;
Natriumchlorid;2;26.08.2016 12:00;0,153461;
Natriumchlorid;1;26.08.2016 12:00;0,148607;
Arsen;4;26.08.2016 12:00;1,23655;
Arsen;3;26.08.2016 12:00;1,14567;
Arsen;9;26.08.2016 12:00;0,889964;
Arsen;7;26.08.2016 12:00;0,678744;
Arsen;8;26.08.2016 12:00;0,62602;
Arsen;5;26.08.2016 12:00;0,520178;
Arsen;6;26.08.2016 12:00;0,233448;
Arsen;1;26.08.2016 12:00;0,192846;
Arsen;2;26.08.2016 12:00;0,0265557;
Benzol;4;26.08.2016 12:00;1,31487;
Benzol;3;26.08.2016 12:00;1,26059;
Benzol;2;26.08.2016 12:00;0,812454;
Benzol;8;26.08.2016 12:00;0,796267;
Benzol;6;26.08.2016 12:00;0,294538;
Benzol;5;26.08.2016 12:00;0,245865;
Benzol;1;26.08.2016 12:00;0,235754;
Benzol;7;26.08.2016 12:00;0,172261;
Benzol;9;26.08.2016 12:00;0,0118737;
Anilin;9;26.08.2016 12:00;1,25398;
Anilin;4;26.08.2016 12:00;1,19714;
Anilin;7;26.08.2016 12:00;0,587965;
Anilin;1;26.08.2016 12:00;0,357648;
Anilin;8;26.08.2016 12:00;0,341423;
Anilin;6;26.08.2016 12:00;0,306794;
Anilin;2;26.08.2016 12:00;0,224494;
Anilin;3;26.08.2016 12:00;0,223284;
Anilin;5;26.08.2016 12:00;0,0928581;
Natriumchlorid;4;26.08.2016 13:00;1,53622;
Natriumchlorid;7;26.08.2016 13:00;1,08028;
Natriumchlorid;8;26.08.2016 13:00;0,896069;
Natriumchlorid;3;26.08.2016 13:00;0,674527;
Natriumchlorid;2;26.08.2016 13:00;0,441263;
Natriumchlorid;6;26.08.2016 13:00;0,336149;
Natriumchlorid;5;26.08.2016 13:00;0,33516;
Natriumchlorid;1;26.08.2016 13:00;0,309208;
Natriumchlorid;9;26.08.2016 13:00;0,263805;
Arsen;4;26.08.2016 13:00;0,833548;
Arsen;9;26.08.2016 13:00;0,72369;
Arsen;8;26.08.2016 13:00;0,59254;
Arsen;7;26.08.2016 13:00;0,572845;
Arsen;2;26.08.2016 13:00;0,421707;
Arsen;1;26.08.2016 13:00;0,391277;
Arsen;5;26.08.2016 13:00;0,316158;
Arsen;6;26.08.2016 13:00;0,230684;
Arsen;3;26.08.2016 13:00;0,105523;
Benzol;4;26.08.2016 13:00;1,67308;
Benzol;5;26.08.2016 13:00;1,2895;
Benzol;8;26.08.2016 13:00;0,511668;
Benzol;6;26.08.2016 13:00;0,257557;
Benzol;1;26.08.2016 13:00;0,218485;
Benzol;3;26.08.2016 13:00;0,125752;
Benzol;9;26.08.2016 13:00;0,11918;
Benzol;2;26.08.2016 13:00;0,083153;
Benzol;7;26.08.2016 13:00;0,0253776;
Anilin;3;26.08.2016 13:00;1,19746;
Anilin;4;26.08.2016 13:00;1,16439;
Anilin;5;26.08.2016 13:00;0,675436;
Anilin;7;26.08.2016 13:00;0,543454;
Anilin;6;26.08.2016 13:00;0,491029;
Anilin;1;26.08.2016 13:00;0,171284;
Anilin;9;26.08.2016 13:00;0,103274;
Anilin;2;26.08.2016 13:00;0,0978774;
Anilin;8;26.08.2016 13:00;0,0923279;
Natriumchlorid;3;26.08.2016 14:00;2,37831;
Natriumchlorid;4;26.08.2016 14:00;1,21587;
Natriumchlorid;5;26.08.2016 14:00;0,850426;
Natriumchlorid;8;26.08.2016 14:00;0,817836;
Natriumchlorid;6;26.08.2016 14:00;0,691423;
Natriumchlorid;7;26.08.2016 14:00;0,58109;
Natriumchlorid;9;26.08.2016 14:00;0,438697;
Natriumchlorid;2;26.08.2016 14:00;0,320381;
Natriumchlorid;1;26.08.2016 14:00;0,146976;
Arsen;4;26.08.2016 14:00;1,14286;
Arsen;2;26.08.2016 14:00;1,11718;
Arsen;3;26.08.2016 14:00;0,708664;
Arsen;1;26.08.2016 14:00;0,360334;
Arsen;9;26.08.2016 14:00;0,31576;
Arsen;5;26.08.2016 14:00;0,291031;
Arsen;6;26.08.2016 14:00;0,285911;
Arsen;7;26.08.2016 14:00;0,154318;
Arsen;8;26.08.2016 14:00;0,0629849;
Benzol;9;26.08.2016 14:00;1,80752;
Benzol;3;26.08.2016 14:00;1,43561;
Benzol;4;26.08.2016 14:00;0,959158;
Benzol;2;26.08.2016 14:00;0,777328;
Benzol;6;26.08.2016 14:00;0,758795;
Benzol;8;26.08.2016 14:00;0,315307;
Benzol;5;26.08.2016 14:00;0,306218;
Benzol;1;26.08.2016 14:00;0,233843;
Benzol;7;26.08.2016 14:00;0,201131;
Anilin;5;26.08.2016 14:00;1,45068;
Anilin;4;26.08.2016 14:00;1,23803;
Anilin;7;26.08.2016 14:00;0,822995;
Anilin;6;26.08.2016 14:00;0,67351;
Anilin;8;26.08.2016 14:00;0,474899;
Anilin;9;26.08.2016 14:00;0,473565;
Anilin;2;26.08.2016 14:00;0,382757;
Anilin;1;26.08.2016 14:00;0,3201;
Anilin;3;26.08.2016 14:00;0,0166168;
Natriumchlorid;3;26.08.2016 15:00;2,01536;
Natriumchlorid;2;26.08.2016 15:00;0,87037;
Natriumchlorid;4;26.08.2016 15:00;0,8451;
Natriumchlorid;6;26.08.2016 15:00;0,637395;
Natriumchlorid;7;26.08.2016 15:00;0,529731;
Natriumchlorid;5;26.08.2016 15:00;0,23767;
Natriumchlorid;9;26.08.2016 15:00;0,170854;
Natriumchlorid;8;26.08.2016 15:00;0,121311;
Natriumchlorid;1;26.08.2016 15:00;0,0014664;
Arsen;3;26.08.2016 15:00;2,43007;
Arsen;4;26.08.2016 15:00;0,809853;
Arsen;8;26.08.2016 15:00;0,514024;
Arsen;6;26.08.2016 15:00;0,481192;
Arsen;7;26.08.2016 15:00;0,337283;
Arsen;9;26.08.2016 15:00;0,297714;
Arsen;1;26.08.2016 15:00;0,171114;
Arsen;5;26.08.2016 15:00;0,144656;
Arsen;2;26.08.2016 15:00;0,0408233;
Benzol;3;26.08.2016 15:00;2,16154;
Benzol;4;26.08.2016 15:00;1,19412;
Benzol;7;26.08.2016 15:00;0,436862;
Benzol;6;26.08.2016 15:00;0,335054;
Benzol;5;26.08.2016 15:00;0,331234;
Benzol;2;26.08.2016 15:00;0,224763;
Benzol;1;26.08.2016 15:00;0,141744;
Benzol;9;26.08.2016 15:00;0,114129;
Benzol;8;26.08.2016 15:00;0,0959759;
Anilin;3;26.08.2016 15:00;2,23864;
Anilin;4;26.08.2016 15:00;0,884972;
Anilin;7;26.08.2016 15:00;0,61574;
Anilin;6;26.08.2016 15:00;0,331641;
Anilin;5;26.08.2016 15:00;0,171413;
Anilin;1;26.08.2016 15:00;0,128932;
Anilin;2;26.08.2016 15:00;0,0797471;
Anilin;9;26.08.2016 15:00;0,0759398;
Anilin;8;26.08.2016 15:00;0,0586894;
Natriumchlorid;4;26.08.2016 16:00;1,4154;
Natriumchlorid;3;26.08.2016 16:00;0,973893;
Natriumchlorid;5;26.08.2016 16:00;0,798418;
Natriumchlorid;6;26.08.2016 16:00;0,496665;
Natriumchlorid;7;26.08.2016 16:00;0,383867;
Natriumchlorid;8;26.08.2016 16:00;0,362046;
Natriumchlorid;9;26.08.2016 16:00;0,337191;
Natriumchlorid;2;26.08.2016 16:00;0,285828;
Natriumchlorid;1;26.08.2016 16:00;0,197116;
Arsen;3;26.08.2016 16:00;2,82303;
Arsen;7;26.08.2016 16:00;2,44172;
Arsen;4;26.08.2016 16:00;1,30014;
Arsen;8;26.08.2016 16:00;0,723292;
Arsen;5;26.08.2016 16:00;0,383286;
Arsen;1;26.08.2016 16:00;0,248001;
Arsen;6;26.08.2016 16:00;0,215923;
Arsen;9;26.08.2016 16:00;0,130099;
Arsen;2;26.08.2016 16:00;0,0282346;
Benzol;3;26.08.2016 16:00;1,5873;
Benzol;4;26.08.2016 16:00;1,34048;
Benzol;8;26.08.2016 16:00;0,899321;
Benzol;5;26.08.2016 16:00;0,859975;
Benzol;7;26.08.2016 16:00;0,683893;
Benzol;6;26.08.2016 16:00;0,563306;
Benzol;9;26.08.2016 16:00;0,197636;
Benzol;2;26.08.2016 16:00;0,148456;
Benzol;1;26.08.2016 16:00;0,0655867;
Anilin;4;26.08.2016 16:00;1,1193;
Anilin;5;26.08.2016 16:00;1,06776;
Anilin;9;26.08.2016 16:00;0,72106;
Anilin;6;26.08.2016 16:00;0,590216;
Anilin;7;26.08.2016 16:00;0,337203;
Anilin;8;26.08.2016 16:00;0,330482;
Anilin;3;26.08.2016 16:00;0,216851;
Anilin;2;26.08.2016 16:00;0,0496854;
Anilin;1;26.08.2016 16:00;0,0180041;
Natriumchlorid;4;26.08.2016 17:00;1,18277;
Natriumchlorid;9;26.08.2016 17:00;0,905129;
Natriumchlorid;3;26.08.2016 17:00;0,786779;
Natriumchlorid;7;26.08.2016 17:00;0,437288;
Natriumchlorid;2;26.08.2016 17:00;0,421904;
Natriumchlorid;8;26.08.2016 17:00;0,338483;
Natriumchlorid;6;26.08.2016 17:00;0,148697;
Natriumchlorid;5;26.08.2016 17:00;0,0742884;
Natriumchlorid;1;26.08.2016 17:00;0,0506701;
Arsen;4;26.08.2016 17:00;1,50887;
Arsen;7;26.08.2016 17:00;1,18598;
Arsen;3;26.08.2016 17:00;1,11835;
Arsen;2;26.08.2016 17:00;0,513648;
Arsen;8;26.08.2016 17:00;0,47437;
Arsen;6;26.08.2016 17:00;0,43175;
Arsen;5;26.08.2016 17:00;0,148992;
Arsen;1;26.08.2016 17:00;0,0697383;
Arsen;9;26.08.2016 17:00;0,0103893;
Benzol;3;26.08.2016 17:00;2,65369;
Benzol;5;26.08.2016 17:00;0,888007;
Benzol;4;26.08.2016 17:00;0,727702;
Benzol;7;26.08.2016 17:00;0,649257;
Benzol;6;26.08.2016 17:00;0,411535;
Benzol;2;26.08.2016 17:00;0,294963;
Benzol;9;26.08.2016 17:00;0,146894;
Benzol;1;26.08.2016 17:00;0,0411507;
Benzol;8;26.08.2016 17:00;0,0173608;
Anilin;4;26.08.2016 17:00;1,37464;
Anilin;9;26.08.2016 17:00;1,10599;
Anilin;3;26.08.2016 17:00;0,673322;
Anilin;5;26.08.2016 17:00;0,544154;
Anilin;8;26.08.2016 17:00;0,525578;
Anilin;6;26.08.2016 17:00;0,43493;
Anilin;1;26.08.2016 17:00;0,291912;
Anilin;7;26.08.2016 17:00;0,127289;
Anilin;2;26.08.2016 17:00;0,0476067;
Natriumchlorid;7;26.08.2016 18:00;1,58529;
Natriumchlorid;3;26.08.2016 18:00;1,38407;
Natriumchlorid;4;26.08.2016 18:00;1,145;
Natriumchlorid;2;26.08.2016 18:00;0,61468;
Natriumchlorid;8;26.08.2016 18:00;0,602808;
Natriumchlorid;5;26.08.2016 18:00;0,492769;
Natriumchlorid;6;26.08.2016 18:00;0,324393;
Natriumchlorid;9;26.08.2016 18:00;0,264636;
Natriumchlorid;1;26.08.2016 18:00;0,0161334;
Arsen;4;26.08.2016 18:00;1,47799;
Arsen;3;26.08.2016 18:00;1,44177;
Arsen;2;26.08.2016 18:00;0,673308;
Arsen;6;26.08.2016 18:00;0,468181;
Arsen;9;26.08.2016 18:00;0,461884;
Arsen;7;26.08.2016 18:00;0,392776;
Arsen;1;26.08.2016 18:00;0,391979;
Arsen;5;26.08.2016 18:00;0,311953;
Arsen;8;26.08.2016 18:00;0,0941751;
Benzol;3;26.08.2016 18:00;3,4507;
Benzol;4;26.08.2016 18:00;1,1766;
Benzol;7;26.08.2016 18:00;0,331978;
Benzol;9;26.08.2016 18:00;0,313619;
Benzol;1;26.08.2016 18:00;0,307118;
Benzol;5;26.08.2016 18:00;0,262017;
Benzol;6;26.08.2016 18:00;0,235152;
Benzol;2;26.08.2016 18:00;0,16736;
Benzol;8;26.08.2016 18:00;0,114247;
Anilin;3;26.08.2016 18:00;1,80682;
Anilin;4;26.08.2016 18:00;1,12842;
Anilin;7;26.08.2016 18:00;0,955628;
Anilin;5;26.08.2016 18:00;0,887908;
Anilin;6;26.08.2016 18:00;0,591785;
Anilin;9;26.08.2016 18:00;0,573358;
Anilin;8;26.08.2016 18:00;0,324976;
Anilin;2;26.08.2016 18:00;0,130699;
Anilin;1;26.08.2016 18:00;0,0202043;
Natriumchlorid;4;26.08.2016 19:00;0,917395;
Natriumchlorid;3;26.08.2016 19:00;0,915653;
Natriumchlorid;9;26.08.2016 19:00;0,634635;
Natriumchlorid;5;26.08.2016 19:00;0,581916;
Natriumchlorid;2;26.08.2016 19:00;0,503085;
Natriumchlorid;6;26.08.2016 19:00;0,496493;
Natriumchlorid;8;26.08.2016 19:00;0,456197;
Natriumchlorid;7;26.08.2016 19:00;0,139183;
Natriumchlorid;1;26.08.2016 19:00;0,0224389;
Arsen;3;26.08.2016 19:00;2,75318;
Arsen;4;26.08.2016 19:00;1,44492;
Arsen;9;26.08.2016 19:00;0,758713;
Arsen;7;26.08.2016 19:00;0,63456;
Arsen;5;26.08.2016 19:00;0,403377;
Arsen;8;26.08.2016 19:00;0,291669;
Arsen;6;26.08.2016 19:00;0,199681;
Arsen;2;26.08.2016 19:00;0,0315507;
Arsen;1;26.08.2016 19:00;0,0234901;
Benzol;3;26.08.2016 19:00;1,60161;
Benzol;4;26.08.2016 19:00;1,30863;
Benzol;7;26.08.2016 19:00;0,83777;
Benzol;5;26.08.2016 19:00;0,702196;
Benzol;8;26.08.2016 19:00;0,68331;
Benzol;2;26.08.2016 19:00;0,389179;
Benzol;6;26.08.2016 19:00;0,365629;
Benzol;1;26.08.2016 19:00;0,0839752;
Benzol;9;26.08.2016 19:00;0,0766077;
Anilin;3;26.08.2016 19:00;3,10681;
Anilin;4;26.08.2016 19:00;1,32906;
Anilin;8;26.08.2016 19:00;0,778896;
Anilin;9;26.08.2016 19:00;0,530336;
Anilin;6;26.08.2016 19:00;0,47096;
Anilin;7;26.08.2016 19:00;0,374815;
Anilin;5;26.08.2016 19:00;0,348356;
Anilin;2;26.08.2016 19:00;0,327798;
Anilin;1;26.08.2016 19:00;0,190242;
Natriumchlorid;3;26.08.2016 20:00;3,15457;
Natriumchlorid;4;26.08.2016 20:00;0,931413;
Natriumchlorid;5;26.08.2016 20:00;0,750108;
Natriumchlorid;9;26.08.2016 20:00;0,591353;
Natriumchlorid;7;26.08.2016 20:00;0,192767;
Natriumchlorid;2;26.08.2016 20:00;0,186;
Natriumchlorid;6;26.08.2016 20:00;0,165914;
Natriumchlorid;1;26.08.2016 20:00;0,102009;
Natriumchlorid;8;26.08.2016 20:00;0,0519027;
Arsen;4;26.08.2016 20:00;1,35136;
Arsen;3;26.08.2016 20:00;1,26333;
Arsen;2;26.08.2016 20:00;1,19489;
Arsen;5;26.08.2016 20:00;1,05637;
Arsen;7;26.08.2016 20:00;0,930323;
Arsen;9;26.08.2016 20:00;0,697775;
Arsen;8;26.08.2016 20:00;0,579448;
Arsen;1;26.08.2016 20:00;0,474292;
Arsen;6;26.08.2016 20:00;0,301042;
Benzol;3;26.08.2016 20:00;1,85233;
Benzol;4;26.08.2016 20:00;1,15596;
Benzol;9;26.08.2016 20:00;0,756486;
Benzol;2;26.08.2016 20:00;0,707494;
Benzol;7;26.08.2016 20:00;0,571322;
Benzol;6;26.08.2016 20:00;0,399258;
Benzol;5;26.08.2016 20:00;0,300503;
Benzol;1;26.08.2016 20:00;0,28548;
Benzol;8;26.08.2016 20:00;0,0535525;
Anilin;3;26.08.2016 20:00;2,70353;
Anilin;4;26.08.2016 20:00;1,00109;
Anilin;9;26.08.2016 20:00;0,577097;
Anilin;5;26.08.2016 20:00;0,354608;
Anilin;1;26.08.2016 20:00;0,295532;
Anilin;6;26.08.2016 20:00;0,20756;
Anilin;2;26.08.2016 20:00;0,140431;
Anilin;8;26.08.2016 20:00;0,0630286;
Anilin;7;26.08.2016 20:00;0,022301;
Natriumchlorid;3;26.08.2016 21:00;2,64493;
Natriumchlorid;7;26.08.2016 21:00;1,70872;
Natriumchlorid;4;26.08.2016 21:00;0,955163;
Natriumchlorid;8;26.08.2016 21:00;0,511891;
Natriumchlorid;9;26.08.2016 21:00;0,477931;
Natriumchlorid;5;26.08.2016 21:00;0,395909;
Natriumchlorid;6;26.08.2016 21:00;0,373708;
Natriumchlorid;1;26.08.2016 21:00;0,189645;
Natriumchlorid;2;26.08.2016 21:00;0,0345437;
Arsen;4;26.08.2016 21:00;1,34166;
Arsen;3;26.08.2016 21:00;0,468403;
Arsen;2;26.08.2016 21:00;0,437603;
Arsen;6;26.08.2016 21:00;0,280468;
Arsen;5;26.08.2016 21:00;0,135193;
Arsen;1;26.08.2016 21:00;0,106772;
Arsen;8;26.08.2016 21:00;0,0602282;
Arsen;9;26.08.2016 21:00;0,0335896;
Arsen;7;26.08.2016 21:00;0,01019;
Benzol;3;26.08.2016 21:00;3,0478;
Benzol;9;26.08.2016 21:00;1,95645;
Benzol;4;26.08.2016 21:00;1,25641;
Benzol;2;26.08.2016 21:00;0,790197;
Benzol;6;26.08.2016 21:00;0,50562;
Benzol;5;26.08.2016 21:00;0,404985;
Benzol;1;26.08.2016 21:00;0,116494;
Benzol;7;26.08.2016 21:00;0,0259191;
Benzol;8;26.08.2016 21:00;0,0118629;
Anilin;3;26.08.2016 21:00;1,34138;
Anilin;4;26.08.2016 21:00;0,873577;
Anilin;9;26.08.2016 21:00;0,606378;
Anilin;6;26.08.2016 21:00;0,387285;
Anilin;5;26.08.2016 21:00;0,250317;
Anilin;7;26.08.2016 21:00;0,105282;
Anilin;8;26.08.2016 21:00;0,0702415;
Anilin;2;26.08.2016 21:00;0,0584058;
Anilin;1;26.08.2016 21:00;0,0301849;
Natriumchlorid;3;26.08.2016 22:00;2,60193;
Natriumchlorid;4;26.08.2016 22:00;1,22117;
Natriumchlorid;7;26.08.2016 22:00;0,986967;
Natriumchlorid;9;26.08.2016 22:00;0,471671;
Natriumchlorid;6;26.08.2016 22:00;0,207389;
Natriumchlorid;8;26.08.2016 22:00;0,174518;
Natriumchlorid;1;26.08.2016 22:00;0,126836;
Natriumchlorid;2;26.08.2016 22:00;0,093952;
Natriumchlorid;5;26.08.2016 22:00;0,0388183;
Arsen;7;26.08.2016 22:00;2,30434;
Arsen;4;26.08.2016 22:00;1,05819;
Arsen;3;26.08.2016 22:00;0,488176;
Arsen;8;26.08.2016 22:00;0,290462;
Arsen;5;26.08.2016 22:00;0,225059;
Arsen;9;26.08.2016 22:00;0,209533;
Arsen;1;26.08.2016 22:00;0,0771008;
Arsen;2;26.08.2016 22:00;0,0641251;
Arsen;6;26.08.2016 22:00;0,0505921;
Benzol;4;26.08.2016 22:00;1,09117;
Benzol;3;26.08.2016 22:00;0,90422;
Benzol;9;26.08.2016 22:00;0,54589;
Benzol;7;26.08.2016 22:00;0,336258;
Benzol;2;26.08.2016 22:00;0,253695;
Benzol;1;26.08.2016 22:00;0,217702;
Benzol;8;26.08.2016 22:00;0,189534;
Benzol;5;26.08.2016 22:00;0,165115;
Benzol;6;26.08.2016 22:00;0,13416;
Anilin;3;26.08.2016 22:00;1,7605;
Anilin;4;26.08.2016 22:00;1,36948;
Anilin;5;26.08.2016 22:00;1,03535;
Anilin;6;26.08.2016 22:00;0,611336;
Anilin;9;26.08.2016 22:00;0,363116;
Anilin;8;26.08.2016 22:00;0,17103;
Anilin;2;26.08.2016 22:00;0,0933084;
Anilin;1;26.08.2016 22:00;0,0604947;
Anilin;7;26.08.2016 22:00;0,00929344;
Natriumchlorid;4;26.08.2016 23:00;1,43927;
Natriumchlorid;7;26.08.2016 23:00;0,540884;
Natriumchlorid;3;26.08.2016 23:00;0,511551;
Natriumchlorid;8;26.08.2016 23:00;0,478764;
Natriumchlorid;6;26.08.2016 23:00;0,419146;
Natriumchlorid;1;26.08.2016 23:00;0,329072;
Natriumchlorid;9;26.08.2016 23:00;0,170299;
Natriumchlorid;5;26.08.2016 23:00;0,107389;
Natriumchlorid;2;26.08.2016 23:00;0,0599683;
Arsen;5;26.08.2016 23:00;1,07798;
Arsen;4;26.08.2016 23:00;1,02659;
Arsen;6;26.08.2016 23:00;0,656474;
Arsen;9;26.08.2016 23:00;0,555326;
Arsen;3;26.08.2016 23:00;0,388542;
Arsen;7;26.08.2016 23:00;0,310871;
Arsen;8;26.08.2016 23:00;0,255927;
Arsen;1;26.08.2016 23:00;0,0806601;
Arsen;2;26.08.2016 23:00;0,0289395;
Benzol;4;26.08.2016 23:00;0,839912;
Benzol;5;26.08.2016 23:00;0,785262;
Benzol;1;26.08.2016 23:00;0,602921;
Benzol;9;26.08.2016 23:00;0,549202;
Benzol;7;26.08.2016 23:00;0,334877;
Benzol;8;26.08.2016 23:00;0,194193;
Benzol;6;26.08.2016 23:00;0,136547;
Benzol;2;26.08.2016 23:00;0,0963598;
Benzol;3;26.08.2016 23:00;0,0196209;
Anilin;4;26.08.2016 23:00;1,15097;
Anilin;5;26.08.2016 23:00;0,828873;
Anilin;2;26.08.2016 23:00;0,713925;
Anilin;3;26.08.2016 23:00;0,677005;
Anilin;6;26.08.2016 23:00;0,462163;
Anilin;1;26.08.2016 23:00;0,39344;
Anilin;9;26.08.2016 23:00;0,182649;
Anilin;8;26.08.2016 23:00;0,141365;
Anilin;7;26.08.2016 23:00;0,13776;
Natriumchlorid;3;27.08.2016 00:00;3,48215;
Natriumchlorid;4;27.08.2016 00:00;1,09707;
Natriumchlorid;5;27.08.2016 00:00;0,99675;
Natriumchlorid;2;27.08.2016 00:00;0,959621;
Natriumchlorid;9;27.08.2016 00:00;0,518126;
Natriumchlorid;8;27.08.2016 00:00;0,474214;
Natriumchlorid;6;27.08.2016 00:00;0,330049;
Natriumchlorid;1;27.08.2016 00:00;0,0503058;
Natriumchlorid;7;27.08.2016 00:00;0,00194709;
Arsen;9;27.08.2016 00:00;1,43504;
Arsen;4;27.08.2016 00:00;1,17645;
Arsen;8;27.08.2016 00:00;1,07;
Arsen;7;27.08.2016 00:00;0,900009;
Arsen;3;27.08.2016 00:00;0,802397;
Arsen;5;27.08.2016 00:00;0,515176;
Arsen;6;27.08.2016 00:00;0,505673;
Arsen;1;27.08.2016 00:00;0,40905;
Arsen;2;27.08.2016 00:00;0,251472;
Benzol;4;27.08.2016 00:00;1,19669;
Benzol;3;27.08.2016 00:00;0,776477;
Benzol;8;27.08.2016 00:00;0,663101;
Benzol;6;27.08.2016 00:00;0,640866;
Benzol;2;27.08.2016 00:00;0,53964;
Benzol;1;27.08.2016 00:00;0,356771;
Benzol;7;27.08.2016 00:00;0,228063;
Benzol;9;27.08.2016 00:00;0,131115;
Benzol;5;27.08.2016 00:00;0,0284412;
Anilin;4;27.08.2016 00:00;1,08192;
Anilin;3;27.08.2016 00:00;0,995911;
Anilin;7;27.08.2016 00:00;0,635796;
Anilin;6;27.08.2016 00:00;0,442194;
Anilin;8;27.08.2016 00:00;0,278178;
Anilin;1;27.08.2016 00:00;0,271531;
Anilin;5;27.08.2016 00:00;0,262514;
Anilin;2;27.08.2016 00:00;0,176777;
Anilin;9;27.08.2016 00:00;0,130076;
Natriumchlorid;4;27.08.2016 01:00;1,19388;
Natriumchlorid;9;27.08.2016 01:00;1,17699;
Natriumchlorid;3;27.08.2016 01:00;0,876691;
Natriumchlorid;6;27.08.2016 01:00;0,502484;
Natriumchlorid;5;27.08.2016 01:00;0,474917;
Natriumchlorid;8;27.08.2016 01:00;0,44066;
Natriumchlorid;7;27.08.2016 01:00;0,299854;
Natriumchlorid;1;27.08.2016 01:00;0,182452;
Natriumchlorid;2;27.08.2016 01:00;0,170337;
Arsen;4;27.08.2016 01:00;0,918744;
Arsen;5;27.08.2016 01:00;0,664161;
Arsen;2;27.08.2016 01:00;0,524423;
Arsen;9;27.08.2016 01:00;0,449293;
Arsen;6;27.08.2016 01:00;0,331803;
Arsen;3;27.08.2016 01:00;0,25986;
Arsen;8;27.08.2016 01:00;0,219159;
Arsen;7;27.08.2016 01:00;0,165363;
Arsen;1;27.08.2016 01:00;0,077288;
Benzol;6;27.08.2016 01:00;8,83708;
Benzol;3;27.08.2016 01:00;1,6821;
Benzol;4;27.08.2016 01:00;1,45877;
Benzol;9;27.08.2016 01:00;0,32222;
Benzol;8;27.08.2016 01:00;0,288046;
Benzol;5;27.08.2016 01:00;0,25507;
Benzol;7;27.08.2016 01:00;0,235954;
Benzol;1;27.08.2016 01:00;0,14093;
Benzol;2;27.08.2016 01:00;0,106673;
Anilin;4;27.08.2016 01:00;1,23546;
Anilin;6;27.08.2016 01:00;0,883225;
Anilin;5;27.08.2016 01:00;0,565709;
Anilin;8;27.08.2016 01:00;0,457;
Anilin;3;27.08.2016 01:00;0,385882;
Anilin;9;27.08.2016 01:00;0,30128;
Anilin;1;27.08.2016 01:00;0,231874;
Anilin;7;27.08.2016 01:00;0,215328;
Anilin;2;27.08.2016 01:00;0,181833;
Natriumchlorid;3;27.08.2016 02:00;2,16979;
Natriumchlorid;7;27.08.2016 02:00;1,10197;
Natriumchlorid;4;27.08.2016 02:00;0,919696;
Natriumchlorid;9;27.08.2016 02:00;0,877075;
Natriumchlorid;2;27.08.2016 02:00;0,794172;
Natriumchlorid;8;27.08.2016 02:00;0,526028;
Natriumchlorid;5;27.08.2016 02:00;0,373839;
Natriumchlorid;1;27.08.2016 02:00;0,338429;
Natriumchlorid;6;27.08.2016 02:00;0,14591;
Arsen;4;27.08.2016 02:00;1,37215;
Arsen;6;27.08.2016 02:00;0,5184;
Arsen;5;27.08.2016 02:00;0,479345;
Arsen;3;27.08.2016 02:00;0,441679;
Arsen;2;27.08.2016 02:00;0,433817;
Arsen;7;27.08.2016 02:00;0,39878;
Arsen;1;27.08.2016 02:00;0,25005;
Arsen;8;27.08.2016 02:00;0,0442481;
Arsen;9;27.08.2016 02:00;0,0359184;
Benzol;6;27.08.2016 02:00;10,20993;
Benzol;4;27.08.2016 02:00;1,23546;
Benzol;8;27.08.2016 02:00;0,646903;
Benzol;7;27.08.2016 02:00;0,621137;
Benzol;9;27.08.2016 02:00;0,601114;
Benzol;2;27.08.2016 02:00;0,331022;
Benzol;3;27.08.2016 02:00;0,187855;
Benzol;1;27.08.2016 02:00;0,0955918;
Benzol;5;27.08.2016 02:00;0,0806137;
Anilin;7;27.08.2016 02:00;1,26974;
Anilin;4;27.08.2016 02:00;1,17162;
Anilin;5;27.08.2016 02:00;0,566963;
Anilin;9;27.08.2016 02:00;0,540216;
Anilin;3;27.08.2016 02:00;0,466614;
Anilin;6;27.08.2016 02:00;0,271097;
Anilin;2;27.08.2016 02:00;0,214247;
Anilin;1;27.08.2016 02:00;0,212362;
Anilin;8;27.08.2016 02:00;0,163783;
Natriumchlorid;4;27.08.2016 03:00;1,17362;
Natriumchlorid;8;27.08.2016 03:00;1,06789;
Natriumchlorid;3;27.08.2016 03:00;0,948448;
Natriumchlorid;5;27.08.2016 03:00;0,585878;
Natriumchlorid;6;27.08.2016 03:00;0,475673;
Natriumchlorid;9;27.08.2016 03:00;0,117968;
Natriumchlorid;1;27.08.2016 03:00;0,0885658;
Natriumchlorid;2;27.08.2016 03:00;0,0684046;
Natriumchlorid;7;27.08.2016 03:00;0,04129;
Arsen;4;27.08.2016 03:00;1,28436;
Arsen;3;27.08.2016 03:00;0,570839;
Arsen;7;27.08.2016 03:00;0,486287;
Arsen;1;27.08.2016 03:00;0,473238;
Arsen;2;27.08.2016 03:00;0,399198;
Arsen;9;27.08.2016 03:00;0,388608;
Arsen;8;27.08.2016 03:00;0,387805;
Arsen;6;27.08.2016 03:00;0,209254;
Arsen;5;27.08.2016 03:00;0,166098;
Benzol;3;27.08.2016 03:00;2,28471;
Benzol;4;27.08.2016 03:00;1,21479;
Benzol;6;27.08.2016 03:00;0,554165;
Benzol;7;27.08.2016 03:00;0,296908;
Benzol;5;27.08.2016 03:00;0,296621;
Benzol;2;27.08.2016 03:00;0,119457;
Benzol;8;27.08.2016 03:00;0,0654224;
Benzol;1;27.08.2016 03:00;0,0421029;
Benzol;9;27.08.2016 03:00;0,037357;
Anilin;4;27.08.2016 03:00;1,23314;
Anilin;7;27.08.2016 03:00;1,05583;
Anilin;9;27.08.2016 03:00;0,717138;
Anilin;3;27.08.2016 03:00;0,554131;
Anilin;8;27.08.2016 03:00;0,498586;
Anilin;2;27.08.2016 03:00;0,289024;
Anilin;6;27.08.2016 03:00;0,23937;
Anilin;1;27.08.2016 03:00;0,0996905;
Anilin;5;27.08.2016 03:00;0,0515832;
Natriumchlorid;3;27.08.2016 04:00;1,82097;
Natriumchlorid;4;27.08.2016 04:00;1,25125;
Natriumchlorid;9;27.08.2016 04:00;0,879109;
Natriumchlorid;8;27.08.2016 04:00;0,755122;
Natriumchlorid;2;27.08.2016 04:00;0,710928;
Natriumchlorid;1;27.08.2016 04:00;0,365472;
Natriumchlorid;7;27.08.2016 04:00;0,322017;
Natriumchlorid;5;27.08.2016 04:00;0,283608;
Natriumchlorid;6;27.08.2016 04:00;0,271398;
Arsen;4;27.08.2016 04:00;1,03153;
Arsen;9;27.08.2016 04:00;0,849788;
Arsen;7;27.08.2016 04:00;0,835812;
Arsen;3;27.08.2016 04:00;0,74408;
Arsen;8;27.08.2016 04:00;0,317645;
Arsen;6;27.08.2016 04:00;0,242289;
Arsen;2;27.08.2016 04:00;0,173773;
Arsen;5;27.08.2016 04:00;0,0762426;
Arsen;1;27.08.2016 04:00;0,0759372;
Benzol;4;27.08.2016 04:00;1,27205;
Benzol;3;27.08.2016 04:00;1,24974;
Benzol;8;27.08.2016 04:00;1,12176;
Benzol;7;27.08.2016 04:00;0,717899;
Benzol;2;27.08.2016 04:00;0,613791;
Benzol;5;27.08.2016 04:00;0,29369;
Benzol;6;27.08.2016 04:00;0,188504;
Benzol;9;27.08.2016 04:00;0,144591;
Benzol;1;27.08.2016 04:00;0,0743309;
Anilin;3;27.08.2016 04:00;2,98372;
Anilin;4;27.08.2016 04:00;1,16792;
Anilin;5;27.08.2016 04:00;0,756882;
Anilin;2;27.08.2016 04:00;0,449719;
Anilin;8;27.08.2016 04:00;0,278402;
Anilin;6;27.08.2016 04:00;0,201441;
Anilin;7;27.08.2016 04:00;0,198489;
Anilin;9;27.08.2016 04:00;0,196673;
Anilin;1;27.08.2016 04:00;0,106402;
Natriumchlorid;3;27.08.2016 05:00;2,38599;
Natriumchlorid;4;27.08.2016 05:00;1,3318;
Natriumchlorid;9;27.08.2016 05:00;1,16542;
Natriumchlorid;6;27.08.2016 05:00;0,46456;
Natriumchlorid;1;27.08.2016 05:00;0,456439;
Natriumchlorid;2;27.08.2016 05:00;0,314204;
Natriumchlorid;8;27.08.2016 05:00;0,310366;
Natriumchlorid;5;27.08.2016 05:00;0,138964;
Natriumchlorid;7;27.08.2016 05:00;0,0210218;
Arsen;7;27.08.2016 05:00;1,39948;
Arsen;4;27.08.2016 05:00;1,30784;
Arsen;3;27.08.2016 05:00;0,983202;
Arsen;5;27.08.2016 05:00;0,680337;
Arsen;8;27.08.2016 05:00;0,548686;
Arsen;6;27.08.2016 05:00;0,354829;
Arsen;1;27.08.2016 05:00;0,343945;
Arsen;9;27.08.2016 05:00;0,292163;
Arsen;2;27.08.2016 05:00;0,260836;
Benzol;4;27.08.2016 05:00;0,964846;
Benzol;5;27.08.2016 05:00;0,871955;
Benzol;7;27.08.2016 05:00;0,823999;
Benzol;6;27.08.2016 05:00;0,612516;
Benzol;8;27.08.2016 05:00;0,60696;
Benzol;3;27.08.2016 05:00;0,400216;
Benzol;1;27.08.2016 05:00;0,191315;
Benzol;2;27.08.2016 05:00;0,188396;
Benzol;9;27.08.2016 05:00;0,137718;
Anilin;4;27.08.2016 05:00;1,10751;
Anilin;5;27.08.2016 05:00;0,847921;
Anilin;7;27.08.2016 05:00;0,570998;
Anilin;8;27.08.2016 05:00;0,486861;
Anilin;6;27.08.2016 05:00;0,446286;
Anilin;3;27.08.2016 05:00;0,365382;
Anilin;9;27.08.2016 05:00;0,294645;
Anilin;1;27.08.2016 05:00;0,210707;
Anilin;2;27.08.2016 05:00;0,194446;
Natriumchlorid;7;27.08.2016 06:00;0,901204;
Natriumchlorid;4;27.08.2016 06:00;0,863572;
Natriumchlorid;3;27.08.2016 06:00;0,71165;
Natriumchlorid;1;27.08.2016 06:00;0,516613;
Natriumchlorid;6;27.08.2016 06:00;0,281855;
Natriumchlorid;5;27.08.2016 06:00;0,195665;
Natriumchlorid;8;27.08.2016 06:00;0,166255;
Natriumchlorid;9;27.08.2016 06:00;0,132964;
Natriumchlorid;2;27.08.2016 06:00;0,0802899;
Arsen;4;27.08.2016 06:00;1,20065;
Arsen;3;27.08.2016 06:00;0,734912;
Arsen;5;27.08.2016 06:00;0,554353;
Arsen;2;27.08.2016 06:00;0,53319;
Arsen;6;27.08.2016 06:00;0,51769;
Arsen;9;27.08.2016 06:00;0,382013;
Arsen;8;27.08.2016 06:00;0,0506555;
Arsen;1;27.08.2016 06:00;0,0331232;
Arsen;7;27.08.2016 06:00;0,0232403;
Benzol;3;27.08.2016 06:00;1,25785;
Benzol;4;27.08.2016 06:00;0,912976;
Benzol;7;27.08.2016 06:00;0,772837;
Benzol;6;27.08.2016 06:00;0,602555;
Benzol;9;27.08.2016 06:00;0,549964;
Benzol;1;27.08.2016 06:00;0,506673;
Benzol;5;27.08.2016 06:00;0,431342;
Benzol;8;27.08.2016 06:00;0,146809;
Benzol;2;27.08.2016 06:00;0,0770139;
Anilin;4;27.08.2016 06:00;1,58755;
Anilin;3;27.08.2016 06:00;1,11582;
Anilin;8;27.08.2016 06:00;0,859421;
Anilin;9;27.08.2016 06:00;0,67376;
Anilin;6;27.08.2016 06:00;0,517399;
Anilin;7;27.08.2016 06:00;0,414897;
Anilin;2;27.08.2016 06:00;0,239768;
Anilin;1;27.08.2016 06:00;0,169814;
Anilin;5;27.08.2016 06:00;0,0547486;
Natriumchlorid;4;27.08.2016 07:00;1,17238;
Natriumchlorid;5;27.08.2016 07:00;0,970916;
Natriumchlorid;9;27.08.2016 07:00;0,676264;
Natriumchlorid;3;27.08.2016 07:00;0,624533;
Natriumchlorid;7;27.08.2016 07:00;0,474971;
Natriumchlorid;1;27.08.2016 07:00;0,237932;
Natriumchlorid;8;27.08.2016 07:00;0,20004;
Natriumchlorid;6;27.08.2016 07:00;0,0177182;
Natriumchlorid;2;27.08.2016 07:00;0,00525854;
Arsen;7;27.08.2016 07:00;1,94785;
Arsen;4;27.08.2016 07:00;1,20103;
Arsen;3;27.08.2016 07:00;0,901517;
Arsen;8;27.08.2016 07:00;0,732455;
Arsen;6;27.08.2016 07:00;0,614817;
Arsen;2;27.08.2016 07:00;0,560464;
Arsen;5;27.08.2016 07:00;0,420393;
Arsen;9;27.08.2016 07:00;0,213748;
Arsen;1;27.08.2016 07:00;0,166483;
Benzol;3;27.08.2016 07:00;2,24164;
Benzol;4;27.08.2016 07:00;0,867526;
Benzol;2;27.08.2016 07:00;0,787304;
Benzol;1;27.08.2016 07:00;0,655671;
Benzol;8;27.08.2016 07:00;0,588085;
Benzol;7;27.08.2016 07:00;0,318116;
Benzol;9;27.08.2016 07:00;0,310341;
Benzol;5;27.08.2016 07:00;0,170843;
Benzol;6;27.08.2016 07:00;0,142373;
Anilin;4;27.08.2016 07:00;1,23711;
Anilin;9;27.08.2016 07:00;1,1845;
Anilin;2;27.08.2016 07:00;0,840619;
Anilin;6;27.08.2016 07:00;0,523563;
Anilin;3;27.08.2016 07:00;0,366773;
Anilin;1;27.08.2016 07:00;0,287496;
Anilin;5;27.08.2016 07:00;0,256922;
Anilin;7;27.08.2016 07:00;0,253558;
Anilin;8;27.08.2016 07:00;0,213963;
Natriumchlorid;3;27.08.2016 08:00;1,87675;
Natriumchlorid;4;27.08.2016 08:00;1,11699;
Natriumchlorid;8;27.08.2016 08:00;0,566451;
Natriumchlorid;1;27.08.2016 08:00;0,437055;
Natriumchlorid;2;27.08.2016 08:00;0,377859;
Natriumchlorid;6;27.08.2016 08:00;0,330505;
Natriumchlorid;9;27.08.2016 08:00;0,255871;
Natriumchlorid;7;27.08.2016 08:00;0,157787;
Natriumchlorid;5;27.08.2016 08:00;0,156411;
Arsen;3;27.08.2016 08:00;2,51074;
Arsen;4;27.08.2016 08:00;0,990192;
Arsen;9;27.08.2016 08:00;0,843634;
Arsen;7;27.08.2016 08:00;0,508368;
Arsen;6;27.08.2016 08:00;0,450777;
Arsen;2;27.08.2016 08:00;0,217942;
Arsen;5;27.08.2016 08:00;0,13906;
Arsen;1;27.08.2016 08:00;0,0532688;
Arsen;8;27.08.2016 08:00;0,0339911;
Benzol;4;27.08.2016 08:00;0,908849;
Benzol;6;27.08.2016 08:00;0,577833;
Benzol;3;27.08.2016 08:00;0,509814;
Benzol;1;27.08.2016 08:00;0,197453;
Benzol;8;27.08.2016 08:00;0,192445;
Benzol;7;27.08.2016 08:00;0,18376;
Benzol;9;27.08.2016 08:00;0,102984;
Benzol;5;27.08.2016 08:00;0,0858698;
Benzol;2;27.08.2016 08:00;0,00183461;
Anilin;4;27.08.2016 08:00;1,33051;
Anilin;2;27.08.2016 08:00;0,721704;
Anilin;6;27.08.2016 08:00;0,721362;
Anilin;7;27.08.2016 08:00;0,641803;
Anilin;8;27.08.2016 08:00;0,408522;
Anilin;3;27.08.2016 08:00;0,379742;
Anilin;1;27.08.2016 08:00;0,340321;
Anilin;5;27.08.2016 08:00;0,318957;
Anilin;9;27.08.2016 08:00;0,299137;
Natriumchlorid;4;27.08.2016 09:00;1,22488;
Natriumchlorid;3;27.08.2016 09:00;0,811307;
Natriumchlorid;2;27.08.2016 09:00;0,669753;
Natriumchlorid;5;27.08.2016 09:00;0,529122;
Natriumchlorid;9;27.08.2016 09:00;0,253751;
Natriumchlorid;6;27.08.2016 09:00;0,173775;
Natriumchlorid;1;27.08.2016 09:00;0,11626;
Natriumchlorid;8;27.08.2016 09:00;0,0763686;
Natriumchlorid;7;27.08.2016 09:00;0,0059582;
Arsen;3;27.08.2016 09:00;2,45622;
Arsen;4;27.08.2016 09:00;1,07899;
Arsen;9;27.08.2016 09:00;0,583044;
Arsen;1;27.08.2016 09:00;0,47742;
Arsen;6;27.08.2016 09:00;0,475098;
Arsen;8;27.08.2016 09:00;0,435987;
Arsen;7;27.08.2016 09:00;0,219295;
Arsen;5;27.08.2016 09:00;0,169783;
Arsen;2;27.08.2016 09:00;0,15417;
Benzol;3;27.08.2016 09:00;1,27544;
Benzol;4;27.08.2016 09:00;0,838583;
Benzol;6;27.08.2016 09:00;0,747247;
Benzol;7;27.08.2016 09:00;0,693842;
Benzol;9;27.08.2016 09:00;0,543834;
Benzol;8;27.08.2016 09:00;0,500322;
Benzol;1;27.08.2016 09:00;0,172643;
Benzol;2;27.08.2016 09:00;0,145657;
Benzol;5;27.08.2016 09:00;0,0770389;
Anilin;3;27.08.2016 09:00;3,78806;
Anilin;9;27.08.2016 09:00;1,18662;
Anilin;4;27.08.2016 09:00;1,18392;
Anilin;2;27.08.2016 09:00;0,876941;
Anilin;8;27.08.2016 09:00;0,725034;
Anilin;6;27.08.2016 09:00;0,526614;
Anilin;1;27.08.2016 09:00;0,461966;
Anilin;5;27.08.2016 09:00;0,458757;
Anilin;7;27.08.2016 09:00;0,112747;
Natriumchlorid;4;27.08.2016 10:00;1,06026;
Natriumchlorid;5;27.08.2016 10:00;0,808288;
Natriumchlorid;6;27.08.2016 10:00;0,593586;
Natriumchlorid;3;27.08.2016 10:00;0,486254;
Natriumchlorid;8;27.08.2016 10:00;0,333933;
Natriumchlorid;2;27.08.2016 10:00;0,292572;
Natriumchlorid;7;27.08.2016 10:00;0,207809;
Natriumchlorid;9;27.08.2016 10:00;0,14565;
Natriumchlorid;1;27.08.2016 10:00;0,127686;
Arsen;7;27.08.2016 10:00;1,41272;
Arsen;4;27.08.2016 10:00;1,11348;
Arsen;3;27.08.2016 10:00;0,721419;
Arsen;9;27.08.2016 10:00;0,392518;
Arsen;5;27.08.2016 10:00;0,364019;
Arsen;2;27.08.2016 10:00;0,36338;
Arsen;8;27.08.2016 10:00;0,350193;
Arsen;1;27.08.2016 10:00;0,0469815;
Arsen;6;27.08.2016 10:00;0,00577225;
Benzol;7;27.08.2016 10:00;2,43601;
Benzol;3;27.08.2016 10:00;2,00951;
Benzol;4;27.08.2016 10:00;1,32533;
Benzol;8;27.08.2016 10:00;0,370399;
Benzol;2;27.08.2016 10:00;0,328571;
Benzol;6;27.08.2016 10:00;0,22348;
Benzol;5;27.08.2016 10:00;0,20524;
Benzol;9;27.08.2016 10:00;0,189236;
Benzol;1;27.08.2016 10:00;0,0345279;
Anilin;4;27.08.2016 10:00;1,22451;
Anilin;9;27.08.2016 10:00;1,13534;
Anilin;3;27.08.2016 10:00;0,89401;
Anilin;8;27.08.2016 10:00;0,621981;
Anilin;6;27.08.2016 10:00;0,370154;
Anilin;1;27.08.2016 10:00;0,121046;
Anilin;2;27.08.2016 10:00;0,113609;
Anilin;5;27.08.2016 10:00;0,0695895;
Anilin;7;27.08.2016 10:00;0,0130853;
Natriumchlorid;3;27.08.2016 11:00;2,22043;
Natriumchlorid;7;27.08.2016 11:00;1,64729;
Natriumchlorid;4;27.08.2016 11:00;1,19494;
Natriumchlorid;8;27.08.2016 11:00;0,884015;
Natriumchlorid;2;27.08.2016 11:00;0,681859;
Natriumchlorid;9;27.08.2016 11:00;0,400703;
Natriumchlorid;5;27.08.2016 11:00;0,398115;
Natriumchlorid;1;27.08.2016 11:00;0,331266;
Natriumchlorid;6;27.08.2016 11:00;0,119176;
Arsen;3;27.08.2016 11:00;2,62228;
Arsen;4;27.08.2016 11:00;1,26573;
Arsen;2;27.08.2016 11:00;0,448497;
Arsen;6;27.08.2016 11:00;0,442726;
Arsen;8;27.08.2016 11:00;0,371196;
Arsen;5;27.08.2016 11:00;0,356901;
Arsen;7;27.08.2016 11:00;0,264886;
Arsen;9;27.08.2016 11:00;0,0815265;
Arsen;1;27.08.2016 11:00;0,0571234;
Benzol;3;27.08.2016 11:00;2,33889;
Benzol;7;27.08.2016 11:00;0,785894;
Benzol;4;27.08.2016 11:00;0,696559;
Benzol;9;27.08.2016 11:00;0,662624;
Benzol;6;27.08.2016 11:00;0,388052;
Benzol;8;27.08.2016 11:00;0,369754;
Benzol;1;27.08.2016 11:00;0,312938;
Benzol;2;27.08.2016 11:00;0,297482;
Benzol;5;27.08.2016 11:00;0,159805;
Anilin;3;27.08.2016 11:00;2,98715;
Anilin;4;27.08.2016 11:00;1,39939;
Anilin;5;27.08.2016 11:00;1,22303;
Anilin;9;27.08.2016 11:00;0,512856;
Anilin;2;27.08.2016 11:00;0,447347;
Anilin;1;27.08.2016 11:00;0,425646;
Anilin;8;27.08.2016 11:00;0,300215;
Anilin;7;27.08.2016 11:00;0,138471;
Anilin;6;27.08.2016 11:00;0,100138;
Natriumchlorid;4;27.08.2016 12:00;0,797162;
Natriumchlorid;8;27.08.2016 12:00;0,702556;
Natriumchlorid;2;27.08.2016 12:00;0,581781;
Natriumchlorid;3;27.08.2016 12:00;0,491189;
Natriumchlorid;6;27.08.2016 12:00;0,429196;
Natriumchlorid;1;27.08.2016 12:00;0,354578;
Natriumchlorid;9;27.08.2016 12:00;0,337067;
Natriumchlorid;5;27.08.2016 12:00;0,316745;
Natriumchlorid;7;27.08.2016 12:00;0,308173;
Arsen;3;27.08.2016 12:00;1,59095;
Arsen;4;27.08.2016 12:00;1,1512;
Arsen;8;27.08.2016 12:00;0,730729;
Arsen;6;27.08.2016 12:00;0,458192;
Arsen;1;27.08.2016 12:00;0,332011;
Arsen;9;27.08.2016 12:00;0,326206;
Arsen;5;27.08.2016 12:00;0,251213;
Arsen;7;27.08.2016 12:00;0,188942;
Arsen;2;27.08.2016 12:00;0,171043;
Benzol;7;27.08.2016 12:00;1,38111;
Benzol;4;27.08.2016 12:00;0,889684;
Benzol;8;27.08.2016 12:00;0,840807;
Benzol;2;27.08.2016 12:00;0,687405;
Benzol;5;27.08.2016 12:00;0,448008;
Benzol;6;27.08.2016 12:00;0,347451;
Benzol;1;27.08.2016 12:00;0,304443;
Benzol;3;27.08.2016 12:00;0,251508;
Benzol;9;27.08.2016 12:00;0,225377;
Anilin;4;27.08.2016 12:00;1,33039;
Anilin;9;27.08.2016 12:00;1,24112;
Anilin;3;27.08.2016 12:00;1,21537;
Anilin;2;27.08.2016 12:00;0,376981;
Anilin;7;27.08.2016 12:00;0,318116;
Anilin;5;27.08.2016 12:00;0,246983;
Anilin;8;27.08.2016 12:00;0,118003;
Anilin;1;27.08.2016 12:00;0,115106;
Anilin;6;27.08.2016 12:00;0,112716;
Natriumchlorid;4;27.08.2016 13:00;1,03351;
Natriumchlorid;3;27.08.2016 13:00;0,852121;
Natriumchlorid;6;27.08.2016 13:00;0,589736;
Natriumchlorid;7;27.08.2016 13:00;0,439413;
Natriumchlorid;5;27.08.2016 13:00;0,305243;
Natriumchlorid;2;27.08.2016 13:00;0,252151;
Natriumchlorid;8;27.08.2016 13:00;0,148505;
Natriumchlorid;9;27.08.2016 13:00;0,147493;
Natriumchlorid;1;27.08.2016 13:00;0,0916969;
Arsen;4;27.08.2016 13:00;0,92267;
Arsen;3;27.08.2016 13:00;0,787663;
Arsen;8;27.08.2016 13:00;0,448111;
Arsen;2;27.08.2016 13:00;0,444612;
Arsen;7;27.08.2016 13:00;0,435957;
Arsen;9;27.08.2016 13:00;0,162336;
Arsen;6;27.08.2016 13:00;0,147853;
Arsen;5;27.08.2016 13:00;0,093943;
Arsen;1;27.08.2016 13:00;0,0400449;
Benzol;3;27.08.2016 13:00;1,15571;
Benzol;8;27.08.2016 13:00;0,998409;
Benzol;4;27.08.2016 13:00;0,803784;
Benzol;7;27.08.2016 13:00;0,588898;
Benzol;2;27.08.2016 13:00;0,431751;
Benzol;6;27.08.2016 13:00;0,378639;
Benzol;1;27.08.2016 13:00;0,144468;
Benzol;9;27.08.2016 13:00;0,051269;
Benzol;5;27.08.2016 13:00;0,00135977;
Anilin;7;27.08.2016 13:00;2,07281;
Anilin;4;27.08.2016 13:00;1,4168;
Anilin;8;27.08.2016 13:00;0,758173;
Anilin;3;27.08.2016 13:00;0,580098;
Anilin;2;27.08.2016 13:00;0,448015;
Anilin;1;27.08.2016 13:00;0,262018;
Anilin;9;27.08.2016 13:00;0,199623;
Anilin;5;27.08.2016 13:00;0,151472;
Anilin;6;27.08.2016 13:00;0,0609537;
Natriumchlorid;3;27.08.2016 14:00;1,75573;
Natriumchlorid;4;27.08.2016 14:00;0,802129;
Natriumchlorid;9;27.08.2016 14:00;0,702322;
Natriumchlorid;6;27.08.2016 14:00;0,426322;
Natriumchlorid;8;27.08.2016 14:00;0,394232;
Natriumchlorid;2;27.08.2016 14:00;0,304115;
Natriumchlorid;5;27.08.2016 14:00;0,207893;
Natriumchlorid;1;27.08.2016 14:00;0,167243;
Natriumchlorid;7;27.08.2016 14:00;0,0185002;
Arsen;3;27.08.2016 14:00;3,45815;
Arsen;9;27.08.2016 14:00;1,09106;
Arsen;4;27.08.2016 14:00;1,02367;
Arsen;8;27.08.2016 14:00;0,579583;
Arsen;5;27.08.2016 14:00;0,566247;
Arsen;6;27.08.2016 14:00;0,499408;
Arsen;7;27.08.2016 14:00;0,241185;
Arsen;1;27.08.2016 14:00;0,225813;
Arsen;2;27.08.2016 14:00;0,145335;
Benzol;4;27.08.2016 14:00;1,30345;
Benzol;3;27.08.2016 14:00;1,2515;
Benzol;5;27.08.2016 14:00;0,791324;
Benzol;7;27.08.2016 14:00;0,613586;
Benzol;1;27.08.2016 14:00;0,373424;
Benzol;6;27.08.2016 14:00;0,342223;
Benzol;8;27.08.2016 14:00;0,297466;
Benzol;9;27.08.2016 14:00;0,245323;
Benzol;2;27.08.2016 14:00;0,208278;
Anilin;5;27.08.2016 14:00;0,910238;
Anilin;4;27.08.2016 14:00;0,844561;
Anilin;3;27.08.2016 14:00;0,739813;
Anilin;1;27.08.2016 14:00;0,463854;
Anilin;2;27.08.2016 14:00;0,428682;
Anilin;6;27.08.2016 14:00;0,276586;
Anilin;7;27.08.2016 14:00;0,102315;
Anilin;9;27.08.2016 14:00;0,0801812;
Anilin;8;27.08.2016 14:00;0,0453316;
Natriumchlorid;7;27.08.2016 15:00;2,08058;
Natriumchlorid;9;27.08.2016 15:00;1,26688;
Natriumchlorid;4;27.08.2016 15:00;0,877655;
Natriumchlorid;5;27.08.2016 15:00;0,769195;
Natriumchlorid;2;27.08.2016 15:00;0,697923;
Natriumchlorid;3;27.08.2016 15:00;0,476907;
Natriumchlorid;6;27.08.2016 15:00;0,301214;
Natriumchlorid;1;27.08.2016 15:00;0,182482;
Natriumchlorid;8;27.08.2016 15:00;0,00919467;
Arsen;3;27.08.2016 15:00;2,61272;
Arsen;4;27.08.2016 15:00;1,31065;
Arsen;8;27.08.2016 15:00;1,27917;
Arsen;5;27.08.2016 15:00;0,765542;
Arsen;6;27.08.2016 15:00;0,583401;
Arsen;2;27.08.2016 15:00;0,408151;
Arsen;7;27.08.2016 15:00;0,35927;
Arsen;9;27.08.2016 15:00;0,349991;
Arsen;1;27.08.2016 15:00;0,122417;
Benzol;4;27.08.2016 15:00;1,22577;
Benzol;3;27.08.2016 15:00;1,21106;
Benzol;5;27.08.2016 15:00;0,913479;
Benzol;9;27.08.2016 15:00;0,765256;
Benzol;7;27.08.2016 15:00;0,564639;
Benzol;6;27.08.2016 15:00;0,5514;
Benzol;8;27.08.2016 15:00;0,322858;
Benzol;2;27.08.2016 15:00;0,254003;
Benzol;1;27.08.2016 15:00;0,0286783;
Anilin;3;27.08.2016 15:00;1,94678;
Anilin;4;27.08.2016 15:00;1,33818;
Anilin;2;27.08.2016 15:00;0,587906;
Anilin;6;27.08.2016 15:00;0,555321;
Anilin;5;27.08.2016 15:00;0,479168;
Anilin;8;27.08.2016 15:00;0,329301;
Anilin;1;27.08.2016 15:00;0,29353;
Anilin;7;27.08.2016 15:00;0,235291;
Anilin;9;27.08.2016 15:00;0,174266;
Natriumchlorid;4;27.08.2016 16:00;1,18543;
Natriumchlorid;2;27.08.2016 16:00;1,05392;
Natriumchlorid;8;27.08.2016 16:00;0,857474;
Natriumchlorid;5;27.08.2016 16:00;0,643749;
Natriumchlorid;6;27.08.2016 16:00;0,493342;
Natriumchlorid;7;27.08.2016 16:00;0,434531;
Natriumchlorid;9;27.08.2016 16:00;0,430869;
Natriumchlorid;1;27.08.2016 16:00;0,118659;
Natriumchlorid;3;27.08.2016 16:00;0,0553955;
Arsen;4;27.08.2016 16:00;1,08029;
Arsen;1;27.08.2016 16:00;0,524573;
Arsen;5;27.08.2016 16:00;0,48335;
Arsen;3;27.08.2016 16:00;0,464826;
Arsen;8;27.08.2016 16:00;0,294333;
Arsen;7;27.08.2016 16:00;0,24288;
Arsen;6;27.08.2016 16:00;0,193417;
Arsen;2;27.08.2016 16:00;0,183027;
Arsen;9;27.08.2016 16:00;0,139932;
Benzol;3;27.08.2016 16:00;1,5429;
Benzol;4;27.08.2016 16:00;1,32548;
Benzol;6;27.08.2016 16:00;0,971454;
Benzol;2;27.08.2016 16:00;0,671097;
Benzol;5;27.08.2016 16:00;0,494938;
Benzol;9;27.08.2016 16:00;0,314919;
Benzol;8;27.08.2016 16:00;0,283831;
Benzol;7;27.08.2016 16:00;0,0728443;
Benzol;1;27.08.2016 16:00;0,0130056;
Anilin;4;27.08.2016 16:00;1,31311;
Anilin;3;27.08.2016 16:00;0,993699;
Anilin;6;27.08.2016 16:00;0,653065;
Anilin;8;27.08.2016 16:00;0,534903;
Anilin;9;27.08.2016 16:00;0,428202;
Anilin;7;27.08.2016 16:00;0,339006;
Anilin;5;27.08.2016 16:00;0,166845;
Anilin;1;27.08.2016 16:00;0,150297;
Anilin;2;27.08.2016 16:00;0,0388451;
Natriumchlorid;3;27.08.2016 17:00;1,67926;
Natriumchlorid;4;27.08.2016 17:00;1,56092;
Natriumchlorid;7;27.08.2016 17:00;1,14226;
Natriumchlorid;2;27.08.2016 17:00;0,818809;
Natriumchlorid;6;27.08.2016 17:00;0,511846;
Natriumchlorid;9;27.08.2016 17:00;0,188823;
Natriumchlorid;5;27.08.2016 17:00;0,171596;
Natriumchlorid;1;27.08.2016 17:00;0,135328;
Natriumchlorid;8;27.08.2016 17:00;0,124113;
Arsen;3;27.08.2016 17:00;2,25829;
Arsen;4;27.08.2016 17:00;0,991054;
Arsen;5;27.08.2016 17:00;0,848992;
Arsen;8;27.08.2016 17:00;0,812331;
Arsen;7;27.08.2016 17:00;0,561971;
Arsen;6;27.08.2016 17:00;0,521864;
Arsen;1;27.08.2016 17:00;0,422749;
Arsen;2;27.08.2016 17:00;0,246201;
Arsen;9;27.08.2016 17:00;0,0861327;
Benzol;7;27.08.2016 17:00;0,734947;
Benzol;4;27.08.2016 17:00;0,732687;
Benzol;6;27.08.2016 17:00;0,564977;
Benzol;2;27.08.2016 17:00;0,548678;
Benzol;3;27.08.2016 17:00;0,469426;
Benzol;9;27.08.2016 17:00;0,431659;
Benzol;8;27.08.2016 17:00;0,37641;
Benzol;1;27.08.2016 17:00;0,233564;
Benzol;5;27.08.2016 17:00;0,00810568;
Anilin;4;27.08.2016 17:00;1,41974;
Anilin;3;27.08.2016 17:00;1,41679;
Anilin;9;27.08.2016 17:00;0,581806;
Anilin;8;27.08.2016 17:00;0,377053;
Anilin;2;27.08.2016 17:00;0,339934;
Anilin;5;27.08.2016 17:00;0,335357;
Anilin;6;27.08.2016 17:00;0,259111;
Anilin;7;27.08.2016 17:00;0,137496;
Anilin;1;27.08.2016 17:00;0,036502;
Natriumchlorid;4;27.08.2016 18:00;1,06623;
Natriumchlorid;2;27.08.2016 18:00;0,869391;
Natriumchlorid;3;27.08.2016 18:00;0,771715;
Natriumchlorid;8;27.08.2016 18:00;0,641263;
Natriumchlorid;6;27.08.2016 18:00;0,391897;
Natriumchlorid;1;27.08.2016 18:00;0,318601;
Natriumchlorid;7;27.08.2016 18:00;0,318437;
Natriumchlorid;5;27.08.2016 18:00;0,159266;
Natriumchlorid;9;27.08.2016 18:00;0,0739514;
Arsen;3;27.08.2016 18:00;4,59829;
Arsen;4;27.08.2016 18:00;0,949301;
Arsen;6;27.08.2016 18:00;0,799374;
Arsen;7;27.08.2016 18:00;0,720047;
Arsen;9;27.08.2016 18:00;0,561124;
Arsen;8;27.08.2016 18:00;0,508491;
Arsen;2;27.08.2016 18:00;0,46921;
Arsen;1;27.08.2016 18:00;0,152723;
Arsen;5;27.08.2016 18:00;0,118848;
Benzol;4;27.08.2016 18:00;1,23176;
Benzol;3;27.08.2016 18:00;0,741614;
Benzol;6;27.08.2016 18:00;0,373415;
Benzol;1;27.08.2016 18:00;0,212592;
Benzol;5;27.08.2016 18:00;0,123758;
Benzol;7;27.08.2016 18:00;0,121311;
Benzol;9;27.08.2016 18:00;0,0710239;
Benzol;2;27.08.2016 18:00;0,0569022;
Benzol;8;27.08.2016 18:00;0,0491233;
Anilin;7;27.08.2016 18:00;2,22298;
Anilin;4;27.08.2016 18:00;1,65785;
Anilin;3;27.08.2016 18:00;0,815251;
Anilin;6;27.08.2016 18:00;0,592149;
Anilin;8;27.08.2016 18:00;0,556882;
Anilin;9;27.08.2016 18:00;0,526238;
Anilin;5;27.08.2016 18:00;0,493176;
Anilin;2;27.08.2016 18:00;0,274543;
Anilin;1;27.08.2016 18:00;0,232866;
Natriumchlorid;3;27.08.2016 19:00;2,39371;
Natriumchlorid;4;27.08.2016 19:00;1,32258;
Natriumchlorid;2;27.08.2016 19:00;0,971266;
Natriumchlorid;6;27.08.2016 19:00;0,617617;
Natriumchlorid;9;27.08.2016 19:00;0,487714;
Natriumchlorid;8;27.08.2016 19:00;0,379168;
Natriumchlorid;7;27.08.2016 19:00;0,345179;
Natriumchlorid;1;27.08.2016 19:00;0,114593;
Natriumchlorid;5;27.08.2016 19:00;0,113317;
Arsen;3;27.08.2016 19:00;2,89248;
Arsen;4;27.08.2016 19:00;1,10682;
Arsen;7;27.08.2016 19:00;0,895898;
Arsen;5;27.08.2016 19:00;0,602051;
Arsen;2;27.08.2016 19:00;0,58683;
Arsen;1;27.08.2016 19:00;0,398709;
Arsen;8;27.08.2016 19:00;0,107811;
Arsen;9;27.08.2016 19:00;0,0239377;
Arsen;6;27.08.2016 19:00;0,0235862;
Benzol;4;27.08.2016 19:00;1,13038;
Benzol;6;27.08.2016 19:00;0,688102;
Benzol;7;27.08.2016 19:00;0,673557;
Benzol;1;27.08.2016 19:00;0,477822;
Benzol;5;27.08.2016 19:00;0,256864;
Benzol;3;27.08.2016 19:00;0,244535;
Benzol;2;27.08.2016 19:00;0,0447029;
Benzol;8;27.08.2016 19:00;0,0163076;
Benzol;9;27.08.2016 19:00;0,0154241;
Anilin;3;27.08.2016 19:00;1,86592;
Anilin;4;27.08.2016 19:00;0,981885;
Anilin;2;27.08.2016 19:00;0,690376;
Anilin;9;27.08.2016 19:00;0,662002;
Anilin;8;27.08.2016 19:00;0,658597;
Anilin;7;27.08.2016 19:00;0,501567;
Anilin;5;27.08.2016 19:00;0,39627;
Anilin;6;27.08.2016 19:00;0,262483;
Anilin;1;27.08.2016 19:00;0,0983174;
Natriumchlorid;3;27.08.2016 20:00;2,31638;
Natriumchlorid;4;27.08.2016 20:00;1,07814;
Natriumchlorid;8;27.08.2016 20:00;0,780384;
Natriumchlorid;5;27.08.2016 20:00;0,439587;
Natriumchlorid;9;27.08.2016 20:00;0,331391;
Natriumchlorid;7;27.08.2016 20:00;0,233653;
Natriumchlorid;6;27.08.2016 20:00;0,189944;
Natriumchlorid;2;27.08.2016 20:00;0,0709454;
Natriumchlorid;1;27.08.2016 20:00;0,0552256;
Arsen;3;27.08.2016 20:00;1,55384;
Arsen;2;27.08.2016 20:00;1,15338;
Arsen;4;27.08.2016 20:00;0,988333;
Arsen;8;27.08.2016 20:00;0,747472;
Arsen;7;27.08.2016 20:00;0,577832;
Arsen;1;27.08.2016 20:00;0,421078;
Arsen;5;27.08.2016 20:00;0,403748;
Arsen;6;27.08.2016 20:00;0,329333;
Arsen;9;27.08.2016 20:00;0,0268209;
Benzol;3;27.08.2016 20:00;2,43744;
Benzol;4;27.08.2016 20:00;1,31483;
Benzol;9;27.08.2016 20:00;1,18417;
Benzol;6;27.08.2016 20:00;0,712451;
Benzol;7;27.08.2016 20:00;0,499397;
Benzol;5;27.08.2016 20:00;0,438778;
Benzol;1;27.08.2016 20:00;0,216842;
Benzol;2;27.08.2016 20:00;0,0490538;
Benzol;8;27.08.2016 20:00;0,036341;
Anilin;3;27.08.2016 20:00;2,49881;
Anilin;4;27.08.2016 20:00;1,30297;
Anilin;8;27.08.2016 20:00;0,852275;
Anilin;5;27.08.2016 20:00;0,626748;
Anilin;9;27.08.2016 20:00;0,538884;
Anilin;1;27.08.2016 20:00;0,460673;
Anilin;7;27.08.2016 20:00;0,438409;
Anilin;2;27.08.2016 20:00;0,247248;
Anilin;6;27.08.2016 20:00;0,140183;
Natriumchlorid;3;27.08.2016 21:00;2,20397;
Natriumchlorid;4;27.08.2016 21:00;1,24278;
Natriumchlorid;6;27.08.2016 21:00;0,536337;
Natriumchlorid;8;27.08.2016 21:00;0,34232;
Natriumchlorid;9;27.08.2016 21:00;0,216365;
Natriumchlorid;5;27.08.2016 21:00;0,154011;
Natriumchlorid;1;27.08.2016 21:00;0,145215;
Natriumchlorid;2;27.08.2016 21:00;0,105069;
Natriumchlorid;7;27.08.2016 21:00;0,0165035;
Arsen;7;27.08.2016 21:00;1,5061;
Arsen;3;27.08.2016 21:00;1,39792;
Arsen;9;27.08.2016 21:00;1,35049;
Arsen;4;27.08.2016 21:00;1,26964;
Arsen;5;27.08.2016 21:00;0,865915;
Arsen;6;27.08.2016 21:00;0,404399;
Arsen;1;27.08.2016 21:00;0,181822;
Arsen;2;27.08.2016 21:00;0,178896;
Arsen;8;27.08.2016 21:00;0,149997;
Benzol;3;27.08.2016 21:00;2,12944;
Benzol;4;27.08.2016 21:00;1,47817;
Benzol;9;27.08.2016 21:00;0,725304;
Benzol;2;27.08.2016 21:00;0,648329;
Benzol;7;27.08.2016 21:00;0,554608;
Benzol;8;27.08.2016 21:00;0,47356;
Benzol;6;27.08.2016 21:00;0,290544;
Benzol;5;27.08.2016 21:00;0,130533;
Benzol;1;27.08.2016 21:00;0,0175334;
Anilin;4;27.08.2016 21:00;1,35889;
Anilin;8;27.08.2016 21:00;0,93131;
Anilin;2;27.08.2016 21:00;0,493391;
Anilin;3;27.08.2016 21:00;0,462648;
Anilin;6;27.08.2016 21:00;0,462612;
Anilin;7;27.08.2016 21:00;0,230387;
Anilin;1;27.08.2016 21:00;0,173292;
Anilin;9;27.08.2016 21:00;0,151086;
Anilin;5;27.08.2016 21:00;0,0498564;
Natriumchlorid;3;27.08.2016 22:00;1,87993;
Natriumchlorid;9;27.08.2016 22:00;1,51417;
Natriumchlorid;4;27.08.2016 22:00;1,42563;
Natriumchlorid;8;27.08.2016 22:00;0,860785;
Natriumchlorid;2;27.08.2016 22:00;0,581685;
Natriumchlorid;6;27.08.2016 22:00;0,43535;
Natriumchlorid;7;27.08.2016 22:00;0,397074;
Natriumchlorid;1;27.08.2016 22:00;0,21054;
Natriumchlorid;5;27.08.2016 22:00;0,145342;
Arsen;3;27.08.2016 22:00;1,3495;
Arsen;4;27.08.2016 22:00;1,10884;
Arsen;5;27.08.2016 22:00;0,887311;
Arsen;7;27.08.2016 22:00;0,75956;
Arsen;2;27.08.2016 22:00;0,470901;
Arsen;6;27.08.2016 22:00;0,381791;
Arsen;1;27.08.2016 22:00;0,38129;
Arsen;8;27.08.2016 22:00;0,337895;
Arsen;9;27.08.2016 22:00;0,131115;
Benzol;3;27.08.2016 22:00;1,87551;
Benzol;9;27.08.2016 22:00;1,37075;
Benzol;4;27.08.2016 22:00;1,04776;
Benzol;5;27.08.2016 22:00;0,988831;
Benzol;2;27.08.2016 22:00;0,708898;
Benzol;8;27.08.2016 22:00;0,617883;
Benzol;6;27.08.2016 22:00;0,356679;
Benzol;1;27.08.2016 22:00;0,114201;
Benzol;7;27.08.2016 22:00;0,11234;
Anilin;3;27.08.2016 22:00;1,35908;
Anilin;4;27.08.2016 22:00;1,16543;
Anilin;2;27.08.2016 22:00;0,693044;
Anilin;5;27.08.2016 22:00;0,481212;
Anilin;6;27.08.2016 22:00;0,48071;
Anilin;7;27.08.2016 22:00;0,473106;
Anilin;9;27.08.2016 22:00;0,423437;
Anilin;8;27.08.2016 22:00;0,368833;
Anilin;1;27.08.2016 22:00;0,014328;
Natriumchlorid;4;27.08.2016 23:00;1,15042;
Natriumchlorid;3;27.08.2016 23:00;0,801978;
Natriumchlorid;8;27.08.2016 23:00;0,560889;
Natriumchlorid;7;27.08.2016 23:00;0,458169;
Natriumchlorid;5;27.08.2016 23:00;0,456126;
Natriumchlorid;2;27.08.2016 23:00;0,301396;
Natriumchlorid;1;27.08.2016 23:00;0,25987;
Natriumchlorid;6;27.08.2016 23:00;0,219814;
Natriumchlorid;9;27.08.2016 23:00;0,0149092;
Arsen;3;27.08.2016 23:00;1,77414;
Arsen;4;27.08.2016 23:00;1,00764;
Arsen;9;27.08.2016 23:00;0,80818;
Arsen;8;27.08.2016 23:00;0,54695;
Arsen;6;27.08.2016 23:00;0,522048;
Arsen;2;27.08.2016 23:00;0,460486;
Arsen;5;27.08.2016 23:00;0,40643;
Arsen;1;27.08.2016 23:00;0,1775;
Arsen;7;27.08.2016 23:00;0,10386;
Benzol;3;27.08.2016 23:00;2,05414;
Benzol;4;27.08.2016 23:00;1,32044;
Benzol;5;27.08.2016 23:00;0,654187;
Benzol;8;27.08.2016 23:00;0,533058;
Benzol;6;27.08.2016 23:00;0,421591;
Benzol;2;27.08.2016 23:00;0,388567;
Benzol;9;27.08.2016 23:00;0,382686;
Benzol;1;27.08.2016 23:00;0,339325;
Benzol;7;27.08.2016 23:00;0,234694;
Anilin;3;27.08.2016 23:00;1,3092;
Anilin;4;27.08.2016 23:00;0,912388;
Anilin;2;27.08.2016 23:00;0,749055;
Anilin;9;27.08.2016 23:00;0,586087;
Anilin;6;27.08.2016 23:00;0,54349;
Anilin;7;27.08.2016 23:00;0,462649;
Anilin;8;27.08.2016 23:00;0,439215;
Anilin;5;27.08.2016 23:00;0,271991;
Anilin;1;27.08.2016 23:00;0,213478;
Natriumchlorid;7;28.08.2016 00:00;1,31737;
Natriumchlorid;4;28.08.2016 00:00;1,21669;
Natriumchlorid;3;28.08.2016 00:00;0,618399;
Natriumchlorid;5;28.08.2016 00:00;0,57396;
Natriumchlorid;8;28.08.2016 00:00;0,461207;
Natriumchlorid;6;28.08.2016 00:00;0,441646;
Natriumchlorid;9;28.08.2016 00:00;0,440288;
Natriumchlorid;2;28.08.2016 00:00;0,290246;
Natriumchlorid;1;28.08.2016 00:00;0,147594;
Arsen;3;28.08.2016 00:00;3,14734;
Arsen;7;28.08.2016 00:00;1,38537;
Arsen;4;28.08.2016 00:00;1,30122;
Arsen;8;28.08.2016 00:00;0,587641;
Arsen;6;28.08.2016 00:00;0,557941;
Arsen;5;28.08.2016 00:00;0,37199;
Arsen;9;28.08.2016 00:00;0,328138;
Arsen;2;28.08.2016 00:00;0,142148;
Arsen;1;28.08.2016 00:00;0,0768444;
Benzol;3;28.08.2016 00:00;1,78294;
Benzol;4;28.08.2016 00:00;1,21451;
Benzol;8;28.08.2016 00:00;1,21319;
Benzol;9;28.08.2016 00:00;1,01983;
Benzol;2;28.08.2016 00:00;0,62006;
Benzol;5;28.08.2016 00:00;0,456979;
Benzol;6;28.08.2016 00:00;0,346485;
Benzol;7;28.08.2016 00:00;0,312634;
Benzol;1;28.08.2016 00:00;0,27518;
Anilin;4;28.08.2016 00:00;1,2579;
Anilin;8;28.08.2016 00:00;1,17684;
Anilin;9;28.08.2016 00:00;0,62255;
Anilin;2;28.08.2016 00:00;0,614209;
Anilin;6;28.08.2016 00:00;0,586119;
Anilin;5;28.08.2016 00:00;0,525541;
Anilin;1;28.08.2016 00:00;0,278009;
Anilin;3;28.08.2016 00:00;0,270643;
Anilin;7;28.08.2016 00:00;0,124244;
Natriumchlorid;7;28.08.2016 01:00;1,70141;
Natriumchlorid;3;28.08.2016 01:00;1,6242;
Natriumchlorid;4;28.08.2016 01:00;1,20472;
Natriumchlorid;5;28.08.2016 01:00;0,837366;
Natriumchlorid;9;28.08.2016 01:00;0,46836;
Natriumchlorid;6;28.08.2016 01:00;0,41698;
Natriumchlorid;1;28.08.2016 01:00;0,202716;
Natriumchlorid;8;28.08.2016 01:00;0,104043;
Natriumchlorid;2;28.08.2016 01:00;0,0130079;
Arsen;4;28.08.2016 01:00;1,37891;
Arsen;2;28.08.2016 01:00;0,823248;
Arsen;7;28.08.2016 01:00;0,472203;
Arsen;6;28.08.2016 01:00;0,448946;
Arsen;8;28.08.2016 01:00;0,405401;
Arsen;9;28.08.2016 01:00;0,295714;
Arsen;3;28.08.2016 01:00;0,241887;
Arsen;1;28.08.2016 01:00;0,234371;
Arsen;5;28.08.2016 01:00;0,157049;
Benzol;3;28.08.2016 01:00;1,69017;
Benzol;4;28.08.2016 01:00;1,14203;
Benzol;8;28.08.2016 01:00;0,674763;
Benzol;6;28.08.2016 01:00;0,547697;
Benzol;7;28.08.2016 01:00;0,517853;
Benzol;9;28.08.2016 01:00;0,298691;
Benzol;5;28.08.2016 01:00;0,13586;
Benzol;1;28.08.2016 01:00;0,101819;
Benzol;2;28.08.2016 01:00;0,0687116;
Anilin;4;28.08.2016 01:00;1,46034;
Anilin;3;28.08.2016 01:00;0,907;
Anilin;6;28.08.2016 01:00;0,605568;
Anilin;8;28.08.2016 01:00;0,573478;
Anilin;7;28.08.2016 01:00;0,495816;
Anilin;1;28.08.2016 01:00;0,307469;
Anilin;2;28.08.2016 01:00;0,209808;
Anilin;9;28.08.2016 01:00;0,0485669;
Anilin;5;28.08.2016 01:00;0,0461476;
Natriumchlorid;3;28.08.2016 02:00;2,42562;
Natriumchlorid;4;28.08.2016 02:00;1,24353;
Natriumchlorid;8;28.08.2016 02:00;0,721725;
Natriumchlorid;9;28.08.2016 02:00;0,645385;
Natriumchlorid;6;28.08.2016 02:00;0,278155;
Natriumchlorid;2;28.08.2016 02:00;0,24845;
Natriumchlorid;7;28.08.2016 02:00;0,21157;
Natriumchlorid;1;28.08.2016 02:00;0,195019;
Natriumchlorid;5;28.08.2016 02:00;0,0213126;
Arsen;4;28.08.2016 02:00;1,27826;
Arsen;7;28.08.2016 02:00;0,886168;
Arsen;3;28.08.2016 02:00;0,810674;
Arsen;8;28.08.2016 02:00;0,752858;
Arsen;1;28.08.2016 02:00;0,383493;
Arsen;6;28.08.2016 02:00;0,214658;
Arsen;5;28.08.2016 02:00;0,115201;
Arsen;9;28.08.2016 02:00;0,101822;
Arsen;2;28.08.2016 02:00;0,0226476;
Benzol;4;28.08.2016 02:00;1,10798;
Benzol;6;28.08.2016 02:00;0,858378;
Benzol;5;28.08.2016 02:00;0,749618;
Benzol;7;28.08.2016 02:00;0,546385;
Benzol;2;28.08.2016 02:00;0,503167;
Benzol;1;28.08.2016 02:00;0,215967;
Benzol;3;28.08.2016 02:00;0,154251;
Benzol;9;28.08.2016 02:00;0,0559033;
Benzol;8;28.08.2016 02:00;0,00205668;
Anilin;5;28.08.2016 02:00;1,56569;
Anilin;4;28.08.2016 02:00;1,00059;
Anilin;3;28.08.2016 02:00;0,995759;
Anilin;7;28.08.2016 02:00;0,648217;
Anilin;8;28.08.2016 02:00;0,574386;
Anilin;9;28.08.2016 02:00;0,337586;
Anilin;6;28.08.2016 02:00;0,292847;
Anilin;1;28.08.2016 02:00;0,265011;
Anilin;2;28.08.2016 02:00;0,23078;
Natriumchlorid;3;28.08.2016 03:00;2,84931;
Natriumchlorid;7;28.08.2016 03:00;1,83501;
Natriumchlorid;4;28.08.2016 03:00;1,16865;
Natriumchlorid;5;28.08.2016 03:00;0,557934;
Natriumchlorid;8;28.08.2016 03:00;0,534093;
Natriumchlorid;6;28.08.2016 03:00;0,477863;
Natriumchlorid;2;28.08.2016 03:00;0,119405;
Natriumchlorid;9;28.08.2016 03:00;0,113645;
Natriumchlorid;1;28.08.2016 03:00;0,0159099;
Arsen;7;28.08.2016 03:00;2,42367;
Arsen;8;28.08.2016 03:00;1,26431;
Arsen;3;28.08.2016 03:00;1,19508;
Arsen;4;28.08.2016 03:00;0,854355;
Arsen;6;28.08.2016 03:00;0,528357;
Arsen;5;28.08.2016 03:00;0,449888;
Arsen;9;28.08.2016 03:00;0,287168;
Arsen;2;28.08.2016 03:00;0,225516;
Arsen;1;28.08.2016 03:00;0,0585417;
Benzol;4;28.08.2016 03:00;1,16342;
Benzol;3;28.08.2016 03:00;0,90159;
Benzol;8;28.08.2016 03:00;0,820432;
Benzol;6;28.08.2016 03:00;0,430836;
Benzol;7;28.08.2016 03:00;0,190472;
Benzol;2;28.08.2016 03:00;0,173282;
Benzol;1;28.08.2016 03:00;0,158525;
Benzol;5;28.08.2016 03:00;0,031574;
Benzol;9;28.08.2016 03:00;0,0147385;
Anilin;3;28.08.2016 03:00;3,24477;
Anilin;7;28.08.2016 03:00;1,32104;
Anilin;4;28.08.2016 03:00;0,96284;
Anilin;2;28.08.2016 03:00;0,780643;
Anilin;9;28.08.2016 03:00;0,739181;
Anilin;5;28.08.2016 03:00;0,588735;
Anilin;6;28.08.2016 03:00;0,501091;
Anilin;8;28.08.2016 03:00;0,403524;
Anilin;1;28.08.2016 03:00;0,356378;
Natriumchlorid;4;28.08.2016 04:00;0,919072;
Natriumchlorid;3;28.08.2016 04:00;0,718429;
Natriumchlorid;8;28.08.2016 04:00;0,632749;
Natriumchlorid;7;28.08.2016 04:00;0,571114;
Natriumchlorid;6;28.08.2016 04:00;0,369659;
Natriumchlorid;9;28.08.2016 04:00;0,363498;
Natriumchlorid;1;28.08.2016 04:00;0,200344;
Natriumchlorid;5;28.08.2016 04:00;0,0792117;
Natriumchlorid;2;28.08.2016 04:00;0,0118377;
Arsen;3;28.08.2016 04:00;3,08929;
Arsen;4;28.08.2016 04:00;1,01122;
Arsen;7;28.08.2016 04:00;0,652833;
Arsen;8;28.08.2016 04:00;0,513674;
Arsen;1;28.08.2016 04:00;0,430037;
Arsen;5;28.08.2016 04:00;0,396475;
Arsen;6;28.08.2016 04:00;0,383741;
Arsen;9;28.08.2016 04:00;0,333396;
Arsen;2;28.08.2016 04:00;0,00742587;
Benzol;3;28.08.2016 04:00;1,23677;
Benzol;4;28.08.2016 04:00;1,16845;
Benzol;2;28.08.2016 04:00;1,14726;
Benzol;6;28.08.2016 04:00;0,998957;
Benzol;5;28.08.2016 04:00;0,868095;
Benzol;7;28.08.2016 04:00;0,533758;
Benzol;8;28.08.2016 04:00;0,458206;
Benzol;1;28.08.2016 04:00;0,347697;
Benzol;9;28.08.2016 04:00;0,335513;
Anilin;4;28.08.2016 04:00;1,16673;
Anilin;3;28.08.2016 04:00;0,964248;
Anilin;6;28.08.2016 04:00;0,579292;
Anilin;7;28.08.2016 04:00;0,56902;
Anilin;5;28.08.2016 04:00;0,554794;
Anilin;8;28.08.2016 04:00;0,528764;
Anilin;2;28.08.2016 04:00;0,41565;
Anilin;1;28.08.2016 04:00;0,32179;
Anilin;9;28.08.2016 04:00;0,259475;
Natriumchlorid;4;28.08.2016 05:00;1,43545;
Natriumchlorid;7;28.08.2016 05:00;0,749791;
Natriumchlorid;5;28.08.2016 05:00;0,708459;
Natriumchlorid;6;28.08.2016 05:00;0,632365;
Natriumchlorid;2;28.08.2016 05:00;0,595169;
Natriumchlorid;3;28.08.2016 05:00;0,514962;
Natriumchlorid;8;28.08.2016 05:00;0,483106;
Natriumchlorid;9;28.08.2016 05:00;0,223024;
Natriumchlorid;1;28.08.2016 05:00;0,112571;
Arsen;3;28.08.2016 05:00;1,66318;
Arsen;4;28.08.2016 05:00;0,892057;
Arsen;7;28.08.2016 05:00;0,878027;
Arsen;5;28.08.2016 05:00;0,384284;
Arsen;6;28.08.2016 05:00;0,368095;
Arsen;2;28.08.2016 05:00;0,310714;
Arsen;9;28.08.2016 05:00;0,188348;
Arsen;8;28.08.2016 05:00;0,137888;
Arsen;1;28.08.2016 05:00;0,127653;
Benzol;7;28.08.2016 05:00;2,005;
Benzol;4;28.08.2016 05:00;1,19326;
Benzol;3;28.08.2016 05:00;0,984645;
Benzol;9;28.08.2016 05:00;0,698037;
Benzol;8;28.08.2016 05:00;0,26273;
Benzol;2;28.08.2016 05:00;0,224118;
Benzol;6;28.08.2016 05:00;0,21501;
Benzol;5;28.08.2016 05:00;0,194566;
Benzol;1;28.08.2016 05:00;0,179208;
Anilin;3;28.08.2016 05:00;1,67655;
Anilin;4;28.08.2016 05:00;1,11995;
Anilin;8;28.08.2016 05:00;0,85765;
Anilin;7;28.08.2016 05:00;0,645773;
Anilin;6;28.08.2016 05:00;0,24921;
Anilin;5;28.08.2016 05:00;0,235872;
Anilin;1;28.08.2016 05:00;0,131504;
Anilin;9;28.08.2016 05:00;0,121301;
Anilin;2;28.08.2016 05:00;0,118395;
Natriumchlorid;7;28.08.2016 06:00;1,45288;
Natriumchlorid;3;28.08.2016 06:00;1,14965;
Natriumchlorid;4;28.08.2016 06:00;1,0805;
Natriumchlorid;9;28.08.2016 06:00;0,779806;
Natriumchlorid;8;28.08.2016 06:00;0,552595;
Natriumchlorid;1;28.08.2016 06:00;0,363092;
Natriumchlorid;6;28.08.2016 06:00;0,223976;
Natriumchlorid;2;28.08.2016 06:00;0,163366;
Natriumchlorid;5;28.08.2016 06:00;0,150936;
Arsen;4;28.08.2016 06:00;1,58643;
Arsen;8;28.08.2016 06:00;1,52911;
Arsen;3;28.08.2016 06:00;0,872214;
Arsen;2;28.08.2016 06:00;0,83581;
Arsen;1;28.08.2016 06:00;0,573066;
Arsen;6;28.08.2016 06:00;0,514179;
Arsen;7;28.08.2016 06:00;0,302976;
Arsen;9;28.08.2016 06:00;0,185609;
Arsen;5;28.08.2016 06:00;0,182559;
Benzol;7;28.08.2016 06:00;1,93993;
Benzol;4;28.08.2016 06:00;0,956145;
Benzol;8;28.08.2016 06:00;0,633527;
Benzol;5;28.08.2016 06:00;0,443212;
Benzol;1;28.08.2016 06:00;0,41973;
Benzol;3;28.08.2016 06:00;0,379995;
Benzol;2;28.08.2016 06:00;0,277329;
Benzol;6;28.08.2016 06:00;0,197726;
Benzol;9;28.08.2016 06:00;0,0437793;
Anilin;4;28.08.2016 06:00;1,00081;
Anilin;7;28.08.2016 06:00;0,938094;
Anilin;6;28.08.2016 06:00;0,376068;
Anilin;3;28.08.2016 06:00;0,285086;
Anilin;8;28.08.2016 06:00;0,268429;
Anilin;5;28.08.2016 06:00;0,231963;
Anilin;9;28.08.2016 06:00;0,185655;
Anilin;1;28.08.2016 06:00;0,181269;
Anilin;2;28.08.2016 06:00;0,120078;
Natriumchlorid;4;28.08.2016 07:00;1,15842;
Natriumchlorid;9;28.08.2016 07:00;1,03395;
Natriumchlorid;1;28.08.2016 07:00;0,275131;
Natriumchlorid;3;28.08.2016 07:00;0,247562;
Natriumchlorid;6;28.08.2016 07:00;0,222824;
Natriumchlorid;8;28.08.2016 07:00;0,171325;
Natriumchlorid;7;28.08.2016 07:00;0,164225;
Natriumchlorid;2;28.08.2016 07:00;0,0303801;
Natriumchlorid;5;28.08.2016 07:00;0,0236477;
Arsen;4;28.08.2016 07:00;0,677652;
Arsen;9;28.08.2016 07:00;0,308474;
Arsen;3;28.08.2016 07:00;0,251031;
Arsen;6;28.08.2016 07:00;0,220433;
Arsen;2;28.08.2016 07:00;0,190284;
Arsen;5;28.08.2016 07:00;0,101931;
Arsen;8;28.08.2016 07:00;0,0280573;
Arsen;7;28.08.2016 07:00;0,0279965;
Arsen;1;28.08.2016 07:00;0,00224129;
Benzol;4;28.08.2016 07:00;1,20719;
Benzol;3;28.08.2016 07:00;0,701361;
Benzol;6;28.08.2016 07:00;0,608812;
Benzol;9;28.08.2016 07:00;0,465098;
Benzol;1;28.08.2016 07:00;0,458542;
Benzol;8;28.08.2016 07:00;0,33073;
Benzol;2;28.08.2016 07:00;0,305993;
Benzol;7;28.08.2016 07:00;0,108362;
Benzol;5;28.08.2016 07:00;0,10604;
Anilin;4;28.08.2016 07:00;1,19447;
Anilin;3;28.08.2016 07:00;0,755823;
Anilin;6;28.08.2016 07:00;0,438696;
Anilin;1;28.08.2016 07:00;0,427272;
Anilin;8;28.08.2016 07:00;0,408186;
Anilin;7;28.08.2016 07:00;0,276356;
Anilin;2;28.08.2016 07:00;0,269487;
Anilin;5;28.08.2016 07:00;0,0999414;
Anilin;9;28.08.2016 07:00;0,0172666;
Natriumchlorid;3;28.08.2016 08:00;2,44872;
Natriumchlorid;4;28.08.2016 08:00;1,26895;
Natriumchlorid;9;28.08.2016 08:00;0,763547;
Natriumchlorid;8;28.08.2016 08:00;0,658032;
Natriumchlorid;6;28.08.2016 08:00;0,464592;
Natriumchlorid;1;28.08.2016 08:00;0,329431;
Natriumchlorid;2;28.08.2016 08:00;0,195917;
Natriumchlorid;5;28.08.2016 08:00;0,152643;
Natriumchlorid;7;28.08.2016 08:00;0,103731;
Arsen;3;28.08.2016 08:00;1,5474;
Arsen;4;28.08.2016 08:00;1,08396;
Arsen;7;28.08.2016 08:00;0,179935;
Arsen;9;28.08.2016 08:00;0,171096;
Arsen;8;28.08.2016 08:00;0,155757;
Arsen;6;28.08.2016 08:00;0,133343;
Arsen;2;28.08.2016 08:00;0,124736;
Arsen;1;28.08.2016 08:00;0,0522826;
Arsen;5;28.08.2016 08:00;0,0122621;
Benzol;3;28.08.2016 08:00;1,79488;
Benzol;4;28.08.2016 08:00;0,803579;
Benzol;5;28.08.2016 08:00;0,742795;
Benzol;8;28.08.2016 08:00;0,55197;
Benzol;2;28.08.2016 08:00;0,423012;
Benzol;6;28.08.2016 08:00;0,394315;
Benzol;1;28.08.2016 08:00;0,287782;
Benzol;7;28.08.2016 08:00;0,142042;
Benzol;9;28.08.2016 08:00;0,0413564;
Anilin;3;28.08.2016 08:00;1,71955;
Anilin;9;28.08.2016 08:00;1,18556;
Anilin;4;28.08.2016 08:00;1,0842;
Anilin;7;28.08.2016 08:00;0,707128;
Anilin;6;28.08.2016 08:00;0,409911;
Anilin;5;28.08.2016 08:00;0,310517;
Anilin;1;28.08.2016 08:00;0,22421;
Anilin;2;28.08.2016 08:00;0,117051;
Anilin;8;28.08.2016 08:00;0,00756395;
Natriumchlorid;7;28.08.2016 09:00;2,19048;
Natriumchlorid;4;28.08.2016 09:00;1,06168;
Natriumchlorid;9;28.08.2016 09:00;0,619713;
Natriumchlorid;5;28.08.2016 09:00;0,429166;
Natriumchlorid;8;28.08.2016 09:00;0,425338;
Natriumchlorid;2;28.08.2016 09:00;0,413106;
Natriumchlorid;6;28.08.2016 09:00;0,382359;
Natriumchlorid;3;28.08.2016 09:00;0,196678;
Natriumchlorid;1;28.08.2016 09:00;0,0887509;
Arsen;3;28.08.2016 09:00;1,98156;
Arsen;5;28.08.2016 09:00;1,44855;
Arsen;2;28.08.2016 09:00;1,05542;
Arsen;4;28.08.2016 09:00;0,976085;
Arsen;7;28.08.2016 09:00;0,901748;
Arsen;6;28.08.2016 09:00;0,644057;
Arsen;8;28.08.2016 09:00;0,574151;
Arsen;9;28.08.2016 09:00;0,5117;
Arsen;1;28.08.2016 09:00;0,065011;
Benzol;4;28.08.2016 09:00;0,948667;
Benzol;9;28.08.2016 09:00;0,775954;
Benzol;3;28.08.2016 09:00;0,506728;
Benzol;5;28.08.2016 09:00;0,396024;
Benzol;7;28.08.2016 09:00;0,247044;
Benzol;6;28.08.2016 09:00;0,242706;
Benzol;2;28.08.2016 09:00;0,157078;
Benzol;1;28.08.2016 09:00;0,0598942;
Benzol;8;28.08.2016 09:00;0,0550196;
Anilin;3;28.08.2016 09:00;1,89256;
Anilin;4;28.08.2016 09:00;1,31912;
Anilin;6;28.08.2016 09:00;0,574877;
Anilin;1;28.08.2016 09:00;0,424205;
Anilin;9;28.08.2016 09:00;0,399823;
Anilin;2;28.08.2016 09:00;0,287644;
Anilin;8;28.08.2016 09:00;0,218214;
Anilin;7;28.08.2016 09:00;0,21604;
Anilin;5;28.08.2016 09:00;0,120901;
Natriumchlorid;3;28.08.2016 10:00;2,11036;
Natriumchlorid;5;28.08.2016 10:00;1,18052;
Natriumchlorid;4;28.08.2016 10:00;0,949225;
Natriumchlorid;6;28.08.2016 10:00;0,501909;
Natriumchlorid;8;28.08.2016 10:00;0,488491;
Natriumchlorid;9;28.08.2016 10:00;0,376829;
Natriumchlorid;7;28.08.2016 10:00;0,270624;
Natriumchlorid;2;28.08.2016 10:00;0,135571;
Natriumchlorid;1;28.08.2016 10:00;0,035924;
Arsen;8;28.08.2016 10:00;1,84448;
Arsen;3;28.08.2016 10:00;0,836239;
Arsen;5;28.08.2016 10:00;0,784425;
Arsen;2;28.08.2016 10:00;0,694906;
Arsen;4;28.08.2016 10:00;0,686394;
Arsen;1;28.08.2016 10:00;0,547871;
Arsen;7;28.08.2016 10:00;0,527351;
Arsen;6;28.08.2016 10:00;0,337098;
Arsen;9;28.08.2016 10:00;0,304977;
Benzol;3;28.08.2016 10:00;3,33337;
Benzol;7;28.08.2016 10:00;1,50529;
Benzol;4;28.08.2016 10:00;1,33282;
Benzol;6;28.08.2016 10:00;0,573937;
Benzol;1;28.08.2016 10:00;0,276117;
Benzol;2;28.08.2016 10:00;0,273373;
Benzol;5;28.08.2016 10:00;0,24461;
Benzol;9;28.08.2016 10:00;0,184959;
Benzol;8;28.08.2016 10:00;0,0187489;
Anilin;4;28.08.2016 10:00;1,09296;
Anilin;8;28.08.2016 10:00;0,934057;
Anilin;3;28.08.2016 10:00;0,307473;
Anilin;7;28.08.2016 10:00;0,285741;
Anilin;2;28.08.2016 10:00;0,23178;
Anilin;1;28.08.2016 10:00;0,205394;
Anilin;6;28.08.2016 10:00;0,147853;
Anilin;9;28.08.2016 10:00;0,126354;
Anilin;5;28.08.2016 10:00;0,0184291;
Natriumchlorid;4;28.08.2016 11:00;1,40982;
Natriumchlorid;9;28.08.2016 11:00;0,770504;
Natriumchlorid;3;28.08.2016 11:00;0,722166;
Natriumchlorid;6;28.08.2016 11:00;0,645415;
Natriumchlorid;7;28.08.2016 11:00;0,471952;
Natriumchlorid;2;28.08.2016 11:00;0,420478;
Natriumchlorid;8;28.08.2016 11:00;0,378255;
Natriumchlorid;5;28.08.2016 11:00;0,293458;
Natriumchlorid;1;28.08.2016 11:00;0,099569;
Arsen;3;28.08.2016 11:00;3,18776;
Arsen;4;28.08.2016 11:00;1,18678;
Arsen;8;28.08.2016 11:00;0,976894;
Arsen;7;28.08.2016 11:00;0,911265;
Arsen;5;28.08.2016 11:00;0,550402;
Arsen;9;28.08.2016 11:00;0,502074;
Arsen;6;28.08.2016 11:00;0,493342;
Arsen;1;28.08.2016 11:00;0,327025;
Arsen;2;28.08.2016 11:00;0,298397;
Benzol;3;28.08.2016 11:00;1,82203;
Benzol;4;28.08.2016 11:00;1,31294;
Benzol;6;28.08.2016 11:00;0,607865;
Benzol;9;28.08.2016 11:00;0,420179;
Benzol;5;28.08.2016 11:00;0,246702;
Benzol;1;28.08.2016 11:00;0,232478;
Benzol;7;28.08.2016 11:00;0,13735;
Benzol;2;28.08.2016 11:00;0,1203;
Benzol;8;28.08.2016 11:00;0,102874;
Anilin;3;28.08.2016 11:00;1,72982;
Anilin;4;28.08.2016 11:00;1,05491;
Anilin;7;28.08.2016 11:00;0,811531;
Anilin;8;28.08.2016 11:00;0,458546;
Anilin;2;28.08.2016 11:00;0,454875;
Anilin;6;28.08.2016 11:00;0,272056;
Anilin;1;28.08.2016 11:00;0,201293;
Anilin;5;28.08.2016 11:00;0,0837303;
Anilin;9;28.08.2016 11:00;0,0188053;
Natriumchlorid;4;28.08.2016 12:00;0,870888;
Natriumchlorid;7;28.08.2016 12:00;0,614034;
Natriumchlorid;8;28.08.2016 12:00;0,516193;
Natriumchlorid;3;28.08.2016 12:00;0,509493;
Natriumchlorid;5;28.08.2016 12:00;0,470057;
Natriumchlorid;1;28.08.2016 12:00;0,26535;
Natriumchlorid;2;28.08.2016 12:00;0,186635;
Natriumchlorid;6;28.08.2016 12:00;0,176024;
Natriumchlorid;9;28.08.2016 12:00;0,122467;
Arsen;5;28.08.2016 12:00;1,3242;
Arsen;4;28.08.2016 12:00;1,20475;
Arsen;2;28.08.2016 12:00;0,858856;
Arsen;3;28.08.2016 12:00;0,80478;
Arsen;9;28.08.2016 12:00;0,585184;
Arsen;8;28.08.2016 12:00;0,423713;
Arsen;6;28.08.2016 12:00;0,14107;
Arsen;1;28.08.2016 12:00;0,115458;
Arsen;7;28.08.2016 12:00;0,0773594;
Benzol;4;28.08.2016 12:00;1,18279;
Benzol;3;28.08.2016 12:00;1,03197;
Benzol;9;28.08.2016 12:00;0,888245;
Benzol;2;28.08.2016 12:00;0,584007;
Benzol;1;28.08.2016 12:00;0,332635;
Benzol;8;28.08.2016 12:00;0,330606;
Benzol;6;28.08.2016 12:00;0,30693;
Benzol;7;28.08.2016 12:00;0,159146;
Benzol;5;28.08.2016 12:00;0,105192;
Anilin;7;28.08.2016 12:00;2,69025;
Anilin;3;28.08.2016 12:00;1,717;
Anilin;4;28.08.2016 12:00;1,20209;
Anilin;9;28.08.2016 12:00;0,82454;
Anilin;8;28.08.2016 12:00;0,605143;
Anilin;5;28.08.2016 12:00;0,490503;
Anilin;2;28.08.2016 12:00;0,411029;
Anilin;6;28.08.2016 12:00;0,249515;
Anilin;1;28.08.2016 12:00;0,13688;
Natriumchlorid;4;28.08.2016 13:00;1,25754;
Natriumchlorid;7;28.08.2016 13:00;0,783039;
Natriumchlorid;9;28.08.2016 13:00;0,701426;
Natriumchlorid;8;28.08.2016 13:00;0,678962;
Natriumchlorid;3;28.08.2016 13:00;0,622598;
Natriumchlorid;6;28.08.2016 13:00;0,382314;
Natriumchlorid;5;28.08.2016 13:00;0,311293;
Natriumchlorid;1;28.08.2016 13:00;0,279285;
Natriumchlorid;2;28.08.2016 13:00;0,13014;
Arsen;4;28.08.2016 13:00;1,11277;
Arsen;3;28.08.2016 13:00;0,848061;
Arsen;7;28.08.2016 13:00;0,565048;
Arsen;9;28.08.2016 13:00;0,379419;
Arsen;6;28.08.2016 13:00;0,325263;
Arsen;8;28.08.2016 13:00;0,247895;
Arsen;2;28.08.2016 13:00;0,244692;
Arsen;1;28.08.2016 13:00;0,20867;
Arsen;5;28.08.2016 13:00;0,0082278;
Benzol;4;28.08.2016 13:00;2,99473;
Benzol;9;28.08.2016 13:00;1,32077;
Benzol;3;28.08.2016 13:00;1,03937;
Benzol;6;28.08.2016 13:00;0,756225;
Benzol;2;28.08.2016 13:00;0,600943;
Benzol;1;28.08.2016 13:00;0,328809;
Benzol;5;28.08.2016 13:00;0,267479;
Benzol;7;28.08.2016 13:00;0,250134;
Benzol;8;28.08.2016 13:00;0,137208;
Anilin;3;28.08.2016 13:00;1,78255;
Anilin;4;28.08.2016 13:00;1,30177;
Anilin;5;28.08.2016 13:00;1,23118;
Anilin;7;28.08.2016 13:00;0,82981;
Anilin;2;28.08.2016 13:00;0,699121;
Anilin;8;28.08.2016 13:00;0,528861;
Anilin;6;28.08.2016 13:00;0,410845;
Anilin;9;28.08.2016 13:00;0,366118;
Anilin;1;28.08.2016 13:00;0,205287;
Natriumchlorid;9;28.08.2016 14:00;1,42824;
Natriumchlorid;4;28.08.2016 14:00;1,06213;
Natriumchlorid;2;28.08.2016 14:00;0,569933;
Natriumchlorid;6;28.08.2016 14:00;0,425119;
Natriumchlorid;1;28.08.2016 14:00;0,336665;
Natriumchlorid;5;28.08.2016 14:00;0,293844;
Natriumchlorid;8;28.08.2016 14:00;0,214066;
Natriumchlorid;7;28.08.2016 14:00;0,10739;
Natriumchlorid;3;28.08.2016 14:00;0,057627;
Arsen;3;28.08.2016 14:00;2,49242;
Arsen;9;28.08.2016 14:00;2,46845;
Arsen;7;28.08.2016 14:00;1,35435;
Arsen;4;28.08.2016 14:00;1,09745;
Arsen;5;28.08.2016 14:00;0,40887;
Arsen;6;28.08.2016 14:00;0,281855;
Arsen;2;28.08.2016 14:00;0,230675;
Arsen;8;28.08.2016 14:00;0,162387;
Arsen;1;28.08.2016 14:00;0,0679173;
Benzol;4;28.08.2016 14:00;3,63175;
Benzol;3;28.08.2016 14:00;2,16154;
Benzol;7;28.08.2016 14:00;1,08085;
Benzol;9;28.08.2016 14:00;0,794148;
Benzol;5;28.08.2016 14:00;0,621011;
Benzol;1;28.08.2016 14:00;0,455675;
Benzol;8;28.08.2016 14:00;0,402524;
Benzol;6;28.08.2016 14:00;0,333843;
Benzol;2;28.08.2016 14:00;0,162627;
Anilin;4;28.08.2016 14:00;1,09989;
Anilin;8;28.08.2016 14:00;1,06975;
Anilin;9;28.08.2016 14:00;0,803541;
Anilin;7;28.08.2016 14:00;0,65067;
Anilin;3;28.08.2016 14:00;0,598613;
Anilin;6;28.08.2016 14:00;0,465576;
Anilin;5;28.08.2016 14:00;0,369911;
Anilin;2;28.08.2016 14:00;0,329506;
Anilin;1;28.08.2016 14:00;0,204032;
Natriumchlorid;3;28.08.2016 15:00;2,62254;
Natriumchlorid;4;28.08.2016 15:00;1,22464;
Natriumchlorid;6;28.08.2016 15:00;0,479285;
Natriumchlorid;8;28.08.2016 15:00;0,398914;
Natriumchlorid;7;28.08.2016 15:00;0,25548;
Natriumchlorid;1;28.08.2016 15:00;0,235831;
Natriumchlorid;5;28.08.2016 15:00;0,213652;
Natriumchlorid;2;28.08.2016 15:00;0,10837;
Natriumchlorid;9;28.08.2016 15:00;0,0621848;
Arsen;4;28.08.2016 15:00;1,33201;
Arsen;7;28.08.2016 15:00;0,969512;
Arsen;5;28.08.2016 15:00;0,859147;
Arsen;9;28.08.2016 15:00;0,602607;
Arsen;8;28.08.2016 15:00;0,412471;
Arsen;6;28.08.2016 15:00;0,37133;
Arsen;1;28.08.2016 15:00;0,28154;
Arsen;3;28.08.2016 15:00;0,269571;
Arsen;2;28.08.2016 15:00;0,0506904;
Benzol;7;28.08.2016 15:00;1,97662;
Benzol;8;28.08.2016 15:00;1,30099;
Benzol;4;28.08.2016 15:00;0,963313;
Benzol;9;28.08.2016 15:00;0,865353;
Benzol;2;28.08.2016 15:00;0,791381;
Benzol;3;28.08.2016 15:00;0,782585;
Benzol;5;28.08.2016 15:00;0,46093;
Benzol;6;28.08.2016 15:00;0,21963;
Benzol;1;28.08.2016 15:00;0,0582862;
Anilin;3;28.08.2016 15:00;4,64694;
Anilin;4;28.08.2016 15:00;0,975616;
Anilin;9;28.08.2016 15:00;0,808126;
Anilin;5;28.08.2016 15:00;0,411356;
Anilin;7;28.08.2016 15:00;0,232545;
Anilin;1;28.08.2016 15:00;0,177023;
Anilin;2;28.08.2016 15:00;0,126825;
Anilin;8;28.08.2016 15:00;0,105788;
Anilin;6;28.08.2016 15:00;0,0116821;
Natriumchlorid;7;28.08.2016 16:00;1,08729;
Natriumchlorid;4;28.08.2016 16:00;1,00895;
Natriumchlorid;9;28.08.2016 16:00;0,605926;
Natriumchlorid;1;28.08.2016 16:00;0,601418;
Natriumchlorid;3;28.08.2016 16:00;0,581012;
Natriumchlorid;6;28.08.2016 16:00;0,47559;
Natriumchlorid;8;28.08.2016 16:00;0,262243;
Natriumchlorid;2;28.08.2016 16:00;0,210565;
Natriumchlorid;5;28.08.2016 16:00;0,0197692;
Arsen;3;28.08.2016 16:00;1,55751;
Arsen;4;28.08.2016 16:00;1,00244;
Arsen;9;28.08.2016 16:00;0,705981;
Arsen;6;28.08.2016 16:00;0,57822;
Arsen;8;28.08.2016 16:00;0,459691;
Arsen;2;28.08.2016 16:00;0,435926;
Arsen;5;28.08.2016 16:00;0,233487;
Arsen;7;28.08.2016 16:00;0,118967;
Arsen;1;28.08.2016 16:00;0,0807052;
Benzol;9;28.08.2016 16:00;0,883744;
Benzol;4;28.08.2016 16:00;0,846171;
Benzol;3;28.08.2016 16:00;0,558026;
Benzol;2;28.08.2016 16:00;0,317013;
Benzol;6;28.08.2016 16:00;0,293447;
Benzol;7;28.08.2016 16:00;0,204596;
Benzol;5;28.08.2016 16:00;0,148389;
Benzol;8;28.08.2016 16:00;0,0653903;
Benzol;1;28.08.2016 16:00;0,00159146;
Anilin;9;28.08.2016 16:00;1,01913;
Anilin;4;28.08.2016 16:00;0,705126;
Anilin;3;28.08.2016 16:00;0,642533;
Anilin;7;28.08.2016 16:00;0,364485;
Anilin;6;28.08.2016 16:00;0,219929;
Anilin;1;28.08.2016 16:00;0,211198;
Anilin;8;28.08.2016 16:00;0,111713;
Anilin;5;28.08.2016 16:00;0,0281193;
Anilin;2;28.08.2016 16:00;0,00857078;
Natriumchlorid;3;28.08.2016 17:00;1,93372;
Natriumchlorid;5;28.08.2016 17:00;1,55575;
Natriumchlorid;4;28.08.2016 17:00;1,27019;
Natriumchlorid;9;28.08.2016 17:00;0,964538;
Natriumchlorid;1;28.08.2016 17:00;0,388087;
Natriumchlorid;7;28.08.2016 17:00;0,36293;
Natriumchlorid;6;28.08.2016 17:00;0,198413;
Natriumchlorid;8;28.08.2016 17:00;0,161703;
Natriumchlorid;2;28.08.2016 17:00;0,138886;
Arsen;3;28.08.2016 17:00;1,41269;
Arsen;4;28.08.2016 17:00;1,24076;
Arsen;6;28.08.2016 17:00;0,656753;
Arsen;1;28.08.2016 17:00;0,485365;
Arsen;5;28.08.2016 17:00;0,393572;
Arsen;2;28.08.2016 17:00;0,390651;
Arsen;7;28.08.2016 17:00;0,366754;
Arsen;9;28.08.2016 17:00;0,158865;
Arsen;8;28.08.2016 17:00;0,00414125;
Benzol;4;28.08.2016 17:00;1,29713;
Benzol;3;28.08.2016 17:00;1,02808;
Benzol;5;28.08.2016 17:00;0,899271;
Benzol;9;28.08.2016 17:00;0,547583;
Benzol;8;28.08.2016 17:00;0,492698;
Benzol;6;28.08.2016 17:00;0,398753;
Benzol;2;28.08.2016 17:00;0,389693;
Benzol;1;28.08.2016 17:00;0,2372;
Benzol;7;28.08.2016 17:00;0,0202591;
Anilin;4;28.08.2016 17:00;1,17543;
Anilin;2;28.08.2016 17:00;0,74062;
Anilin;9;28.08.2016 17:00;0,739043;
Anilin;7;28.08.2016 17:00;0,409018;
Anilin;5;28.08.2016 17:00;0,305516;
Anilin;6;28.08.2016 17:00;0,283581;
Anilin;8;28.08.2016 17:00;0,207976;
Anilin;1;28.08.2016 17:00;0,146929;
Anilin;3;28.08.2016 17:00;0,13156;
Natriumchlorid;4;28.08.2016 18:00;1,36262;
Natriumchlorid;3;28.08.2016 18:00;1,32996;
Natriumchlorid;5;28.08.2016 18:00;1,01382;
Natriumchlorid;7;28.08.2016 18:00;0,95509;
Natriumchlorid;8;28.08.2016 18:00;0,69411;
Natriumchlorid;2;28.08.2016 18:00;0,515172;
Natriumchlorid;6;28.08.2016 18:00;0,417641;
Natriumchlorid;1;28.08.2016 18:00;0,109006;
Natriumchlorid;9;28.08.2016 18:00;0,0713055;
Arsen;4;28.08.2016 18:00;1,51221;
Arsen;9;28.08.2016 18:00;1,4144;
Arsen;8;28.08.2016 18:00;0,879152;
Arsen;7;28.08.2016 18:00;0,459865;
Arsen;2;28.08.2016 18:00;0,408501;
Arsen;6;28.08.2016 18:00;0,391988;
Arsen;1;28.08.2016 18:00;0,311756;
Arsen;3;28.08.2016 18:00;0,299151;
Arsen;5;28.08.2016 18:00;0,136957;
Benzol;3;28.08.2016 18:00;1,50381;
Benzol;4;28.08.2016 18:00;0,928555;
Benzol;5;28.08.2016 18:00;0,572651;
Benzol;9;28.08.2016 18:00;0,488552;
Benzol;8;28.08.2016 18:00;0,458422;
Benzol;6;28.08.2016 18:00;0,363733;
Benzol;1;28.08.2016 18:00;0,177269;
Benzol;2;28.08.2016 18:00;0,124864;
Benzol;7;28.08.2016 18:00;0,0348032;
Anilin;4;28.08.2016 18:00;1,43733;
Anilin;5;28.08.2016 18:00;1,32079;
Anilin;3;28.08.2016 18:00;1,13849;
Anilin;6;28.08.2016 18:00;0,696011;
Anilin;2;28.08.2016 18:00;0,650194;
Anilin;8;28.08.2016 18:00;0,539186;
Anilin;1;28.08.2016 18:00;0,31913;
Anilin;9;28.08.2016 18:00;0,0910127;
Anilin;7;28.08.2016 18:00;0,0777639;
Natriumchlorid;7;28.08.2016 19:00;1,56046;
Natriumchlorid;3;28.08.2016 19:00;1,52707;
Natriumchlorid;4;28.08.2016 19:00;1,32202;
Natriumchlorid;2;28.08.2016 19:00;0,989958;
Natriumchlorid;6;28.08.2016 19:00;0,568006;
Natriumchlorid;9;28.08.2016 19:00;0,263159;
Natriumchlorid;1;28.08.2016 19:00;0,0855151;
Natriumchlorid;8;28.08.2016 19:00;0,0561816;
Natriumchlorid;5;28.08.2016 19:00;0,0509324;
Arsen;4;28.08.2016 19:00;1,13469;
Arsen;5;28.08.2016 19:00;1,07006;
Arsen;8;28.08.2016 19:00;0,951498;
Arsen;9;28.08.2016 19:00;0,909132;
Arsen;2;28.08.2016 19:00;0,730497;
Arsen;6;28.08.2016 19:00;0,360556;
Arsen;1;28.08.2016 19:00;0,156491;
Arsen;3;28.08.2016 19:00;0,0568176;
Arsen;7;28.08.2016 19:00;0,0190933;
Benzol;4;28.08.2016 19:00;1,37748;
Benzol;8;28.08.2016 19:00;1,06666;
Benzol;3;28.08.2016 19:00;0,593567;
Benzol;9;28.08.2016 19:00;0,345674;
Benzol;6;28.08.2016 19:00;0,289672;
Benzol;5;28.08.2016 19:00;0,200704;
Benzol;1;28.08.2016 19:00;0,130244;
Benzol;7;28.08.2016 19:00;0,0372297;
Benzol;2;28.08.2016 19:00;0,0102552;
Anilin;3;28.08.2016 19:00;1,18608;
Anilin;4;28.08.2016 19:00;0,786038;
Anilin;9;28.08.2016 19:00;0,580458;
Anilin;6;28.08.2016 19:00;0,509172;
Anilin;8;28.08.2016 19:00;0,46809;
Anilin;1;28.08.2016 19:00;0,302868;
Anilin;5;28.08.2016 19:00;0,186317;
Anilin;2;28.08.2016 19:00;0,0687116;
Anilin;7;28.08.2016 19:00;0,0457085;
Natriumchlorid;9;28.08.2016 20:00;1,30916;
Natriumchlorid;3;28.08.2016 20:00;1,04007;
Natriumchlorid;4;28.08.2016 20:00;1,02264;
Natriumchlorid;7;28.08.2016 20:00;0,800667;
Natriumchlorid;6;28.08.2016 20:00;0,229982;
Natriumchlorid;1;28.08.2016 20:00;0,154961;
Natriumchlorid;2;28.08.2016 20:00;0,148312;
Natriumchlorid;8;28.08.2016 20:00;0,130521;
Natriumchlorid;5;28.08.2016 20:00;0,119034;
Arsen;4;28.08.2016 20:00;1,12987;
Arsen;3;28.08.2016 20:00;1,06609;
Arsen;2;28.08.2016 20:00;0,715534;
Arsen;8;28.08.2016 20:00;0,48158;
Arsen;6;28.08.2016 20:00;0,437761;
Arsen;1;28.08.2016 20:00;0,394517;
Arsen;7;28.08.2016 20:00;0,216468;
Arsen;9;28.08.2016 20:00;0,133553;
Arsen;5;28.08.2016 20:00;0,128276;
Benzol;3;28.08.2016 20:00;1,70743;
Benzol;4;28.08.2016 20:00;1,22965;
Benzol;5;28.08.2016 20:00;0,944264;
Benzol;1;28.08.2016 20:00;0,544382;
Benzol;8;28.08.2016 20:00;0,495907;
Benzol;9;28.08.2016 20:00;0,464561;
Benzol;6;28.08.2016 20:00;0,224449;
Benzol;7;28.08.2016 20:00;0,0581842;
Benzol;2;28.08.2016 20:00;0,0057368;
Anilin;4;28.08.2016 20:00;1,42077;
Anilin;3;28.08.2016 20:00;1,27196;
Anilin;5;28.08.2016 20:00;0,98019;
Anilin;9;28.08.2016 20:00;0,776375;
Anilin;8;28.08.2016 20:00;0,764106;
Anilin;6;28.08.2016 20:00;0,52397;
Anilin;2;28.08.2016 20:00;0,324485;
Anilin;1;28.08.2016 20:00;0,262468;
Anilin;7;28.08.2016 20:00;0,16614;
Natriumchlorid;4;28.08.2016 21:00;1,14735;
Natriumchlorid;9;28.08.2016 21:00;1,00064;
Natriumchlorid;3;28.08.2016 21:00;0,944424;
Natriumchlorid;8;28.08.2016 21:00;0,758245;
Natriumchlorid;7;28.08.2016 21:00;0,433093;
Natriumchlorid;6;28.08.2016 21:00;0,428593;
Natriumchlorid;5;28.08.2016 21:00;0,28222;
Natriumchlorid;2;28.08.2016 21:00;0,179184;
Natriumchlorid;1;28.08.2016 21:00;0,101301;
Arsen;4;28.08.2016 21:00;1,17113;
Arsen;9;28.08.2016 21:00;0,705562;
Arsen;3;28.08.2016 21:00;0,57865;
Arsen;6;28.08.2016 21:00;0,341584;
Arsen;5;28.08.2016 21:00;0,29255;
Arsen;1;28.08.2016 21:00;0,11801;
Arsen;8;28.08.2016 21:00;0,0675649;
Arsen;2;28.08.2016 21:00;0,0542001;
Arsen;7;28.08.2016 21:00;0,0209517;
Benzol;4;28.08.2016 21:00;1,45732;
Benzol;9;28.08.2016 21:00;0,539677;
Benzol;8;28.08.2016 21:00;0,454713;
Benzol;6;28.08.2016 21:00;0,413727;
Benzol;7;28.08.2016 21:00;0,28903;
Benzol;2;28.08.2016 21:00;0,205891;
Benzol;1;28.08.2016 21:00;0,181118;
Benzol;5;28.08.2016 21:00;0,14915;
Benzol;3;28.08.2016 21:00;0,13694;
Anilin;7;28.08.2016 21:00;2,02502;
Anilin;3;28.08.2016 21:00;1,71955;
Anilin;4;28.08.2016 21:00;1,37255;
Anilin;8;28.08.2016 21:00;1,28297;
Anilin;9;28.08.2016 21:00;0,744255;
Anilin;1;28.08.2016 21:00;0,523042;
Anilin;2;28.08.2016 21:00;0,225675;
Anilin;6;28.08.2016 21:00;0,166066;
Anilin;5;28.08.2016 21:00;0,0706474;
Natriumchlorid;3;28.08.2016 22:00;1,44796;
Natriumchlorid;4;28.08.2016 22:00;0,799956;
Natriumchlorid;8;28.08.2016 22:00;0,588256;
Natriumchlorid;7;28.08.2016 22:00;0,578322;
Natriumchlorid;2;28.08.2016 22:00;0,569933;
Natriumchlorid;9;28.08.2016 22:00;0,551052;
Natriumchlorid;1;28.08.2016 22:00;0,373491;
Natriumchlorid;5;28.08.2016 22:00;0,219904;
Natriumchlorid;6;28.08.2016 22:00;0,109283;
Arsen;3;28.08.2016 22:00;1,90886;
Arsen;4;28.08.2016 22:00;0,987589;
Arsen;8;28.08.2016 22:00;0,470761;
Arsen;5;28.08.2016 22:00;0,254734;
Arsen;2;28.08.2016 22:00;0,249066;
Arsen;7;28.08.2016 22:00;0,229205;
Arsen;6;28.08.2016 22:00;0,17895;
Arsen;9;28.08.2016 22:00;0,148968;
Arsen;1;28.08.2016 22:00;0,0351304;
Benzol;4;28.08.2016 22:00;1,11582;
Benzol;2;28.08.2016 22:00;0,917744;
Benzol;9;28.08.2016 22:00;0,621702;
Benzol;8;28.08.2016 22:00;0,552562;
Benzol;3;28.08.2016 22:00;0,42743;
Benzol;7;28.08.2016 22:00;0,424787;
Benzol;6;28.08.2016 22:00;0,32184;
Benzol;5;28.08.2016 22:00;0,126622;
Benzol;1;28.08.2016 22:00;0,0578377;
Anilin;9;28.08.2016 22:00;1,53298;
Anilin;4;28.08.2016 22:00;1,25659;
Anilin;3;28.08.2016 22:00;0,653831;
Anilin;8;28.08.2016 22:00;0,586616;
Anilin;7;28.08.2016 22:00;0,55631;
Anilin;6;28.08.2016 22:00;0,432308;
Anilin;2;28.08.2016 22:00;0,305448;
Anilin;1;28.08.2016 22:00;0,244151;
Anilin;5;28.08.2016 22:00;0,0573958;
Natriumchlorid;7;28.08.2016 23:00;0,978;
Natriumchlorid;4;28.08.2016 23:00;0,96632;
Natriumchlorid;8;28.08.2016 23:00;0,70603;
Natriumchlorid;5;28.08.2016 23:00;0,542035;
Natriumchlorid;6;28.08.2016 23:00;0,502048;
Natriumchlorid;3;28.08.2016 23:00;0,429565;
Natriumchlorid;1;28.08.2016 23:00;0,38136;
Natriumchlorid;9;28.08.2016 23:00;0,241227;
Natriumchlorid;2;28.08.2016 23:00;0,236172;
Arsen;7;28.08.2016 23:00;3,01971;
Arsen;3;28.08.2016 23:00;1,66435;
Arsen;4;28.08.2016 23:00;0,799885;
Arsen;9;28.08.2016 23:00;0,560319;
Arsen;1;28.08.2016 23:00;0,478023;
Arsen;6;28.08.2016 23:00;0,3579;
Arsen;8;28.08.2016 23:00;0,339164;
Arsen;5;28.08.2016 23:00;0,238566;
Arsen;2;28.08.2016 23:00;0,177652;
Benzol;4;28.08.2016 23:00;1,21181;
Benzol;3;28.08.2016 23:00;0,605964;
Benzol;8;28.08.2016 23:00;0,39261;
Benzol;9;28.08.2016 23:00;0,189374;
Benzol;2;28.08.2016 23:00;0,188478;
Benzol;7;28.08.2016 23:00;0,156644;
Benzol;5;28.08.2016 23:00;0,0880919;
Benzol;6;28.08.2016 23:00;0,0735278;
Benzol;1;28.08.2016 23:00;0,0525885;
Anilin;8;28.08.2016 23:00;1,45484;
Anilin;4;28.08.2016 23:00;1,30989;
Anilin;7;28.08.2016 23:00;1,13096;
Anilin;3;28.08.2016 23:00;0,765681;
Anilin;6;28.08.2016 23:00;0,585178;
Anilin;1;28.08.2016 23:00;0,24451;
Anilin;2;28.08.2016 23:00;0,0430643;
Anilin;5;28.08.2016 23:00;0,037418;
Anilin;9;28.08.2016 23:00;0,023718;
Natriumchlorid;3;29.08.2016 00:00;2,6395;
Natriumchlorid;4;29.08.2016 00:00;1,358;
Natriumchlorid;9;29.08.2016 00:00;0,928212;
Natriumchlorid;2;29.08.2016 00:00;0,8082;
Natriumchlorid;8;29.08.2016 00:00;0,574386;
Natriumchlorid;6;29.08.2016 00:00;0,541832;
Natriumchlorid;1;29.08.2016 00:00;0,257905;
Natriumchlorid;7;29.08.2016 00:00;0,208469;
Natriumchlorid;5;29.08.2016 00:00;0,0326706;
Arsen;4;29.08.2016 00:00;1,19596;
Arsen;3;29.08.2016 00:00;1,09746;
Arsen;6;29.08.2016 00:00;0,609606;
Arsen;9;29.08.2016 00:00;0,42421;
Arsen;7;29.08.2016 00:00;0,174651;
Arsen;8;29.08.2016 00:00;0,123501;
Arsen;2;29.08.2016 00:00;0,106933;
Arsen;1;29.08.2016 00:00;0,0244351;
Arsen;5;29.08.2016 00:00;0,0114803;
Benzol;3;29.08.2016 00:00;4,08969;
Benzol;4;29.08.2016 00:00;1,00546;
Benzol;8;29.08.2016 00:00;0,636213;
Benzol;9;29.08.2016 00:00;0,558274;
Benzol;2;29.08.2016 00:00;0,554533;
Benzol;7;29.08.2016 00:00;0,463691;
Benzol;5;29.08.2016 00:00;0,385745;
Benzol;6;29.08.2016 00:00;0,332549;
Benzol;1;29.08.2016 00:00;0,0258172;
Anilin;3;29.08.2016 00:00;2,10835;
Anilin;4;29.08.2016 00:00;1,02155;
Anilin;5;29.08.2016 00:00;0,676833;
Anilin;1;29.08.2016 00:00;0,558184;
Anilin;8;29.08.2016 00:00;0,535227;
Anilin;9;29.08.2016 00:00;0,395275;
Anilin;6;29.08.2016 00:00;0,360774;
Anilin;7;29.08.2016 00:00;0,157752;
Anilin;2;29.08.2016 00:00;0,0481285;
Natriumchlorid;4;29.08.2016 01:00;0,951391;
Natriumchlorid;3;29.08.2016 01:00;0,939069;
Natriumchlorid;5;29.08.2016 01:00;0,666104;
Natriumchlorid;1;29.08.2016 01:00;0,473549;
Natriumchlorid;8;29.08.2016 01:00;0,30488;
Natriumchlorid;7;29.08.2016 01:00;0,157405;
Natriumchlorid;2;29.08.2016 01:00;0,107672;
Natriumchlorid;9;29.08.2016 01:00;0,0994022;
Natriumchlorid;6;29.08.2016 01:00;0,0551451;
Arsen;4;29.08.2016 01:00;1,14211;
Arsen;3;29.08.2016 01:00;1,03812;
Arsen;5;29.08.2016 01:00;0,964457;
Arsen;6;29.08.2016 01:00;0,441819;
Arsen;9;29.08.2016 01:00;0,374848;
Arsen;8;29.08.2016 01:00;0,343371;
Arsen;7;29.08.2016 01:00;0,210898;
Arsen;1;29.08.2016 01:00;0,139089;
Arsen;2;29.08.2016 01:00;0,0713001;
Benzol;4;29.08.2016 01:00;0,872899;
Benzol;8;29.08.2016 01:00;0,697609;
Benzol;3;29.08.2016 01:00;0,483564;
Benzol;9;29.08.2016 01:00;0,472015;
Benzol;5;29.08.2016 01:00;0,270079;
Benzol;2;29.08.2016 01:00;0,164535;
Benzol;7;29.08.2016 01:00;0,116595;
Benzol;6;29.08.2016 01:00;0,0598696;
Benzol;1;29.08.2016 01:00;0,0176686;
Anilin;4;29.08.2016 01:00;0,942135;
Anilin;5;29.08.2016 01:00;0,356756;
Anilin;8;29.08.2016 01:00;0,313076;
Anilin;6;29.08.2016 01:00;0,30892;
Anilin;2;29.08.2016 01:00;0,260712;
Anilin;3;29.08.2016 01:00;0,167139;
Anilin;1;29.08.2016 01:00;0,0424141;
Anilin;9;29.08.2016 01:00;0,0281524;
Anilin;7;29.08.2016 01:00;0,0122057;
Natriumchlorid;3;29.08.2016 02:00;1,01085;
Natriumchlorid;9;29.08.2016 02:00;0,993439;
Natriumchlorid;4;29.08.2016 02:00;0,935401;
Natriumchlorid;5;29.08.2016 02:00;0,64596;
Natriumchlorid;6;29.08.2016 02:00;0,610775;
Natriumchlorid;7;29.08.2016 02:00;0,428296;
Natriumchlorid;2;29.08.2016 02:00;0,319773;
Natriumchlorid;8;29.08.2016 02:00;0,145687;
Natriumchlorid;1;29.08.2016 02:00;0,0354954;
Arsen;4;29.08.2016 02:00;1,28744;
Arsen;8;29.08.2016 02:00;0,985245;
Arsen;7;29.08.2016 02:00;0,885619;
Arsen;5;29.08.2016 02:00;0,496158;
Arsen;6;29.08.2016 02:00;0,432292;
Arsen;3;29.08.2016 02:00;0,415869;
Arsen;2;29.08.2016 02:00;0,267003;
Arsen;9;29.08.2016 02:00;0,263805;
Arsen;1;29.08.2016 02:00;0,065222;
Benzol;3;29.08.2016 02:00;2,20579;
Benzol;7;29.08.2016 02:00;2,03893;
Benzol;4;29.08.2016 02:00;0,94963;
Benzol;6;29.08.2016 02:00;0,663053;
Benzol;1;29.08.2016 02:00;0,297991;
Benzol;5;29.08.2016 02:00;0,234321;
Benzol;9;29.08.2016 02:00;0,137148;
Benzol;2;29.08.2016 02:00;0,0941425;
Benzol;8;29.08.2016 02:00;0,0359402;
Anilin;3;29.08.2016 02:00;1,70647;
Anilin;7;29.08.2016 02:00;1,37177;
Anilin;4;29.08.2016 02:00;1,25128;
Anilin;9;29.08.2016 02:00;1,14425;
Anilin;6;29.08.2016 02:00;0,615117;
Anilin;8;29.08.2016 02:00;0,417738;
Anilin;1;29.08.2016 02:00;0,0998812;
Anilin;5;29.08.2016 02:00;0,0710391;
Anilin;2;29.08.2016 02:00;0,050318;
Natriumchlorid;4;29.08.2016 03:00;1,43984;
Natriumchlorid;5;29.08.2016 03:00;0,955962;
Natriumchlorid;2;29.08.2016 03:00;0,79129;
Natriumchlorid;3;29.08.2016 03:00;0,469042;
Natriumchlorid;6;29.08.2016 03:00;0,340466;
Natriumchlorid;7;29.08.2016 03:00;0,337608;
Natriumchlorid;9;29.08.2016 03:00;0,0872311;
Natriumchlorid;8;29.08.2016 03:00;0,0342231;
Natriumchlorid;1;29.08.2016 03:00;0,0292565;
Arsen;3;29.08.2016 03:00;1,57238;
Arsen;4;29.08.2016 03:00;1,50183;
Arsen;5;29.08.2016 03:00;0,923762;
Arsen;8;29.08.2016 03:00;0,740387;
Arsen;9;29.08.2016 03:00;0,662991;
Arsen;2;29.08.2016 03:00;0,27101;
Arsen;7;29.08.2016 03:00;0,251283;
Arsen;6;29.08.2016 03:00;0,236288;
Arsen;1;29.08.2016 03:00;0,0233755;
Benzol;3;29.08.2016 03:00;1,62692;
Benzol;4;29.08.2016 03:00;1,10569;
Benzol;2;29.08.2016 03:00;0,656064;
Benzol;8;29.08.2016 03:00;0,647384;
Benzol;5;29.08.2016 03:00;0,433559;
Benzol;6;29.08.2016 03:00;0,354327;
Benzol;7;29.08.2016 03:00;0,220697;
Benzol;1;29.08.2016 03:00;0,188772;
Benzol;9;29.08.2016 03:00;0,0238162;
Anilin;4;29.08.2016 03:00;1,22112;
Anilin;9;29.08.2016 03:00;0,703559;
Anilin;6;29.08.2016 03:00;0,502781;
Anilin;5;29.08.2016 03:00;0,281074;
Anilin;7;29.08.2016 03:00;0,270266;
Anilin;1;29.08.2016 03:00;0,265059;
Anilin;3;29.08.2016 03:00;0,132224;
Anilin;2;29.08.2016 03:00;0,122795;
Anilin;8;29.08.2016 03:00;0,0273837;
Natriumchlorid;4;29.08.2016 04:00;1,5528;
Natriumchlorid;5;29.08.2016 04:00;1,22839;
Natriumchlorid;3;29.08.2016 04:00;1,1643;
Natriumchlorid;8;29.08.2016 04:00;0,718563;
Natriumchlorid;9;29.08.2016 04:00;0,654954;
Natriumchlorid;6;29.08.2016 04:00;0,651303;
Natriumchlorid;2;29.08.2016 04:00;0,218596;
Natriumchlorid;1;29.08.2016 04:00;0,0256608;
Natriumchlorid;7;29.08.2016 04:00;0,0109077;
Arsen;4;29.08.2016 04:00;0,909576;
Arsen;8;29.08.2016 04:00;0,620763;
Arsen;9;29.08.2016 04:00;0,604046;
Arsen;5;29.08.2016 04:00;0,360343;
Arsen;6;29.08.2016 04:00;0,337709;
Arsen;3;29.08.2016 04:00;0,328327;
Arsen;2;29.08.2016 04:00;0,248698;
Arsen;7;29.08.2016 04:00;0,0595174;
Arsen;1;29.08.2016 04:00;0,0564708;
Benzol;4;29.08.2016 04:00;0,906426;
Benzol;7;29.08.2016 04:00;0,883286;
Benzol;5;29.08.2016 04:00;0,70923;
Benzol;9;29.08.2016 04:00;0,49532;
Benzol;2;29.08.2016 04:00;0,394018;
Benzol;6;29.08.2016 04:00;0,359572;
Benzol;8;29.08.2016 04:00;0,316238;
Benzol;3;29.08.2016 04:00;0,152869;
Benzol;1;29.08.2016 04:00;0,122031;
Anilin;3;29.08.2016 04:00;1,70418;
Anilin;4;29.08.2016 04:00;1,31386;
Anilin;5;29.08.2016 04:00;0,437418;
Anilin;2;29.08.2016 04:00;0,344536;
Anilin;1;29.08.2016 04:00;0,339033;
Anilin;6;29.08.2016 04:00;0,186594;
Anilin;9;29.08.2016 04:00;0,149365;
Anilin;7;29.08.2016 04:00;0,111331;
Anilin;8;29.08.2016 04:00;0,0339081;
Natriumchlorid;3;29.08.2016 05:00;2,31718;
Natriumchlorid;4;29.08.2016 05:00;1,17344;
Natriumchlorid;9;29.08.2016 05:00;1,14936;
Natriumchlorid;6;29.08.2016 05:00;0,799039;
Natriumchlorid;5;29.08.2016 05:00;0,637389;
Natriumchlorid;7;29.08.2016 05:00;0,413563;
Natriumchlorid;1;29.08.2016 05:00;0,28081;
Natriumchlorid;2;29.08.2016 05:00;0,155678;
Natriumchlorid;8;29.08.2016 05:00;0,0468657;
Arsen;3;29.08.2016 05:00;2,99174;
Arsen;4;29.08.2016 05:00;1,45578;
Arsen;2;29.08.2016 05:00;0,58;
Arsen;9;29.08.2016 05:00;0,418965;
Arsen;5;29.08.2016 05:00;0,351628;
Arsen;6;29.08.2016 05:00;0,300037;
Arsen;1;29.08.2016 05:00;0,247828;
Arsen;7;29.08.2016 05:00;0,223101;
Arsen;8;29.08.2016 05:00;0,117224;
Benzol;3;29.08.2016 05:00;1,82295;
Benzol;9;29.08.2016 05:00;0,999746;
Benzol;4;29.08.2016 05:00;0,966763;
Benzol;5;29.08.2016 05:00;0,67353;
Benzol;6;29.08.2016 05:00;0,556711;
Benzol;8;29.08.2016 05:00;0,502534;
Benzol;7;29.08.2016 05:00;0,359363;
Benzol;1;29.08.2016 05:00;0,193697;
Benzol;2;29.08.2016 05:00;0,152092;
Anilin;7;29.08.2016 05:00;1,52726;
Anilin;4;29.08.2016 05:00;1,21522;
Anilin;3;29.08.2016 05:00;0,827452;
Anilin;9;29.08.2016 05:00;0,662883;
Anilin;8;29.08.2016 05:00;0,587743;
Anilin;6;29.08.2016 05:00;0,41993;
Anilin;5;29.08.2016 05:00;0,283256;
Anilin;1;29.08.2016 05:00;0,201691;
Anilin;2;29.08.2016 05:00;0,104061;
Natriumchlorid;9;29.08.2016 06:00;1,2557;
Natriumchlorid;3;29.08.2016 06:00;0,825543;
Natriumchlorid;8;29.08.2016 06:00;0,734144;
Natriumchlorid;4;29.08.2016 06:00;0,50599;
Natriumchlorid;6;29.08.2016 06:00;0,380393;
Natriumchlorid;1;29.08.2016 06:00;0,346714;
Natriumchlorid;5;29.08.2016 06:00;0,32385;
Natriumchlorid;2;29.08.2016 06:00;0,200084;
Natriumchlorid;7;29.08.2016 06:00;0,0294625;
Arsen;7;29.08.2016 06:00;1,29676;
Arsen;4;29.08.2016 06:00;1,14436;
Arsen;3;29.08.2016 06:00;0,807936;
Arsen;8;29.08.2016 06:00;0,409808;
Arsen;9;29.08.2016 06:00;0,382373;
Arsen;6;29.08.2016 06:00;0,364868;
Arsen;5;29.08.2016 06:00;0,36257;
Arsen;1;29.08.2016 06:00;0,267338;
Arsen;2;29.08.2016 06:00;0,0110598;
Benzol;3;29.08.2016 06:00;2,85164;
Benzol;4;29.08.2016 06:00;1,11606;
Benzol;6;29.08.2016 06:00;0,66834;
Benzol;7;29.08.2016 06:00;0,361895;
Benzol;9;29.08.2016 06:00;0,305862;
Benzol;8;29.08.2016 06:00;0,172363;
Benzol;2;29.08.2016 06:00;0,120163;
Benzol;1;29.08.2016 06:00;0,0812898;
Benzol;5;29.08.2016 06:00;0,0677429;
Anilin;9;29.08.2016 06:00;1,49278;
Anilin;4;29.08.2016 06:00;0,97613;
Anilin;7;29.08.2016 06:00;0,738597;
Anilin;2;29.08.2016 06:00;0,65037;
Anilin;8;29.08.2016 06:00;0,321642;
Anilin;3;29.08.2016 06:00;0,294546;
Anilin;1;29.08.2016 06:00;0,203282;
Anilin;5;29.08.2016 06:00;0,0812567;
Anilin;6;29.08.2016 06:00;0,0605648;
Natriumchlorid;7;29.08.2016 07:00;2,10857;
Natriumchlorid;4;29.08.2016 07:00;0,975459;
Natriumchlorid;5;29.08.2016 07:00;0,685824;
Natriumchlorid;2;29.08.2016 07:00;0,592833;
Natriumchlorid;8;29.08.2016 07:00;0,449745;
Natriumchlorid;9;29.08.2016 07:00;0,307914;
Natriumchlorid;6;29.08.2016 07:00;0,234894;
Natriumchlorid;3;29.08.2016 07:00;0,161981;
Natriumchlorid;1;29.08.2016 07:00;0,0446169;
Arsen;3;29.08.2016 07:00;1,46759;
Arsen;4;29.08.2016 07:00;1,25659;
Arsen;9;29.08.2016 07:00;0,495268;
Arsen;6;29.08.2016 07:00;0,490249;
Arsen;5;29.08.2016 07:00;0,360553;
Arsen;2;29.08.2016 07:00;0,31779;
Arsen;7;29.08.2016 07:00;0,30843;
Arsen;1;29.08.2016 07:00;0,300865;
Arsen;8;29.08.2016 07:00;0,149608;
Benzol;3;29.08.2016 07:00;2,16627;
Benzol;9;29.08.2016 07:00;1,11025;
Benzol;6;29.08.2016 07:00;1,02946;
Benzol;4;29.08.2016 07:00;0,906875;
Benzol;7;29.08.2016 07:00;0,42531;
Benzol;1;29.08.2016 07:00;0,192187;
Benzol;2;29.08.2016 07:00;0,0667481;
Benzol;8;29.08.2016 07:00;0,0175911;
Benzol;5;29.08.2016 07:00;0,0138891;
Anilin;3;29.08.2016 07:00;2,0112;
Anilin;9;29.08.2016 07:00;1,0182;
Anilin;4;29.08.2016 07:00;0,93654;
Anilin;8;29.08.2016 07:00;0,688763;
Anilin;5;29.08.2016 07:00;0,617939;
Anilin;6;29.08.2016 07:00;0,442476;
Anilin;1;29.08.2016 07:00;0,388754;
Anilin;7;29.08.2016 07:00;0,274747;
Anilin;2;29.08.2016 07:00;0,0863062;
Natriumchlorid;4;29.08.2016 08:00;1,15391;
Natriumchlorid;9;29.08.2016 08:00;0,929567;
Natriumchlorid;3;29.08.2016 08:00;0,658026;
Natriumchlorid;6;29.08.2016 08:00;0,331057;
Natriumchlorid;2;29.08.2016 08:00;0,250392;
Natriumchlorid;7;29.08.2016 08:00;0,164762;
Natriumchlorid;1;29.08.2016 08:00;0,103877;
Natriumchlorid;8;29.08.2016 08:00;0,0108681;
Natriumchlorid;5;29.08.2016 08:00;0,00692537;
Arsen;4;29.08.2016 08:00;1,35312;
Arsen;7;29.08.2016 08:00;0,633471;
Arsen;8;29.08.2016 08:00;0,484951;
Arsen;3;29.08.2016 08:00;0,391581;
Arsen;1;29.08.2016 08:00;0,37092;
Arsen;6;29.08.2016 08:00;0,274711;
Arsen;9;29.08.2016 08:00;0,267868;
Arsen;2;29.08.2016 08:00;0,170552;
Arsen;5;29.08.2016 08:00;0,0566451;
Benzol;3;29.08.2016 08:00;1,48738;
Benzol;4;29.08.2016 08:00;1,21367;
Benzol;7;29.08.2016 08:00;0,808851;
Benzol;5;29.08.2016 08:00;0,760912;
Benzol;1;29.08.2016 08:00;0,684655;
Benzol;9;29.08.2016 08:00;0,607103;
Benzol;6;29.08.2016 08:00;0,554846;
Benzol;2;29.08.2016 08:00;0,550158;
Benzol;8;29.08.2016 08:00;0,328803;
Anilin;3;29.08.2016 08:00;1,31085;
Anilin;4;29.08.2016 08:00;0,941267;
Anilin;2;29.08.2016 08:00;0,878354;
Anilin;5;29.08.2016 08:00;0,860158;
Anilin;6;29.08.2016 08:00;0,262967;
Anilin;1;29.08.2016 08:00;0,167243;
Anilin;7;29.08.2016 08:00;0,0752567;
Anilin;8;29.08.2016 08:00;0,0655524;
Anilin;9;29.08.2016 08:00;0,0345303;
Natriumchlorid;4;29.08.2016 09:00;1,30181;
Natriumchlorid;8;29.08.2016 09:00;0,524903;
Natriumchlorid;3;29.08.2016 09:00;0,492699;
Natriumchlorid;1;29.08.2016 09:00;0,45252;
Natriumchlorid;5;29.08.2016 09:00;0,416719;
Natriumchlorid;9;29.08.2016 09:00;0,375137;
Natriumchlorid;6;29.08.2016 09:00;0,315173;
Natriumchlorid;2;29.08.2016 09:00;0,222084;
Natriumchlorid;7;29.08.2016 09:00;0,0610107;
Arsen;7;29.08.2016 09:00;2,25208;
Arsen;4;29.08.2016 09:00;1,11913;
Arsen;2;29.08.2016 09:00;0,617836;
Arsen;8;29.08.2016 09:00;0,567212;
Arsen;6;29.08.2016 09:00;0,421992;
Arsen;9;29.08.2016 09:00;0,353611;
Arsen;5;29.08.2016 09:00;0,197507;
Arsen;3;29.08.2016 09:00;0,129561;
Arsen;1;29.08.2016 09:00;0,0280418;
Benzol;3;29.08.2016 09:00;1,60138;
Benzol;4;29.08.2016 09:00;1,39856;
Benzol;7;29.08.2016 09:00;1,15138;
Benzol;9;29.08.2016 09:00;1,11134;
Benzol;2;29.08.2016 09:00;0,746786;
Benzol;8;29.08.2016 09:00;0,491724;
Benzol;1;29.08.2016 09:00;0,247041;
Benzol;6;29.08.2016 09:00;0,218894;
Benzol;5;29.08.2016 09:00;0,0679184;
Anilin;3;29.08.2016 09:00;1,44177;
Anilin;4;29.08.2016 09:00;1,13228;
Anilin;5;29.08.2016 09:00;0,800626;
Anilin;6;29.08.2016 09:00;0,668755;
Anilin;1;29.08.2016 09:00;0,666811;
Anilin;2;29.08.2016 09:00;0,342409;
Anilin;9;29.08.2016 09:00;0,33867;
Anilin;8;29.08.2016 09:00;0,190026;
Anilin;7;29.08.2016 09:00;0,170364;
Natriumchlorid;7;29.08.2016 10:00;1,5856;
Natriumchlorid;4;29.08.2016 10:00;1,23356;
Natriumchlorid;6;29.08.2016 10:00;0,907469;
Natriumchlorid;2;29.08.2016 10:00;0,641537;
Natriumchlorid;3;29.08.2016 10:00;0,39399;
Natriumchlorid;5;29.08.2016 10:00;0,264749;
Natriumchlorid;9;29.08.2016 10:00;0,183222;
Natriumchlorid;8;29.08.2016 10:00;0,16502;
Natriumchlorid;1;29.08.2016 10:00;0,0407714;
Arsen;4;29.08.2016 10:00;1,246;
Arsen;3;29.08.2016 10:00;1,19525;
Arsen;5;29.08.2016 10:00;0,672037;
Arsen;8;29.08.2016 10:00;0,670478;
Arsen;6;29.08.2016 10:00;0,597111;
Arsen;7;29.08.2016 10:00;0,480432;
Arsen;2;29.08.2016 10:00;0,373968;
Arsen;9;29.08.2016 10:00;0,367051;
Arsen;1;29.08.2016 10:00;0,187116;
Benzol;3;29.08.2016 10:00;1,83289;
Benzol;4;29.08.2016 10:00;0,996472;
Benzol;2;29.08.2016 10:00;0,861941;
Benzol;7;29.08.2016 10:00;0,819229;
Benzol;6;29.08.2016 10:00;0,589328;
Benzol;5;29.08.2016 10:00;0,422611;
Benzol;8;29.08.2016 10:00;0,3316;
Benzol;9;29.08.2016 10:00;0,326675;
Benzol;1;29.08.2016 10:00;0,059052;
Anilin;3;29.08.2016 10:00;1,99545;
Anilin;7;29.08.2016 10:00;1,88996;
Anilin;4;29.08.2016 10:00;1,49371;
Anilin;8;29.08.2016 10:00;0,531119;
Anilin;9;29.08.2016 10:00;0,508343;
Anilin;1;29.08.2016 10:00;0,39437;
Anilin;5;29.08.2016 10:00;0,341553;
Anilin;6;29.08.2016 10:00;0,3375;
Anilin;2;29.08.2016 10:00;0,0580474;
Natriumchlorid;3;29.08.2016 11:00;1,30583;
Natriumchlorid;4;29.08.2016 11:00;1,27301;
Natriumchlorid;5;29.08.2016 11:00;1,1744;
Natriumchlorid;2;29.08.2016 11:00;0,706197;
Natriumchlorid;9;29.08.2016 11:00;0,387403;
Natriumchlorid;6;29.08.2016 11:00;0,362083;
Natriumchlorid;1;29.08.2016 11:00;0,241631;
Natriumchlorid;7;29.08.2016 11:00;0,1521;
Natriumchlorid;8;29.08.2016 11:00;0,0803008;
Arsen;3;29.08.2016 11:00;1,9317;
Arsen;4;29.08.2016 11:00;1,41128;
Arsen;6;29.08.2016 11:00;0,695873;
Arsen;8;29.08.2016 11:00;0,676547;
Arsen;2;29.08.2016 11:00;0,636286;
Arsen;9;29.08.2016 11:00;0,411707;
Arsen;5;29.08.2016 11:00;0,372726;
Arsen;7;29.08.2016 11:00;0,226566;
Arsen;1;29.08.2016 11:00;0,217825;
Benzol;3;29.08.2016 11:00;1,79463;
Benzol;9;29.08.2016 11:00;1,17304;
Benzol;4;29.08.2016 11:00;0,881094;
Benzol;5;29.08.2016 11:00;0,691063;
Benzol;6;29.08.2016 11:00;0,546254;
Benzol;7;29.08.2016 11:00;0,304723;
Benzol;2;29.08.2016 11:00;0,261579;
Benzol;8;29.08.2016 11:00;0,198582;
Benzol;1;29.08.2016 11:00;0,0489461;
Anilin;3;29.08.2016 11:00;2,54564;
Anilin;4;29.08.2016 11:00;1,07283;
Anilin;6;29.08.2016 11:00;0,567289;
Anilin;8;29.08.2016 11:00;0,31339;
Anilin;1;29.08.2016 11:00;0,245422;
Anilin;9;29.08.2016 11:00;0,226441;
Anilin;7;29.08.2016 11:00;0,169564;
Anilin;5;29.08.2016 11:00;0,144809;
Anilin;2;29.08.2016 11:00;0,0756155;
Natriumchlorid;4;29.08.2016 12:00;1,33462;
Natriumchlorid;3;29.08.2016 12:00;0,8577;
Natriumchlorid;7;29.08.2016 12:00;0,772216;
Natriumchlorid;6;29.08.2016 12:00;0,54347;
Natriumchlorid;2;29.08.2016 12:00;0,363081;
Natriumchlorid;8;29.08.2016 12:00;0,278145;
Natriumchlorid;5;29.08.2016 12:00;0,257936;
Natriumchlorid;1;29.08.2016 12:00;0,178178;
Natriumchlorid;9;29.08.2016 12:00;0,0388467;
Arsen;4;29.08.2016 12:00;0,806824;
Arsen;9;29.08.2016 12:00;0,456138;
Arsen;5;29.08.2016 12:00;0,407644;
Arsen;3;29.08.2016 12:00;0,319782;
Arsen;2;29.08.2016 12:00;0,315465;
Arsen;1;29.08.2016 12:00;0,298924;
Arsen;8;29.08.2016 12:00;0,292652;
Arsen;6;29.08.2016 12:00;0,185128;
Arsen;7;29.08.2016 12:00;0,094362;
Benzol;4;29.08.2016 12:00;1,29967;
Benzol;8;29.08.2016 12:00;0,73345;
Benzol;2;29.08.2016 12:00;0,691203;
Benzol;3;29.08.2016 12:00;0,56251;
Benzol;5;29.08.2016 12:00;0,538438;
Benzol;7;29.08.2016 12:00;0,420631;
Benzol;1;29.08.2016 12:00;0,400547;
Benzol;6;29.08.2016 12:00;0,325853;
Benzol;9;29.08.2016 12:00;0,270456;
Anilin;4;29.08.2016 12:00;1,58941;
Anilin;7;29.08.2016 12:00;0,837277;
Anilin;3;29.08.2016 12:00;0,792752;
Anilin;5;29.08.2016 12:00;0,618732;
Anilin;6;29.08.2016 12:00;0,489707;
Anilin;9;29.08.2016 12:00;0,343388;
Anilin;1;29.08.2016 12:00;0,0816911;
Anilin;2;29.08.2016 12:00;0,0769361;
Anilin;8;29.08.2016 12:00;0,0747956;
Natriumchlorid;7;29.08.2016 13:00;3,34421;
Natriumchlorid;4;29.08.2016 13:00;1,40063;
Natriumchlorid;3;29.08.2016 13:00;1,1408;
Natriumchlorid;8;29.08.2016 13:00;0,662798;
Natriumchlorid;2;29.08.2016 13:00;0,34984;
Natriumchlorid;6;29.08.2016 13:00;0,311982;
Natriumchlorid;9;29.08.2016 13:00;0,250967;
Natriumchlorid;1;29.08.2016 13:00;0,177038;
Natriumchlorid;5;29.08.2016 13:00;0,0660788;
Arsen;3;29.08.2016 13:00;2,15126;
Arsen;4;29.08.2016 13:00;1,28944;
Arsen;9;29.08.2016 13:00;1,20743;
Arsen;7;29.08.2016 13:00;0,762384;
Arsen;5;29.08.2016 13:00;0,431487;
Arsen;6;29.08.2016 13:00;0,430464;
Arsen;8;29.08.2016 13:00;0,341887;
Arsen;2;29.08.2016 13:00;0,335029;
Arsen;1;29.08.2016 13:00;0,198156;
Benzol;6;29.08.2016 13:00;5,34369;
Benzol;4;29.08.2016 13:00;0,982928;
Benzol;5;29.08.2016 13:00;0,529135;
Benzol;3;29.08.2016 13:00;0,457613;
Benzol;2;29.08.2016 13:00;0,303103;
Benzol;9;29.08.2016 13:00;0,296876;
Benzol;7;29.08.2016 13:00;0,19182;
Benzol;8;29.08.2016 13:00;0,107769;
Benzol;1;29.08.2016 13:00;0,0728102;
Anilin;3;29.08.2016 13:00;1,75598;
Anilin;4;29.08.2016 13:00;1,38378;
Anilin;9;29.08.2016 13:00;0,891534;
Anilin;2;29.08.2016 13:00;0,359695;
Anilin;7;29.08.2016 13:00;0,273345;
Anilin;8;29.08.2016 13:00;0,237251;
Anilin;6;29.08.2016 13:00;0,231318;
Anilin;1;29.08.2016 13:00;0,126754;
Anilin;5;29.08.2016 13:00;0,018805;
Natriumchlorid;3;29.08.2016 14:00;2,41305;
Natriumchlorid;6;29.08.2016 14:00;0,503393;
Natriumchlorid;4;29.08.2016 14:00;0,474558;
Natriumchlorid;2;29.08.2016 14:00;0,42602;
Natriumchlorid;8;29.08.2016 14:00;0,395626;
Natriumchlorid;5;29.08.2016 14:00;0,295502;
Natriumchlorid;1;29.08.2016 14:00;0,125903;
Natriumchlorid;9;29.08.2016 14:00;0,121727;
Natriumchlorid;7;29.08.2016 14:00;0,0251661;
Arsen;7;29.08.2016 14:00;1,4489;
Arsen;9;29.08.2016 14:00;0,966299;
Arsen;3;29.08.2016 14:00;0,950612;
Arsen;4;29.08.2016 14:00;0,917395;
Arsen;6;29.08.2016 14:00;0,381791;
Arsen;1;29.08.2016 14:00;0,265495;
Arsen;2;29.08.2016 14:00;0,139598;
Arsen;8;29.08.2016 14:00;0,121562;
Arsen;5;29.08.2016 14:00;0,0294196;
Benzol;6;29.08.2016 14:00;3,52034;
Benzol;4;29.08.2016 14:00;1,50269;
Benzol;7;29.08.2016 14:00;1,10035;
Benzol;3;29.08.2016 14:00;0,546692;
Benzol;8;29.08.2016 14:00;0,195521;
Benzol;9;29.08.2016 14:00;0,157116;
Benzol;1;29.08.2016 14:00;0,151196;
Benzol;5;29.08.2016 14:00;0,140081;
Benzol;2;29.08.2016 14:00;0,071719;
Anilin;5;29.08.2016 14:00;1,31354;
Anilin;4;29.08.2016 14:00;1,06439;
Anilin;3;29.08.2016 14:00;0,756924;
Anilin;8;29.08.2016 14:00;0,358633;
Anilin;9;29.08.2016 14:00;0,352652;
Anilin;7;29.08.2016 14:00;0,347298;
Anilin;6;29.08.2016 14:00;0,272675;
Anilin;1;29.08.2016 14:00;0,252074;
Anilin;2;29.08.2016 14:00;0,0389183;
Natriumchlorid;3;29.08.2016 15:00;1,17966;
Natriumchlorid;4;29.08.2016 15:00;1,1685;
Natriumchlorid;5;29.08.2016 15:00;0,727466;
Natriumchlorid;6;29.08.2016 15:00;0,613975;
Natriumchlorid;2;29.08.2016 15:00;0,597518;
Natriumchlorid;9;29.08.2016 15:00;0,487264;
Natriumchlorid;1;29.08.2016 15:00;0,249723;
Natriumchlorid;7;29.08.2016 15:00;0,243143;
Natriumchlorid;8;29.08.2016 15:00;0,10573;
Arsen;3;29.08.2016 15:00;1,83262;
Arsen;8;29.08.2016 15:00;1,31803;
Arsen;4;29.08.2016 15:00;1,14658;
Arsen;9;29.08.2016 15:00;0,588505;
Arsen;2;29.08.2016 15:00;0,419268;
Arsen;6;29.08.2016 15:00;0,369923;
Arsen;5;29.08.2016 15:00;0,297921;
Arsen;1;29.08.2016 15:00;0,209237;
Arsen;7;29.08.2016 15:00;0,0435557;
Benzol;3;29.08.2016 15:00;2,52087;
Benzol;4;29.08.2016 15:00;1,34896;
Benzol;7;29.08.2016 15:00;1,25608;
Benzol;5;29.08.2016 15:00;0,813396;
Benzol;2;29.08.2016 15:00;0,568715;
Benzol;6;29.08.2016 15:00;0,45201;
Benzol;9;29.08.2016 15:00;0,386134;
Benzol;1;29.08.2016 15:00;0,178061;
Benzol;8;29.08.2016 15:00;0,159324;
Anilin;4;29.08.2016 15:00;1,44307;
Anilin;3;29.08.2016 15:00;1,00901;
Anilin;8;29.08.2016 15:00;0,900859;
Anilin;6;29.08.2016 15:00;0,59388;
Anilin;2;29.08.2016 15:00;0,309888;
Anilin;5;29.08.2016 15:00;0,216678;
Anilin;7;29.08.2016 15:00;0,17543;
Anilin;9;29.08.2016 15:00;0,104212;
Anilin;1;29.08.2016 15:00;0,0363523;
Natriumchlorid;3;29.08.2016 16:00;3,94249;
Natriumchlorid;4;29.08.2016 16:00;1,1223;
Natriumchlorid;8;29.08.2016 16:00;0,55599;
Natriumchlorid;7;29.08.2016 16:00;0,544946;
Natriumchlorid;5;29.08.2016 16:00;0,406389;
Natriumchlorid;9;29.08.2016 16:00;0,29079;
Natriumchlorid;1;29.08.2016 16:00;0,276825;
Natriumchlorid;2;29.08.2016 16:00;0,21976;
Natriumchlorid;6;29.08.2016 16:00;0,183074;
Arsen;4;29.08.2016 16:00;1,17111;
Arsen;8;29.08.2016 16:00;0,884716;
Arsen;9;29.08.2016 16:00;0,741573;
Arsen;7;29.08.2016 16:00;0,7352;
Arsen;5;29.08.2016 16:00;0,719496;
Arsen;6;29.08.2016 16:00;0,274525;
Arsen;3;29.08.2016 16:00;0,253175;
Arsen;1;29.08.2016 16:00;0,241303;
Arsen;2;29.08.2016 16:00;0,216207;
Benzol;4;29.08.2016 16:00;1,34644;
Benzol;3;29.08.2016 16:00;0,806392;
Benzol;5;29.08.2016 16:00;0,734377;
Benzol;1;29.08.2016 16:00;0,522985;
Benzol;8;29.08.2016 16:00;0,217341;
Benzol;6;29.08.2016 16:00;0,188851;
Benzol;2;29.08.2016 16:00;0,135621;
Benzol;7;29.08.2016 16:00;0,127716;
Benzol;9;29.08.2016 16:00;0,0287242;
Anilin;3;29.08.2016 16:00;2,37302;
Anilin;4;29.08.2016 16:00;0,913653;
Anilin;2;29.08.2016 16:00;0,58298;
Anilin;5;29.08.2016 16:00;0,412767;
Anilin;9;29.08.2016 16:00;0,372758;
Anilin;7;29.08.2016 16:00;0,339;
Anilin;1;29.08.2016 16:00;0,170143;
Anilin;6;29.08.2016 16:00;0,112459;
Anilin;8;29.08.2016 16:00;0,0595252;
Natriumchlorid;4;29.08.2016 17:00;1,14914;
Natriumchlorid;3;29.08.2016 17:00;0,799948;
Natriumchlorid;9;29.08.2016 17:00;0,586256;
Natriumchlorid;2;29.08.2016 17:00;0,43045;
Natriumchlorid;1;29.08.2016 17:00;0,327813;
Natriumchlorid;7;29.08.2016 17:00;0,32452;
Natriumchlorid;8;29.08.2016 17:00;0,311948;
Natriumchlorid;5;29.08.2016 17:00;0,270537;
Natriumchlorid;6;29.08.2016 17:00;0,030365;
Arsen;7;29.08.2016 17:00;1,30449;
Arsen;4;29.08.2016 17:00;0,70549;
Arsen;9;29.08.2016 17:00;0,524309;
Arsen;8;29.08.2016 17:00;0,499817;
Arsen;5;29.08.2016 17:00;0,480817;
Arsen;1;29.08.2016 17:00;0,317581;
Arsen;3;29.08.2016 17:00;0,159356;
Arsen;2;29.08.2016 17:00;0,0805245;
Arsen;6;29.08.2016 17:00;0,0653751;
Benzol;8;29.08.2016 17:00;1,01196;
Benzol;5;29.08.2016 17:00;0,826262;
Benzol;4;29.08.2016 17:00;0,756727;
Benzol;1;29.08.2016 17:00;0,722617;
Benzol;9;29.08.2016 17:00;0,575422;
Benzol;2;29.08.2016 17:00;0,395892;
Benzol;3;29.08.2016 17:00;0,388289;
Benzol;6;29.08.2016 17:00;0,385552;
Benzol;7;29.08.2016 17:00;0,358055;
Anilin;3;29.08.2016 17:00;1,59349;
Anilin;4;29.08.2016 17:00;1,02769;
Anilin;7;29.08.2016 17:00;0,815223;
Anilin;6;29.08.2016 17:00;0,672771;
Anilin;5;29.08.2016 17:00;0,646756;
Anilin;8;29.08.2016 17:00;0,45966;
Anilin;9;29.08.2016 17:00;0,451772;
Anilin;1;29.08.2016 17:00;0,155739;
Anilin;2;29.08.2016 17:00;0,0260203;
Natriumchlorid;4;29.08.2016 18:00;1,07077;
Natriumchlorid;3;29.08.2016 18:00;0,934196;
Natriumchlorid;7;29.08.2016 18:00;0,767569;
Natriumchlorid;6;29.08.2016 18:00;0,440693;
Natriumchlorid;9;29.08.2016 18:00;0,402249;
Natriumchlorid;5;29.08.2016 18:00;0,395001;
Natriumchlorid;8;29.08.2016 18:00;0,199693;
Natriumchlorid;2;29.08.2016 18:00;0,0600661;
Natriumchlorid;1;29.08.2016 18:00;0,0479061;
Arsen;3;29.08.2016 18:00;1,17654;
Arsen;4;29.08.2016 18:00;0,99501;
Arsen;2;29.08.2016 18:00;0,939947;
Arsen;5;29.08.2016 18:00;0,729856;
Arsen;9;29.08.2016 18:00;0,729153;
Arsen;6;29.08.2016 18:00;0,494846;
Arsen;1;29.08.2016 18:00;0,350627;
Arsen;7;29.08.2016 18:00;0,14243;
Arsen;8;29.08.2016 18:00;0,0564163;
Benzol;9;29.08.2016 18:00;1,8124;
Benzol;7;29.08.2016 18:00;1,72249;
Benzol;3;29.08.2016 18:00;1,17377;
Benzol;4;29.08.2016 18:00;0,970044;
Benzol;2;29.08.2016 18:00;0,425108;
Benzol;6;29.08.2016 18:00;0,30275;
Benzol;8;29.08.2016 18:00;0,108849;
Benzol;5;29.08.2016 18:00;0,0690014;
Benzol;1;29.08.2016 18:00;0,00241546;
Anilin;7;29.08.2016 18:00;2,54178;
Anilin;3;29.08.2016 18:00;1,46162;
Anilin;4;29.08.2016 18:00;1,09048;
Anilin;5;29.08.2016 18:00;0,986682;
Anilin;9;29.08.2016 18:00;0,470593;
Anilin;8;29.08.2016 18:00;0,348836;
Anilin;6;29.08.2016 18:00;0,339201;
Anilin;1;29.08.2016 18:00;0,152078;
Anilin;2;29.08.2016 18:00;0,0236935;
Natriumchlorid;4;29.08.2016 19:00;1,13178;
Natriumchlorid;3;29.08.2016 19:00;0,415424;
Natriumchlorid;6;29.08.2016 19:00;0,395356;
Natriumchlorid;8;29.08.2016 19:00;0,350177;
Natriumchlorid;2;29.08.2016 19:00;0,308585;
Natriumchlorid;7;29.08.2016 19:00;0,192665;
Natriumchlorid;5;29.08.2016 19:00;0,153983;
Natriumchlorid;1;29.08.2016 19:00;0,14029;
Natriumchlorid;9;29.08.2016 19:00;0,0978653;
Arsen;3;29.08.2016 19:00;4,75619;
Arsen;4;29.08.2016 19:00;1,32865;
Arsen;5;29.08.2016 19:00;1,09183;
Arsen;9;29.08.2016 19:00;0,723153;
Arsen;2;29.08.2016 19:00;0,599428;
Arsen;8;29.08.2016 19:00;0,501964;
Arsen;6;29.08.2016 19:00;0,189758;
Arsen;7;29.08.2016 19:00;0,186071;
Arsen;1;29.08.2016 19:00;0,130241;
Benzol;4;29.08.2016 19:00;1,20681;
Benzol;3;29.08.2016 19:00;1,17444;
Benzol;6;29.08.2016 19:00;0,740604;
Benzol;7;29.08.2016 19:00;0,620401;
Benzol;9;29.08.2016 19:00;0,416236;
Benzol;8;29.08.2016 19:00;0,348991;
Benzol;5;29.08.2016 19:00;0,345984;
Benzol;1;29.08.2016 19:00;0,240787;
Benzol;2;29.08.2016 19:00;0,140433;
Anilin;9;29.08.2016 19:00;1,08475;
Anilin;4;29.08.2016 19:00;1,04067;
Anilin;7;29.08.2016 19:00;0,883923;
Anilin;3;29.08.2016 19:00;0,701661;
Anilin;1;29.08.2016 19:00;0,466768;
Anilin;2;29.08.2016 19:00;0,454051;
Anilin;6;29.08.2016 19:00;0,395387;
Anilin;5;29.08.2016 19:00;0,264269;
Anilin;8;29.08.2016 19:00;0,0922043;
Natriumchlorid;9;29.08.2016 20:00;1,86167;
Natriumchlorid;3;29.08.2016 20:00;1,59073;
Natriumchlorid;4;29.08.2016 20:00;1,23714;
Natriumchlorid;7;29.08.2016 20:00;0,486688;
Natriumchlorid;6;29.08.2016 20:00;0,461553;
Natriumchlorid;2;29.08.2016 20:00;0,437767;
Natriumchlorid;8;29.08.2016 20:00;0,366592;
Natriumchlorid;5;29.08.2016 20:00;0,299621;
Natriumchlorid;1;29.08.2016 20:00;0,0492943;
Arsen;4;29.08.2016 20:00;1,37759;
Arsen;3;29.08.2016 20:00;1,14758;
Arsen;8;29.08.2016 20:00;0,570467;
Arsen;6;29.08.2016 20:00;0,480826;
Arsen;9;29.08.2016 20:00;0,36989;
Arsen;1;29.08.2016 20:00;0,262564;
Arsen;2;29.08.2016 20:00;0,191294;
Arsen;7;29.08.2016 20:00;0,187955;
Arsen;5;29.08.2016 20:00;0,0119369;
Benzol;3;29.08.2016 20:00;1,80474;
Benzol;4;29.08.2016 20:00;0,65685;
Benzol;9;29.08.2016 20:00;0,639662;
Benzol;6;29.08.2016 20:00;0,627944;
Benzol;5;29.08.2016 20:00;0,217706;
Benzol;2;29.08.2016 20:00;0,173405;
Benzol;7;29.08.2016 20:00;0,144607;
Benzol;1;29.08.2016 20:00;0,0867024;
Benzol;8;29.08.2016 20:00;0,0146807;
Anilin;3;29.08.2016 20:00;1,28081;
Anilin;8;29.08.2016 20:00;1,25037;
Anilin;4;29.08.2016 20:00;1,21839;
Anilin;5;29.08.2016 20:00;0,986546;
Anilin;6;29.08.2016 20:00;0,717743;
Anilin;2;29.08.2016 20:00;0,503616;
Anilin;7;29.08.2016 20:00;0,225692;
Anilin;1;29.08.2016 20:00;0,222577;
Anilin;9;29.08.2016 20:00;0,12959;
Natriumchlorid;3;29.08.2016 21:00;4,11764;
Natriumchlorid;9;29.08.2016 21:00;1,33693;
Natriumchlorid;4;29.08.2016 21:00;1,07569;
Natriumchlorid;5;29.08.2016 21:00;0,878775;
Natriumchlorid;1;29.08.2016 21:00;0,426399;
Natriumchlorid;7;29.08.2016 21:00;0,257534;
Natriumchlorid;6;29.08.2016 21:00;0,184376;
Natriumchlorid;8;29.08.2016 21:00;0,0874512;
Natriumchlorid;2;29.08.2016 21:00;0,0511001;
Arsen;3;29.08.2016 21:00;2,11388;
Arsen;4;29.08.2016 21:00;1,32267;
Arsen;7;29.08.2016 21:00;1,19809;
Arsen;9;29.08.2016 21:00;0,631064;
Arsen;5;29.08.2016 21:00;0,45201;
Arsen;2;29.08.2016 21:00;0,382091;
Arsen;6;29.08.2016 21:00;0,254165;
Arsen;1;29.08.2016 21:00;0,218839;
Arsen;8;29.08.2016 21:00;0,154133;
Benzol;3;29.08.2016 21:00;1,48062;
Benzol;4;29.08.2016 21:00;1,35284;
Benzol;8;29.08.2016 21:00;1,10495;
Benzol;9;29.08.2016 21:00;0,572986;
Benzol;2;29.08.2016 21:00;0,294358;
Benzol;6;29.08.2016 21:00;0,209519;
Benzol;7;29.08.2016 21:00;0,173081;
Benzol;1;29.08.2016 21:00;0,0506501;
Benzol;5;29.08.2016 21:00;0,0242932;
Anilin;3;29.08.2016 21:00;1,74588;
Anilin;4;29.08.2016 21:00;1,07116;
Anilin;7;29.08.2016 21:00;0,646069;
Anilin;8;29.08.2016 21:00;0,410145;
Anilin;6;29.08.2016 21:00;0,3642;
Anilin;5;29.08.2016 21:00;0,31592;
Anilin;1;29.08.2016 21:00;0,314413;
Anilin;9;29.08.2016 21:00;0,130422;
Anilin;2;29.08.2016 21:00;0,128337;
Natriumchlorid;8;29.08.2016 22:00;1,31052;
Natriumchlorid;5;29.08.2016 22:00;1,04657;
Natriumchlorid;4;29.08.2016 22:00;0,903444;
Natriumchlorid;9;29.08.2016 22:00;0,104317;
Natriumchlorid;6;29.08.2016 22:00;0,0655606;
Natriumchlorid;2;29.08.2016 22:00;0,0357074;
Natriumchlorid;1;29.08.2016 22:00;0,0271992;
Natriumchlorid;3;29.08.2016 22:00;0,0252426;
Natriumchlorid;7;29.08.2016 22:00;0,0247654;
Arsen;5;29.08.2016 22:00;0,96012;
Arsen;4;29.08.2016 22:00;0,943313;
Arsen;7;29.08.2016 22:00;0,715675;
Arsen;8;29.08.2016 22:00;0,590515;
Arsen;2;29.08.2016 22:00;0,530729;
Arsen;6;29.08.2016 22:00;0,499253;
Arsen;9;29.08.2016 22:00;0,49207;
Arsen;1;29.08.2016 22:00;0,234635;
Arsen;3;29.08.2016 22:00;0,158195;
Benzol;3;29.08.2016 22:00;1,55148;
Benzol;4;29.08.2016 22:00;0,937161;
Benzol;6;29.08.2016 22:00;0,522989;
Benzol;9;29.08.2016 22:00;0,455937;
Benzol;2;29.08.2016 22:00;0,439848;
Benzol;1;29.08.2016 22:00;0,254547;
Benzol;5;29.08.2016 22:00;0,248528;
Benzol;7;29.08.2016 22:00;0,112449;
Benzol;8;29.08.2016 22:00;0,0461465;
Anilin;6;29.08.2016 22:00;0,578585;
Anilin;4;29.08.2016 22:00;0,445454;
Anilin;3;29.08.2016 22:00;0,424888;
Anilin;7;29.08.2016 22:00;0,386701;
Anilin;8;29.08.2016 22:00;0,372761;
Anilin;1;29.08.2016 22:00;0,331361;
Anilin;9;29.08.2016 22:00;0,319203;
Anilin;5;29.08.2016 22:00;0,0459498;
Anilin;2;29.08.2016 22:00;0,00962184;
Natriumchlorid;3;29.08.2016 23:00;3,18965;
Natriumchlorid;4;29.08.2016 23:00;1,35857;
Natriumchlorid;8;29.08.2016 23:00;0,414893;
Natriumchlorid;1;29.08.2016 23:00;0,40179;
Natriumchlorid;5;29.08.2016 23:00;0,32999;
Natriumchlorid;7;29.08.2016 23:00;0,28587;
Natriumchlorid;9;29.08.2016 23:00;0,219322;
Natriumchlorid;2;29.08.2016 23:00;0,178371;
Natriumchlorid;6;29.08.2016 23:00;0,15533;
Arsen;3;29.08.2016 23:00;1,49873;
Arsen;4;29.08.2016 23:00;1,28663;
Arsen;6;29.08.2016 23:00;0,448694;
Arsen;5;29.08.2016 23:00;0,418901;
Arsen;7;29.08.2016 23:00;0,405937;
Arsen;1;29.08.2016 23:00;0,310542;
Arsen;2;29.08.2016 23:00;0,152197;
Arsen;8;29.08.2016 23:00;0,148043;
Arsen;9;29.08.2016 23:00;0,106563;
Benzol;3;29.08.2016 23:00;1,76402;
Benzol;4;29.08.2016 23:00;0,771574;
Benzol;2;29.08.2016 23:00;0,469134;
Benzol;7;29.08.2016 23:00;0,454546;
Benzol;5;29.08.2016 23:00;0,390915;
Benzol;6;29.08.2016 23:00;0,384079;
Benzol;9;29.08.2016 23:00;0,340179;
Benzol;1;29.08.2016 23:00;0,147523;
Benzol;8;29.08.2016 23:00;0,132792;
Anilin;3;29.08.2016 23:00;5,29383;
Anilin;4;29.08.2016 23:00;1,26853;
Anilin;7;29.08.2016 23:00;0,777245;
Anilin;2;29.08.2016 23:00;0,766028;
Anilin;8;29.08.2016 23:00;0,704024;
Anilin;9;29.08.2016 23:00;0,577322;
Anilin;5;29.08.2016 23:00;0,547198;
Anilin;1;29.08.2016 23:00;0,196045;
Anilin;6;29.08.2016 23:00;0,180141;
Natriumchlorid;3;30.08.2016 00:00;1,20173;
Natriumchlorid;4;30.08.2016 00:00;0,964705;
Natriumchlorid;9;30.08.2016 00:00;0,351288;
Natriumchlorid;5;30.08.2016 00:00;0,285683;
Natriumchlorid;2;30.08.2016 00:00;0,255826;
Natriumchlorid;1;30.08.2016 00:00;0,248773;
Natriumchlorid;7;30.08.2016 00:00;0,1566;
Natriumchlorid;8;30.08.2016 00:00;0,0706047;
Natriumchlorid;6;30.08.2016 00:00;0,0560891;
Arsen;4;30.08.2016 00:00;1,09261;
Arsen;9;30.08.2016 00:00;0,656466;
Arsen;8;30.08.2016 00:00;0,402607;
Arsen;2;30.08.2016 00:00;0,393055;
Arsen;5;30.08.2016 00:00;0,313491;
Arsen;6;30.08.2016 00:00;0,246308;
Arsen;7;30.08.2016 00:00;0,225219;
Arsen;3;30.08.2016 00:00;0,223851;
Arsen;1;30.08.2016 00:00;0,162134;
Benzol;4;30.08.2016 00:00;0,638609;
Benzol;6;30.08.2016 00:00;0,453119;
Benzol;5;30.08.2016 00:00;0,349328;
Benzol;3;30.08.2016 00:00;0,339494;
Benzol;1;30.08.2016 00:00;0,248962;
Benzol;9;30.08.2016 00:00;0,183543;
Benzol;7;30.08.2016 00:00;0,15123;
Benzol;8;30.08.2016 00:00;0,118781;
Benzol;2;30.08.2016 00:00;0,0643183;
Anilin;2;30.08.2016 00:00;0,746195;
Anilin;4;30.08.2016 00:00;0,736002;
Anilin;3;30.08.2016 00:00;0,618794;
Anilin;6;30.08.2016 00:00;0,524193;
Anilin;9;30.08.2016 00:00;0,217623;
Anilin;8;30.08.2016 00:00;0,167017;
Anilin;1;30.08.2016 00:00;0,139473;
Anilin;7;30.08.2016 00:00;0,106799;
Anilin;5;30.08.2016 00:00;0,0129333;
Natriumchlorid;9;30.08.2016 01:00;1,12481;
Natriumchlorid;3;30.08.2016 01:00;0,893065;
Natriumchlorid;4;30.08.2016 01:00;0,782952;
Natriumchlorid;7;30.08.2016 01:00;0,700782;
Natriumchlorid;6;30.08.2016 01:00;0,666507;
Natriumchlorid;2;30.08.2016 01:00;0,610255;
Natriumchlorid;5;30.08.2016 01:00;0,601068;
Natriumchlorid;1;30.08.2016 01:00;0,376723;
Natriumchlorid;8;30.08.2016 01:00;0,275027;
Arsen;3;30.08.2016 01:00;1,86019;
Arsen;4;30.08.2016 01:00;1,06681;
Arsen;8;30.08.2016 01:00;0,606086;
Arsen;2;30.08.2016 01:00;0,416235;
Arsen;5;30.08.2016 01:00;0,385949;
Arsen;9;30.08.2016 01:00;0,326066;
Arsen;7;30.08.2016 01:00;0,321521;
Arsen;1;30.08.2016 01:00;0,060316;
Arsen;6;30.08.2016 01:00;0,0443282;
Benzol;3;30.08.2016 01:00;1,11168;
Benzol;4;30.08.2016 01:00;1,06454;
Benzol;8;30.08.2016 01:00;0,644612;
Benzol;7;30.08.2016 01:00;0,610312;
Benzol;9;30.08.2016 01:00;0,425409;
Benzol;6;30.08.2016 01:00;0,331592;
Benzol;2;30.08.2016 01:00;0,322432;
Benzol;5;30.08.2016 01:00;0,0531738;
Benzol;1;30.08.2016 01:00;0,0526641;
Anilin;4;30.08.2016 01:00;1,01283;
Anilin;5;30.08.2016 01:00;0,974344;
Anilin;7;30.08.2016 01:00;0,93936;
Anilin;3;30.08.2016 01:00;0,748538;
Anilin;8;30.08.2016 01:00;0,592505;
Anilin;2;30.08.2016 01:00;0,37634;
Anilin;6;30.08.2016 01:00;0,160487;
Anilin;1;30.08.2016 01:00;0,035924;
Anilin;9;30.08.2016 01:00;0,0164487;
Natriumchlorid;3;30.08.2016 02:00;2,58971;
Natriumchlorid;4;30.08.2016 02:00;1,10142;
Natriumchlorid;5;30.08.2016 02:00;0,880621;
Natriumchlorid;2;30.08.2016 02:00;0,622084;
Natriumchlorid;7;30.08.2016 02:00;0,51683;
Natriumchlorid;9;30.08.2016 02:00;0,498538;
Natriumchlorid;6;30.08.2016 02:00;0,409099;
Natriumchlorid;1;30.08.2016 02:00;0,256519;
Natriumchlorid;8;30.08.2016 02:00;0,0607855;
Arsen;4;30.08.2016 02:00;1,55211;
Arsen;8;30.08.2016 02:00;1,32147;
Arsen;7;30.08.2016 02:00;0,631299;
Arsen;6;30.08.2016 02:00;0,466933;
Arsen;1;30.08.2016 02:00;0,204307;
Arsen;5;30.08.2016 02:00;0,111933;
Arsen;3;30.08.2016 02:00;0,108918;
Arsen;9;30.08.2016 02:00;0,0980052;
Arsen;2;30.08.2016 02:00;0,0503921;
Benzol;7;30.08.2016 02:00;1,53568;
Benzol;4;30.08.2016 02:00;1,11896;
Benzol;9;30.08.2016 02:00;0,831685;
Benzol;5;30.08.2016 02:00;0,632321;
Benzol;2;30.08.2016 02:00;0,460713;
Benzol;8;30.08.2016 02:00;0,303079;
Benzol;1;30.08.2016 02:00;0,280627;
Benzol;3;30.08.2016 02:00;0,222274;
Benzol;6;30.08.2016 02:00;0,055464;
Anilin;3;30.08.2016 02:00;2,67733;
Anilin;8;30.08.2016 02:00;0,844078;
Anilin;4;30.08.2016 02:00;0,812678;
Anilin;2;30.08.2016 02:00;0,660488;
Anilin;5;30.08.2016 02:00;0,475446;
Anilin;9;30.08.2016 02:00;0,44814;
Anilin;1;30.08.2016 02:00;0,279814;
Anilin;6;30.08.2016 02:00;0,208868;
Anilin;7;30.08.2016 02:00;0,103677;
Natriumchlorid;7;30.08.2016 03:00;1,5905;
Natriumchlorid;3;30.08.2016 03:00;1,54718;
Natriumchlorid;5;30.08.2016 03:00;1,1357;
Natriumchlorid;4;30.08.2016 03:00;0,94425;
Natriumchlorid;6;30.08.2016 03:00;0,691733;
Natriumchlorid;1;30.08.2016 03:00;0,519868;
Natriumchlorid;2;30.08.2016 03:00;0,141179;
Natriumchlorid;9;30.08.2016 03:00;0,0971865;
Natriumchlorid;8;30.08.2016 03:00;0,0967917;
Arsen;3;30.08.2016 03:00;3,12599;
Arsen;4;30.08.2016 03:00;1,36646;
Arsen;8;30.08.2016 03:00;0,767827;
Arsen;1;30.08.2016 03:00;0,434907;
Arsen;7;30.08.2016 03:00;0,397074;
Arsen;9;30.08.2016 03:00;0,360201;
Arsen;5;30.08.2016 03:00;0,237619;
Arsen;6;30.08.2016 03:00;0,0958804;
Arsen;2;30.08.2016 03:00;0,0411663;
Benzol;4;30.08.2016 03:00;1,266;
Benzol;3;30.08.2016 03:00;1,13446;
Benzol;8;30.08.2016 03:00;1,0991;
Benzol;7;30.08.2016 03:00;0,528558;
Benzol;6;30.08.2016 03:00;0,448631;
Benzol;5;30.08.2016 03:00;0,354608;
Benzol;9;30.08.2016 03:00;0,300272;
Benzol;2;30.08.2016 03:00;0,0767806;
Benzol;1;30.08.2016 03:00;0,013786;
Anilin;4;30.08.2016 03:00;1,14895;
Anilin;3;30.08.2016 03:00;0,909123;
Anilin;2;30.08.2016 03:00;0,863127;
Anilin;1;30.08.2016 03:00;0,513283;
Anilin;7;30.08.2016 03:00;0,442963;
Anilin;9;30.08.2016 03:00;0,345609;
Anilin;8;30.08.2016 03:00;0,338978;
Anilin;5;30.08.2016 03:00;0,268884;
Anilin;6;30.08.2016 03:00;0,197929;
Natriumchlorid;4;30.08.2016 04:00;1,23961;
Natriumchlorid;9;30.08.2016 04:00;1,01901;
Natriumchlorid;3;30.08.2016 04:00;0,799807;
Natriumchlorid;8;30.08.2016 04:00;0,688128;
Natriumchlorid;2;30.08.2016 04:00;0,542546;
Natriumchlorid;6;30.08.2016 04:00;0,434619;
Natriumchlorid;5;30.08.2016 04:00;0,367802;
Natriumchlorid;7;30.08.2016 04:00;0,366139;
Natriumchlorid;1;30.08.2016 04:00;0,10693;
Arsen;4;30.08.2016 04:00;1,09208;
Arsen;7;30.08.2016 04:00;0,920513;
Arsen;6;30.08.2016 04:00;0,627272;
Arsen;8;30.08.2016 04:00;0,549506;
Arsen;5;30.08.2016 04:00;0,490023;
Arsen;1;30.08.2016 04:00;0,332654;
Arsen;9;30.08.2016 04:00;0,315941;
Arsen;3;30.08.2016 04:00;0,24321;
Arsen;2;30.08.2016 04:00;0,0370557;
Benzol;3;30.08.2016 04:00;1,46071;
Benzol;4;30.08.2016 04:00;1,2626;
Benzol;9;30.08.2016 04:00;0,669197;
Benzol;7;30.08.2016 04:00;0,503237;
Benzol;8;30.08.2016 04:00;0,38906;
Benzol;6;30.08.2016 04:00;0,33864;
Benzol;1;30.08.2016 04:00;0,201828;
Benzol;2;30.08.2016 04:00;0,112857;
Benzol;5;30.08.2016 04:00;0,088541;
Anilin;3;30.08.2016 04:00;2,78048;
Anilin;4;30.08.2016 04:00;1,03826;
Anilin;5;30.08.2016 04:00;0,893521;
Anilin;6;30.08.2016 04:00;0,824308;
Anilin;8;30.08.2016 04:00;0,778322;
Anilin;9;30.08.2016 04:00;0,74235;
Anilin;2;30.08.2016 04:00;0,699254;
Anilin;1;30.08.2016 04:00;0,175821;
Anilin;7;30.08.2016 04:00;0,167044;
Natriumchlorid;7;30.08.2016 05:00;1,33697;
Natriumchlorid;4;30.08.2016 05:00;1,16216;
Natriumchlorid;3;30.08.2016 05:00;1,14849;
Natriumchlorid;8;30.08.2016 05:00;0,621547;
Natriumchlorid;2;30.08.2016 05:00;0,312559;
Natriumchlorid;9;30.08.2016 05:00;0,270826;
Natriumchlorid;6;30.08.2016 05:00;0,200789;
Natriumchlorid;5;30.08.2016 05:00;0,198769;
Natriumchlorid;1;30.08.2016 05:00;0,190993;
Arsen;3;30.08.2016 05:00;2,49407;
Arsen;2;30.08.2016 05:00;1,19019;
Arsen;4;30.08.2016 05:00;1,17142;
Arsen;7;30.08.2016 05:00;0,638642;
Arsen;9;30.08.2016 05:00;0,483667;
Arsen;1;30.08.2016 05:00;0,284041;
Arsen;8;30.08.2016 05:00;0,247208;
Arsen;6;30.08.2016 05:00;0,110902;
Arsen;5;30.08.2016 05:00;0,107929;
Benzol;4;30.08.2016 05:00;1,56531;
Benzol;3;30.08.2016 05:00;0,603731;
Benzol;7;30.08.2016 05:00;0,467305;
Benzol;2;30.08.2016 05:00;0,446126;
Benzol;5;30.08.2016 05:00;0,414263;
Benzol;6;30.08.2016 05:00;0,283798;
Benzol;8;30.08.2016 05:00;0,0854182;
Benzol;9;30.08.2016 05:00;0,0519714;
Benzol;1;30.08.2016 05:00;0,0363468;
Anilin;3;30.08.2016 05:00;1,39628;
Anilin;4;30.08.2016 05:00;1,23511;
Anilin;2;30.08.2016 05:00;0,739707;
Anilin;7;30.08.2016 05:00;0,603766;
Anilin;8;30.08.2016 05:00;0,53309;
Anilin;1;30.08.2016 05:00;0,383517;
Anilin;6;30.08.2016 05:00;0,381269;
Anilin;9;30.08.2016 05:00;0,331937;
Anilin;5;30.08.2016 05:00;0,0423578;
Natriumchlorid;4;30.08.2016 06:00;1,24176;
Natriumchlorid;3;30.08.2016 06:00;1,00886;
Natriumchlorid;8;30.08.2016 06:00;0,508744;
Natriumchlorid;1;30.08.2016 06:00;0,379086;
Natriumchlorid;2;30.08.2016 06:00;0,246046;
Natriumchlorid;9;30.08.2016 06:00;0,202272;
Natriumchlorid;5;30.08.2016 06:00;0,152309;
Natriumchlorid;6;30.08.2016 06:00;0,0832266;
Natriumchlorid;7;30.08.2016 06:00;0,041571;
Arsen;4;30.08.2016 06:00;1,29848;
Arsen;3;30.08.2016 06:00;1,23712;
Arsen;8;30.08.2016 06:00;0,709567;
Arsen;6;30.08.2016 06:00;0,517254;
Arsen;5;30.08.2016 06:00;0,452958;
Arsen;7;30.08.2016 06:00;0,320624;
Arsen;2;30.08.2016 06:00;0,249436;
Arsen;9;30.08.2016 06:00;0,0625893;
Arsen;1;30.08.2016 06:00;0,0469487;
Benzol;4;30.08.2016 06:00;1,2205;
Benzol;3;30.08.2016 06:00;1,20378;
Benzol;9;30.08.2016 06:00;1,09649;
Benzol;7;30.08.2016 06:00;0,799173;
Benzol;2;30.08.2016 06:00;0,683672;
Benzol;5;30.08.2016 06:00;0,389366;
Benzol;6;30.08.2016 06:00;0,288387;
Benzol;8;30.08.2016 06:00;0,261237;
Benzol;1;30.08.2016 06:00;0,010288;
Anilin;3;30.08.2016 06:00;1,31057;
Anilin;4;30.08.2016 06:00;1,13377;
Anilin;9;30.08.2016 06:00;1,10686;
Anilin;7;30.08.2016 06:00;0,603419;
Anilin;6;30.08.2016 06:00;0,507542;
Anilin;8;30.08.2016 06:00;0,454837;
Anilin;2;30.08.2016 06:00;0,285355;
Anilin;5;30.08.2016 06:00;0,179524;
Anilin;1;30.08.2016 06:00;0,112588;
Natriumchlorid;3;30.08.2016 07:00;2,00261;
Natriumchlorid;4;30.08.2016 07:00;1,19681;
Natriumchlorid;8;30.08.2016 07:00;0,909899;
Natriumchlorid;9;30.08.2016 07:00;0,663177;
Natriumchlorid;1;30.08.2016 07:00;0,343371;
Natriumchlorid;2;30.08.2016 07:00;0,32932;
Natriumchlorid;5;30.08.2016 07:00;0,327186;
Natriumchlorid;6;30.08.2016 07:00;0,232407;
Natriumchlorid;7;30.08.2016 07:00;0,0409391;
Arsen;3;30.08.2016 07:00;3,83853;
Arsen;4;30.08.2016 07:00;1,10115;
Arsen;6;30.08.2016 07:00;0,493138;
Arsen;8;30.08.2016 07:00;0,301035;
Arsen;2;30.08.2016 07:00;0,260557;
Arsen;5;30.08.2016 07:00;0,183943;
Arsen;1;30.08.2016 07:00;0,130375;
Arsen;7;30.08.2016 07:00;0,126153;
Arsen;9;30.08.2016 07:00;0,0730557;
Benzol;3;30.08.2016 07:00;3,47388;
Benzol;4;30.08.2016 07:00;1,26943;
Benzol;5;30.08.2016 07:00;1,25173;
Benzol;8;30.08.2016 07:00;1,02345;
Benzol;9;30.08.2016 07:00;0,48264;
Benzol;2;30.08.2016 07:00;0,425769;
Benzol;6;30.08.2016 07:00;0,254943;
Benzol;7;30.08.2016 07:00;0,229932;
Benzol;1;30.08.2016 07:00;0,189461;
Anilin;3;30.08.2016 07:00;2,778;
Anilin;4;30.08.2016 07:00;1,13096;
Anilin;7;30.08.2016 07:00;1,07886;
Anilin;8;30.08.2016 07:00;0,61774;
Anilin;5;30.08.2016 07:00;0,500805;
Anilin;2;30.08.2016 07:00;0,462873;
Anilin;9;30.08.2016 07:00;0,40722;
Anilin;6;30.08.2016 07:00;0,361881;
Anilin;1;30.08.2016 07:00;0,117743;
Natriumchlorid;4;30.08.2016 08:00;1,18233;
Natriumchlorid;3;30.08.2016 08:00;0,999426;
Natriumchlorid;6;30.08.2016 08:00;0,305205;
Natriumchlorid;9;30.08.2016 08:00;0,27282;
Natriumchlorid;7;30.08.2016 08:00;0,264886;
Natriumchlorid;5;30.08.2016 08:00;0,172541;
Natriumchlorid;1;30.08.2016 08:00;0,155702;
Natriumchlorid;2;30.08.2016 08:00;0,130127;
Natriumchlorid;8;30.08.2016 08:00;0,0402248;
Arsen;4;30.08.2016 08:00;1,24923;
Arsen;3;30.08.2016 08:00;0,761954;
Arsen;5;30.08.2016 08:00;0,517828;
Arsen;6;30.08.2016 08:00;0,481906;
Arsen;2;30.08.2016 08:00;0,287707;
Arsen;1;30.08.2016 08:00;0,237383;
Arsen;7;30.08.2016 08:00;0,0823022;
Arsen;9;30.08.2016 08:00;0,0769602;
Arsen;8;30.08.2016 08:00;0,00855257;
Benzol;4;30.08.2016 08:00;1,2106;
Benzol;5;30.08.2016 08:00;0,906708;
Benzol;6;30.08.2016 08:00;0,591761;
Benzol;3;30.08.2016 08:00;0,275877;
Benzol;1;30.08.2016 08:00;0,2714;
Benzol;7;30.08.2016 08:00;0,223768;
Benzol;8;30.08.2016 08:00;0,148788;
Benzol;9;30.08.2016 08:00;0,107353;
Benzol;2;30.08.2016 08:00;0,0927792;
Anilin;4;30.08.2016 08:00;1,16769;
Anilin;3;30.08.2016 08:00;0,935507;
Anilin;2;30.08.2016 08:00;0,678838;
Anilin;8;30.08.2016 08:00;0,416605;
Anilin;6;30.08.2016 08:00;0,374619;
Anilin;1;30.08.2016 08:00;0,271318;
Anilin;5;30.08.2016 08:00;0,155291;
Anilin;7;30.08.2016 08:00;0,101448;
Anilin;9;30.08.2016 08:00;0,0499175;
Natriumchlorid;4;30.08.2016 09:00;1,01887;
Natriumchlorid;2;30.08.2016 09:00;0,617203;
Natriumchlorid;9;30.08.2016 09:00;0,534035;
Natriumchlorid;8;30.08.2016 09:00;0,471818;
Natriumchlorid;1;30.08.2016 09:00;0,448564;
Natriumchlorid;6;30.08.2016 09:00;0,411351;
Natriumchlorid;5;30.08.2016 09:00;0,26547;
Natriumchlorid;7;30.08.2016 09:00;0,2165;
Natriumchlorid;3;30.08.2016 09:00;0,174313;
Arsen;3;30.08.2016 09:00;1,94868;
Arsen;4;30.08.2016 09:00;1,10591;
Arsen;2;30.08.2016 09:00;0,314216;
Arsen;8;30.08.2016 09:00;0,233332;
Arsen;5;30.08.2016 09:00;0,228749;
Arsen;7;30.08.2016 09:00;0,213621;
Arsen;9;30.08.2016 09:00;0,0743567;
Arsen;1;30.08.2016 09:00;0,0566291;
Arsen;6;30.08.2016 09:00;0,0183985;
Benzol;3;30.08.2016 09:00;1,38838;
Benzol;4;30.08.2016 09:00;1,32399;
Benzol;8;30.08.2016 09:00;0,959279;
Benzol;7;30.08.2016 09:00;0,804887;
Benzol;2;30.08.2016 09:00;0,762799;
Benzol;1;30.08.2016 09:00;0,36599;
Benzol;6;30.08.2016 09:00;0,343179;
Benzol;5;30.08.2016 09:00;0,303205;
Benzol;9;30.08.2016 09:00;0,291586;
Anilin;4;30.08.2016 09:00;1,28595;
Anilin;2;30.08.2016 09:00;1,17221;
Anilin;7;30.08.2016 09:00;0,36287;
Anilin;6;30.08.2016 09:00;0,234377;
Anilin;8;30.08.2016 09:00;0,175514;
Anilin;9;30.08.2016 09:00;0,172933;
Anilin;3;30.08.2016 09:00;0,100648;
Anilin;1;30.08.2016 09:00;0,0290608;
Anilin;5;30.08.2016 09:00;0,0136821;
Natriumchlorid;3;30.08.2016 10:00;6,54448;
Natriumchlorid;4;30.08.2016 10:00;1,47626;
Natriumchlorid;2;30.08.2016 10:00;1,09231;
Natriumchlorid;6;30.08.2016 10:00;0,899473;
Natriumchlorid;8;30.08.2016 10:00;0,711014;
Natriumchlorid;7;30.08.2016 10:00;0,548663;
Natriumchlorid;9;30.08.2016 10:00;0,474858;
Natriumchlorid;5;30.08.2016 10:00;0,335332;
Natriumchlorid;1;30.08.2016 10:00;0,0727126;
Arsen;4;30.08.2016 10:00;1,36069;
Arsen;9;30.08.2016 10:00;0,838854;
Arsen;3;30.08.2016 10:00;0,798292;
Arsen;7;30.08.2016 10:00;0,510625;
Arsen;6;30.08.2016 10:00;0,335602;
Arsen;8;30.08.2016 10:00;0,325288;
Arsen;1;30.08.2016 10:00;0,212792;
Arsen;2;30.08.2016 10:00;0,0412635;
Arsen;5;30.08.2016 10:00;0,0159244;
Benzol;4;30.08.2016 10:00;1,18259;
Benzol;8;30.08.2016 10:00;0,791151;
Benzol;7;30.08.2016 10:00;0,427259;
Benzol;3;30.08.2016 10:00;0,278715;
Benzol;6;30.08.2016 10:00;0,147004;
Benzol;2;30.08.2016 10:00;0,09151;
Benzol;1;30.08.2016 10:00;0,0719589;
Benzol;5;30.08.2016 10:00;0,0665986;
Benzol;9;30.08.2016 10:00;0,0330222;
Anilin;3;30.08.2016 10:00;1,70442;
Anilin;4;30.08.2016 10:00;1,23164;
Anilin;5;30.08.2016 10:00;0,463963;
Anilin;9;30.08.2016 10:00;0,41611;
Anilin;6;30.08.2016 10:00;0,375775;
Anilin;1;30.08.2016 10:00;0,334241;
Anilin;7;30.08.2016 10:00;0,0996057;
Anilin;2;30.08.2016 10:00;0,0911902;
Anilin;8;30.08.2016 10:00;0,0245879;
Natriumchlorid;4;30.08.2016 11:00;1,1305;
Natriumchlorid;3;30.08.2016 11:00;1,08558;
Natriumchlorid;9;30.08.2016 11:00;0,86893;
Natriumchlorid;5;30.08.2016 11:00;0,692711;
Natriumchlorid;6;30.08.2016 11:00;0,619479;
Natriumchlorid;7;30.08.2016 11:00;0,485077;
Natriumchlorid;1;30.08.2016 11:00;0,19541;
Natriumchlorid;2;30.08.2016 11:00;0,122614;
Natriumchlorid;8;30.08.2016 11:00;0,00879995;
Arsen;4;30.08.2016 11:00;1,34272;
Arsen;2;30.08.2016 11:00;1,28671;
Arsen;8;30.08.2016 11:00;0,456011;
Arsen;6;30.08.2016 11:00;0,424472;
Arsen;9;30.08.2016 11:00;0,412052;
Arsen;1;30.08.2016 11:00;0,235892;
Arsen;3;30.08.2016 11:00;0,224671;
Arsen;7;30.08.2016 11:00;0,0342591;
Arsen;5;30.08.2016 11:00;0,00527321;
Benzol;4;30.08.2016 11:00;1,15525;
Benzol;3;30.08.2016 11:00;0,732113;
Benzol;5;30.08.2016 11:00;0,65076;
Benzol;8;30.08.2016 11:00;0,578129;
Benzol;6;30.08.2016 11:00;0,318742;
Benzol;9;30.08.2016 11:00;0,317471;
Benzol;7;30.08.2016 11:00;0,108736;
Benzol;1;30.08.2016 11:00;0,093852;
Benzol;2;30.08.2016 11:00;0,0578191;
Anilin;4;30.08.2016 11:00;1,29606;
Anilin;2;30.08.2016 11:00;0,955754;
Anilin;3;30.08.2016 11:00;0,92117;
Anilin;8;30.08.2016 11:00;0,766475;
Anilin;7;30.08.2016 11:00;0,434531;
Anilin;5;30.08.2016 11:00;0,224765;
Anilin;9;30.08.2016 11:00;0,161441;
Anilin;6;30.08.2016 11:00;0,124212;
Anilin;1;30.08.2016 11:00;0,0876704;
Natriumchlorid;4;30.08.2016 12:00;1,17431;
Natriumchlorid;6;30.08.2016 12:00;0,858378;
Natriumchlorid;2;30.08.2016 12:00;0,723069;
Natriumchlorid;7;30.08.2016 12:00;0,467693;
Natriumchlorid;9;30.08.2016 12:00;0,403423;
Natriumchlorid;3;30.08.2016 12:00;0,341308;
Natriumchlorid;5;30.08.2016 12:00;0,181255;
Natriumchlorid;8;30.08.2016 12:00;0,157708;
Natriumchlorid;1;30.08.2016 12:00;0,0217118;
Arsen;4;30.08.2016 12:00;1,00812;
Arsen;3;30.08.2016 12:00;0,77814;
Arsen;9;30.08.2016 12:00;0,766765;
Arsen;5;30.08.2016 12:00;0,663056;
Arsen;6;30.08.2016 12:00;0,645838;
Arsen;8;30.08.2016 12:00;0,461022;
Arsen;2;30.08.2016 12:00;0,414624;
Arsen;7;30.08.2016 12:00;0,391527;
Arsen;1;30.08.2016 12:00;0,125491;
Benzol;9;30.08.2016 12:00;1,07268;
Benzol;4;30.08.2016 12:00;1,01751;
Benzol;5;30.08.2016 12:00;0,587631;
Benzol;6;30.08.2016 12:00;0,578767;
Benzol;1;30.08.2016 12:00;0,349088;
Benzol;7;30.08.2016 12:00;0,333098;
Benzol;8;30.08.2016 12:00;0,136823;
Benzol;2;30.08.2016 12:00;0,0306143;
Benzol;3;30.08.2016 12:00;0,015852;
Anilin;3;30.08.2016 12:00;1,2478;
Anilin;4;30.08.2016 12:00;1,1994;
Anilin;9;30.08.2016 12:00;1,07202;
Anilin;8;30.08.2016 12:00;0,411828;
Anilin;5;30.08.2016 12:00;0,311587;
Anilin;6;30.08.2016 12:00;0,248478;
Anilin;7;30.08.2016 12:00;0,19969;
Anilin;1;30.08.2016 12:00;0,16015;
Anilin;2;30.08.2016 12:00;0,0366529;
Natriumchlorid;7;30.08.2016 13:00;2,67029;
Natriumchlorid;3;30.08.2016 13:00;1,75824;
Natriumchlorid;5;30.08.2016 13:00;1,16663;
Natriumchlorid;4;30.08.2016 13:00;1,13674;
Natriumchlorid;6;30.08.2016 13:00;0,536164;
Natriumchlorid;2;30.08.2016 13:00;0,229471;
Natriumchlorid;9;30.08.2016 13:00;0,169717;
Natriumchlorid;1;30.08.2016 13:00;0,0759927;
Natriumchlorid;8;30.08.2016 13:00;0,00810783;
Arsen;3;30.08.2016 13:00;2,48817;
Arsen;4;30.08.2016 13:00;0,903439;
Arsen;7;30.08.2016 13:00;0,630432;
Arsen;6;30.08.2016 13:00;0,394331;
Arsen;5;30.08.2016 13:00;0,126305;
Arsen;2;30.08.2016 13:00;0,0894385;
Arsen;9;30.08.2016 13:00;0,0833512;
Arsen;8;30.08.2016 13:00;0,0787125;
Arsen;1;30.08.2016 13:00;0,0169719;
Benzol;3;30.08.2016 13:00;2,39609;
Benzol;4;30.08.2016 13:00;0,893129;
Benzol;5;30.08.2016 13:00;0,842372;
Benzol;8;30.08.2016 13:00;0,422763;
Benzol;7;30.08.2016 13:00;0,328913;
Benzol;2;30.08.2016 13:00;0,219158;
Benzol;9;30.08.2016 13:00;0,215309;
Benzol;1;30.08.2016 13:00;0,0733541;
Benzol;6;30.08.2016 13:00;0,0497445;
Anilin;3;30.08.2016 13:00;2,15647;
Anilin;4;30.08.2016 13:00;1,04844;
Anilin;9;30.08.2016 13:00;0,779294;
Anilin;7;30.08.2016 13:00;0,758647;
Anilin;1;30.08.2016 13:00;0,511829;
Anilin;6;30.08.2016 13:00;0,370557;
Anilin;8;30.08.2016 13:00;0,241392;
Anilin;5;30.08.2016 13:00;0,15948;
Anilin;2;30.08.2016 13:00;0,0112653;
Natriumchlorid;4;30.08.2016 14:00;1,32267;
Natriumchlorid;3;30.08.2016 14:00;0,78189;
Natriumchlorid;5;30.08.2016 14:00;0,706516;
Natriumchlorid;7;30.08.2016 14:00;0,575729;
Natriumchlorid;6;30.08.2016 14:00;0,426631;
Natriumchlorid;9;30.08.2016 14:00;0,369221;
Natriumchlorid;1;30.08.2016 14:00;0,280328;
Natriumchlorid;2;30.08.2016 14:00;0,270669;
Natriumchlorid;8;30.08.2016 14:00;0,179592;
Arsen;4;30.08.2016 14:00;1,19298;
Arsen;9;30.08.2016 14:00;0,85505;
Arsen;7;30.08.2016 14:00;0,574896;
Arsen;6;30.08.2016 14:00;0,308971;
Arsen;8;30.08.2016 14:00;0,240066;
Arsen;2;30.08.2016 14:00;0,223904;
Arsen;5;30.08.2016 14:00;0,076393;
Arsen;3;30.08.2016 14:00;0,0405774;
Arsen;1;30.08.2016 14:00;0,0202043;
Benzol;9;30.08.2016 14:00;1,2583;
Benzol;4;30.08.2016 14:00;0,997138;
Benzol;8;30.08.2016 14:00;0,811032;
Benzol;3;30.08.2016 14:00;0,532699;
Benzol;7;30.08.2016 14:00;0,344495;
Benzol;1;30.08.2016 14:00;0,217671;
Benzol;2;30.08.2016 14:00;0,186879;
Benzol;6;30.08.2016 14:00;0,0218485;
Benzol;5;30.08.2016 14:00;0,00196447;
Anilin;4;30.08.2016 14:00;1,23299;
Anilin;3;30.08.2016 14:00;0,55075;
Anilin;5;30.08.2016 14:00;0,454275;
Anilin;9;30.08.2016 14:00;0,334948;
Anilin;6;30.08.2016 14:00;0,319838;
Anilin;2;30.08.2016 14:00;0,193527;
Anilin;7;30.08.2016 14:00;0,106419;
Anilin;1;30.08.2016 14:00;0,0915021;
Anilin;8;30.08.2016 14:00;0,0635524;
Natriumchlorid;3;30.08.2016 15:00;1,68234;
Natriumchlorid;9;30.08.2016 15:00;1,52657;
Natriumchlorid;4;30.08.2016 15:00;1,45269;
Natriumchlorid;7;30.08.2016 15:00;0,556279;
Natriumchlorid;8;30.08.2016 15:00;0,528345;
Natriumchlorid;5;30.08.2016 15:00;0,342878;
Natriumchlorid;6;30.08.2016 15:00;0,190712;
Natriumchlorid;2;30.08.2016 15:00;0,128959;
Natriumchlorid;1;30.08.2016 15:00;0,0514977;
Arsen;7;30.08.2016 15:00;2,08516;
Arsen;4;30.08.2016 15:00;1,07683;
Arsen;9;30.08.2016 15:00;0,688032;
Arsen;6;30.08.2016 15:00;0,638171;
Arsen;2;30.08.2016 15:00;0,48971;
Arsen;8;30.08.2016 15:00;0,267136;
Arsen;3;30.08.2016 15:00;0,201846;
Arsen;5;30.08.2016 15:00;0,161593;
Arsen;1;30.08.2016 15:00;0,127767;
Benzol;4;30.08.2016 15:00;1,14804;
Benzol;2;30.08.2016 15:00;0,794964;
Benzol;3;30.08.2016 15:00;0,632199;
Benzol;7;30.08.2016 15:00;0,594545;
Benzol;1;30.08.2016 15:00;0,546421;
Benzol;9;30.08.2016 15:00;0,453181;
Benzol;6;30.08.2016 15:00;0,434977;
Benzol;5;30.08.2016 15:00;0,199746;
Benzol;8;30.08.2016 15:00;0,0175911;
Anilin;4;30.08.2016 15:00;1,33286;
Anilin;8;30.08.2016 15:00;0,889922;
Anilin;9;30.08.2016 15:00;0,806303;
Anilin;5;30.08.2016 15:00;0,522103;
Anilin;2;30.08.2016 15:00;0,382736;
Anilin;6;30.08.2016 15:00;0,319622;
Anilin;1;30.08.2016 15:00;0,0963099;
Anilin;3;30.08.2016 15:00;0,0907397;
Anilin;7;30.08.2016 15:00;0,0165982;
Natriumchlorid;3;30.08.2016 16:00;1,33589;
Natriumchlorid;4;30.08.2016 16:00;1,24248;
Natriumchlorid;2;30.08.2016 16:00;0,763128;
Natriumchlorid;6;30.08.2016 16:00;0,393351;
Natriumchlorid;1;30.08.2016 16:00;0,245601;
Natriumchlorid;5;30.08.2016 16:00;0,188002;
Natriumchlorid;9;30.08.2016 16:00;0,16206;
Natriumchlorid;8;30.08.2016 16:00;0,102915;
Natriumchlorid;7;30.08.2016 16:00;0,00296514;
Arsen;4;30.08.2016 16:00;1,27635;
Arsen;3;30.08.2016 16:00;1,10965;
Arsen;5;30.08.2016 16:00;0,924015;
Arsen;8;30.08.2016 16:00;0,545412;
Arsen;7;30.08.2016 16:00;0,541701;
Arsen;2;30.08.2016 16:00;0,289728;
Arsen;1;30.08.2016 16:00;0,277962;
Arsen;6;30.08.2016 16:00;0,271605;
Arsen;9;30.08.2016 16:00;0,033342;
Benzol;4;30.08.2016 16:00;1,21477;
Benzol;8;30.08.2016 16:00;0,771438;
Benzol;5;30.08.2016 16:00;0,625053;
Benzol;1;30.08.2016 16:00;0,493473;
Benzol;3;30.08.2016 16:00;0,261941;
Benzol;9;30.08.2016 16:00;0,238559;
Benzol;7;30.08.2016 16:00;0,224353;
Benzol;2;30.08.2016 16:00;0,135403;
Benzol;6;30.08.2016 16:00;0,0215738;
Anilin;4;30.08.2016 16:00;1,33555;
Anilin;3;30.08.2016 16:00;0,694277;
Anilin;6;30.08.2016 16:00;0,618615;
Anilin;5;30.08.2016 16:00;0,474999;
Anilin;8;30.08.2016 16:00;0,277312;
Anilin;1;30.08.2016 16:00;0,197743;
Anilin;2;30.08.2016 16:00;0,197468;
Anilin;7;30.08.2016 16:00;0,154749;
Anilin;9;30.08.2016 16:00;0,14741;
Natriumchlorid;4;30.08.2016 17:00;1,32399;
Natriumchlorid;8;30.08.2016 17:00;0,767174;
Natriumchlorid;3;30.08.2016 17:00;0,734912;
Natriumchlorid;9;30.08.2016 17:00;0,391408;
Natriumchlorid;5;30.08.2016 17:00;0,319654;
Natriumchlorid;6;30.08.2016 17:00;0,241033;
Natriumchlorid;2;30.08.2016 17:00;0,152598;
Natriumchlorid;7;30.08.2016 17:00;0,0434597;
Natriumchlorid;1;30.08.2016 17:00;0,00668235;
Arsen;4;30.08.2016 17:00;1,27;
Arsen;5;30.08.2016 17:00;1,02361;
Arsen;2;30.08.2016 17:00;0,98298;
Arsen;3;30.08.2016 17:00;0,758163;
Arsen;1;30.08.2016 17:00;0,399538;
Arsen;8;30.08.2016 17:00;0,333834;
Arsen;6;30.08.2016 17:00;0,29221;
Arsen;9;30.08.2016 17:00;0,281468;
Arsen;7;30.08.2016 17:00;0,130243;
Benzol;3;30.08.2016 17:00;1,91382;
Benzol;4;30.08.2016 17:00;1,20904;
Benzol;2;30.08.2016 17:00;0,979681;
Benzol;1;30.08.2016 17:00;0,40575;
Benzol;8;30.08.2016 17:00;0,386763;
Benzol;7;30.08.2016 17:00;0,371272;
Benzol;5;30.08.2016 17:00;0,301539;
Benzol;6;30.08.2016 17:00;0,130867;
Benzol;9;30.08.2016 17:00;0,045569;
Anilin;7;30.08.2016 17:00;1,18988;
Anilin;4;30.08.2016 17:00;1,00928;
Anilin;3;30.08.2016 17:00;0,928063;
Anilin;5;30.08.2016 17:00;0,761527;
Anilin;6;30.08.2016 17:00;0,54939;
Anilin;1;30.08.2016 17:00;0,547663;
Anilin;8;30.08.2016 17:00;0,324423;
Anilin;2;30.08.2016 17:00;0,183977;
Anilin;9;30.08.2016 17:00;0,038265;
Natriumchlorid;4;30.08.2016 18:00;1,24445;
Natriumchlorid;3;30.08.2016 18:00;0,540652;
Natriumchlorid;8;30.08.2016 18:00;0,516129;
Natriumchlorid;6;30.08.2016 18:00;0,387684;
Natriumchlorid;9;30.08.2016 18:00;0,331749;
Natriumchlorid;7;30.08.2016 18:00;0,155118;
Natriumchlorid;1;30.08.2016 18:00;0,0992047;
Natriumchlorid;5;30.08.2016 18:00;0,0319061;
Natriumchlorid;2;30.08.2016 18:00;0,00907342;
Arsen;4;30.08.2016 18:00;1,49298;
Arsen;5;30.08.2016 18:00;0,867924;
Arsen;3;30.08.2016 18:00;0,718768;
Arsen;8;30.08.2016 18:00;0,588256;
Arsen;7;30.08.2016 18:00;0,581291;
Arsen;6;30.08.2016 18:00;0,538896;
Arsen;9;30.08.2016 18:00;0,472373;
Arsen;2;30.08.2016 18:00;0,276238;
Arsen;1;30.08.2016 18:00;0,150549;
Benzol;4;30.08.2016 18:00;1,18794;
Benzol;5;30.08.2016 18:00;0,64843;
Benzol;9;30.08.2016 18:00;0,599337;
Benzol;1;30.08.2016 18:00;0,577877;
Benzol;6;30.08.2016 18:00;0,295241;
Benzol;7;30.08.2016 18:00;0,254232;
Benzol;2;30.08.2016 18:00;0,204636;
Benzol;3;30.08.2016 18:00;0,138068;
Benzol;8;30.08.2016 18:00;0,032643;
Anilin;7;30.08.2016 18:00;1,57231;
Anilin;9;30.08.2016 18:00;1,43757;
Anilin;4;30.08.2016 18:00;1,23666;
Anilin;6;30.08.2016 18:00;0,317827;
Anilin;5;30.08.2016 18:00;0,283765;
Anilin;8;30.08.2016 18:00;0,187575;
Anilin;2;30.08.2016 18:00;0,180048;
Anilin;1;30.08.2016 18:00;0,140737;
Anilin;3;30.08.2016 18:00;0,102979;
Natriumchlorid;4;30.08.2016 19:00;1,04884;
Natriumchlorid;9;30.08.2016 19:00;0,882342;
Natriumchlorid;7;30.08.2016 19:00;0,82981;
Natriumchlorid;8;30.08.2016 19:00;0,795236;
Natriumchlorid;5;30.08.2016 19:00;0,773053;
Natriumchlorid;3;30.08.2016 19:00;0,727067;
Natriumchlorid;1;30.08.2016 19:00;0,354268;
Natriumchlorid;2;30.08.2016 19:00;0,296978;
Natriumchlorid;6;30.08.2016 19:00;0,237632;
Arsen;4;30.08.2016 19:00;1,18096;
Arsen;8;30.08.2016 19:00;0,50089;
Arsen;9;30.08.2016 19:00;0,498693;
Arsen;5;30.08.2016 19:00;0,354221;
Arsen;3;30.08.2016 19:00;0,261044;
Arsen;7;30.08.2016 19:00;0,186077;
Arsen;6;30.08.2016 19:00;0,166822;
Arsen;2;30.08.2016 19:00;0,142943;
Arsen;1;30.08.2016 19:00;0,0472108;
Benzol;4;30.08.2016 19:00;1,25391;
Benzol;6;30.08.2016 19:00;0,634177;
Benzol;2;30.08.2016 19:00;0,591102;
Benzol;1;30.08.2016 19:00;0,445383;
Benzol;8;30.08.2016 19:00;0,350193;
Benzol;7;30.08.2016 19:00;0,221887;
Benzol;9;30.08.2016 19:00;0,11881;
Benzol;3;30.08.2016 19:00;0,0401813;
Benzol;5;30.08.2016 19:00;0,0101345;
Anilin;4;30.08.2016 19:00;1,36519;
Anilin;3;30.08.2016 19:00;0,74045;
Anilin;2;30.08.2016 19:00;0,735329;
Anilin;7;30.08.2016 19:00;0,638087;
Anilin;8;30.08.2016 19:00;0,423358;
Anilin;6;30.08.2016 19:00;0,384831;
Anilin;9;30.08.2016 19:00;0,327427;
Anilin;1;30.08.2016 19:00;0,322324;
Anilin;5;30.08.2016 19:00;0,11499;
Natriumchlorid;7;30.08.2016 20:00;3,47689;
Natriumchlorid;5;30.08.2016 20:00;1,42029;
Natriumchlorid;4;30.08.2016 20:00;1,09235;
Natriumchlorid;6;30.08.2016 20:00;0,422684;
Natriumchlorid;3;30.08.2016 20:00;0,337013;
Natriumchlorid;1;30.08.2016 20:00;0,302188;
Natriumchlorid;8;30.08.2016 20:00;0,156531;
Natriumchlorid;2;30.08.2016 20:00;0,0535271;
Natriumchlorid;9;30.08.2016 20:00;0,035621;
Arsen;4;30.08.2016 20:00;1,09159;
Arsen;9;30.08.2016 20:00;0,839164;
Arsen;6;30.08.2016 20:00;0,782825;
Arsen;1;30.08.2016 20:00;0,376927;
Arsen;7;30.08.2016 20:00;0,237983;
Arsen;3;30.08.2016 20:00;0,202035;
Arsen;5;30.08.2016 20:00;0,12827;
Arsen;2;30.08.2016 20:00;0,00482912;
Arsen;8;30.08.2016 20:00;0,00358309;
Benzol;3;30.08.2016 20:00;1,35194;
Benzol;4;30.08.2016 20:00;1,0339;
Benzol;2;30.08.2016 20:00;0,709348;
Benzol;7;30.08.2016 20:00;0,592633;
Benzol;6;30.08.2016 20:00;0,475492;
Benzol;8;30.08.2016 20:00;0,391018;
Benzol;1;30.08.2016 20:00;0,211244;
Benzol;9;30.08.2016 20:00;0,114361;
Benzol;5;30.08.2016 20:00;0,0935472;
Anilin;3;30.08.2016 20:00;1,19704;
Anilin;4;30.08.2016 20:00;0,898289;
Anilin;6;30.08.2016 20:00;0,40397;
Anilin;5;30.08.2016 20:00;0,192568;
Anilin;1;30.08.2016 20:00;0,152833;
Anilin;7;30.08.2016 20:00;0,119727;
Anilin;9;30.08.2016 20:00;0,104578;
Anilin;2;30.08.2016 20:00;0,0917001;
Anilin;8;30.08.2016 20:00;0,0789093;
Natriumchlorid;4;30.08.2016 21:00;1,08849;
Natriumchlorid;6;30.08.2016 21:00;0,404353;
Natriumchlorid;7;30.08.2016 21:00;0,3618;
Natriumchlorid;1;30.08.2016 21:00;0,258384;
Natriumchlorid;8;30.08.2016 21:00;0,18978;
Natriumchlorid;5;30.08.2016 21:00;0,166251;
Natriumchlorid;9;30.08.2016 21:00;0,126955;
Natriumchlorid;2;30.08.2016 21:00;0,0293309;
Natriumchlorid;3;30.08.2016 21:00;0,0136159;
Arsen;4;30.08.2016 21:00;1,5172;
Arsen;3;30.08.2016 21:00;1,2613;
Arsen;8;30.08.2016 21:00;0,550951;
Arsen;7;30.08.2016 21:00;0,472485;
Arsen;5;30.08.2016 21:00;0,472386;
Arsen;6;30.08.2016 21:00;0,418762;
Arsen;9;30.08.2016 21:00;0,215998;
Arsen;2;30.08.2016 21:00;0,0687194;
Arsen;1;30.08.2016 21:00;0,0156427;
Benzol;4;30.08.2016 21:00;1,05962;
Benzol;6;30.08.2016 21:00;0,408057;
Benzol;2;30.08.2016 21:00;0,400689;
Benzol;3;30.08.2016 21:00;0,294167;
Benzol;7;30.08.2016 21:00;0,289335;
Benzol;9;30.08.2016 21:00;0,196248;
Benzol;5;30.08.2016 21:00;0,152301;
Benzol;8;30.08.2016 21:00;0,0472316;
Benzol;1;30.08.2016 21:00;0,0433817;
Anilin;3;30.08.2016 21:00;2,15056;
Anilin;4;30.08.2016 21:00;1,12724;
Anilin;2;30.08.2016 21:00;0,707564;
Anilin;6;30.08.2016 21:00;0,355786;
Anilin;8;30.08.2016 21:00;0,297833;
Anilin;9;30.08.2016 21:00;0,245783;
Anilin;5;30.08.2016 21:00;0,186955;
Anilin;1;30.08.2016 21:00;0,13795;
Anilin;7;30.08.2016 21:00;0,114842;
Natriumchlorid;4;30.08.2016 22:00;0,923418;
Natriumchlorid;9;30.08.2016 22:00;0,868162;
Natriumchlorid;8;30.08.2016 22:00;0,839461;
Natriumchlorid;3;30.08.2016 22:00;0,74744;
Natriumchlorid;6;30.08.2016 22:00;0,47431;
Natriumchlorid;5;30.08.2016 22:00;0,441597;
Natriumchlorid;7;30.08.2016 22:00;0,332095;
Natriumchlorid;2;30.08.2016 22:00;0,207512;
Natriumchlorid;1;30.08.2016 22:00;0,108218;
Arsen;4;30.08.2016 22:00;1,42207;
Arsen;3;30.08.2016 22:00;1,38062;
Arsen;5;30.08.2016 22:00;1,3456;
Arsen;9;30.08.2016 22:00;0,709198;
Arsen;7;30.08.2016 22:00;0,660047;
Arsen;2;30.08.2016 22:00;0,549948;
Arsen;6;30.08.2016 22:00;0,361834;
Arsen;1;30.08.2016 22:00;0,237383;
Arsen;8;30.08.2016 22:00;0,222243;
Benzol;7;30.08.2016 22:00;2,06322;
Benzol;4;30.08.2016 22:00;1,24244;
Benzol;5;30.08.2016 22:00;0,671725;
Benzol;6;30.08.2016 22:00;0,365396;
Benzol;8;30.08.2016 22:00;0,320706;
Benzol;3;30.08.2016 22:00;0,309938;
Benzol;2;30.08.2016 22:00;0,287676;
Benzol;1;30.08.2016 22:00;0,0920512;
Benzol;9;30.08.2016 22:00;0,0389961;
Anilin;3;30.08.2016 22:00;2,01521;
Anilin;4;30.08.2016 22:00;1,45194;
Anilin;5;30.08.2016 22:00;1,02161;
Anilin;7;30.08.2016 22:00;0,427981;
Anilin;6;30.08.2016 22:00;0,424965;
Anilin;9;30.08.2016 22:00;0,390248;
Anilin;8;30.08.2016 22:00;0,204293;
Anilin;2;30.08.2016 22:00;0,199924;
Anilin;1;30.08.2016 22:00;0,0626175;
Natriumchlorid;4;30.08.2016 23:00;0,904401;
Natriumchlorid;8;30.08.2016 23:00;0,662608;
Natriumchlorid;3;30.08.2016 23:00;0,641406;
Natriumchlorid;6;30.08.2016 23:00;0,535277;
Natriumchlorid;9;30.08.2016 23:00;0,528369;
Natriumchlorid;2;30.08.2016 23:00;0,344367;
Natriumchlorid;5;30.08.2016 23:00;0,253371;
Natriumchlorid;7;30.08.2016 23:00;0,123035;
Natriumchlorid;1;30.08.2016 23:00;0,0519446;
Arsen;3;30.08.2016 23:00;1,11574;
Arsen;4;30.08.2016 23:00;1,03808;
Arsen;8;30.08.2016 23:00;0,723164;
Arsen;2;30.08.2016 23:00;0,399787;
Arsen;5;30.08.2016 23:00;0,296958;
Arsen;9;30.08.2016 23:00;0,204449;
Arsen;7;30.08.2016 23:00;0,130789;
Arsen;1;30.08.2016 23:00;0,125362;
Arsen;6;30.08.2016 23:00;0,0848783;
Benzol;3;30.08.2016 23:00;5,10458;
Benzol;4;30.08.2016 23:00;1,11816;
Benzol;9;30.08.2016 23:00;0,656223;
Benzol;7;30.08.2016 23:00;0,423536;
Benzol;5;30.08.2016 23:00;0,379661;
Benzol;8;30.08.2016 23:00;0,369847;
Benzol;1;30.08.2016 23:00;0,335508;
Benzol;6;30.08.2016 23:00;0,212674;
Benzol;2;30.08.2016 23:00;0,0377856;
Anilin;5;30.08.2016 23:00;1,27506;
Anilin;4;30.08.2016 23:00;1,03293;
Anilin;6;30.08.2016 23:00;0,666879;
Anilin;3;30.08.2016 23:00;0,591341;
Anilin;7;30.08.2016 23:00;0,460524;
Anilin;8;30.08.2016 23:00;0,333803;
Anilin;1;30.08.2016 23:00;0,285212;
Anilin;9;30.08.2016 23:00;0,219848;
Anilin;2;30.08.2016 23:00;0,0420926;
Natriumchlorid;7;31.08.2016 00:00;2,59041;
Natriumchlorid;4;31.08.2016 00:00;1,2644;
Natriumchlorid;3;31.08.2016 00:00;0,654828;
Natriumchlorid;5;31.08.2016 00:00;0,606919;
Natriumchlorid;2;31.08.2016 00:00;0,413742;
Natriumchlorid;6;31.08.2016 00:00;0,324902;
Natriumchlorid;1;31.08.2016 00:00;0,183803;
Natriumchlorid;8;31.08.2016 00:00;0,142872;
Natriumchlorid;9;31.08.2016 00:00;0,124218;
Arsen;3;31.08.2016 00:00;1,27553;
Arsen;4;31.08.2016 00:00;1,20186;
Arsen;5;31.08.2016 00:00;1,14955;
Arsen;8;31.08.2016 00:00;1,03226;
Arsen;6;31.08.2016 00:00;0,619591;
Arsen;9;31.08.2016 00:00;0,26159;
Arsen;1;31.08.2016 00:00;0,128469;
Arsen;2;31.08.2016 00:00;0,126813;
Arsen;7;31.08.2016 00:00;0,105337;
Benzol;9;31.08.2016 00:00;1,16225;
Benzol;4;31.08.2016 00:00;1,15458;
Benzol;6;31.08.2016 00:00;0,702141;
Benzol;5;31.08.2016 00:00;0,614907;
Benzol;8;31.08.2016 00:00;0,463375;
Benzol;3;31.08.2016 00:00;0,332278;
Benzol;1;31.08.2016 00:00;0,187392;
Benzol;7;31.08.2016 00:00;0,135004;
Benzol;2;31.08.2016 00:00;0,109658;
Anilin;3;31.08.2016 00:00;1,87359;
Anilin;7;31.08.2016 00:00;1,70396;
Anilin;4;31.08.2016 00:00;1,2503;
Anilin;8;31.08.2016 00:00;0,667486;
Anilin;2;31.08.2016 00:00;0,663829;
Anilin;9;31.08.2016 00:00;0,576594;
Anilin;5;31.08.2016 00:00;0,137199;
Anilin;6;31.08.2016 00:00;0,0304602;
Anilin;1;31.08.2016 00:00;0,00889197;
Natriumchlorid;4;31.08.2016 01:00;1,05333;
Natriumchlorid;7;31.08.2016 01:00;0,939704;
Natriumchlorid;2;31.08.2016 01:00;0,50965;
Natriumchlorid;3;31.08.2016 01:00;0,456465;
Natriumchlorid;8;31.08.2016 01:00;0,305383;
Natriumchlorid;9;31.08.2016 01:00;0,277625;
Natriumchlorid;5;31.08.2016 01:00;0,164879;
Natriumchlorid;6;31.08.2016 01:00;0,14505;
Natriumchlorid;1;31.08.2016 01:00;0,0477429;
Arsen;3;31.08.2016 01:00;2,22876;
Arsen;4;31.08.2016 01:00;1,17969;
Arsen;2;31.08.2016 01:00;0,70809;
Arsen;6;31.08.2016 01:00;0,52397;
Arsen;9;31.08.2016 01:00;0,145696;
Arsen;1;31.08.2016 01:00;0,143306;
Arsen;8;31.08.2016 01:00;0,120023;
Arsen;5;31.08.2016 01:00;0,0713964;
Arsen;7;31.08.2016 01:00;0,0512617;
Benzol;5;31.08.2016 01:00;1,44935;
Benzol;4;31.08.2016 01:00;1,32161;
Benzol;3;31.08.2016 01:00;1,01686;
Benzol;8;31.08.2016 01:00;0,34575;
Benzol;2;31.08.2016 01:00;0,144514;
Benzol;6;31.08.2016 01:00;0,0759389;
Benzol;9;31.08.2016 01:00;0,0375031;
Benzol;1;31.08.2016 01:00;0,0287271;
Benzol;7;31.08.2016 01:00;0,0225843;
Anilin;4;31.08.2016 01:00;1,24115;
Anilin;5;31.08.2016 01:00;1,03295;
Anilin;9;31.08.2016 01:00;0,808587;
Anilin;8;31.08.2016 01:00;0,703412;
Anilin;7;31.08.2016 01:00;0,64839;
Anilin;6;31.08.2016 01:00;0,307408;
Anilin;3;31.08.2016 01:00;0,219437;
Anilin;1;31.08.2016 01:00;0,211152;
Anilin;2;31.08.2016 01:00;0,106925;
Natriumchlorid;7;31.08.2016 02:00;2,68691;
Natriumchlorid;4;31.08.2016 02:00;1,68154;
Natriumchlorid;6;31.08.2016 02:00;0,512168;
Natriumchlorid;1;31.08.2016 02:00;0,38586;
Natriumchlorid;3;31.08.2016 02:00;0,338276;
Natriumchlorid;9;31.08.2016 02:00;0,279291;
Natriumchlorid;5;31.08.2016 02:00;0,256962;
Natriumchlorid;8;31.08.2016 02:00;0,116218;
Natriumchlorid;2;31.08.2016 02:00;0,00538755;
Arsen;3;31.08.2016 02:00;2,92532;
Arsen;4;31.08.2016 02:00;1,20256;
Arsen;5;31.08.2016 02:00;0,870877;
Arsen;1;31.08.2016 02:00;0,771454;
Arsen;7;31.08.2016 02:00;0,571525;
Arsen;6;31.08.2016 02:00;0,555094;
Arsen;2;31.08.2016 02:00;0,503796;
Arsen;9;31.08.2016 02:00;0,0482854;
Arsen;8;31.08.2016 02:00;0,00557097;
Benzol;8;31.08.2016 02:00;1,62486;
Benzol;9;31.08.2016 02:00;1,3386;
Benzol;4;31.08.2016 02:00;1,07786;
Benzol;5;31.08.2016 02:00;0,98698;
Benzol;1;31.08.2016 02:00;0,617178;
Benzol;6;31.08.2016 02:00;0,604455;
Benzol;7;31.08.2016 02:00;0,502488;
Benzol;2;31.08.2016 02:00;0,442586;
Benzol;3;31.08.2016 02:00;0,290825;
Anilin;4;31.08.2016 02:00;1,51629;
Anilin;2;31.08.2016 02:00;1,08332;
Anilin;5;31.08.2016 02:00;0,847842;
Anilin;3;31.08.2016 02:00;0,664964;
Anilin;8;31.08.2016 02:00;0,568382;
Anilin;1;31.08.2016 02:00;0,358883;
Anilin;6;31.08.2016 02:00;0,326067;
Anilin;9;31.08.2016 02:00;0,0535267;
Anilin;7;31.08.2016 02:00;0,00777485;
Natriumchlorid;3;31.08.2016 03:00;2,49857;
Natriumchlorid;4;31.08.2016 03:00;1,42094;
Natriumchlorid;8;31.08.2016 03:00;0,575093;
Natriumchlorid;6;31.08.2016 03:00;0,478392;
Natriumchlorid;2;31.08.2016 03:00;0,421334;
Natriumchlorid;7;31.08.2016 03:00;0,368367;
Natriumchlorid;1;31.08.2016 03:00;0,353754;
Natriumchlorid;9;31.08.2016 03:00;0,207623;
Natriumchlorid;5;31.08.2016 03:00;0,0974271;
Arsen;3;31.08.2016 03:00;3,92569;
Arsen;4;31.08.2016 03:00;1,05805;
Arsen;6;31.08.2016 03:00;0,754004;
Arsen;7;31.08.2016 03:00;0,63835;
Arsen;8;31.08.2016 03:00;0,302959;
Arsen;2;31.08.2016 03:00;0,259421;
Arsen;9;31.08.2016 03:00;0,179449;
Arsen;1;31.08.2016 03:00;0,122648;
Arsen;5;31.08.2016 03:00;0,110691;
Benzol;3;31.08.2016 03:00;1,68958;
Benzol;4;31.08.2016 03:00;1,10754;
Benzol;5;31.08.2016 03:00;0,690786;
Benzol;6;31.08.2016 03:00;0,6849;
Benzol;9;31.08.2016 03:00;0,451192;
Benzol;1;31.08.2016 03:00;0,226415;
Benzol;2;31.08.2016 03:00;0,0674271;
Benzol;8;31.08.2016 03:00;0,0502911;
Benzol;7;31.08.2016 03:00;0,0352585;
Anilin;3;31.08.2016 03:00;1,80982;
Anilin;4;31.08.2016 03:00;0,929308;
Anilin;2;31.08.2016 03:00;0,746865;
Anilin;9;31.08.2016 03:00;0,558871;
Anilin;8;31.08.2016 03:00;0,502281;
Anilin;6;31.08.2016 03:00;0,357243;
Anilin;7;31.08.2016 03:00;0,165838;
Anilin;1;31.08.2016 03:00;0,125608;
Anilin;5;31.08.2016 03:00;0,00979471;
Natriumchlorid;4;31.08.2016 04:00;1,13115;
Natriumchlorid;7;31.08.2016 04:00;1,04617;
Natriumchlorid;9;31.08.2016 04:00;0,995304;
Natriumchlorid;3;31.08.2016 04:00;0,947699;
Natriumchlorid;2;31.08.2016 04:00;0,401383;
Natriumchlorid;1;31.08.2016 04:00;0,332597;
Natriumchlorid;5;31.08.2016 04:00;0,332202;
Natriumchlorid;6;31.08.2016 04:00;0,218201;
Natriumchlorid;8;31.08.2016 04:00;0,21638;
Arsen;3;31.08.2016 04:00;1,18955;
Arsen;4;31.08.2016 04:00;1,17233;
Arsen;2;31.08.2016 04:00;0,688048;
Arsen;5;31.08.2016 04:00;0,645307;
Arsen;8;31.08.2016 04:00;0,51549;
Arsen;6;31.08.2016 04:00;0,41678;
Arsen;7;31.08.2016 04:00;0,367607;
Arsen;1;31.08.2016 04:00;0,240521;
Arsen;9;31.08.2016 04:00;0,106982;
Benzol;4;31.08.2016 04:00;0,882257;
Benzol;2;31.08.2016 04:00;0,752052;
Benzol;5;31.08.2016 04:00;0,67587;
Benzol;8;31.08.2016 04:00;0,672558;
Benzol;6;31.08.2016 04:00;0,634147;
Benzol;7;31.08.2016 04:00;0,25706;
Benzol;9;31.08.2016 04:00;0,169901;
Benzol;1;31.08.2016 04:00;0,119207;
Benzol;3;31.08.2016 04:00;0,0694382;
Anilin;4;31.08.2016 04:00;1,15774;
Anilin;3;31.08.2016 04:00;0,835245;
Anilin;7;31.08.2016 04:00;0,720108;
Anilin;2;31.08.2016 04:00;0,623743;
Anilin;9;31.08.2016 04:00;0,619439;
Anilin;1;31.08.2016 04:00;0,450362;
Anilin;8;31.08.2016 04:00;0,407972;
Anilin;5;31.08.2016 04:00;0,248235;
Anilin;6;31.08.2016 04:00;0,119012;
Natriumchlorid;3;31.08.2016 05:00;3,02809;
Natriumchlorid;4;31.08.2016 05:00;0,804483;
Natriumchlorid;6;31.08.2016 05:00;0,712037;
Natriumchlorid;2;31.08.2016 05:00;0,647266;
Natriumchlorid;8;31.08.2016 05:00;0,523522;
Natriumchlorid;7;31.08.2016 05:00;0,300367;
Natriumchlorid;9;31.08.2016 05:00;0,114488;
Natriumchlorid;1;31.08.2016 05:00;0,104725;
Natriumchlorid;5;31.08.2016 05:00;0,0196338;
Arsen;3;31.08.2016 05:00;1,70033;
Arsen;4;31.08.2016 05:00;1,38971;
Arsen;6;31.08.2016 05:00;0,706326;
Arsen;8;31.08.2016 05:00;0,593537;
Arsen;5;31.08.2016 05:00;0,564738;
Arsen;9;31.08.2016 05:00;0,481666;
Arsen;1;31.08.2016 05:00;0,214064;
Arsen;2;31.08.2016 05:00;0,203275;
Arsen;7;31.08.2016 05:00;0,0151559;
Benzol;7;31.08.2016 05:00;2,32116;
Benzol;4;31.08.2016 05:00;1,536;
Benzol;3;31.08.2016 05:00;0,912642;
Benzol;6;31.08.2016 05:00;0,574004;
Benzol;1;31.08.2016 05:00;0,395279;
Benzol;9;31.08.2016 05:00;0,373045;
Benzol;5;31.08.2016 05:00;0,328051;
Benzol;2;31.08.2016 05:00;0,0517724;
Benzol;8;31.08.2016 05:00;0,0325875;
Anilin;4;31.08.2016 05:00;1,03073;
Anilin;2;31.08.2016 05:00;0,783199;
Anilin;9;31.08.2016 05:00;0,705195;
Anilin;8;31.08.2016 05:00;0,673524;
Anilin;3;31.08.2016 05:00;0,605044;
Anilin;5;31.08.2016 05:00;0,499145;
Anilin;6;31.08.2016 05:00;0,311543;
Anilin;1;31.08.2016 05:00;0,183358;
Anilin;7;31.08.2016 05:00;0,0207616;
Natriumchlorid;3;31.08.2016 06:00;1,38675;
Natriumchlorid;4;31.08.2016 06:00;1,14713;
Natriumchlorid;5;31.08.2016 06:00;0,804333;
Natriumchlorid;8;31.08.2016 06:00;0,65151;
Natriumchlorid;7;31.08.2016 06:00;0,556726;
Natriumchlorid;6;31.08.2016 06:00;0,517926;
Natriumchlorid;9;31.08.2016 06:00;0,398916;
Natriumchlorid;2;31.08.2016 06:00;0,26305;
Natriumchlorid;1;31.08.2016 06:00;0,0845765;
Arsen;4;31.08.2016 06:00;0,973978;
Arsen;8;31.08.2016 06:00;0,480824;
Arsen;2;31.08.2016 06:00;0,47212;
Arsen;9;31.08.2016 06:00;0,301021;
Arsen;3;31.08.2016 06:00;0,220761;
Arsen;5;31.08.2016 06:00;0,20595;
Arsen;7;31.08.2016 06:00;0,185786;
Arsen;6;31.08.2016 06:00;0,144705;
Arsen;1;31.08.2016 06:00;0,058824;
Benzol;4;31.08.2016 06:00;0,928195;
Benzol;3;31.08.2016 06:00;0,728294;
Benzol;6;31.08.2016 06:00;0,401691;
Benzol;5;31.08.2016 06:00;0,388488;
Benzol;7;31.08.2016 06:00;0,384442;
Benzol;9;31.08.2016 06:00;0,328647;
Benzol;8;31.08.2016 06:00;0,297182;
Benzol;2;31.08.2016 06:00;0,202463;
Benzol;1;31.08.2016 06:00;0,03321;
Anilin;3;31.08.2016 06:00;1,55223;
Anilin;4;31.08.2016 06:00;1,40037;
Anilin;9;31.08.2016 06:00;0,684302;
Anilin;6;31.08.2016 06:00;0,421961;
Anilin;2;31.08.2016 06:00;0,396259;
Anilin;1;31.08.2016 06:00;0,32076;
Anilin;5;31.08.2016 06:00;0,282068;
Anilin;7;31.08.2016 06:00;0,179172;
Anilin;8;31.08.2016 06:00;0,0632469;
Natriumchlorid;4;31.08.2016 07:00;1,43879;
Natriumchlorid;9;31.08.2016 07:00;1,16676;
Natriumchlorid;3;31.08.2016 07:00;0,575793;
Natriumchlorid;8;31.08.2016 07:00;0,47814;
Natriumchlorid;6;31.08.2016 07:00;0,446082;
Natriumchlorid;1;31.08.2016 07:00;0,281424;
Natriumchlorid;7;31.08.2016 07:00;0,276114;
Natriumchlorid;5;31.08.2016 07:00;0,21643;
Natriumchlorid;2;31.08.2016 07:00;0,026164;
Arsen;4;31.08.2016 07:00;1,3457;
Arsen;8;31.08.2016 07:00;1,03398;
Arsen;3;31.08.2016 07:00;0,975479;
Arsen;6;31.08.2016 07:00;0,509937;
Arsen;9;31.08.2016 07:00;0,409279;
Arsen;1;31.08.2016 07:00;0,362049;
Arsen;2;31.08.2016 07:00;0,360993;
Arsen;7;31.08.2016 07:00;0,265437;
Arsen;5;31.08.2016 07:00;0,0417708;
Benzol;4;31.08.2016 07:00;1,37481;
Benzol;9;31.08.2016 07:00;1,07468;
Benzol;6;31.08.2016 07:00;0,555176;
Benzol;3;31.08.2016 07:00;0,542982;
Benzol;5;31.08.2016 07:00;0,359497;
Benzol;1;31.08.2016 07:00;0,357732;
Benzol;8;31.08.2016 07:00;0,212735;
Benzol;7;31.08.2016 07:00;0,117282;
Benzol;2;31.08.2016 07:00;0,036691;
Anilin;3;31.08.2016 07:00;2,46699;
Anilin;4;31.08.2016 07:00;1,53675;
Anilin;9;31.08.2016 07:00;1,01047;
Anilin;5;31.08.2016 07:00;0,799627;
Anilin;1;31.08.2016 07:00;0,25628;
Anilin;8;31.08.2016 07:00;0,252985;
Anilin;6;31.08.2016 07:00;0,212745;
Anilin;7;31.08.2016 07:00;0,152538;
Anilin;2;31.08.2016 07:00;0,116176;
Natriumchlorid;3;31.08.2016 08:00;1,34613;
Natriumchlorid;4;31.08.2016 08:00;1,00892;
Natriumchlorid;2;31.08.2016 08:00;0,705381;
Natriumchlorid;5;31.08.2016 08:00;0,441553;
Natriumchlorid;8;31.08.2016 08:00;0,380516;
Natriumchlorid;7;31.08.2016 08:00;0,218363;
Natriumchlorid;9;31.08.2016 08:00;0,135964;
Natriumchlorid;6;31.08.2016 08:00;0,135787;
Natriumchlorid;1;31.08.2016 08:00;0,0674411;
Arsen;4;31.08.2016 08:00;1,292;
Arsen;2;31.08.2016 08:00;1,13269;
Arsen;7;31.08.2016 08:00;1,08988;
Arsen;8;31.08.2016 08:00;0,621441;
Arsen;1;31.08.2016 08:00;0,394738;
Arsen;6;31.08.2016 08:00;0,381714;
Arsen;9;31.08.2016 08:00;0,375152;
Arsen;5;31.08.2016 08:00;0,283459;
Arsen;3;31.08.2016 08:00;0,154525;
Benzol;4;31.08.2016 08:00;1,42403;
Benzol;2;31.08.2016 08:00;0,752607;
Benzol;8;31.08.2016 08:00;0,743872;
Benzol;9;31.08.2016 08:00;0,705785;
Benzol;6;31.08.2016 08:00;0,578516;
Benzol;5;31.08.2016 08:00;0,416095;
Benzol;3;31.08.2016 08:00;0,380374;
Benzol;7;31.08.2016 08:00;0,203378;
Benzol;1;31.08.2016 08:00;0,171747;
Anilin;4;31.08.2016 08:00;0,959607;
Anilin;8;31.08.2016 08:00;0,931161;
Anilin;3;31.08.2016 08:00;0,86693;
Anilin;5;31.08.2016 08:00;0,583218;
Anilin;9;31.08.2016 08:00;0,42126;
Anilin;6;31.08.2016 08:00;0,327081;
Anilin;2;31.08.2016 08:00;0,307475;
Anilin;7;31.08.2016 08:00;0,179401;
Anilin;1;31.08.2016 08:00;0,156021;
Natriumchlorid;3;31.08.2016 09:00;1,87634;
Natriumchlorid;4;31.08.2016 09:00;1,21426;
Natriumchlorid;8;31.08.2016 09:00;0,636254;
Natriumchlorid;5;31.08.2016 09:00;0,580585;
Natriumchlorid;6;31.08.2016 09:00;0,129117;
Natriumchlorid;9;31.08.2016 09:00;0,122732;
Natriumchlorid;1;31.08.2016 09:00;0,113648;
Natriumchlorid;7;31.08.2016 09:00;0,0746976;
Natriumchlorid;2;31.08.2016 09:00;0,0672974;
Arsen;4;31.08.2016 09:00;1,19673;
Arsen;5;31.08.2016 09:00;0,788165;
Arsen;6;31.08.2016 09:00;0,630482;
Arsen;7;31.08.2016 09:00;0,490442;
Arsen;8;31.08.2016 09:00;0,448635;
Arsen;3;31.08.2016 09:00;0,431562;
Arsen;9;31.08.2016 09:00;0,426755;
Arsen;2;31.08.2016 09:00;0,0636063;
Arsen;1;31.08.2016 09:00;0,0155539;
Benzol;7;31.08.2016 09:00;1,49697;
Benzol;3;31.08.2016 09:00;1,4278;
Benzol;4;31.08.2016 09:00;1,19728;
Benzol;8;31.08.2016 09:00;0,799327;
Benzol;6;31.08.2016 09:00;0,648332;
Benzol;9;31.08.2016 09:00;0,365976;
Benzol;2;31.08.2016 09:00;0,354506;
Benzol;1;31.08.2016 09:00;0,0990652;
Benzol;5;31.08.2016 09:00;0,0385889;
Anilin;3;31.08.2016 09:00;4,59381;
Anilin;4;31.08.2016 09:00;1,33938;
Anilin;7;31.08.2016 09:00;0,498986;
Anilin;2;31.08.2016 09:00;0,426669;
Anilin;8;31.08.2016 09:00;0,314172;
Anilin;1;31.08.2016 09:00;0,285162;
Anilin;6;31.08.2016 09:00;0,270154;
Anilin;9;31.08.2016 09:00;0,0376551;
Anilin;5;31.08.2016 09:00;0,0154325;
Natriumchlorid;3;31.08.2016 10:00;1,43829;
Natriumchlorid;4;31.08.2016 10:00;1,37445;
Natriumchlorid;7;31.08.2016 10:00;0,75956;
Natriumchlorid;9;31.08.2016 10:00;0,594139;
Natriumchlorid;6;31.08.2016 10:00;0,525923;
Natriumchlorid;5;31.08.2016 10:00;0,49946;
Natriumchlorid;8;31.08.2016 10:00;0,454034;
Natriumchlorid;1;31.08.2016 10:00;0,0551814;
Natriumchlorid;2;31.08.2016 10:00;0,0087651;
Arsen;7;31.08.2016 10:00;1,53427;
Arsen;4;31.08.2016 10:00;1,32201;
Arsen;5;31.08.2016 10:00;1,27831;
Arsen;2;31.08.2016 10:00;0,55408;
Arsen;6;31.08.2016 10:00;0,453848;
Arsen;8;31.08.2016 10:00;0,304502;
Arsen;1;31.08.2016 10:00;0,175821;
Arsen;3;31.08.2016 10:00;0,152995;
Arsen;9;31.08.2016 10:00;0,0873674;
Benzol;7;31.08.2016 10:00;2,15661;
Benzol;8;31.08.2016 10:00;1,37819;
Benzol;4;31.08.2016 10:00;1,18442;
Benzol;9;31.08.2016 10:00;1,09185;
Benzol;3;31.08.2016 10:00;0,79296;
Benzol;2;31.08.2016 10:00;0,650136;
Benzol;1;31.08.2016 10:00;0,529169;
Benzol;6;31.08.2016 10:00;0,408456;
Benzol;5;31.08.2016 10:00;0,0813366;
Anilin;3;31.08.2016 10:00;2,54069;
Anilin;9;31.08.2016 10:00;0,929287;
Anilin;4;31.08.2016 10:00;0,898623;
Anilin;7;31.08.2016 10:00;0,81896;
Anilin;8;31.08.2016 10:00;0,362261;
Anilin;6;31.08.2016 10:00;0,361398;
Anilin;1;31.08.2016 10:00;0,314791;
Anilin;5;31.08.2016 10:00;0,283704;
Anilin;2;31.08.2016 10:00;0,208737;
Natriumchlorid;3;31.08.2016 11:00;1,52908;
Natriumchlorid;4;31.08.2016 11:00;1,12826;
Natriumchlorid;8;31.08.2016 11:00;0,873001;
Natriumchlorid;1;31.08.2016 11:00;0,709404;
Natriumchlorid;9;31.08.2016 11:00;0,657751;
Natriumchlorid;6;31.08.2016 11:00;0,486672;
Natriumchlorid;7;31.08.2016 11:00;0,426997;
Natriumchlorid;5;31.08.2016 11:00;0,0398063;
Natriumchlorid;2;31.08.2016 11:00;0,00677285;
Arsen;5;31.08.2016 11:00;0,968148;
Arsen;4;31.08.2016 11:00;0,964359;
Arsen;9;31.08.2016 11:00;0,909594;
Arsen;6;31.08.2016 11:00;0,658895;
Arsen;2;31.08.2016 11:00;0,469902;
Arsen;1;31.08.2016 11:00;0,397759;
Arsen;3;31.08.2016 11:00;0,281365;
Arsen;8;31.08.2016 11:00;0,169885;
Arsen;7;31.08.2016 11:00;0,0533052;
Benzol;3;31.08.2016 11:00;5,15125;
Benzol;4;31.08.2016 11:00;1,32183;
Benzol;8;31.08.2016 11:00;0,766987;
Benzol;5;31.08.2016 11:00;0,471155;
Benzol;7;31.08.2016 11:00;0,374287;
Benzol;6;31.08.2016 11:00;0,245958;
Benzol;1;31.08.2016 11:00;0,220761;
Benzol;9;31.08.2016 11:00;0,192862;
Benzol;2;31.08.2016 11:00;0,0147468;
Anilin;4;31.08.2016 11:00;1,09575;
Anilin;6;31.08.2016 11:00;0,693428;
Anilin;3;31.08.2016 11:00;0,42832;
Anilin;8;31.08.2016 11:00;0,338091;
Anilin;5;31.08.2016 11:00;0,283096;
Anilin;7;31.08.2016 11:00;0,237107;
Anilin;2;31.08.2016 11:00;0,195667;
Anilin;9;31.08.2016 11:00;0,16797;
Anilin;1;31.08.2016 11:00;0,166281;
Natriumchlorid;4;31.08.2016 12:00;1,2996;
Natriumchlorid;9;31.08.2016 12:00;0,747829;
Natriumchlorid;2;31.08.2016 12:00;0,741767;
Natriumchlorid;3;31.08.2016 12:00;0,39198;
Natriumchlorid;7;31.08.2016 12:00;0,270988;
Natriumchlorid;6;31.08.2016 12:00;0,16934;
Natriumchlorid;8;31.08.2016 12:00;0,15561;
Natriumchlorid;5;31.08.2016 12:00;0,148198;
Natriumchlorid;1;31.08.2016 12:00;0,0121933;
Arsen;4;31.08.2016 12:00;1,35275;
Arsen;5;31.08.2016 12:00;0,789323;
Arsen;8;31.08.2016 12:00;0,785222;
Arsen;3;31.08.2016 12:00;0,659026;
Arsen;9;31.08.2016 12:00;0,479196;
Arsen;7;31.08.2016 12:00;0,310614;
Arsen;2;31.08.2016 12:00;0,250917;
Arsen;6;31.08.2016 12:00;0,18989;
Arsen;1;31.08.2016 12:00;0,0261746;
Benzol;4;31.08.2016 12:00;1,21155;
Benzol;3;31.08.2016 12:00;1,11355;
Benzol;7;31.08.2016 12:00;0,645256;
Benzol;1;31.08.2016 12:00;0,604563;
Benzol;9;31.08.2016 12:00;0,596079;
Benzol;5;31.08.2016 12:00;0,56112;
Benzol;8;31.08.2016 12:00;0,0584763;
Benzol;2;31.08.2016 12:00;0,0564817;
Benzol;6;31.08.2016 12:00;0,0563565;
Anilin;4;31.08.2016 12:00;1,17504;
Anilin;5;31.08.2016 12:00;0,836464;
Anilin;3;31.08.2016 12:00;0,754378;
Anilin;7;31.08.2016 12:00;0,50151;
Anilin;1;31.08.2016 12:00;0,458084;
Anilin;6;31.08.2016 12:00;0,44723;
Anilin;2;31.08.2016 12:00;0,407171;
Anilin;8;31.08.2016 12:00;0,289254;
Anilin;9;31.08.2016 12:00;0,00269431;
Natriumchlorid;9;31.08.2016 13:00;1,03351;
Natriumchlorid;4;31.08.2016 13:00;0,977677;
Natriumchlorid;3;31.08.2016 13:00;0,764389;
Natriumchlorid;7;31.08.2016 13:00;0,700637;
Natriumchlorid;5;31.08.2016 13:00;0,5673;
Natriumchlorid;6;31.08.2016 13:00;0,317528;
Natriumchlorid;8;31.08.2016 13:00;0,312136;
Natriumchlorid;2;31.08.2016 13:00;0,24103;
Natriumchlorid;1;31.08.2016 13:00;0,236967;
Arsen;3;31.08.2016 13:00;2,39587;
Arsen;7;31.08.2016 13:00;1,33009;
Arsen;4;31.08.2016 13:00;1,10695;
Arsen;8;31.08.2016 13:00;0,531184;
Arsen;1;31.08.2016 13:00;0,435763;
Arsen;9;31.08.2016 13:00;0,305719;
Arsen;2;31.08.2016 13:00;0,260073;
Arsen;5;31.08.2016 13:00;0,24142;
Arsen;6;31.08.2016 13:00;0,0914303;
Benzol;4;31.08.2016 13:00;1,28146;
Benzol;9;31.08.2016 13:00;0,875697;
Benzol;2;31.08.2016 13:00;0,514712;
Benzol;8;31.08.2016 13:00;0,334516;
Benzol;5;31.08.2016 13:00;0,307196;
Benzol;3;31.08.2016 13:00;0,303567;
Benzol;1;31.08.2016 13:00;0,226214;
Benzol;7;31.08.2016 13:00;0,161458;
Benzol;6;31.08.2016 13:00;0,0617216;
Anilin;4;31.08.2016 13:00;1,26038;
Anilin;7;31.08.2016 13:00;0,988579;
Anilin;2;31.08.2016 13:00;0,430558;
Anilin;3;31.08.2016 13:00;0,300475;
Anilin;9;31.08.2016 13:00;0,265559;
Anilin;1;31.08.2016 13:00;0,235785;
Anilin;8;31.08.2016 13:00;0,145387;
Anilin;6;31.08.2016 13:00;0,0729466;
Anilin;5;31.08.2016 13:00;0,0562843;
Natriumchlorid;3;31.08.2016 14:00;2,35333;
Natriumchlorid;4;31.08.2016 14:00;1,09535;
Natriumchlorid;9;31.08.2016 14:00;0,913751;
Natriumchlorid;8;31.08.2016 14:00;0,639907;
Natriumchlorid;5;31.08.2016 14:00;0,435286;
Natriumchlorid;6;31.08.2016 14:00;0,378039;
Natriumchlorid;1;31.08.2016 14:00;0,186626;
Natriumchlorid;7;31.08.2016 14:00;0,179017;
Natriumchlorid;2;31.08.2016 14:00;0,0232264;
Arsen;3;31.08.2016 14:00;1,44616;
Arsen;4;31.08.2016 14:00;1,26366;
Arsen;8;31.08.2016 14:00;1,03875;
Arsen;9;31.08.2016 14:00;0,831127;
Arsen;7;31.08.2016 14:00;0,645968;
Arsen;6;31.08.2016 14:00;0,445956;
Arsen;2;31.08.2016 14:00;0,3522;
Arsen;5;31.08.2016 14:00;0,134452;
Arsen;1;31.08.2016 14:00;0,0422891;
Benzol;3;31.08.2016 14:00;1,99363;
Benzol;4;31.08.2016 14:00;1,41781;
Benzol;9;31.08.2016 14:00;0,616804;
Benzol;6;31.08.2016 14:00;0,558359;
Benzol;8;31.08.2016 14:00;0,526768;
Benzol;7;31.08.2016 14:00;0,257805;
Benzol;5;31.08.2016 14:00;0,145962;
Benzol;2;31.08.2016 14:00;0,0111342;
Benzol;1;31.08.2016 14:00;0,0059734;
Anilin;4;31.08.2016 14:00;0,889044;
Anilin;6;31.08.2016 14:00;0,740278;
Anilin;2;31.08.2016 14:00;0,569605;
Anilin;9;31.08.2016 14:00;0,514419;
Anilin;8;31.08.2016 14:00;0,478733;
Anilin;3;31.08.2016 14:00;0,444163;
Anilin;1;31.08.2016 14:00;0,313981;
Anilin;7;31.08.2016 14:00;0,230556;
Anilin;5;31.08.2016 14:00;0,124679;
Natriumchlorid;4;31.08.2016 15:00;1,25928;
Natriumchlorid;9;31.08.2016 15:00;0,849458;
Natriumchlorid;3;31.08.2016 15:00;0,581012;
Natriumchlorid;1;31.08.2016 15:00;0,233936;
Natriumchlorid;5;31.08.2016 15:00;0,149296;
Natriumchlorid;7;31.08.2016 15:00;0,107589;
Natriumchlorid;8;31.08.2016 15:00;0,104726;
Natriumchlorid;6;31.08.2016 15:00;0,0288352;
Natriumchlorid;2;31.08.2016 15:00;0,0235589;
Arsen;4;31.08.2016 15:00;1,12801;
Arsen;6;31.08.2016 15:00;1,01584;
Arsen;8;31.08.2016 15:00;0,688803;
Arsen;1;31.08.2016 15:00;0,446001;
Arsen;7;31.08.2016 15:00;0,384103;
Arsen;9;31.08.2016 15:00;0,288422;
Arsen;3;31.08.2016 15:00;0,266985;
Arsen;2;31.08.2016 15:00;0,264925;
Arsen;5;31.08.2016 15:00;0,199613;
Benzol;3;31.08.2016 15:00;2,90015;
Benzol;4;31.08.2016 15:00;1,36759;
Benzol;9;31.08.2016 15:00;0,918069;
Benzol;5;31.08.2016 15:00;0,707411;
Benzol;1;31.08.2016 15:00;0,273917;
Benzol;2;31.08.2016 15:00;0,269875;
Benzol;6;31.08.2016 15:00;0,194536;
Benzol;7;31.08.2016 15:00;0,155611;
Benzol;8;31.08.2016 15:00;0,12415;
Anilin;3;31.08.2016 15:00;3,29379;
Anilin;5;31.08.2016 15:00;1,08548;
Anilin;4;31.08.2016 15:00;1,07021;
Anilin;7;31.08.2016 15:00;0,964293;
Anilin;8;31.08.2016 15:00;0,479544;
Anilin;2;31.08.2016 15:00;0,281074;
Anilin;1;31.08.2016 15:00;0,270016;
Anilin;9;31.08.2016 15:00;0,241227;
Anilin;6;31.08.2016 15:00;0,145842;
Natriumchlorid;3;31.08.2016 16:00;2,84532;
Natriumchlorid;4;31.08.2016 16:00;1,30432;
Natriumchlorid;7;31.08.2016 16:00;0,980641;
Natriumchlorid;6;31.08.2016 16:00;0,570765;
Natriumchlorid;5;31.08.2016 16:00;0,35232;
Natriumchlorid;9;31.08.2016 16:00;0,346413;
Natriumchlorid;2;31.08.2016 16:00;0,296537;
Natriumchlorid;8;31.08.2016 16:00;0,271204;
Natriumchlorid;1;31.08.2016 16:00;0,0261377;
Arsen;4;31.08.2016 16:00;1,5634;
Arsen;3;31.08.2016 16:00;1,30829;
Arsen;5;31.08.2016 16:00;1,22013;
Arsen;8;31.08.2016 16:00;0,659956;
Arsen;7;31.08.2016 16:00;0,482272;
Arsen;6;31.08.2016 16:00;0,238841;
Arsen;2;31.08.2016 16:00;0,232333;
Arsen;1;31.08.2016 16:00;0,126705;
Arsen;9;31.08.2016 16:00;0,0842316;
Benzol;3;31.08.2016 16:00;3,60658;
Benzol;4;31.08.2016 16:00;1,34548;
Benzol;5;31.08.2016 16:00;0,739384;
Benzol;9;31.08.2016 16:00;0,575943;
Benzol;2;31.08.2016 16:00;0,491989;
Benzol;1;31.08.2016 16:00;0,395334;
Benzol;6;31.08.2016 16:00;0,382682;
Benzol;8;31.08.2016 16:00;0,301193;
Benzol;7;31.08.2016 16:00;0,0868159;
Anilin;7;31.08.2016 16:00;4,37151;
Anilin;4;31.08.2016 16:00;1,55615;
Anilin;5;31.08.2016 16:00;1,07256;
Anilin;3;31.08.2016 16:00;0,670711;
Anilin;6;31.08.2016 16:00;0,531475;
Anilin;8;31.08.2016 16:00;0,450639;
Anilin;9;31.08.2016 16:00;0,235351;
Anilin;1;31.08.2016 16:00;0,203986;
Anilin;2;31.08.2016 16:00;0,149793;
Natriumchlorid;3;31.08.2016 17:00;4,7782;
Natriumchlorid;4;31.08.2016 17:00;1,43182;
Natriumchlorid;9;31.08.2016 17:00;1,29722;
Natriumchlorid;8;31.08.2016 17:00;1,03592;
Natriumchlorid;6;31.08.2016 17:00;0,612489;
Natriumchlorid;2;31.08.2016 17:00;0,192932;
Natriumchlorid;5;31.08.2016 17:00;0,184824;
Natriumchlorid;1;31.08.2016 17:00;0,087886;
Natriumchlorid;7;31.08.2016 17:00;0,0253203;
Arsen;3;31.08.2016 17:00;1,48975;
Arsen;4;31.08.2016 17:00;1,0497;
Arsen;5;31.08.2016 17:00;0,768663;
Arsen;6;31.08.2016 17:00;0,688968;
Arsen;9;31.08.2016 17:00;0,450779;
Arsen;8;31.08.2016 17:00;0,166695;
Arsen;2;31.08.2016 17:00;0,164566;
Arsen;7;31.08.2016 17:00;0,088911;
Arsen;1;31.08.2016 17:00;0,0164861;
Benzol;4;31.08.2016 17:00;1,25271;
Benzol;8;31.08.2016 17:00;0,665804;
Benzol;3;31.08.2016 17:00;0,591014;
Benzol;9;31.08.2016 17:00;0,416403;
Benzol;5;31.08.2016 17:00;0,310708;
Benzol;6;31.08.2016 17:00;0,268582;
Benzol;2;31.08.2016 17:00;0,266166;
Benzol;7;31.08.2016 17:00;0,189363;
Benzol;1;31.08.2016 17:00;0,0976728;
Anilin;4;31.08.2016 17:00;1,24284;
Anilin;8;31.08.2016 17:00;1,19212;
Anilin;3;31.08.2016 17:00;1,10634;
Anilin;5;31.08.2016 17:00;0,846878;
Anilin;6;31.08.2016 17:00;0,650027;
Anilin;2;31.08.2016 17:00;0,484176;
Anilin;9;31.08.2016 17:00;0,327192;
Anilin;1;31.08.2016 17:00;0,075603;
Anilin;7;31.08.2016 17:00;0,0200723;
Natriumchlorid;4;31.08.2016 18:00;1,263;
Natriumchlorid;7;31.08.2016 18:00;0,917385;
Natriumchlorid;5;31.08.2016 18:00;0,787426;
Natriumchlorid;8;31.08.2016 18:00;0,653975;
Natriumchlorid;6;31.08.2016 18:00;0,612651;
Natriumchlorid;1;31.08.2016 18:00;0,467664;
Natriumchlorid;2;31.08.2016 18:00;0,330344;
Natriumchlorid;9;31.08.2016 18:00;0,253658;
Natriumchlorid;3;31.08.2016 18:00;0,204494;
Arsen;3;31.08.2016 18:00;1,85422;
Arsen;4;31.08.2016 18:00;0,93416;
Arsen;6;31.08.2016 18:00;0,423393;
Arsen;7;31.08.2016 18:00;0,316407;
Arsen;9;31.08.2016 18:00;0,279291;
Arsen;5;31.08.2016 18:00;0,277881;
Arsen;8;31.08.2016 18:00;0,0229387;
Arsen;1;31.08.2016 18:00;0,0211188;
Arsen;2;31.08.2016 18:00;0,0159042;
Benzol;4;31.08.2016 18:00;1,40417;
Benzol;3;31.08.2016 18:00;1,29648;
Benzol;2;31.08.2016 18:00;0,69799;
Benzol;9;31.08.2016 18:00;0,586821;
Benzol;5;31.08.2016 18:00;0,519779;
Benzol;6;31.08.2016 18:00;0,459423;
Benzol;1;31.08.2016 18:00;0,41867;
Benzol;8;31.08.2016 18:00;0,107012;
Benzol;7;31.08.2016 18:00;0,0740086;
Anilin;4;31.08.2016 18:00;1,4199;
Anilin;3;31.08.2016 18:00;0,915653;
Anilin;6;31.08.2016 18:00;0,630898;
Anilin;9;31.08.2016 18:00;0,614472;
Anilin;2;31.08.2016 18:00;0,315745;
Anilin;8;31.08.2016 18:00;0,285242;
Anilin;7;31.08.2016 18:00;0,227478;
Anilin;1;31.08.2016 18:00;0,182544;
Anilin;5;31.08.2016 18:00;0,042426;
Natriumchlorid;4;31.08.2016 19:00;1,02391;
Natriumchlorid;3;31.08.2016 19:00;0,996522;
Natriumchlorid;6;31.08.2016 19:00;0,403588;
Natriumchlorid;1;31.08.2016 19:00;0,372423;
Natriumchlorid;9;31.08.2016 19:00;0,340745;
Natriumchlorid;5;31.08.2016 19:00;0,284438;
Natriumchlorid;2;31.08.2016 19:00;0,27839;
Natriumchlorid;8;31.08.2016 19:00;0,0436815;
Natriumchlorid;7;31.08.2016 19:00;0,00769623;
Arsen;3;31.08.2016 19:00;1,97676;
Arsen;4;31.08.2016 19:00;1,46978;
Arsen;7;31.08.2016 19:00;1,25441;
Arsen;9;31.08.2016 19:00;0,62417;
Arsen;2;31.08.2016 19:00;0,55863;
Arsen;6;31.08.2016 19:00;0,366871;
Arsen;1;31.08.2016 19:00;0,299616;
Arsen;8;31.08.2016 19:00;0,280291;
Arsen;5;31.08.2016 19:00;0,274725;
Benzol;3;31.08.2016 19:00;1,39319;
Benzol;4;31.08.2016 19:00;1,27876;
Benzol;5;31.08.2016 19:00;0,485421;
Benzol;9;31.08.2016 19:00;0,436499;
Benzol;6;31.08.2016 19:00;0,425628;
Benzol;2;31.08.2016 19:00;0,41466;
Benzol;1;31.08.2016 19:00;0,346995;
Benzol;8;31.08.2016 19:00;0,187211;
Benzol;7;31.08.2016 19:00;0,107269;
Anilin;3;31.08.2016 19:00;1,58323;
Anilin;4;31.08.2016 19:00;1,03573;
Anilin;6;31.08.2016 19:00;0,687069;
Anilin;2;31.08.2016 19:00;0,630726;
Anilin;8;31.08.2016 19:00;0,598193;
Anilin;9;31.08.2016 19:00;0,289213;
Anilin;7;31.08.2016 19:00;0,272664;
Anilin;1;31.08.2016 19:00;0,188343;
Anilin;5;31.08.2016 19:00;0,0646325;
Natriumchlorid;3;31.08.2016 20:00;2,30499;
Natriumchlorid;4;31.08.2016 20:00;1,03816;
Natriumchlorid;6;31.08.2016 20:00;0,635426;
Natriumchlorid;5;31.08.2016 20:00;0,47348;
Natriumchlorid;1;31.08.2016 20:00;0,250982;
Natriumchlorid;2;31.08.2016 20:00;0,247155;
Natriumchlorid;9;31.08.2016 20:00;0,21354;
Natriumchlorid;8;31.08.2016 20:00;0,115036;
Natriumchlorid;7;31.08.2016 20:00;0,0291536;
Arsen;4;31.08.2016 20:00;1,32146;
Arsen;3;31.08.2016 20:00;1,05795;
Arsen;7;31.08.2016 20:00;0,813791;
Arsen;9;31.08.2016 20:00;0,594753;
Arsen;6;31.08.2016 20:00;0,42053;
Arsen;8;31.08.2016 20:00;0,401515;
Arsen;2;31.08.2016 20:00;0,369587;
Arsen;1;31.08.2016 20:00;0,344302;
Arsen;5;31.08.2016 20:00;0,0595694;
Benzol;4;31.08.2016 20:00;1,22195;
Benzol;3;31.08.2016 20:00;0,586435;
Benzol;7;31.08.2016 20:00;0,560349;
Benzol;5;31.08.2016 20:00;0,441769;
Benzol;6;31.08.2016 20:00;0,233167;
Benzol;9;31.08.2016 20:00;0,221257;
Benzol;1;31.08.2016 20:00;0,111476;
Benzol;8;31.08.2016 20:00;0,105168;
Benzol;2;31.08.2016 20:00;0,0531484;
Anilin;4;31.08.2016 20:00;1,24996;
Anilin;2;31.08.2016 20:00;0,689728;
Anilin;7;31.08.2016 20:00;0,68964;
Anilin;3;31.08.2016 20:00;0,668237;
Anilin;1;31.08.2016 20:00;0,593802;
Anilin;5;31.08.2016 20:00;0,579144;
Anilin;9;31.08.2016 20:00;0,203557;
Anilin;6;31.08.2016 20:00;0,151071;
Anilin;8;31.08.2016 20:00;0,136253;
Natriumchlorid;3;31.08.2016 21:00;2,20925;
Natriumchlorid;4;31.08.2016 21:00;1,23695;
Natriumchlorid;5;31.08.2016 21:00;1,19936;
Natriumchlorid;1;31.08.2016 21:00;0,663831;
Natriumchlorid;8;31.08.2016 21:00;0,658182;
Natriumchlorid;9;31.08.2016 21:00;0,626914;
Natriumchlorid;6;31.08.2016 21:00;0,554763;
Natriumchlorid;2;31.08.2016 21:00;0,443433;
Natriumchlorid;7;31.08.2016 21:00;0,0282155;
Arsen;4;31.08.2016 21:00;1,3674;
Arsen;3;31.08.2016 21:00;1,00609;
Arsen;9;31.08.2016 21:00;0,864251;
Arsen;6;31.08.2016 21:00;0,710495;
Arsen;7;31.08.2016 21:00;0,684339;
Arsen;8;31.08.2016 21:00;0,428435;
Arsen;2;31.08.2016 21:00;0,293138;
Arsen;1;31.08.2016 21:00;0,287631;
Arsen;5;31.08.2016 21:00;0,0527892;
Benzol;4;31.08.2016 21:00;1,18525;
Benzol;5;31.08.2016 21:00;0,42578;
Benzol;6;31.08.2016 21:00;0,344198;
Benzol;3;31.08.2016 21:00;0,108277;
Benzol;1;31.08.2016 21:00;0,040802;
Benzol;7;31.08.2016 21:00;0,037843;
Benzol;2;31.08.2016 21:00;0,0313891;
Benzol;9;31.08.2016 21:00;0,0157755;
Benzol;8;31.08.2016 21:00;0,0114566;
Anilin;4;31.08.2016 21:00;1,21074;
Anilin;5;31.08.2016 21:00;1,15663;
Anilin;3;31.08.2016 21:00;0,741957;
Anilin;8;31.08.2016 21:00;0,445369;
Anilin;6;31.08.2016 21:00;0,319639;
Anilin;2;31.08.2016 21:00;0,311255;
Anilin;7;31.08.2016 21:00;0,147464;
Anilin;9;31.08.2016 21:00;0,114778;
Anilin;1;31.08.2016 21:00;0,0726551;
Natriumchlorid;4;31.08.2016 22:00;1,11566;
Natriumchlorid;6;31.08.2016 22:00;0,567832;
Natriumchlorid;3;31.08.2016 22:00;0,527469;
Natriumchlorid;9;31.08.2016 22:00;0,491596;
Natriumchlorid;5;31.08.2016 22:00;0,488405;
Natriumchlorid;1;31.08.2016 22:00;0,304058;
Natriumchlorid;7;31.08.2016 22:00;0,175365;
Natriumchlorid;2;31.08.2016 22:00;0,0970446;
Natriumchlorid;8;31.08.2016 22:00;0,00639043;
Arsen;4;31.08.2016 22:00;1,63722;
Arsen;3;31.08.2016 22:00;1,57478;
Arsen;8;31.08.2016 22:00;0,62602;
Arsen;2;31.08.2016 22:00;0,390344;
Arsen;5;31.08.2016 22:00;0,32952;
Arsen;6;31.08.2016 22:00;0,287546;
Arsen;1;31.08.2016 22:00;0,163858;
Arsen;7;31.08.2016 22:00;0,129536;
Arsen;9;31.08.2016 22:00;0,0524047;
Benzol;4;31.08.2016 22:00;1,07275;
Benzol;9;31.08.2016 22:00;0,388357;
Benzol;8;31.08.2016 22:00;0,374846;
Benzol;6;31.08.2016 22:00;0,322945;
Benzol;5;31.08.2016 22:00;0,285271;
Benzol;2;31.08.2016 22:00;0,217187;
Benzol;3;31.08.2016 22:00;0,148035;
Benzol;7;31.08.2016 22:00;0,143255;
Benzol;1;31.08.2016 22:00;0,0656635;
Anilin;3;31.08.2016 22:00;1,48399;
Anilin;4;31.08.2016 22:00;1,32836;
Anilin;9;31.08.2016 22:00;1,0282;
Anilin;6;31.08.2016 22:00;0,58354;
Anilin;8;31.08.2016 22:00;0,468431;
Anilin;7;31.08.2016 22:00;0,259172;
Anilin;2;31.08.2016 22:00;0,228558;
Anilin;5;31.08.2016 22:00;0,0472486;
Anilin;1;31.08.2016 22:00;0,0386691;
Natriumchlorid;4;31.08.2016 23:00;1,5326;
Natriumchlorid;3;31.08.2016 23:00;0,659238;
Natriumchlorid;9;31.08.2016 23:00;0,633025;
Natriumchlorid;8;31.08.2016 23:00;0,489463;
Natriumchlorid;1;31.08.2016 23:00;0,473315;
Natriumchlorid;7;31.08.2016 23:00;0,324872;
Natriumchlorid;6;31.08.2016 23:00;0,24306;
Natriumchlorid;5;31.08.2016 23:00;0,236295;
Natriumchlorid;2;31.08.2016 23:00;0,226272;
Arsen;3;31.08.2016 23:00;1,51163;
Arsen;4;31.08.2016 23:00;1,02103;
Arsen;8;31.08.2016 23:00;0,808704;
Arsen;9;31.08.2016 23:00;0,637204;
Arsen;6;31.08.2016 23:00;0,532921;
Arsen;1;31.08.2016 23:00;0,280527;
Arsen;7;31.08.2016 23:00;0,267096;
Arsen;5;31.08.2016 23:00;0,11176;
Arsen;2;31.08.2016 23:00;0,0337811;
Benzol;3;31.08.2016 23:00;2,02357;
Benzol;4;31.08.2016 23:00;1,5646;
Benzol;9;31.08.2016 23:00;1,16517;
Benzol;8;31.08.2016 23:00;1,09298;
Benzol;5;31.08.2016 23:00;0,688497;
Benzol;2;31.08.2016 23:00;0,351181;
Benzol;1;31.08.2016 23:00;0,234977;
Benzol;7;31.08.2016 23:00;0,19866;
Benzol;6;31.08.2016 23:00;0,121414;
Anilin;3;31.08.2016 23:00;3,61318;
Anilin;4;31.08.2016 23:00;1,14992;
Anilin;8;31.08.2016 23:00;0,988025;
Anilin;7;31.08.2016 23:00;0,743791;
Anilin;6;31.08.2016 23:00;0,429397;
Anilin;2;31.08.2016 23:00;0,260619;
Anilin;5;31.08.2016 23:00;0,0837727;
Anilin;1;31.08.2016 23:00;0,0784863;
Anilin;9;31.08.2016 23:00;0,0433746;
Natriumchlorid;4;01.12.2016 00:00;2,17441;
Natriumchlorid;8;01.12.2016 00:00;0,614978;
Natriumchlorid;7;01.12.2016 00:00;0,544667;
Natriumchlorid;3;01.12.2016 00:00;0,379299;
Natriumchlorid;6;01.12.2016 00:00;0,349508;
Natriumchlorid;1;01.12.2016 00:00;0,340047;
Natriumchlorid;9;01.12.2016 00:00;0,301606;
Natriumchlorid;2;01.12.2016 00:00;0,0869001;
Natriumchlorid;5;01.12.2016 00:00;0,0646769;
Arsen;4;01.12.2016 00:00;1,96719;
Arsen;3;01.12.2016 00:00;1,42583;
Arsen;8;01.12.2016 00:00;1,41802;
Arsen;7;01.12.2016 00:00;0,941871;
Arsen;5;01.12.2016 00:00;0,5752;
Arsen;2;01.12.2016 00:00;0,394688;
Arsen;6;01.12.2016 00:00;0,354782;
Arsen;9;01.12.2016 00:00;0,0918988;
Arsen;1;01.12.2016 00:00;0,0752314;
Benzol;3;01.12.2016 00:00;3,10251;
Benzol;4;01.12.2016 00:00;1,93589;
Benzol;5;01.12.2016 00:00;0,851486;
Benzol;8;01.12.2016 00:00;0,656451;
Benzol;9;01.12.2016 00:00;0,609938;
Benzol;6;01.12.2016 00:00;0,244596;
Benzol;2;01.12.2016 00:00;0,183959;
Benzol;7;01.12.2016 00:00;0,114174;
Benzol;1;01.12.2016 00:00;0,0601018;
Anilin;4;01.12.2016 00:00;2,16032;
Anilin;9;01.12.2016 00:00;1,14461;
Anilin;8;01.12.2016 00:00;0,700118;
Anilin;3;01.12.2016 00:00;0,598351;
Anilin;2;01.12.2016 00:00;0,485155;
Anilin;6;01.12.2016 00:00;0,368839;
Anilin;5;01.12.2016 00:00;0,21625;
Anilin;7;01.12.2016 00:00;0,147705;
Anilin;1;01.12.2016 00:00;0,0763819;
Natriumchlorid;4;01.12.2016 01:00;2,00189;
Natriumchlorid;6;01.12.2016 01:00;0,625126;
Natriumchlorid;7;01.12.2016 01:00;0,476275;
Natriumchlorid;8;01.12.2016 01:00;0,37048;
Natriumchlorid;2;01.12.2016 01:00;0,207268;
Natriumchlorid;5;01.12.2016 01:00;0,166938;
Natriumchlorid;9;01.12.2016 01:00;0,126824;
Natriumchlorid;1;01.12.2016 01:00;0,0785864;
Natriumchlorid;3;01.12.2016 01:00;0,0780035;
Arsen;4;01.12.2016 01:00;2,02347;
Arsen;3;01.12.2016 01:00;0,562347;
Arsen;6;01.12.2016 01:00;0,529223;
Arsen;5;01.12.2016 01:00;0,319978;
Arsen;2;01.12.2016 01:00;0,212379;
Arsen;9;01.12.2016 01:00;0,200574;
Arsen;7;01.12.2016 01:00;0,140176;
Arsen;8;01.12.2016 01:00;0,0813522;
Arsen;1;01.12.2016 01:00;0,0378871;
Benzol;3;01.12.2016 01:00;2,76261;
Benzol;4;01.12.2016 01:00;1,93249;
Benzol;6;01.12.2016 01:00;0,581475;
Benzol;1;01.12.2016 01:00;0,570737;
Benzol;2;01.12.2016 01:00;0,569277;
Benzol;7;01.12.2016 01:00;0,505076;
Benzol;5;01.12.2016 01:00;0,480408;
Benzol;9;01.12.2016 01:00;0,271889;
Benzol;8;01.12.2016 01:00;0,155388;
Anilin;3;01.12.2016 01:00;2,5311;
Anilin;4;01.12.2016 01:00;1,73886;
Anilin;2;01.12.2016 01:00;0,655655;
Anilin;7;01.12.2016 01:00;0,461901;
Anilin;6;01.12.2016 01:00;0,374619;
Anilin;8;01.12.2016 01:00;0,287377;
Anilin;5;01.12.2016 01:00;0,146368;
Anilin;9;01.12.2016 01:00;0,123949;
Anilin;1;01.12.2016 01:00;0,0586791;
Natriumchlorid;7;01.12.2016 02:00;2,62451;
Natriumchlorid;4;01.12.2016 02:00;1,85773;
Natriumchlorid;3;01.12.2016 02:00;1,44078;
Natriumchlorid;9;01.12.2016 02:00;1,22299;
Natriumchlorid;5;01.12.2016 02:00;0,568596;
Natriumchlorid;6;01.12.2016 02:00;0,486588;
Natriumchlorid;1;01.12.2016 02:00;0,130829;
Natriumchlorid;8;01.12.2016 02:00;0,129983;
Natriumchlorid;2;01.12.2016 02:00;0,117207;
Arsen;4;01.12.2016 02:00;1,68002;
Arsen;5;01.12.2016 02:00;0,719841;
Arsen;1;01.12.2016 02:00;0,457838;
Arsen;7;01.12.2016 02:00;0,306608;
Arsen;9;01.12.2016 02:00;0,165314;
Arsen;3;01.12.2016 02:00;0,1412;
Arsen;8;01.12.2016 02:00;0,121662;
Arsen;6;01.12.2016 02:00;0,109415;
Arsen;2;01.12.2016 02:00;0,0313172;
Benzol;4;01.12.2016 02:00;1,70381;
Benzol;9;01.12.2016 02:00;1,00933;
Benzol;6;01.12.2016 02:00;0,82696;
Benzol;2;01.12.2016 02:00;0,757335;
Benzol;3;01.12.2016 02:00;0,646051;
Benzol;1;01.12.2016 02:00;0,418476;
Benzol;7;01.12.2016 02:00;0,346366;
Benzol;8;01.12.2016 02:00;0,254816;
Benzol;5;01.12.2016 02:00;0,072025;
Anilin;4;01.12.2016 02:00;1,86306;
Anilin;3;01.12.2016 02:00;1,30292;
Anilin;8;01.12.2016 02:00;0,684609;
Anilin;1;01.12.2016 02:00;0,409685;
Anilin;6;01.12.2016 02:00;0,375606;
Anilin;2;01.12.2016 02:00;0,35197;
Anilin;7;01.12.2016 02:00;0,306467;
Anilin;5;01.12.2016 02:00;0,302053;
Anilin;9;01.12.2016 02:00;0,146342;
Natriumchlorid;4;01.12.2016 03:00;1,84209;
Natriumchlorid;1;01.12.2016 03:00;0,767932;
Natriumchlorid;8;01.12.2016 03:00;0,612507;
Natriumchlorid;3;01.12.2016 03:00;0,47679;
Natriumchlorid;2;01.12.2016 03:00;0,379068;
Natriumchlorid;5;01.12.2016 03:00;0,341524;
Natriumchlorid;9;01.12.2016 03:00;0,326247;
Natriumchlorid;7;01.12.2016 03:00;0,32386;
Natriumchlorid;6;01.12.2016 03:00;0,235581;
Arsen;3;01.12.2016 03:00;2,54688;
Arsen;4;01.12.2016 03:00;1,84596;
Arsen;9;01.12.2016 03:00;1,15862;
Arsen;8;01.12.2016 03:00;0,657467;
Arsen;2;01.12.2016 03:00;0,609272;
Arsen;6;01.12.2016 03:00;0,50733;
Arsen;5;01.12.2016 03:00;0,333996;
Arsen;7;01.12.2016 03:00;0,298542;
Arsen;1;01.12.2016 03:00;0,201859;
Benzol;4;01.12.2016 03:00;2,07699;
Benzol;3;01.12.2016 03:00;1,78845;
Benzol;5;01.12.2016 03:00;1,3777;
Benzol;7;01.12.2016 03:00;1,0655;
Benzol;6;01.12.2016 03:00;0,518856;
Benzol;8;01.12.2016 03:00;0,51275;
Benzol;9;01.12.2016 03:00;0,499804;
Benzol;1;01.12.2016 03:00;0,370876;
Benzol;2;01.12.2016 03:00;0,153944;
Anilin;4;01.12.2016 03:00;1,8715;
Anilin;8;01.12.2016 03:00;0,822351;
Anilin;9;01.12.2016 03:00;0,758454;
Anilin;7;01.12.2016 03:00;0,5486;
Anilin;5;01.12.2016 03:00;0,35101;
Anilin;6;01.12.2016 03:00;0,247375;
Anilin;1;01.12.2016 03:00;0,175445;
Anilin;3;01.12.2016 03:00;0,143206;
Anilin;2;01.12.2016 03:00;0,0730603;
Natriumchlorid;4;01.12.2016 04:00;2,04371;
Natriumchlorid;3;01.12.2016 04:00;1,73425;
Natriumchlorid;9;01.12.2016 04:00;1,39291;
Natriumchlorid;8;01.12.2016 04:00;0,533996;
Natriumchlorid;7;01.12.2016 04:00;0,375632;
Natriumchlorid;1;01.12.2016 04:00;0,324081;
Natriumchlorid;6;01.12.2016 04:00;0,257498;
Natriumchlorid;2;01.12.2016 04:00;0,253728;
Natriumchlorid;5;01.12.2016 04:00;0,105896;
Arsen;9;01.12.2016 04:00;1,59904;
Arsen;4;01.12.2016 04:00;1,53644;
Arsen;3;01.12.2016 04:00;1,07609;
Arsen;5;01.12.2016 04:00;0,901425;
Arsen;2;01.12.2016 04:00;0,679968;
Arsen;6;01.12.2016 04:00;0,451093;
Arsen;1;01.12.2016 04:00;0,301926;
Arsen;8;01.12.2016 04:00;0,248804;
Arsen;7;01.12.2016 04:00;0,122475;
Benzol;7;01.12.2016 04:00;1,88608;
Benzol;4;01.12.2016 04:00;1,84758;
Benzol;6;01.12.2016 04:00;0,732352;
Benzol;9;01.12.2016 04:00;0,693257;
Benzol;3;01.12.2016 04:00;0,436905;
Benzol;1;01.12.2016 04:00;0,17576;
Benzol;5;01.12.2016 04:00;0,167482;
Benzol;2;01.12.2016 04:00;0,150697;
Benzol;8;01.12.2016 04:00;0,0854958;
Anilin;3;01.12.2016 04:00;2,37534;
Anilin;4;01.12.2016 04:00;1,99108;
Anilin;8;01.12.2016 04:00;0,914204;
Anilin;9;01.12.2016 04:00;0,725237;
Anilin;2;01.12.2016 04:00;0,445128;
Anilin;7;01.12.2016 04:00;0,176893;
Anilin;6;01.12.2016 04:00;0,12563;
Anilin;5;01.12.2016 04:00;0,113842;
Anilin;1;01.12.2016 04:00;0,0287494;
Natriumchlorid;4;01.12.2016 05:00;2,09046;
Natriumchlorid;9;01.12.2016 05:00;0,777613;
Natriumchlorid;7;01.12.2016 05:00;0,46525;
Natriumchlorid;5;01.12.2016 05:00;0,41368;
Natriumchlorid;2;01.12.2016 05:00;0,409413;
Natriumchlorid;8;01.12.2016 05:00;0,350749;
Natriumchlorid;1;01.12.2016 05:00;0,239491;
Natriumchlorid;6;01.12.2016 05:00;0,16158;
Natriumchlorid;3;01.12.2016 05:00;0,0644967;
Arsen;4;01.12.2016 05:00;1,97351;
Arsen;9;01.12.2016 05:00;1,23007;
Arsen;7;01.12.2016 05:00;0,896653;
Arsen;5;01.12.2016 05:00;0,493132;
Arsen;2;01.12.2016 05:00;0,359231;
Arsen;3;01.12.2016 05:00;0,35073;
Arsen;6;01.12.2016 05:00;0,269946;
Arsen;8;01.12.2016 05:00;0,125524;
Arsen;1;01.12.2016 05:00;0,0475404;
Benzol;4;01.12.2016 05:00;1,97518;
Benzol;9;01.12.2016 05:00;0,982988;
Benzol;7;01.12.2016 05:00;0,84672;
Benzol;5;01.12.2016 05:00;0,654934;
Benzol;2;01.12.2016 05:00;0,545735;
Benzol;3;01.12.2016 05:00;0,35748;
Benzol;8;01.12.2016 05:00;0,353984;
Benzol;1;01.12.2016 05:00;0,162628;
Benzol;6;01.12.2016 05:00;0,0366787;
Anilin;4;01.12.2016 05:00;2,34953;
Anilin;7;01.12.2016 05:00;1,58044;
Anilin;9;01.12.2016 05:00;1,28124;
Anilin;2;01.12.2016 05:00;0,98465;
Anilin;6;01.12.2016 05:00;0,63509;
Anilin;8;01.12.2016 05:00;0,384742;
Anilin;5;01.12.2016 05:00;0,368838;
Anilin;1;01.12.2016 05:00;0,16983;
Anilin;3;01.12.2016 05:00;0,149416;
Natriumchlorid;4;01.12.2016 06:00;2,69658;
Natriumchlorid;3;01.12.2016 06:00;1,65945;
Natriumchlorid;9;01.12.2016 06:00;1,44752;
Natriumchlorid;6;01.12.2016 06:00;0,833938;
Natriumchlorid;8;01.12.2016 06:00;0,526028;
Natriumchlorid;5;01.12.2016 06:00;0,51894;
Natriumchlorid;1;01.12.2016 06:00;0,490278;
Natriumchlorid;7;01.12.2016 06:00;0,398454;
Natriumchlorid;2;01.12.2016 06:00;0,367446;
Arsen;4;01.12.2016 06:00;1,86009;
Arsen;2;01.12.2016 06:00;1,00344;
Arsen;6;01.12.2016 06:00;0,527644;
Arsen;3;01.12.2016 06:00;0,301106;
Arsen;5;01.12.2016 06:00;0,289562;
Arsen;9;01.12.2016 06:00;0,240215;
Arsen;8;01.12.2016 06:00;0,229476;
Arsen;7;01.12.2016 06:00;0,206585;
Arsen;1;01.12.2016 06:00;0,0808647;
Benzol;3;01.12.2016 06:00;3,67498;
Benzol;7;01.12.2016 06:00;2,4259;
Benzol;4;01.12.2016 06:00;1,61168;
Benzol;9;01.12.2016 06:00;0,895265;
Benzol;8;01.12.2016 06:00;0,828275;
Benzol;2;01.12.2016 06:00;0,623046;
Benzol;6;01.12.2016 06:00;0,567571;
Benzol;1;01.12.2016 06:00;0,292354;
Benzol;5;01.12.2016 06:00;0,0273558;
Anilin;4;01.12.2016 06:00;2,39095;
Anilin;3;01.12.2016 06:00;1,88394;
Anilin;2;01.12.2016 06:00;0,920982;
Anilin;9;01.12.2016 06:00;0,665901;
Anilin;5;01.12.2016 06:00;0,60723;
Anilin;8;01.12.2016 06:00;0,60661;
Anilin;6;01.12.2016 06:00;0,440631;
Anilin;7;01.12.2016 06:00;0,296631;
Anilin;1;01.12.2016 06:00;0,208226;
Natriumchlorid;4;01.12.2016 07:00;4,5804;
Natriumchlorid;7;01.12.2016 07:00;1,4809;
Natriumchlorid;5;01.12.2016 07:00;1,19388;
Natriumchlorid;3;01.12.2016 07:00;0,578923;
Natriumchlorid;9;01.12.2016 07:00;0,47529;
Natriumchlorid;8;01.12.2016 07:00;0,212428;
Natriumchlorid;2;01.12.2016 07:00;0,204636;
Natriumchlorid;6;01.12.2016 07:00;0,104628;
Natriumchlorid;1;01.12.2016 07:00;0,0220983;
Arsen;7;01.12.2016 07:00;2,64308;
Arsen;4;01.12.2016 07:00;1,68205;
Arsen;1;01.12.2016 07:00;0,427886;
Arsen;9;01.12.2016 07:00;0,378699;
Arsen;6;01.12.2016 07:00;0,363329;
Arsen;8;01.12.2016 07:00;0,336408;
Arsen;2;01.12.2016 07:00;0,227462;
Arsen;5;01.12.2016 07:00;0,142882;
Arsen;3;01.12.2016 07:00;0,0207512;
Benzol;3;01.12.2016 07:00;2,51163;
Benzol;4;01.12.2016 07:00;2,03017;
Benzol;9;01.12.2016 07:00;0,456679;
Benzol;6;01.12.2016 07:00;0,34704;
Benzol;8;01.12.2016 07:00;0,314078;
Benzol;7;01.12.2016 07:00;0,245753;
Benzol;1;01.12.2016 07:00;0,178562;
Benzol;5;01.12.2016 07:00;0,132032;
Benzol;2;01.12.2016 07:00;0,0533121;
Anilin;4;01.12.2016 07:00;2,14255;
Anilin;5;01.12.2016 07:00;1,5116;
Anilin;3;01.12.2016 07:00;0,982444;
Anilin;6;01.12.2016 07:00;0,305188;
Anilin;2;01.12.2016 07:00;0,286571;
Anilin;1;01.12.2016 07:00;0,087584;
Anilin;7;01.12.2016 07:00;0,0829822;
Anilin;9;01.12.2016 07:00;0,0346443;
Anilin;8;01.12.2016 07:00;0,0277863;
Natriumchlorid;4;01.12.2016 08:00;3,33681;
Natriumchlorid;7;01.12.2016 08:00;1,08384;
Natriumchlorid;5;01.12.2016 08:00;0,841701;
Natriumchlorid;3;01.12.2016 08:00;0,805561;
Natriumchlorid;2;01.12.2016 08:00;0,544094;
Natriumchlorid;6;01.12.2016 08:00;0,518692;
Natriumchlorid;8;01.12.2016 08:00;0,419086;
Natriumchlorid;1;01.12.2016 08:00;0,311452;
Natriumchlorid;9;01.12.2016 08:00;0,0786698;
Arsen;4;01.12.2016 08:00;2,1429;
Arsen;3;01.12.2016 08:00;1,91453;
Arsen;2;01.12.2016 08:00;0,702134;
Arsen;9;01.12.2016 08:00;0,617331;
Arsen;8;01.12.2016 08:00;0,479544;
Arsen;5;01.12.2016 08:00;0,4467;
Arsen;6;01.12.2016 08:00;0,413988;
Arsen;7;01.12.2016 08:00;0,340226;
Arsen;1;01.12.2016 08:00;0,216239;
Benzol;4;01.12.2016 08:00;1,96422;
Benzol;5;01.12.2016 08:00;1,76357;
Benzol;7;01.12.2016 08:00;1,24925;
Benzol;3;01.12.2016 08:00;1,13401;
Benzol;6;01.12.2016 08:00;0,700949;
Benzol;8;01.12.2016 08:00;0,646089;
Benzol;1;01.12.2016 08:00;0,450128;
Benzol;9;01.12.2016 08:00;0,329211;
Benzol;2;01.12.2016 08:00;0,181772;
Anilin;4;01.12.2016 08:00;1,88635;
Anilin;7;01.12.2016 08:00;0,723116;
Anilin;3;01.12.2016 08:00;0,656894;
Anilin;9;01.12.2016 08:00;0,638642;
Anilin;2;01.12.2016 08:00;0,251411;
Anilin;8;01.12.2016 08:00;0,158468;
Anilin;5;01.12.2016 08:00;0,155896;
Anilin;1;01.12.2016 08:00;0,152693;
Anilin;6;01.12.2016 08:00;0,151105;
Natriumchlorid;3;01.12.2016 09:00;4,44424;
Natriumchlorid;4;01.12.2016 09:00;1,7144;
Natriumchlorid;5;01.12.2016 09:00;1,65695;
Natriumchlorid;8;01.12.2016 09:00;0,620478;
Natriumchlorid;7;01.12.2016 09:00;0,417625;
Natriumchlorid;9;01.12.2016 09:00;0,395301;
Natriumchlorid;6;01.12.2016 09:00;0,336149;
Natriumchlorid;2;01.12.2016 09:00;0,202716;
Natriumchlorid;1;01.12.2016 09:00;0,0916437;
Arsen;4;01.12.2016 09:00;1,92199;
Arsen;8;01.12.2016 09:00;1,32191;
Arsen;5;01.12.2016 09:00;0,802472;
Arsen;9;01.12.2016 09:00;0,765833;
Arsen;6;01.12.2016 09:00;0,594689;
Arsen;1;01.12.2016 09:00;0,535122;
Arsen;3;01.12.2016 09:00;0,51329;
Arsen;2;01.12.2016 09:00;0,197016;
Arsen;7;01.12.2016 09:00;0,119722;
Benzol;4;01.12.2016 09:00;2,12438;
Benzol;3;01.12.2016 09:00;0,863893;
Benzol;7;01.12.2016 09:00;0,742097;
Benzol;9;01.12.2016 09:00;0,693643;
Benzol;8;01.12.2016 09:00;0,449961;
Benzol;5;01.12.2016 09:00;0,436465;
Benzol;2;01.12.2016 09:00;0,417492;
Benzol;1;01.12.2016 09:00;0,324769;
Benzol;6;01.12.2016 09:00;0,28819;
Anilin;4;01.12.2016 09:00;1,91285;
Anilin;7;01.12.2016 09:00;1,63173;
Anilin;9;01.12.2016 09:00;1,43313;
Anilin;5;01.12.2016 09:00;0,944853;
Anilin;2;01.12.2016 09:00;0,509898;
Anilin;3;01.12.2016 09:00;0,430417;
Anilin;8;01.12.2016 09:00;0,390222;
Anilin;1;01.12.2016 09:00;0,213205;
Anilin;6;01.12.2016 09:00;0,0685574;
Natriumchlorid;4;01.12.2016 10:00;3,67169;
Natriumchlorid;3;01.12.2016 10:00;1,79747;
Natriumchlorid;7;01.12.2016 10:00;0,895142;
Natriumchlorid;8;01.12.2016 10:00;0,786293;
Natriumchlorid;2;01.12.2016 10:00;0,499955;
Natriumchlorid;9;01.12.2016 10:00;0,499056;
Natriumchlorid;1;01.12.2016 10:00;0,202571;
Natriumchlorid;5;01.12.2016 10:00;0,110115;
Natriumchlorid;6;01.12.2016 10:00;0,05815;
Arsen;3;01.12.2016 10:00;1,84344;
Arsen;4;01.12.2016 10:00;1,81132;
Arsen;7;01.12.2016 10:00;1,60605;
Arsen;8;01.12.2016 10:00;0,639833;
Arsen;6;01.12.2016 10:00;0,577879;
Arsen;9;01.12.2016 10:00;0,455435;
Arsen;5;01.12.2016 10:00;0,390798;
Arsen;2;01.12.2016 10:00;0,387163;
Arsen;1;01.12.2016 10:00;0,241787;
Benzol;3;01.12.2016 10:00;6,81971;
Benzol;4;01.12.2016 10:00;2,00536;
Benzol;6;01.12.2016 10:00;0,837551;
Benzol;5;01.12.2016 10:00;0,817398;
Benzol;7;01.12.2016 10:00;0,502359;
Benzol;8;01.12.2016 10:00;0,445153;
Benzol;9;01.12.2016 10:00;0,304214;
Benzol;2;01.12.2016 10:00;0,109114;
Benzol;1;01.12.2016 10:00;0,0642029;
Anilin;4;01.12.2016 10:00;1,7071;
Anilin;7;01.12.2016 10:00;1,64495;
Anilin;3;01.12.2016 10:00;0,955622;
Anilin;6;01.12.2016 10:00;0,292281;
Anilin;2;01.12.2016 10:00;0,280637;
Anilin;8;01.12.2016 10:00;0,209211;
Anilin;5;01.12.2016 10:00;0,0549294;
Anilin;1;01.12.2016 10:00;0,053806;
Anilin;9;01.12.2016 10:00;0,0343578;
Natriumchlorid;4;01.12.2016 11:00;2,87094;
Natriumchlorid;7;01.12.2016 11:00;0,859986;
Natriumchlorid;5;01.12.2016 11:00;0,675535;
Natriumchlorid;8;01.12.2016 11:00;0,549244;
Natriumchlorid;2;01.12.2016 11:00;0,514046;
Natriumchlorid;6;01.12.2016 11:00;0,439523;
Natriumchlorid;1;01.12.2016 11:00;0,342778;
Natriumchlorid;3;01.12.2016 11:00;0,182563;
Natriumchlorid;9;01.12.2016 11:00;0,0757169;
Arsen;4;01.12.2016 11:00;1,84978;
Arsen;3;01.12.2016 11:00;0,785853;
Arsen;9;01.12.2016 11:00;0,709597;
Arsen;1;01.12.2016 11:00;0,533699;
Arsen;6;01.12.2016 11:00;0,407675;
Arsen;2;01.12.2016 11:00;0,208704;
Arsen;7;01.12.2016 11:00;0,183363;
Arsen;8;01.12.2016 11:00;0,100045;
Arsen;5;01.12.2016 11:00;0,0948176;
Benzol;3;01.12.2016 11:00;2,68323;
Benzol;4;01.12.2016 11:00;1,79584;
Benzol;9;01.12.2016 11:00;0,872874;
Benzol;8;01.12.2016 11:00;0,71176;
Benzol;7;01.12.2016 11:00;0,586195;
Benzol;6;01.12.2016 11:00;0,440475;
Benzol;1;01.12.2016 11:00;0,425674;
Benzol;2;01.12.2016 11:00;0,313296;
Benzol;5;01.12.2016 11:00;0,159738;
Anilin;4;01.12.2016 11:00;1,84625;
Anilin;3;01.12.2016 11:00;1,3424;
Anilin;9;01.12.2016 11:00;1,16828;
Anilin;7;01.12.2016 11:00;0,71851;
Anilin;8;01.12.2016 11:00;0,626128;
Anilin;6;01.12.2016 11:00;0,425412;
Anilin;2;01.12.2016 11:00;0,297923;
Anilin;1;01.12.2016 11:00;0,287446;
Anilin;5;01.12.2016 11:00;0,0650086;
Natriumchlorid;3;01.12.2016 12:00;10,70233;
Natriumchlorid;7;01.12.2016 12:00;2,5016;
Natriumchlorid;3;01.12.2016 12:00;2,08929;
Natriumchlorid;4;01.12.2016 12:00;2,0653;
Natriumchlorid;5;01.12.2016 12:00;0,800296;
Natriumchlorid;2;01.12.2016 12:00;0,326178;
Natriumchlorid;9;01.12.2016 12:00;0,306002;
Natriumchlorid;6;01.12.2016 12:00;0,275566;
Natriumchlorid;1;01.12.2016 12:00;0,1049;
Natriumchlorid;8;01.12.2016 12:00;0,0383992;
Arsen;5;01.12.2016 12:00;2,43143;
Arsen;4;01.12.2016 12:00;2,12018;
Arsen;7;01.12.2016 12:00;0,836783;
Arsen;8;01.12.2016 12:00;0,581039;
Arsen;9;01.12.2016 12:00;0,425786;
Arsen;3;01.12.2016 12:00;0,397601;
Arsen;6;01.12.2016 12:00;0,332484;
Arsen;1;01.12.2016 12:00;0,283473;
Arsen;2;01.12.2016 12:00;0,215363;
Benzol;4;01.12.2016 12:00;1,84671;
Benzol;8;01.12.2016 12:00;0,68603;
Benzol;6;01.12.2016 12:00;0,358572;
Benzol;9;01.12.2016 12:00;0,238375;
Benzol;1;01.12.2016 12:00;0,230093;
Benzol;5;01.12.2016 12:00;0,157801;
Benzol;7;01.12.2016 12:00;0,108816;
Benzol;3;01.12.2016 12:00;0,0897061;
Benzol;2;01.12.2016 12:00;0,00951802;
Anilin;4;01.12.2016 12:00;1,85914;
Anilin;7;01.12.2016 12:00;1,32576;
Anilin;5;01.12.2016 12:00;0,555976;
Anilin;8;01.12.2016 12:00;0,435865;
Anilin;6;01.12.2016 12:00;0,349286;
Anilin;9;01.12.2016 12:00;0,268449;
Anilin;2;01.12.2016 12:00;0,216788;
Anilin;1;01.12.2016 12:00;0,0118183;
Natriumchlorid;4;01.12.2016 13:00;1,91183;
Natriumchlorid;5;01.12.2016 13:00;1,26373;
Natriumchlorid;6;01.12.2016 13:00;0,831397;
Natriumchlorid;9;01.12.2016 13:00;0,505309;
Natriumchlorid;3;01.12.2016 13:00;0,430863;
Natriumchlorid;1;01.12.2016 13:00;0,339305;
Natriumchlorid;7;01.12.2016 13:00;0,290723;
Natriumchlorid;2;01.12.2016 13:00;0,205738;
Natriumchlorid;8;01.12.2016 13:00;0,0218221;
Arsen;3;01.12.2016 13:00;2,15282;
Arsen;4;01.12.2016 13:00;1,65523;
Arsen;8;01.12.2016 13:00;0,601001;
Arsen;7;01.12.2016 13:00;0,584982;
Arsen;5;01.12.2016 13:00;0,345348;
Arsen;6;01.12.2016 13:00;0,327032;
Arsen;9;01.12.2016 13:00;0,182625;
Arsen;2;01.12.2016 13:00;0,14953;
Arsen;1;01.12.2016 13:00;0,0257949;
Benzol;3;01.12.2016 13:00;2,36397;
Benzol;4;01.12.2016 13:00;2,11136;
Benzol;2;01.12.2016 13:00;0,978458;
Benzol;8;01.12.2016 13:00;0,35383;
Benzol;6;01.12.2016 13:00;0,233686;
Benzol;1;01.12.2016 13:00;0,177192;
Benzol;9;01.12.2016 13:00;0,152088;
Benzol;7;01.12.2016 13:00;0,0639762;
Benzol;5;01.12.2016 13:00;0,0580495;
Anilin;4;01.12.2016 13:00;2,34839;
Anilin;3;01.12.2016 13:00;1,43958;
Anilin;5;01.12.2016 13:00;0,957784;
Anilin;8;01.12.2016 13:00;0,851406;
Anilin;7;01.12.2016 13:00;0,504719;
Anilin;6;01.12.2016 13:00;0,257301;
Anilin;2;01.12.2016 13:00;0,111636;
Anilin;1;01.12.2016 13:00;0,0679271;
Anilin;9;01.12.2016 13:00;0,0295842;
Natriumchlorid;4;01.12.2016 14:00;1,82401;
Natriumchlorid;3;01.12.2016 14:00;0,85591;
Natriumchlorid;2;01.12.2016 14:00;0,660429;
Natriumchlorid;5;01.12.2016 14:00;0,628764;
Natriumchlorid;8;01.12.2016 14:00;0,477459;
Natriumchlorid;6;01.12.2016 14:00;0,414156;
Natriumchlorid;7;01.12.2016 14:00;0,215434;
Natriumchlorid;1;01.12.2016 14:00;0,168125;
Natriumchlorid;9;01.12.2016 14:00;0,0935782;
Arsen;4;01.12.2016 14:00;2,14856;
Arsen;5;01.12.2016 14:00;1,34222;
Arsen;9;01.12.2016 14:00;1,101;
Arsen;3;01.12.2016 14:00;0,890303;
Arsen;7;01.12.2016 14:00;0,681158;
Arsen;6;01.12.2016 14:00;0,477203;
Arsen;2;01.12.2016 14:00;0,451957;
Arsen;1;01.12.2016 14:00;0,364719;
Arsen;8;01.12.2016 14:00;0,310599;
Benzol;4;01.12.2016 14:00;1,63947;
Benzol;9;01.12.2016 14:00;0,757581;
Benzol;1;01.12.2016 14:00;0,386214;
Benzol;6;01.12.2016 14:00;0,275343;
Benzol;7;01.12.2016 14:00;0,234766;
Benzol;5;01.12.2016 14:00;0,22518;
Benzol;2;01.12.2016 14:00;0,188347;
Benzol;3;01.12.2016 14:00;0,16739;
Benzol;8;01.12.2016 14:00;0,0798797;
Anilin;4;01.12.2016 14:00;1,80493;
Anilin;8;01.12.2016 14:00;0,912253;
Anilin;2;01.12.2016 14:00;0,563598;
Anilin;3;01.12.2016 14:00;0,355575;
Anilin;9;01.12.2016 14:00;0,330715;
Anilin;5;01.12.2016 14:00;0,194433;
Anilin;1;01.12.2016 14:00;0,164684;
Anilin;6;01.12.2016 14:00;0,123099;
Anilin;7;01.12.2016 14:00;0,0173857;
Natriumchlorid;3;01.12.2016 15:00;2,23378;
Natriumchlorid;5;01.12.2016 15:00;2,1671;
Natriumchlorid;4;01.12.2016 15:00;2,02345;
Natriumchlorid;8;01.12.2016 15:00;0,854136;
Natriumchlorid;7;01.12.2016 15:00;0,827609;
Natriumchlorid;9;01.12.2016 15:00;0,327333;
Natriumchlorid;2;01.12.2016 15:00;0,298681;
Natriumchlorid;6;01.12.2016 15:00;0,294363;
Natriumchlorid;1;01.12.2016 15:00;0,0836356;
Arsen;4;01.12.2016 15:00;1,56862;
Arsen;5;01.12.2016 15:00;1,11184;
Arsen;7;01.12.2016 15:00;0,955122;
Arsen;2;01.12.2016 15:00;0,618788;
Arsen;8;01.12.2016 15:00;0,339969;
Arsen;6;01.12.2016 15:00;0,210168;
Arsen;3;01.12.2016 15:00;0,201153;
Arsen;9;01.12.2016 15:00;0,166223;
Arsen;1;01.12.2016 15:00;0,0503621;
Benzol;4;01.12.2016 15:00;1,92293;
Benzol;5;01.12.2016 15:00;1,569;
Benzol;3;01.12.2016 15:00;1,06997;
Benzol;7;01.12.2016 15:00;0,904365;
Benzol;8;01.12.2016 15:00;0,818403;
Benzol;6;01.12.2016 15:00;0,729288;
Benzol;1;01.12.2016 15:00;0,416899;
Benzol;2;01.12.2016 15:00;0,10236;
Benzol;9;01.12.2016 15:00;0,0562341;
Anilin;4;01.12.2016 15:00;2,08555;
Anilin;5;01.12.2016 15:00;1,20722;
Anilin;8;01.12.2016 15:00;0,831053;
Anilin;2;01.12.2016 15:00;0,607711;
Anilin;3;01.12.2016 15:00;0,467381;
Anilin;1;01.12.2016 15:00;0,270862;
Anilin;9;01.12.2016 15:00;0,184737;
Anilin;7;01.12.2016 15:00;0,146078;
Anilin;6;01.12.2016 15:00;0,0887364;
Natriumchlorid;4;01.12.2016 16:00;2,10029;
Natriumchlorid;5;01.12.2016 16:00;1,18088;
Natriumchlorid;3;01.12.2016 16:00;1,11233;
Natriumchlorid;6;01.12.2016 16:00;0,825331;
Natriumchlorid;9;01.12.2016 16:00;0,763417;
Natriumchlorid;7;01.12.2016 16:00;0,407291;
Natriumchlorid;1;01.12.2016 16:00;0,182697;
Natriumchlorid;2;01.12.2016 16:00;0,148456;
Natriumchlorid;8;01.12.2016 16:00;0,0237427;
Arsen;4;01.12.2016 16:00;1,77465;
Arsen;5;01.12.2016 16:00;1,05507;
Arsen;7;01.12.2016 16:00;0,814745;
Arsen;8;01.12.2016 16:00;0,686188;
Arsen;9;01.12.2016 16:00;0,439488;
Arsen;3;01.12.2016 16:00;0,394171;
Arsen;2;01.12.2016 16:00;0,290907;
Arsen;6;01.12.2016 16:00;0,218062;
Arsen;1;01.12.2016 16:00;0,0273596;
Benzol;4;01.12.2016 16:00;2,24683;
Benzol;5;01.12.2016 16:00;1,47522;
Benzol;3;01.12.2016 16:00;1,05197;
Benzol;8;01.12.2016 16:00;0,771532;
Benzol;7;01.12.2016 16:00;0,359873;
Benzol;6;01.12.2016 16:00;0,15111;
Benzol;1;01.12.2016 16:00;0,118942;
Benzol;2;01.12.2016 16:00;0,102352;
Benzol;9;01.12.2016 16:00;0,0768074;
Anilin;4;01.12.2016 16:00;1,78393;
Anilin;5;01.12.2016 16:00;1,18513;
Anilin;3;01.12.2016 16:00;0,924487;
Anilin;6;01.12.2016 16:00;0,586687;
Anilin;2;01.12.2016 16:00;0,375834;
Anilin;9;01.12.2016 16:00;0,304231;
Anilin;1;01.12.2016 16:00;0,302659;
Anilin;8;01.12.2016 16:00;0,282466;
Anilin;7;01.12.2016 16:00;0,0324247;
Natriumchlorid;9;01.12.2016 17:00;26,46464;
Natriumchlorid;9;01.12.2016 17:00;3,00693;
Natriumchlorid;4;01.12.2016 17:00;2,0201;
Natriumchlorid;7;01.12.2016 17:00;0,670625;
Natriumchlorid;8;01.12.2016 17:00;0,40938;
Natriumchlorid;3;01.12.2016 17:00;0,363127;
Natriumchlorid;6;01.12.2016 17:00;0,347958;
Natriumchlorid;5;01.12.2016 17:00;0,122148;
Natriumchlorid;1;01.12.2016 17:00;0,11358;
Natriumchlorid;2;01.12.2016 17:00;0,0419242;
Arsen;4;01.12.2016 17:00;2,07171;
Arsen;7;01.12.2016 17:00;1,41602;
Arsen;1;01.12.2016 17:00;0,340223;
Arsen;6;01.12.2016 17:00;0,337693;
Arsen;5;01.12.2016 17:00;0,273769;
Arsen;9;01.12.2016 17:00;0,213132;
Arsen;2;01.12.2016 17:00;0,154805;
Arsen;3;01.12.2016 17:00;0,132373;
Arsen;8;01.12.2016 17:00;0,10921;
Benzol;4;01.12.2016 17:00;2,13153;
Benzol;3;01.12.2016 17:00;1,96589;
Benzol;8;01.12.2016 17:00;0,674646;
Benzol;5;01.12.2016 17:00;0,619651;
Benzol;6;01.12.2016 17:00;0,352188;
Benzol;1;01.12.2016 17:00;0,300935;
Benzol;9;01.12.2016 17:00;0,198936;
Benzol;2;01.12.2016 17:00;0,192486;
Benzol;7;01.12.2016 17:00;0,169661;
Anilin;4;01.12.2016 17:00;1,94327;
Anilin;2;01.12.2016 17:00;0,723501;
Anilin;7;01.12.2016 17:00;0,708886;
Anilin;6;01.12.2016 17:00;0,51871;
Anilin;8;01.12.2016 17:00;0,406773;
Anilin;5;01.12.2016 17:00;0,370236;
Anilin;1;01.12.2016 17:00;0,0562301;
Anilin;3;01.12.2016 17:00;0,0149034;
Natriumchlorid;4;01.12.2016 18:00;1,97024;
Natriumchlorid;3;01.12.2016 18:00;0,994462;
Natriumchlorid;9;01.12.2016 18:00;0,632021;
Natriumchlorid;8;01.12.2016 18:00;0,409196;
Natriumchlorid;2;01.12.2016 18:00;0,393984;
Natriumchlorid;7;01.12.2016 18:00;0,386785;
Natriumchlorid;5;01.12.2016 18:00;0,34044;
Natriumchlorid;6;01.12.2016 18:00;0,184337;
Natriumchlorid;1;01.12.2016 18:00;0,0386929;
Arsen;4;01.12.2016 18:00;1,94398;
Arsen;3;01.12.2016 18:00;1,88145;
Arsen;9;01.12.2016 18:00;1,23053;
Arsen;8;01.12.2016 18:00;0,700848;
Arsen;5;01.12.2016 18:00;0,632811;
Arsen;2;01.12.2016 18:00;0,523844;
Arsen;6;01.12.2016 18:00;0,425073;
Arsen;7;01.12.2016 18:00;0,200206;
Arsen;1;01.12.2016 18:00;0,197391;
Benzol;4;01.12.2016 18:00;2,46707;
Benzol;3;01.12.2016 18:00;1,52908;
Benzol;7;01.12.2016 18:00;1,1769;
Benzol;6;01.12.2016 18:00;0,411351;
Benzol;8;01.12.2016 18:00;0,39616;
Benzol;9;01.12.2016 18:00;0,335616;
Benzol;5;01.12.2016 18:00;0,227354;
Benzol;1;01.12.2016 18:00;0,187913;
Benzol;2;01.12.2016 18:00;0,0953943;
Anilin;3;01.12.2016 18:00;2,65948;
Anilin;4;01.12.2016 18:00;2,0443;
Anilin;5;01.12.2016 18:00;1,38594;
Anilin;9;01.12.2016 18:00;0,783089;
Anilin;6;01.12.2016 18:00;0,745058;
Anilin;2;01.12.2016 18:00;0,612227;
Anilin;7;01.12.2016 18:00;0,569228;
Anilin;1;01.12.2016 18:00;0,194055;
Anilin;8;01.12.2016 18:00;0,0477727;
Natriumchlorid;4;01.12.2016 19:00;1,96646;
Natriumchlorid;9;01.12.2016 19:00;1,44832;
Natriumchlorid;3;01.12.2016 19:00;0,98472;
Natriumchlorid;8;01.12.2016 19:00;0,739509;
Natriumchlorid;7;01.12.2016 19:00;0,493014;
Natriumchlorid;5;01.12.2016 19:00;0,438992;
Natriumchlorid;2;01.12.2016 19:00;0,325524;
Natriumchlorid;1;01.12.2016 19:00;0,303428;
Natriumchlorid;6;01.12.2016 19:00;0,247272;
Arsen;4;01.12.2016 19:00;1,92195;
Arsen;5;01.12.2016 19:00;1,66601;
Arsen;2;01.12.2016 19:00;0,572192;
Arsen;8;01.12.2016 19:00;0,475428;
Arsen;3;01.12.2016 19:00;0,417774;
Arsen;7;01.12.2016 19:00;0,33348;
Arsen;9;01.12.2016 19:00;0,318474;
Arsen;6;01.12.2016 19:00;0,310158;
Arsen;1;01.12.2016 19:00;0,19655;
Benzol;4;01.12.2016 19:00;2,03216;
Benzol;7;01.12.2016 19:00;0,932372;
Benzol;6;01.12.2016 19:00;0,885525;
Benzol;8;01.12.2016 19:00;0,837174;
Benzol;1;01.12.2016 19:00;0,407734;
Benzol;5;01.12.2016 19:00;0,402005;
Benzol;9;01.12.2016 19:00;0,23571;
Benzol;3;01.12.2016 19:00;0,137378;
Benzol;2;01.12.2016 19:00;0,120955;
Anilin;4;01.12.2016 19:00;1,84721;
Anilin;5;01.12.2016 19:00;1,70941;
Anilin;7;01.12.2016 19:00;1,39787;
Anilin;3;01.12.2016 19:00;1,14782;
Anilin;1;01.12.2016 19:00;0,897444;
Anilin;6;01.12.2016 19:00;0,420576;
Anilin;9;01.12.2016 19:00;0,33443;
Anilin;8;01.12.2016 19:00;0,259415;
Anilin;2;01.12.2016 19:00;0,123971;
Natriumchlorid;4;01.12.2016 20:00;2,18971;
Natriumchlorid;3;01.12.2016 20:00;1,02049;
Natriumchlorid;9;01.12.2016 20:00;0,664176;
Natriumchlorid;8;01.12.2016 20:00;0,635817;
Natriumchlorid;5;01.12.2016 20:00;0,620748;
Natriumchlorid;2;01.12.2016 20:00;0,5205;
Natriumchlorid;6;01.12.2016 20:00;0,305222;
Natriumchlorid;1;01.12.2016 20:00;0,19487;
Natriumchlorid;7;01.12.2016 20:00;0,00695501;
Arsen;3;01.12.2016 20:00;2,56415;
Arsen;4;01.12.2016 20:00;1,97321;
Arsen;7;01.12.2016 20:00;1,38537;
Arsen;9;01.12.2016 20:00;1,03892;
Arsen;8;01.12.2016 20:00;0,62602;
Arsen;2;01.12.2016 20:00;0,382804;
Arsen;1;01.12.2016 20:00;0,264124;
Arsen;5;01.12.2016 20:00;0,202972;
Arsen;6;01.12.2016 20:00;0,048604;
Benzol;4;01.12.2016 20:00;2,07989;
Benzol;3;01.12.2016 20:00;0,887076;
Benzol;9;01.12.2016 20:00;0,522504;
Benzol;7;01.12.2016 20:00;0,281698;
Benzol;6;01.12.2016 20:00;0,270267;
Benzol;1;01.12.2016 20:00;0,20096;
Benzol;8;01.12.2016 20:00;0,153484;
Benzol;5;01.12.2016 20:00;0,0888788;
Benzol;2;01.12.2016 20:00;0,0302331;
Anilin;3;01.12.2016 20:00;3,38212;
Anilin;4;01.12.2016 20:00;1,63453;
Anilin;9;01.12.2016 20:00;1,11883;
Anilin;8;01.12.2016 20:00;0,700199;
Anilin;5;01.12.2016 20:00;0,456966;
Anilin;2;01.12.2016 20:00;0,423619;
Anilin;7;01.12.2016 20:00;0,328804;
Anilin;6;01.12.2016 20:00;0,311341;
Anilin;1;01.12.2016 20:00;0,129585;
Natriumchlorid;7;01.12.2016 21:00;2,54581;
Natriumchlorid;4;01.12.2016 21:00;1,62893;
Natriumchlorid;9;01.12.2016 21:00;1,31401;
Natriumchlorid;2;01.12.2016 21:00;0,728114;
Natriumchlorid;6;01.12.2016 21:00;0,569251;
Natriumchlorid;5;01.12.2016 21:00;0,239107;
Natriumchlorid;3;01.12.2016 21:00;0,233689;
Natriumchlorid;8;01.12.2016 21:00;0,205947;
Natriumchlorid;1;01.12.2016 21:00;0,123093;
Arsen;4;01.12.2016 21:00;1,8978;
Arsen;5;01.12.2016 21:00;0,971068;
Arsen;2;01.12.2016 21:00;0,633522;
Arsen;9;01.12.2016 21:00;0,509916;
Arsen;1;01.12.2016 21:00;0,30362;
Arsen;6;01.12.2016 21:00;0,257183;
Arsen;8;01.12.2016 21:00;0,239045;
Arsen;3;01.12.2016 21:00;0,158195;
Arsen;7;01.12.2016 21:00;0,0383975;
Benzol;4;01.12.2016 21:00;2,32287;
Benzol;3;01.12.2016 21:00;1,35119;
Benzol;5;01.12.2016 21:00;1,27907;
Benzol;2;01.12.2016 21:00;0,432584;
Benzol;9;01.12.2016 21:00;0,317678;
Benzol;8;01.12.2016 21:00;0,245923;
Benzol;6;01.12.2016 21:00;0,192529;
Benzol;7;01.12.2016 21:00;0,133763;
Benzol;1;01.12.2016 21:00;0,045154;
Anilin;7;01.12.2016 21:00;3,00011;
Anilin;4;01.12.2016 21:00;1,73607;
Anilin;3;01.12.2016 21:00;0,994309;
Anilin;6;01.12.2016 21:00;0,65826;
Anilin;2;01.12.2016 21:00;0,499631;
Anilin;5;01.12.2016 21:00;0,451214;
Anilin;9;01.12.2016 21:00;0,399781;
Anilin;8;01.12.2016 21:00;0,296264;
Anilin;1;01.12.2016 21:00;0,213205;
Natriumchlorid;4;01.12.2016 22:00;1,9139;
Natriumchlorid;3;01.12.2016 22:00;0,538452;
Natriumchlorid;7;01.12.2016 22:00;0,471483;
Natriumchlorid;8;01.12.2016 22:00;0,389672;
Natriumchlorid;1;01.12.2016 22:00;0,367332;
Natriumchlorid;9;01.12.2016 22:00;0,30076;
Natriumchlorid;2;01.12.2016 22:00;0,266259;
Natriumchlorid;6;01.12.2016 22:00;0,248987;
Natriumchlorid;5;01.12.2016 22:00;0,175138;
Arsen;4;01.12.2016 22:00;2,22618;
Arsen;5;01.12.2016 22:00;1,0217;
Arsen;6;01.12.2016 22:00;0,639388;
Arsen;8;01.12.2016 22:00;0,614165;
Arsen;3;01.12.2016 22:00;0,435888;
Arsen;1;01.12.2016 22:00;0,189078;
Arsen;9;01.12.2016 22:00;0,0112188;
Arsen;2;01.12.2016 22:00;0,0108882;
Arsen;7;01.12.2016 22:00;0,00335203;
Benzol;4;01.12.2016 22:00;2,22486;
Benzol;5;01.12.2016 22:00;0,409814;
Benzol;8;01.12.2016 22:00;0,406717;
Benzol;6;01.12.2016 22:00;0,358666;
Benzol;9;01.12.2016 22:00;0,296504;
Benzol;7;01.12.2016 22:00;0,234024;
Benzol;2;01.12.2016 22:00;0,15977;
Benzol;3;01.12.2016 22:00;0,13181;
Benzol;1;01.12.2016 22:00;0,0475382;
Anilin;4;01.12.2016 22:00;1,85549;
Anilin;3;01.12.2016 22:00;1,44446;
Anilin;5;01.12.2016 22:00;1,15868;
Anilin;6;01.12.2016 22:00;0,441725;
Anilin;8;01.12.2016 22:00;0,415778;
Anilin;7;01.12.2016 22:00;0,264768;
Anilin;9;01.12.2016 22:00;0,179916;
Anilin;1;01.12.2016 22:00;0,106026;
Anilin;2;01.12.2016 22:00;0,00235953;
Natriumchlorid;4;01.12.2016 23:00;1,84458;
Natriumchlorid;9;01.12.2016 23:00;1,00333;
Natriumchlorid;3;01.12.2016 23:00;0,868397;
Natriumchlorid;2;01.12.2016 23:00;0,70609;
Natriumchlorid;7;01.12.2016 23:00;0,55;
Natriumchlorid;8;01.12.2016 23:00;0,375122;
Natriumchlorid;6;01.12.2016 23:00;0,344309;
Natriumchlorid;5;01.12.2016 23:00;0,280987;
Natriumchlorid;1;01.12.2016 23:00;0,197804;
Arsen;3;01.12.2016 23:00;2,11405;
Arsen;4;01.12.2016 23:00;1,93445;
Arsen;2;01.12.2016 23:00;0,687727;
Arsen;6;01.12.2016 23:00;0,545336;
Arsen;5;01.12.2016 23:00;0,511089;
Arsen;8;01.12.2016 23:00;0,31702;
Arsen;1;01.12.2016 23:00;0,305532;
Arsen;9;01.12.2016 23:00;0,208606;
Arsen;7;01.12.2016 23:00;0,0259061;
Benzol;7;01.12.2016 23:00;2,27547;
Benzol;4;01.12.2016 23:00;1,90455;
Benzol;3;01.12.2016 23:00;1,48307;
Benzol;1;01.12.2016 23:00;0,660735;
Benzol;6;01.12.2016 23:00;0,468164;
Benzol;2;01.12.2016 23:00;0,299311;
Benzol;5;01.12.2016 23:00;0,174825;
Benzol;8;01.12.2016 23:00;0,172326;
Benzol;9;01.12.2016 23:00;0,00264588;
Anilin;4;01.12.2016 23:00;1,80623;
Anilin;5;01.12.2016 23:00;0,832439;
Anilin;8;01.12.2016 23:00;0,529731;
Anilin;6;01.12.2016 23:00;0,334101;
Anilin;2;01.12.2016 23:00;0,296399;
Anilin;3;01.12.2016 23:00;0,254373;
Anilin;1;01.12.2016 23:00;0,242241;
Anilin;7;01.12.2016 23:00;0,237405;
Anilin;9;01.12.2016 23:00;0,234218;
Natriumchlorid;4;02.12.2016 01:00;1,81388;
Natriumchlorid;6;02.12.2016 01:00;0,488457;
Natriumchlorid;3;02.12.2016 01:00;0,373984;
Natriumchlorid;9;02.12.2016 01:00;0,296272;
Natriumchlorid;7;02.12.2016 01:00;0,23074;
Natriumchlorid;1;02.12.2016 01:00;0,15129;
Natriumchlorid;2;02.12.2016 01:00;0,145602;
Natriumchlorid;5;02.12.2016 01:00;0,0941376;
Natriumchlorid;8;02.12.2016 01:00;0,0491688;
Arsen;3;02.12.2016 01:00;3,22069;
Arsen;4;02.12.2016 01:00;1,86274;
Arsen;8;02.12.2016 01:00;1,1563;
Arsen;2;02.12.2016 01:00;0,718029;
Arsen;7;02.12.2016 01:00;0,607572;
Arsen;5;02.12.2016 01:00;0,35854;
Arsen;1;02.12.2016 01:00;0,301735;
Arsen;6;02.12.2016 01:00;0,190182;
Arsen;9;02.12.2016 01:00;0,140855;
Benzol;4;02.12.2016 01:00;2,09471;
Benzol;8;02.12.2016 01:00;1,43709;
Benzol;7;02.12.2016 01:00;0,682799;
Benzol;5;02.12.2016 01:00;0,642862;
Benzol;3;02.12.2016 01:00;0,51156;
Benzol;2;02.12.2016 01:00;0,384976;
Benzol;9;02.12.2016 01:00;0,347122;
Benzol;6;02.12.2016 01:00;0,322483;
Benzol;1;02.12.2016 01:00;0,143481;
Anilin;4;02.12.2016 01:00;2,05437;
Anilin;8;02.12.2016 01:00;1,68802;
Anilin;3;02.12.2016 01:00;0,678078;
Anilin;9;02.12.2016 01:00;0,637983;
Anilin;5;02.12.2016 01:00;0,59483;
Anilin;7;02.12.2016 01:00;0,388079;
Anilin;2;02.12.2016 01:00;0,32999;
Anilin;1;02.12.2016 01:00;0,27564;
Anilin;6;02.12.2016 01:00;0,109019;
Natriumchlorid;4;02.12.2016 02:00;1,7556;
Natriumchlorid;9;02.12.2016 02:00;0,795376;
Natriumchlorid;3;02.12.2016 02:00;0,787315;
Natriumchlorid;5;02.12.2016 02:00;0,724325;
Natriumchlorid;8;02.12.2016 02:00;0,642108;
Natriumchlorid;6;02.12.2016 02:00;0,532083;
Natriumchlorid;7;02.12.2016 02:00;0,22893;
Natriumchlorid;2;02.12.2016 02:00;0,120113;
Natriumchlorid;1;02.12.2016 02:00;0,0495152;
Arsen;4;02.12.2016 02:00;1,62657;
Arsen;8;02.12.2016 02:00;0,910659;
Arsen;7;02.12.2016 02:00;0,501876;
Arsen;1;02.12.2016 02:00;0,362602;
Arsen;3;02.12.2016 02:00;0,303567;
Arsen;2;02.12.2016 02:00;0,243116;
Arsen;6;02.12.2016 02:00;0,228749;
Arsen;9;02.12.2016 02:00;0,0681569;
Arsen;5;02.12.2016 02:00;0,0362929;
Benzol;4;02.12.2016 02:00;1,66724;
Benzol;7;02.12.2016 02:00;0,897301;
Benzol;6;02.12.2016 02:00;0,712866;
Benzol;2;02.12.2016 02:00;0,524821;
Benzol;3;02.12.2016 02:00;0,485421;
Benzol;9;02.12.2016 02:00;0,303953;
Benzol;1;02.12.2016 02:00;0,247985;
Benzol;5;02.12.2016 02:00;0,185361;
Benzol;8;02.12.2016 02:00;0,153484;
Anilin;3;02.12.2016 02:00;1,89788;
Anilin;4;02.12.2016 02:00;1,5354;
Anilin;5;02.12.2016 02:00;0,683225;
Anilin;1;02.12.2016 02:00;0,565819;
Anilin;8;02.12.2016 02:00;0,535616;
Anilin;2;02.12.2016 02:00;0,403957;
Anilin;6;02.12.2016 02:00;0,355394;
Anilin;9;02.12.2016 02:00;0,352933;
Anilin;7;02.12.2016 02:00;0,166282;
Natriumchlorid;6;02.12.2016 03:00;8,36642;
Natriumchlorid;4;02.12.2016 03:00;1,83605;
Natriumchlorid;3;02.12.2016 03:00;0,988063;
Natriumchlorid;8;02.12.2016 03:00;0,483418;
Natriumchlorid;9;02.12.2016 03:00;0,476589;
Natriumchlorid;2;02.12.2016 03:00;0,438969;
Natriumchlorid;5;02.12.2016 03:00;0,345071;
Natriumchlorid;7;02.12.2016 03:00;0,161706;
Natriumchlorid;1;02.12.2016 03:00;0,00358371;
Arsen;4;02.12.2016 03:00;1,73502;
Arsen;3;02.12.2016 03:00;1,19295;
Arsen;5;02.12.2016 03:00;1,15812;
Arsen;7;02.12.2016 03:00;0,99983;
Arsen;8;02.12.2016 03:00;0,64108;
Arsen;6;02.12.2016 03:00;0,247681;
Arsen;2;02.12.2016 03:00;0,184735;
Arsen;9;02.12.2016 03:00;0,0527362;
Arsen;1;02.12.2016 03:00;0,0196304;
Benzol;4;02.12.2016 03:00;1,86034;
Benzol;7;02.12.2016 03:00;1,14382;
Benzol;5;02.12.2016 03:00;1,13889;
Benzol;3;02.12.2016 03:00;0,645587;
Benzol;8;02.12.2016 03:00;0,347293;
Benzol;2;02.12.2016 03:00;0,23737;
Benzol;9;02.12.2016 03:00;0,0266238;
Benzol;6;02.12.2016 03:00;0,00954483;
Benzol;1;02.12.2016 03:00;0,00199423;
Anilin;6;02.12.2016 03:00;80,54764;
Anilin;4;02.12.2016 03:00;1,83169;
Anilin;7;02.12.2016 03:00;1,3027;
Anilin;8;02.12.2016 03:00;0,969211;
Anilin;2;02.12.2016 03:00;0,8214;
Anilin;5;02.12.2016 03:00;0,656536;
Anilin;3;02.12.2016 03:00;0,606752;
Anilin;9;02.12.2016 03:00;0,226087;
Anilin;1;02.12.2016 03:00;0,161661;
Natriumchlorid;6;02.12.2016 04:00;8,85118;
Natriumchlorid;3;02.12.2016 04:00;4,5333;
Natriumchlorid;4;02.12.2016 04:00;1,64114;
Natriumchlorid;8;02.12.2016 04:00;0,725844;
Natriumchlorid;5;02.12.2016 04:00;0,639502;
Natriumchlorid;9;02.12.2016 04:00;0,589085;
Natriumchlorid;2;02.12.2016 04:00;0,535316;
Natriumchlorid;1;02.12.2016 04:00;0,373536;
Natriumchlorid;7;02.12.2016 04:00;0,162148;
Arsen;4;02.12.2016 04:00;1,97776;
Arsen;5;02.12.2016 04:00;1,26685;
Arsen;2;02.12.2016 04:00;0,443469;
Arsen;7;02.12.2016 04:00;0,440387;
Arsen;9;02.12.2016 04:00;0,419903;
Arsen;6;02.12.2016 04:00;0,267422;
Arsen;3;02.12.2016 04:00;0,222653;
Arsen;1;02.12.2016 04:00;0,130179;
Arsen;8;02.12.2016 04:00;0,0235883;
Benzol;3;02.12.2016 04:00;2,96411;
Benzol;4;02.12.2016 04:00;2,16437;
Benzol;8;02.12.2016 04:00;1,0096;
Benzol;6;02.12.2016 04:00;0,619703;
Benzol;2;02.12.2016 04:00;0,526612;
Benzol;5;02.12.2016 04:00;0,48546;
Benzol;7;02.12.2016 04:00;0,163311;
Benzol;9;02.12.2016 04:00;0,155874;
Benzol;1;02.12.2016 04:00;0,0841427;
Anilin;6;02.12.2016 04:00;84,95453;
Anilin;4;02.12.2016 04:00;1,85602;
Anilin;8;02.12.2016 04:00;0,737277;
Anilin;3;02.12.2016 04:00;0,688756;
Anilin;1;02.12.2016 04:00;0,282672;
Anilin;7;02.12.2016 04:00;0,160854;
Anilin;9;02.12.2016 04:00;0,152376;
Anilin;2;02.12.2016 04:00;0,116769;
Anilin;5;02.12.2016 04:00;0,0646212;
Natriumchlorid;6;02.12.2016 05:00;7,86218;
Natriumchlorid;4;02.12.2016 05:00;1,90656;
Natriumchlorid;3;02.12.2016 05:00;1,21881;
Natriumchlorid;5;02.12.2016 05:00;0,911227;
Natriumchlorid;8;02.12.2016 05:00;0,540747;
Natriumchlorid;1;02.12.2016 05:00;0,529169;
Natriumchlorid;7;02.12.2016 05:00;0,18552;
Natriumchlorid;2;02.12.2016 05:00;0,161308;
Natriumchlorid;9;02.12.2016 05:00;0,104944;
Arsen;4;02.12.2016 05:00;1,92338;
Arsen;2;02.12.2016 05:00;0,919896;
Arsen;6;02.12.2016 05:00;0,774645;
Arsen;8;02.12.2016 05:00;0,579075;
Arsen;9;02.12.2016 05:00;0,50604;
Arsen;1;02.12.2016 05:00;0,3894;
Arsen;5;02.12.2016 05:00;0,371968;
Arsen;7;02.12.2016 05:00;0,35773;
Arsen;3;02.12.2016 05:00;0,261625;
Benzol;4;02.12.2016 05:00;1,83792;
Benzol;3;02.12.2016 05:00;1,56324;
Benzol;8;02.12.2016 05:00;0,964532;
Benzol;7;02.12.2016 05:00;0,941435;
Benzol;2;02.12.2016 05:00;0,688887;
Benzol;6;02.12.2016 05:00;0,483289;
Benzol;9;02.12.2016 05:00;0,429692;
Benzol;1;02.12.2016 05:00;0,131235;
Benzol;5;02.12.2016 05:00;0,00664086;
Anilin;6;02.12.2016 05:00;79,04791;
Anilin;3;02.12.2016 05:00;2,84168;
Anilin;4;02.12.2016 05:00;2,05996;
Anilin;5;02.12.2016 05:00;0,732421;
Anilin;8;02.12.2016 05:00;0,536751;
Anilin;2;02.12.2016 05:00;0,525075;
Anilin;7;02.12.2016 05:00;0,213233;
Anilin;1;02.12.2016 05:00;0,199013;
Anilin;9;02.12.2016 05:00;0,139287;
Natriumchlorid;6;02.12.2016 06:00;5,54996;
Natriumchlorid;4;02.12.2016 06:00;1,75991;
Natriumchlorid;7;02.12.2016 06:00;1,17588;
Natriumchlorid;6;02.12.2016 06:00;1,07254;
Natriumchlorid;3;02.12.2016 06:00;0,891611;
Natriumchlorid;5;02.12.2016 06:00;0,250806;
Natriumchlorid;1;02.12.2016 06:00;0,24503;
Natriumchlorid;8;02.12.2016 06:00;0,20152;
Natriumchlorid;2;02.12.2016 06:00;0,182782;
Natriumchlorid;9;02.12.2016 06:00;0,0926457;
Arsen;3;02.12.2016 06:00;2,14141;
Arsen;4;02.12.2016 06:00;1,68019;
Arsen;5;02.12.2016 06:00;0,748751;
Arsen;8;02.12.2016 06:00;0,64097;
Arsen;6;02.12.2016 06:00;0,426276;
Arsen;2;02.12.2016 06:00;0,303011;
Arsen;9;02.12.2016 06:00;0,287726;
Arsen;7;02.12.2016 06:00;0,137262;
Arsen;1;02.12.2016 06:00;0,0196304;
Benzol;4;02.12.2016 06:00;1,77696;
Benzol;2;02.12.2016 06:00;1,04261;
Benzol;7;02.12.2016 06:00;0,905678;
Benzol;3;02.12.2016 06:00;0,741271;
Benzol;5;02.12.2016 06:00;0,593187;
Benzol;8;02.12.2016 06:00;0,254784;
Benzol;6;02.12.2016 06:00;0,20269;
Benzol;9;02.12.2016 06:00;0,146216;
Benzol;1;02.12.2016 06:00;0,0931821;
Anilin;4;02.12.2016 06:00;1,71562;
Anilin;5;02.12.2016 06:00;1,39213;
Anilin;8;02.12.2016 06:00;0,574117;
Anilin;3;02.12.2016 06:00;0,46949;
Anilin;9;02.12.2016 06:00;0,368218;
Anilin;2;02.12.2016 06:00;0,298389;
Anilin;7;02.12.2016 06:00;0,22799;
Anilin;1;02.12.2016 06:00;0,0769554;
Natriumchlorid;4;02.12.2016 07:00;2,03987;
Natriumchlorid;3;02.12.2016 07:00;1,44317;
Natriumchlorid;2;02.12.2016 07:00;0,968752;
Natriumchlorid;7;02.12.2016 07:00;0,511165;
Natriumchlorid;9;02.12.2016 07:00;0,491178;
Natriumchlorid;1;02.12.2016 07:00;0,470272;
Natriumchlorid;8;02.12.2016 07:00;0,394813;
Natriumchlorid;5;02.12.2016 07:00;0,362643;
Natriumchlorid;6;02.12.2016 07:00;0,195338;
Arsen;4;02.12.2016 07:00;2,15327;
Arsen;3;02.12.2016 07:00;1,62318;
Arsen;5;02.12.2016 07:00;0,529853;
Arsen;6;02.12.2016 07:00;0,37907;
Arsen;9;02.12.2016 07:00;0,328037;
Arsen;7;02.12.2016 07:00;0,183909;
Arsen;1;02.12.2016 07:00;0,104674;
Arsen;2;02.12.2016 07:00;0,0843173;
Arsen;8;02.12.2016 07:00;0,0544854;
Benzol;4;02.12.2016 07:00;2,22834;
Benzol;5;02.12.2016 07:00;1,83853;
Benzol;3;02.12.2016 07:00;1,16555;
Benzol;2;02.12.2016 07:00;0,720918;
Benzol;7;02.12.2016 07:00;0,570142;
Benzol;6;02.12.2016 07:00;0,374989;
Benzol;9;02.12.2016 07:00;0,321209;
Benzol;1;02.12.2016 07:00;0,232323;
Benzol;8;02.12.2016 07:00;0,122402;
Anilin;4;02.12.2016 07:00;1,93288;
Anilin;5;02.12.2016 07:00;1,57682;
Anilin;9;02.12.2016 07:00;1,04039;
Anilin;3;02.12.2016 07:00;0,736142;
Anilin;7;02.12.2016 07:00;0,728125;
Anilin;6;02.12.2016 07:00;0,528338;
Anilin;1;02.12.2016 07:00;0,22643;
Anilin;8;02.12.2016 07:00;0,180198;
Anilin;2;02.12.2016 07:00;0,147562;
Natriumchlorid;3;02.12.2016 08:00;4,05292;
Natriumchlorid;4;02.12.2016 08:00;1,82024;
Natriumchlorid;7;02.12.2016 08:00;1,30849;
Natriumchlorid;9;02.12.2016 08:00;0,805929;
Natriumchlorid;2;02.12.2016 08:00;0,462266;
Natriumchlorid;6;02.12.2016 08:00;0,457746;
Natriumchlorid;1;02.12.2016 08:00;0,220053;
Natriumchlorid;5;02.12.2016 08:00;0,0556716;
Natriumchlorid;8;02.12.2016 08:00;0,0312169;
Arsen;4;02.12.2016 08:00;2,06243;
Arsen;3;02.12.2016 08:00;2,03923;
Arsen;7;02.12.2016 08:00;1,3192;
Arsen;5;02.12.2016 08:00;0,915362;
Arsen;8;02.12.2016 08:00;0,487206;
Arsen;6;02.12.2016 08:00;0,480245;
Arsen;1;02.12.2016 08:00;0,360102;
Arsen;2;02.12.2016 08:00;0,212257;
Arsen;9;02.12.2016 08:00;0,0164029;
Benzol;4;02.12.2016 08:00;1,9495;
Benzol;3;02.12.2016 08:00;1,45618;
Benzol;9;02.12.2016 08:00;1,45275;
Benzol;7;02.12.2016 08:00;0,934312;
Benzol;8;02.12.2016 08:00;0,839797;
Benzol;6;02.12.2016 08:00;0,330732;
Benzol;1;02.12.2016 08:00;0,309616;
Benzol;2;02.12.2016 08:00;0,106233;
Benzol;5;02.12.2016 08:00;0,0902357;
Anilin;4;02.12.2016 08:00;2,02328;
Anilin;9;02.12.2016 08:00;1,39134;
Anilin;8;02.12.2016 08:00;0,910589;
Anilin;5;02.12.2016 08:00;0,700227;
Anilin;6;02.12.2016 08:00;0,530716;
Anilin;3;02.12.2016 08:00;0,389491;
Anilin;1;02.12.2016 08:00;0,232447;
Anilin;2;02.12.2016 08:00;0,112175;
Anilin;7;02.12.2016 08:00;0,0127048;
Natriumchlorid;4;02.12.2016 09:00;1,73612;
Natriumchlorid;5;02.12.2016 09:00;1,7115;
Natriumchlorid;9;02.12.2016 09:00;0,712943;
Natriumchlorid;8;02.12.2016 09:00;0,445646;
Natriumchlorid;6;02.12.2016 09:00;0,429737;
Natriumchlorid;3;02.12.2016 09:00;0,392468;
Natriumchlorid;1;02.12.2016 09:00;0,379612;
Natriumchlorid;7;02.12.2016 09:00;0,351881;
Natriumchlorid;2;02.12.2016 09:00;0,214461;
Arsen;4;02.12.2016 09:00;1,59293;
Arsen;8;02.12.2016 09:00;0,712383;
Arsen;5;02.12.2016 09:00;0,630916;
Arsen;3;02.12.2016 09:00;0,583428;
Arsen;9;02.12.2016 09:00;0,371706;
Arsen;6;02.12.2016 09:00;0,326427;
Arsen;7;02.12.2016 09:00;0,168419;
Arsen;1;02.12.2016 09:00;0,0553638;
Arsen;2;02.12.2016 09:00;0,0118031;
Benzol;4;02.12.2016 09:00;1,86322;
Benzol;3;02.12.2016 09:00;1,54922;
Benzol;9;02.12.2016 09:00;1,17733;
Benzol;8;02.12.2016 09:00;0,67612;
Benzol;2;02.12.2016 09:00;0,619688;
Benzol;5;02.12.2016 09:00;0,419222;
Benzol;7;02.12.2016 09:00;0,397182;
Benzol;6;02.12.2016 09:00;0,36308;
Benzol;1;02.12.2016 09:00;0,0191437;
Anilin;4;02.12.2016 09:00;2,00698;
Anilin;9;02.12.2016 09:00;1,73659;
Anilin;3;02.12.2016 09:00;0,70109;
Anilin;8;02.12.2016 09:00;0,553056;
Anilin;6;02.12.2016 09:00;0,52755;
Anilin;1;02.12.2016 09:00;0,391907;
Anilin;7;02.12.2016 09:00;0,351604;
Anilin;2;02.12.2016 09:00;0,162073;
Anilin;5;02.12.2016 09:00;0,0395676;
Natriumchlorid;4;02.12.2016 10:00;2,03715;
Natriumchlorid;3;02.12.2016 10:00;0,51213;
Natriumchlorid;5;02.12.2016 10:00;0,491299;
Natriumchlorid;8;02.12.2016 10:00;0,344607;
Natriumchlorid;7;02.12.2016 10:00;0,326547;
Natriumchlorid;9;02.12.2016 10:00;0,300565;
Natriumchlorid;2;02.12.2016 10:00;0,275148;
Natriumchlorid;1;02.12.2016 10:00;0,152991;
Natriumchlorid;6;02.12.2016 10:00;0,079351;
Arsen;4;02.12.2016 10:00;1,8949;
Arsen;6;02.12.2016 10:00;0,549209;
Arsen;2;02.12.2016 10:00;0,37331;
Arsen;1;02.12.2016 10:00;0,371454;
Arsen;8;02.12.2016 10:00;0,286453;
Arsen;7;02.12.2016 10:00;0,281251;
Arsen;5;02.12.2016 10:00;0,253268;
Arsen;9;02.12.2016 10:00;0,227618;
Arsen;3;02.12.2016 10:00;0,154816;
Benzol;4;02.12.2016 10:00;1,92416;
Benzol;8;02.12.2016 10:00;0,695073;
Benzol;2;02.12.2016 10:00;0,610928;
Benzol;5;02.12.2016 10:00;0,601951;
Benzol;6;02.12.2016 10:00;0,503026;
Benzol;1;02.12.2016 10:00;0,401612;
Benzol;7;02.12.2016 10:00;0,327387;
Benzol;3;02.12.2016 10:00;0,185878;
Benzol;9;02.12.2016 10:00;0,0793627;
Anilin;4;02.12.2016 10:00;1,79292;
Anilin;5;02.12.2016 10:00;1,47071;
Anilin;8;02.12.2016 10:00;0,86539;
Anilin;6;02.12.2016 10:00;0,744045;
Anilin;2;02.12.2016 10:00;0,336102;
Anilin;3;02.12.2016 10:00;0,323316;
Anilin;7;02.12.2016 10:00;0,226838;
Anilin;9;02.12.2016 10:00;0,1427;
Anilin;1;02.12.2016 10:00;0,00219127;
Natriumchlorid;3;02.12.2016 11:00;2,50882;
Natriumchlorid;4;02.12.2016 11:00;1,95628;
Natriumchlorid;7;02.12.2016 11:00;0,645847;
Natriumchlorid;8;02.12.2016 11:00;0,541659;
Natriumchlorid;6;02.12.2016 11:00;0,411826;
Natriumchlorid;2;02.12.2016 11:00;0,392849;
Natriumchlorid;1;02.12.2016 11:00;0,202224;
Natriumchlorid;9;02.12.2016 11:00;0,179502;
Natriumchlorid;5;02.12.2016 11:00;0,0439417;
Arsen;4;02.12.2016 11:00;1,90366;
Arsen;6;02.12.2016 11:00;0,693608;
Arsen;2;02.12.2016 11:00;0,350622;
Arsen;7;02.12.2016 11:00;0,29773;
Arsen;1;02.12.2016 11:00;0,188205;
Arsen;8;02.12.2016 11:00;0,167782;
Arsen;5;02.12.2016 11:00;0,148492;
Arsen;9;02.12.2016 11:00;0,133392;
Arsen;3;02.12.2016 11:00;0,0495779;
Benzol;4;02.12.2016 11:00;1,76229;
Benzol;3;02.12.2016 11:00;1,56574;
Benzol;2;02.12.2016 11:00;0,681165;
Benzol;7;02.12.2016 11:00;0,645626;
Benzol;9;02.12.2016 11:00;0,598075;
Benzol;6;02.12.2016 11:00;0,378039;
Benzol;1;02.12.2016 11:00;0,115387;
Benzol;5;02.12.2016 11:00;0,0888284;
Benzol;8;02.12.2016 11:00;0,012045;
Anilin;3;02.12.2016 11:00;2,80663;
Anilin;4;02.12.2016 11:00;1,84998;
Anilin;9;02.12.2016 11:00;0,903132;
Anilin;6;02.12.2016 11:00;0,794015;
Anilin;5;02.12.2016 11:00;0,723754;
Anilin;2;02.12.2016 11:00;0,651291;
Anilin;7;02.12.2016 11:00;0,530348;
Anilin;1;02.12.2016 11:00;0,383377;
Anilin;8;02.12.2016 11:00;0,366009;
Natriumchlorid;9;02.12.2016 12:00;11,39417;
Natriumchlorid;4;02.12.2016 12:00;1,82899;
Natriumchlorid;9;02.12.2016 12:00;1,60048;
Natriumchlorid;3;02.12.2016 12:00;0,91433;
Natriumchlorid;7;02.12.2016 12:00;0,474801;
Natriumchlorid;6;02.12.2016 12:00;0,460623;
Natriumchlorid;8;02.12.2016 12:00;0,437616;
Natriumchlorid;2;02.12.2016 12:00;0,319492;
Natriumchlorid;1;02.12.2016 12:00;0,200987;
Natriumchlorid;5;02.12.2016 12:00;0,105181;
Arsen;3;02.12.2016 12:00;2,05685;
Arsen;4;02.12.2016 12:00;1,62461;
Arsen;9;02.12.2016 12:00;1,41762;
Arsen;5;02.12.2016 12:00;0,565927;
Arsen;7;02.12.2016 12:00;0,33869;
Arsen;1;02.12.2016 12:00;0,241568;
Arsen;2;02.12.2016 12:00;0,219178;
Arsen;8;02.12.2016 12:00;0,197847;
Arsen;6;02.12.2016 12:00;0,10224;
Benzol;7;02.12.2016 12:00;2,54044;
Benzol;4;02.12.2016 12:00;2,23556;
Benzol;3;02.12.2016 12:00;0,680493;
Benzol;5;02.12.2016 12:00;0,656202;
Benzol;9;02.12.2016 12:00;0,22414;
Benzol;2;02.12.2016 12:00;0,208584;
Benzol;6;02.12.2016 12:00;0,174528;
Benzol;1;02.12.2016 12:00;0,126198;
Benzol;8;02.12.2016 12:00;0,0760932;
Anilin;4;02.12.2016 12:00;1,7249;
Anilin;3;02.12.2016 12:00;1,50267;
Anilin;8;02.12.2016 12:00;1,00228;
Anilin;5;02.12.2016 12:00;0,846371;
Anilin;7;02.12.2016 12:00;0,567909;
Anilin;6;02.12.2016 12:00;0,436796;
Anilin;2;02.12.2016 12:00;0,287927;
Anilin;1;02.12.2016 12:00;0,106453;
Natriumchlorid;4;02.12.2016 13:00;1,9353;
Natriumchlorid;7;02.12.2016 13:00;0,54682;
Natriumchlorid;9;02.12.2016 13:00;0,525016;
Natriumchlorid;5;02.12.2016 13:00;0,462463;
Natriumchlorid;8;02.12.2016 13:00;0,311979;
Natriumchlorid;6;02.12.2016 13:00;0,292387;
Natriumchlorid;3;02.12.2016 13:00;0,186279;
Natriumchlorid;1;02.12.2016 13:00;0,0759471;
Natriumchlorid;2;02.12.2016 13:00;0,0455718;
Arsen;4;02.12.2016 13:00;2,05702;
Arsen;9;02.12.2016 13:00;0,948581;
Arsen;7;02.12.2016 13:00;0,828543;
Arsen;2;02.12.2016 13:00;0,527638;
Arsen;6;02.12.2016 13:00;0,486789;
Arsen;1;02.12.2016 13:00;0,362517;
Arsen;3;02.12.2016 13:00;0,213573;
Arsen;8;02.12.2016 13:00;0,0767083;
Arsen;5;02.12.2016 13:00;0,0667222;
Benzol;5;02.12.2016 13:00;6,13425;
Benzol;3;02.12.2016 13:00;2,48583;
Benzol;4;02.12.2016 13:00;2,00908;
Benzol;2;02.12.2016 13:00;0,55925;
Benzol;9;02.12.2016 13:00;0,516849;
Benzol;8;02.12.2016 13:00;0,450608;
Benzol;6;02.12.2016 13:00;0,321542;
Benzol;7;02.12.2016 13:00;0,188826;
Benzol;1;02.12.2016 13:00;0,0778417;
Anilin;4;02.12.2016 13:00;2,13592;
Anilin;2;02.12.2016 13:00;0,585806;
Anilin;5;02.12.2016 13:00;0,510687;
Anilin;8;02.12.2016 13:00;0,442814;
Anilin;1;02.12.2016 13:00;0,318145;
Anilin;9;02.12.2016 13:00;0,287402;
Anilin;3;02.12.2016 13:00;0,255445;
Anilin;6;02.12.2016 13:00;0,209302;
Anilin;7;02.12.2016 13:00;0,104649;
Natriumchlorid;3;02.12.2016 14:00;2,69149;
Natriumchlorid;4;02.12.2016 14:00;1,65815;
Natriumchlorid;9;02.12.2016 14:00;1,23165;
Natriumchlorid;5;02.12.2016 14:00;0,678068;
Natriumchlorid;6;02.12.2016 14:00;0,613352;
Natriumchlorid;7;02.12.2016 14:00;0,458569;
Natriumchlorid;2;02.12.2016 14:00;0,301048;
Natriumchlorid;8;02.12.2016 14:00;0,300499;
Natriumchlorid;1;02.12.2016 14:00;0,0451229;
Arsen;4;02.12.2016 14:00;2,15599;
Arsen;7;02.12.2016 14:00;0,923033;
Arsen;1;02.12.2016 14:00;0,653241;
Arsen;6;02.12.2016 14:00;0,457076;
Arsen;3;02.12.2016 14:00;0,345287;
Arsen;9;02.12.2016 14:00;0,238191;
Arsen;5;02.12.2016 14:00;0,227266;
Arsen;2;02.12.2016 14:00;0,225732;
Arsen;8;02.12.2016 14:00;0,0262486;
Benzol;4;02.12.2016 14:00;1,82769;
Benzol;8;02.12.2016 14:00;0,640419;
Benzol;5;02.12.2016 14:00;0,56444;
Benzol;3;02.12.2016 14:00;0,552444;
Benzol;1;02.12.2016 14:00;0,479721;
Benzol;7;02.12.2016 14:00;0,474915;
Benzol;6;02.12.2016 14:00;0,428624;
Benzol;9;02.12.2016 14:00;0,152743;
Benzol;2;02.12.2016 14:00;0,0294757;
Anilin;4;02.12.2016 14:00;1,74511;
Anilin;3;02.12.2016 14:00;1,74277;
Anilin;7;02.12.2016 14:00;1,0068;
Anilin;9;02.12.2016 14:00;0,904997;
Anilin;5;02.12.2016 14:00;0,623756;
Anilin;6;02.12.2016 14:00;0,459934;
Anilin;2;02.12.2016 14:00;0,427566;
Anilin;1;02.12.2016 14:00;0,426079;
Anilin;8;02.12.2016 14:00;0,049438;
Natriumchlorid;4;02.12.2016 15:00;1,82045;
Natriumchlorid;7;02.12.2016 15:00;0,976831;
Natriumchlorid;2;02.12.2016 15:00;0,825836;
Natriumchlorid;3;02.12.2016 15:00;0,802957;
Natriumchlorid;5;02.12.2016 15:00;0,767375;
Natriumchlorid;8;02.12.2016 15:00;0,676626;
Natriumchlorid;1;02.12.2016 15:00;0,565331;
Natriumchlorid;6;02.12.2016 15:00;0,48844;
Natriumchlorid;9;02.12.2016 15:00;0,481359;
Arsen;4;02.12.2016 15:00;1,61942;
Arsen;7;02.12.2016 15:00;1,1579;
Arsen;2;02.12.2016 15:00;0,970677;
Arsen;3;02.12.2016 15:00;0,72993;
Arsen;8;02.12.2016 15:00;0,677987;
Arsen;5;02.12.2016 15:00;0,52811;
Arsen;6;02.12.2016 15:00;0,423316;
Arsen;1;02.12.2016 15:00;0,353569;
Arsen;9;02.12.2016 15:00;0,0505596;
Benzol;4;02.12.2016 15:00;1,81127;
Benzol;2;02.12.2016 15:00;0,564895;
Benzol;7;02.12.2016 15:00;0,404104;
Benzol;8;02.12.2016 15:00;0,355462;
Benzol;1;02.12.2016 15:00;0,301317;
Benzol;9;02.12.2016 15:00;0,280681;
Benzol;5;02.12.2016 15:00;0,243723;
Benzol;6;02.12.2016 15:00;0,132598;
Benzol;3;02.12.2016 15:00;0,131435;
Anilin;4;02.12.2016 15:00;1,82123;
Anilin;3;02.12.2016 15:00;1,61437;
Anilin;5;02.12.2016 15:00;0,621914;
Anilin;7;02.12.2016 15:00;0,477241;
Anilin;2;02.12.2016 15:00;0,465042;
Anilin;6;02.12.2016 15:00;0,461216;
Anilin;9;02.12.2016 15:00;0,355462;
Anilin;8;02.12.2016 15:00;0,276959;
Anilin;1;02.12.2016 15:00;0,173014;
Natriumchlorid;4;02.12.2016 16:00;1,67951;
Natriumchlorid;7;02.12.2016 16:00;1,63698;
Natriumchlorid;9;02.12.2016 16:00;0,599077;
Natriumchlorid;8;02.12.2016 16:00;0,565011;
Natriumchlorid;3;02.12.2016 16:00;0,564461;
Natriumchlorid;1;02.12.2016 16:00;0,213451;
Natriumchlorid;2;02.12.2016 16:00;0,141487;
Natriumchlorid;5;02.12.2016 16:00;0,0315536;
Natriumchlorid;6;02.12.2016 16:00;0,0170433;
Arsen;4;02.12.2016 16:00;1,82014;
Arsen;3;02.12.2016 16:00;1,69101;
Arsen;7;02.12.2016 16:00;1,57892;
Arsen;8;02.12.2016 16:00;0,764709;
Arsen;6;02.12.2016 16:00;0,710803;
Arsen;9;02.12.2016 16:00;0,650054;
Arsen;5;02.12.2016 16:00;0,545889;
Arsen;2;02.12.2016 16:00;0,489518;
Arsen;1;02.12.2016 16:00;0,0811804;
Benzol;3;02.12.2016 16:00;2,33154;
Benzol;4;02.12.2016 16:00;1,71919;
Benzol;2;02.12.2016 16:00;0,877197;
Benzol;5;02.12.2016 16:00;0,460306;
Benzol;9;02.12.2016 16:00;0,367931;
Benzol;8;02.12.2016 16:00;0,267297;
Benzol;7;02.12.2016 16:00;0,225765;
Benzol;1;02.12.2016 16:00;0,219623;
Benzol;6;02.12.2016 16:00;0,136729;
Anilin;4;02.12.2016 16:00;1,72738;
Anilin;3;02.12.2016 16:00;1,44496;
Anilin;9;02.12.2016 16:00;1,23274;
Anilin;7;02.12.2016 16:00;0,89682;
Anilin;5;02.12.2016 16:00;0,75721;
Anilin;6;02.12.2016 16:00;0,438228;
Anilin;8;02.12.2016 16:00;0,325689;
Anilin;2;02.12.2016 16:00;0,0921888;
Anilin;1;02.12.2016 16:00;0,074748;
Natriumchlorid;4;02.12.2016 17:00;1,79648;
Natriumchlorid;5;02.12.2016 17:00;1,16277;
Natriumchlorid;6;02.12.2016 17:00;0,505989;
Natriumchlorid;2;02.12.2016 17:00;0,486781;
Natriumchlorid;1;02.12.2016 17:00;0,451809;
Natriumchlorid;3;02.12.2016 17:00;0,392912;
Natriumchlorid;8;02.12.2016 17:00;0,279331;
Natriumchlorid;7;02.12.2016 17:00;0,245071;
Natriumchlorid;9;02.12.2016 17:00;0,0691206;
Arsen;4;02.12.2016 17:00;2,15412;
Arsen;8;02.12.2016 17:00;1,0064;
Arsen;3;02.12.2016 17:00;0,89052;
Arsen;2;02.12.2016 17:00;0,656358;
Arsen;6;02.12.2016 17:00;0,653919;
Arsen;5;02.12.2016 17:00;0,58064;
Arsen;7;02.12.2016 17:00;0,358102;
Arsen;1;02.12.2016 17:00;0,264057;
Arsen;9;02.12.2016 17:00;0,250756;
Benzol;3;02.12.2016 17:00;2,11489;
Benzol;4;02.12.2016 17:00;2,07817;
Benzol;7;02.12.2016 17:00;1,38695;
Benzol;9;02.12.2016 17:00;0,754408;
Benzol;5;02.12.2016 17:00;0,524417;
Benzol;1;02.12.2016 17:00;0,404043;
Benzol;2;02.12.2016 17:00;0,255177;
Benzol;6;02.12.2016 17:00;0,246493;
Benzol;8;02.12.2016 17:00;0,026704;
Anilin;4;02.12.2016 17:00;1,60019;
Anilin;3;02.12.2016 17:00;0,997439;
Anilin;5;02.12.2016 17:00;0,814232;
Anilin;9;02.12.2016 17:00;0,385321;
Anilin;8;02.12.2016 17:00;0,362384;
Anilin;2;02.12.2016 17:00;0,328571;
Anilin;1;02.12.2016 17:00;0,315405;
Anilin;7;02.12.2016 17:00;0,289335;
Anilin;6;02.12.2016 17:00;0,158691;
Natriumchlorid;3;02.12.2016 18:00;3,01622;
Natriumchlorid;4;02.12.2016 18:00;1,8932;
Natriumchlorid;7;02.12.2016 18:00;0,702246;
Natriumchlorid;6;02.12.2016 18:00;0,428191;
Natriumchlorid;8;02.12.2016 18:00;0,424295;
Natriumchlorid;5;02.12.2016 18:00;0,416235;
Natriumchlorid;1;02.12.2016 18:00;0,314485;
Natriumchlorid;9;02.12.2016 18:00;0,287999;
Natriumchlorid;2;02.12.2016 18:00;0,284843;
Arsen;4;02.12.2016 18:00;1,97752;
Arsen;2;02.12.2016 18:00;0,714763;
Arsen;3;02.12.2016 18:00;0,695962;
Arsen;5;02.12.2016 18:00;0,556346;
Arsen;6;02.12.2016 18:00;0,262153;
Arsen;7;02.12.2016 18:00;0,226457;
Arsen;9;02.12.2016 18:00;0,147084;
Arsen;8;02.12.2016 18:00;0,106171;
Arsen;1;02.12.2016 18:00;0,0361621;
Benzol;3;02.12.2016 18:00;2,65012;
Benzol;4;02.12.2016 18:00;1,90089;
Benzol;5;02.12.2016 18:00;0,872602;
Benzol;7;02.12.2016 18:00;0,779686;
Benzol;9;02.12.2016 18:00;0,521565;
Benzol;6;02.12.2016 18:00;0,402869;
Benzol;1;02.12.2016 18:00;0,199641;
Benzol;8;02.12.2016 18:00;0,173196;
Benzol;2;02.12.2016 18:00;0,0770139;
Anilin;4;02.12.2016 18:00;1,93937;
Anilin;7;02.12.2016 18:00;0,935851;
Anilin;1;02.12.2016 18:00;0,336723;
Anilin;3;02.12.2016 18:00;0,224671;
Anilin;9;02.12.2016 18:00;0,209069;
Anilin;5;02.12.2016 18:00;0,184916;
Anilin;6;02.12.2016 18:00;0,155104;
Anilin;2;02.12.2016 18:00;0,092468;
Anilin;8;02.12.2016 18:00;0,0883225;
Natriumchlorid;9;02.12.2016 19:00;3,32687;
Natriumchlorid;4;02.12.2016 19:00;2,29937;
Natriumchlorid;7;02.12.2016 19:00;0,767529;
Natriumchlorid;5;02.12.2016 19:00;0,57545;
Natriumchlorid;3;02.12.2016 19:00;0,572077;
Natriumchlorid;8;02.12.2016 19:00;0,443183;
Natriumchlorid;6;02.12.2016 19:00;0,413696;
Natriumchlorid;9;02.12.2016 19:00;0,408859;
Natriumchlorid;1;02.12.2016 19:00;0,394394;
Natriumchlorid;2;02.12.2016 19:00;0,0243351;
Arsen;4;02.12.2016 19:00;2,10852;
Arsen;7;02.12.2016 19:00;1,26634;
Arsen;9;02.12.2016 19:00;1,10015;
Arsen;6;02.12.2016 19:00;0,68017;
Arsen;3;02.12.2016 19:00;0,661626;
Arsen;8;02.12.2016 19:00;0,378309;
Arsen;5;02.12.2016 19:00;0,202972;
Arsen;1;02.12.2016 19:00;0,191054;
Arsen;2;02.12.2016 19:00;0,0386802;
Benzol;4;02.12.2016 19:00;1,97715;
Benzol;8;02.12.2016 19:00;1,0568;
Benzol;9;02.12.2016 19:00;0,51433;
Benzol;3;02.12.2016 19:00;0,346045;
Benzol;6;02.12.2016 19:00;0,299985;
Benzol;7;02.12.2016 19:00;0,194598;
Benzol;2;02.12.2016 19:00;0,172947;
Benzol;5;02.12.2016 19:00;0,0580495;
Benzol;1;02.12.2016 19:00;0,0524525;
Anilin;4;02.12.2016 19:00;1,94022;
Anilin;3;02.12.2016 19:00;0,83333;
Anilin;6;02.12.2016 19:00;0,381929;
Anilin;2;02.12.2016 19:00;0,153672;
Anilin;7;02.12.2016 19:00;0,1293;
Anilin;1;02.12.2016 19:00;0,107118;
Anilin;5;02.12.2016 19:00;0,0865182;
Anilin;8;02.12.2016 19:00;0,0270053;
Natriumchlorid;3;02.12.2016 20:00;2,08715;
Natriumchlorid;4;02.12.2016 20:00;1,92007;
Natriumchlorid;9;02.12.2016 20:00;0,637216;
Natriumchlorid;8;02.12.2016 20:00;0,56748;
Natriumchlorid;6;02.12.2016 20:00;0,385721;
Natriumchlorid;2;02.12.2016 20:00;0,295246;
Natriumchlorid;1;02.12.2016 20:00;0,249861;
Natriumchlorid;5;02.12.2016 20:00;0,204155;
Natriumchlorid;7;02.12.2016 20:00;0,176437;
Arsen;3;02.12.2016 20:00;2,07995;
Arsen;4;02.12.2016 20:00;2,02533;
Arsen;8;02.12.2016 20:00;1,09463;
Arsen;9;02.12.2016 20:00;0,683984;
Arsen;1;02.12.2016 20:00;0,528166;
Arsen;2;02.12.2016 20:00;0,33099;
Arsen;6;02.12.2016 20:00;0,230443;
Arsen;5;02.12.2016 20:00;0,12514;
Arsen;7;02.12.2016 20:00;0,0640626;
Benzol;3;02.12.2016 20:00;2,77336;
Benzol;4;02.12.2016 20:00;1,87956;
Benzol;9;02.12.2016 20:00;0,892107;
Benzol;6;02.12.2016 20:00;0,538643;
Benzol;1;02.12.2016 20:00;0,487929;
Benzol;8;02.12.2016 20:00;0,45104;
Benzol;7;02.12.2016 20:00;0,398454;
Benzol;5;02.12.2016 20:00;0,271353;
Benzol;2;02.12.2016 20:00;0,220158;
Anilin;4;02.12.2016 20:00;1,76854;
Anilin;9;02.12.2016 20:00;0,700175;
Anilin;5;02.12.2016 20:00;0,558071;
Anilin;8;02.12.2016 20:00;0,476581;
Anilin;7;02.12.2016 20:00;0,454417;
Anilin;3;02.12.2016 20:00;0,448623;
Anilin;6;02.12.2016 20:00;0,355488;
Anilin;1;02.12.2016 20:00;0,29307;
Anilin;2;02.12.2016 20:00;0,284397;
Natriumchlorid;4;02.12.2016 21:00;2,04605;
Natriumchlorid;8;02.12.2016 21:00;0,832477;
Natriumchlorid;3;02.12.2016 21:00;0,637344;
Natriumchlorid;5;02.12.2016 21:00;0,398589;
Natriumchlorid;7;02.12.2016 21:00;0,340548;
Natriumchlorid;6;02.12.2016 21:00;0,311864;
Natriumchlorid;1;02.12.2016 21:00;0,237387;
Natriumchlorid;2;02.12.2016 21:00;0,0382967;
Natriumchlorid;9;02.12.2016 21:00;0,00999314;
Arsen;4;02.12.2016 21:00;1,94767;
Arsen;7;02.12.2016 21:00;0,944212;
Arsen;5;02.12.2016 21:00;0,869383;
Arsen;6;02.12.2016 21:00;0,5689;
Arsen;3;02.12.2016 21:00;0,536642;
Arsen;9;02.12.2016 21:00;0,14906;
Arsen;1;02.12.2016 21:00;0,106726;
Arsen;2;02.12.2016 21:00;0,099834;
Arsen;8;02.12.2016 21:00;0,0344047;
Benzol;4;02.12.2016 21:00;1,81457;
Benzol;5;02.12.2016 21:00;1,44115;
Benzol;7;02.12.2016 21:00;0,903037;
Benzol;3;02.12.2016 21:00;0,854051;
Benzol;8;02.12.2016 21:00;0,705415;
Benzol;2;02.12.2016 21:00;0,490553;
Benzol;6;02.12.2016 21:00;0,433952;
Benzol;1;02.12.2016 21:00;0,238431;
Benzol;9;02.12.2016 21:00;0,0792789;
Anilin;4;02.12.2016 21:00;1,51218;
Anilin;3;02.12.2016 21:00;1,04828;
Anilin;6;02.12.2016 21:00;0,487513;
Anilin;7;02.12.2016 21:00;0,420988;
Anilin;8;02.12.2016 21:00;0,226488;
Anilin;5;02.12.2016 21:00;0,182862;
Anilin;1;02.12.2016 21:00;0,179516;
Anilin;9;02.12.2016 21:00;0,139677;
Anilin;2;02.12.2016 21:00;0,0335215;
Natriumchlorid;4;02.12.2016 22:00;2,33672;
Natriumchlorid;6;02.12.2016 22:00;1,38754;
Natriumchlorid;9;02.12.2016 22:00;0,694351;
Natriumchlorid;5;02.12.2016 22:00;0,552654;
Natriumchlorid;1;02.12.2016 22:00;0,543176;
Natriumchlorid;3;02.12.2016 22:00;0,448686;
Natriumchlorid;7;02.12.2016 22:00;0,230483;
Natriumchlorid;8;02.12.2016 22:00;0,180556;
Natriumchlorid;2;02.12.2016 22:00;0,142784;
Arsen;7;02.12.2016 22:00;2,0588;
Arsen;4;02.12.2016 22:00;1,72198;
Arsen;5;02.12.2016 22:00;1,26803;
Arsen;2;02.12.2016 22:00;1,03817;
Arsen;8;02.12.2016 22:00;0,586856;
Arsen;6;02.12.2016 22:00;0,341472;
Arsen;9;02.12.2016 22:00;0,328271;
Arsen;3;02.12.2016 22:00;0,177084;
Arsen;1;02.12.2016 22:00;0,053706;
Benzol;3;02.12.2016 22:00;2,03939;
Benzol;4;02.12.2016 22:00;1,79664;
Benzol;7;02.12.2016 22:00;0,912014;
Benzol;9;02.12.2016 22:00;0,848222;
Benzol;8;02.12.2016 22:00;0,647533;
Benzol;1;02.12.2016 22:00;0,593589;
Benzol;6;02.12.2016 22:00;0,495515;
Benzol;5;02.12.2016 22:00;0,233932;
Benzol;2;02.12.2016 22:00;0,051248;
Anilin;6;02.12.2016 22:00;8,12454;
Anilin;3;02.12.2016 22:00;2,37874;
Anilin;4;02.12.2016 22:00;1,86286;
Anilin;7;02.12.2016 22:00;1,69129;
Anilin;5;02.12.2016 22:00;0,749263;
Anilin;9;02.12.2016 22:00;0,72591;
Anilin;1;02.12.2016 22:00;0,473783;
Anilin;8;02.12.2016 22:00;0,275932;
Anilin;2;02.12.2016 22:00;0,253786;
Natriumchlorid;6;02.12.2016 23:00;3,78867;
Natriumchlorid;4;02.12.2016 23:00;1,7649;
Natriumchlorid;9;02.12.2016 23:00;1,24298;
Natriumchlorid;7;02.12.2016 23:00;0,785509;
Natriumchlorid;2;02.12.2016 23:00;0,464826;
Natriumchlorid;5;02.12.2016 23:00;0,291582;
Natriumchlorid;1;02.12.2016 23:00;0,180977;
Natriumchlorid;3;02.12.2016 23:00;0,165546;
Natriumchlorid;8;02.12.2016 23:00;0,16502;
Arsen;4;02.12.2016 23:00;2,1253;
Arsen;8;02.12.2016 23:00;0,763366;
Arsen;9;02.12.2016 23:00;0,426624;
Arsen;3;02.12.2016 23:00;0,413013;
Arsen;6;02.12.2016 23:00;0,389369;
Arsen;5;02.12.2016 23:00;0,272481;
Arsen;1;02.12.2016 23:00;0,257506;
Arsen;7;02.12.2016 23:00;0,151927;
Arsen;2;02.12.2016 23:00;0,00886787;
Benzol;4;02.12.2016 23:00;1,74414;
Benzol;8;02.12.2016 23:00;0,616606;
Benzol;6;02.12.2016 23:00;0,449813;
Benzol;2;02.12.2016 23:00;0,393261;
Benzol;5;02.12.2016 23:00;0,321025;
Benzol;1;02.12.2016 23:00;0,257889;
Benzol;7;02.12.2016 23:00;0,249293;
Benzol;3;02.12.2016 23:00;0,115537;
Benzol;9;02.12.2016 23:00;0,0433516;
Anilin;6;02.12.2016 23:00;34,80366;
Anilin;4;02.12.2016 23:00;1,95456;
Anilin;3;02.12.2016 23:00;1,68756;
Anilin;2;02.12.2016 23:00;0,516592;
Anilin;7;02.12.2016 23:00;0,388665;
Anilin;9;02.12.2016 23:00;0,252138;
Anilin;8;02.12.2016 23:00;0,232988;
Anilin;5;02.12.2016 23:00;0,160303;
Anilin;1;02.12.2016 23:00;0,0612402;
Natriumchlorid;4;03.12.2016 00:00;1,8793;
Natriumchlorid;7;03.12.2016 00:00;0,825915;
Natriumchlorid;3;03.12.2016 00:00;0,634118;
Natriumchlorid;1;03.12.2016 00:00;0,595734;
Natriumchlorid;8;03.12.2016 00:00;0,508871;
Natriumchlorid;6;03.12.2016 00:00;0,368002;
Natriumchlorid;2;03.12.2016 00:00;0,168247;
Natriumchlorid;9;03.12.2016 00:00;0,12199;
Natriumchlorid;5;03.12.2016 00:00;0,0813422;
Arsen;4;03.12.2016 00:00;1,84173;
Arsen;9;03.12.2016 00:00;1,48723;
Arsen;5;03.12.2016 00:00;1,45334;
Arsen;8;03.12.2016 00:00;0,549441;
Arsen;1;03.12.2016 00:00;0,41222;
Arsen;6;03.12.2016 00:00;0,335988;
Arsen;7;03.12.2016 00:00;0,309156;
Arsen;3;03.12.2016 00:00;0,176958;
Arsen;2;03.12.2016 00:00;0,171565;
Benzol;3;03.12.2016 00:00;2,53183;
Benzol;4;03.12.2016 00:00;1,55535;
Benzol;5;03.12.2016 00:00;1,15207;
Benzol;9;03.12.2016 00:00;0,992446;
Benzol;7;03.12.2016 00:00;0,947506;
Benzol;2;03.12.2016 00:00;0,623104;
Benzol;6;03.12.2016 00:00;0,570876;
Benzol;8;03.12.2016 00:00;0,363367;
Benzol;1;03.12.2016 00:00;0,282522;
Anilin;3;03.12.2016 00:00;2,05526;
Anilin;4;03.12.2016 00:00;1,96395;
Anilin;9;03.12.2016 00:00;0,884278;
Anilin;5;03.12.2016 00:00;0,839415;
Anilin;2;03.12.2016 00:00;0,409702;
Anilin;7;03.12.2016 00:00;0,220702;
Anilin;6;03.12.2016 00:00;0,211723;
Anilin;8;03.12.2016 00:00;0,190552;
Anilin;1;03.12.2016 00:00;0,150975;
Natriumchlorid;4;03.12.2016 01:00;1,66503;
Natriumchlorid;5;03.12.2016 01:00;1,25804;
Natriumchlorid;3;03.12.2016 01:00;0,78071;
Natriumchlorid;9;03.12.2016 01:00;0,663609;
Natriumchlorid;6;03.12.2016 01:00;0,36701;
Natriumchlorid;1;03.12.2016 01:00;0,333189;
Natriumchlorid;2;03.12.2016 01:00;0,156078;
Natriumchlorid;7;03.12.2016 01:00;0,139703;
Natriumchlorid;8;03.12.2016 01:00;0,0133735;
Arsen;4;03.12.2016 01:00;1,99822;
Arsen;9;03.12.2016 01:00;0,326652;
Arsen;7;03.12.2016 01:00;0,288124;
Arsen;8;03.12.2016 01:00;0,21444;
Arsen;5;03.12.2016 01:00;0,155359;
Arsen;2;03.12.2016 01:00;0,137306;
Arsen;1;03.12.2016 01:00;0,132079;
Arsen;3;03.12.2016 01:00;0,130546;
Arsen;6;03.12.2016 01:00;0,0310841;
Benzol;4;03.12.2016 01:00;2,30587;
Benzol;3;03.12.2016 01:00;1,42494;
Benzol;5;03.12.2016 01:00;0,875011;
Benzol;8;03.12.2016 01:00;0,646274;
Benzol;1;03.12.2016 01:00;0,500854;
Benzol;9;03.12.2016 01:00;0,306422;
Benzol;7;03.12.2016 01:00;0,274026;
Benzol;6;03.12.2016 01:00;0,265011;
Benzol;2;03.12.2016 01:00;0,0133153;
Anilin;4;03.12.2016 01:00;1,70595;
Anilin;8;03.12.2016 01:00;1,18676;
Anilin;3;03.12.2016 01:00;0,753828;
Anilin;6;03.12.2016 01:00;0,655468;
Anilin;2;03.12.2016 01:00;0,50759;
Anilin;7;03.12.2016 01:00;0,289773;
Anilin;9;03.12.2016 01:00;0,157255;
Anilin;1;03.12.2016 01:00;0,100055;
Anilin;5;03.12.2016 01:00;0,0713243;
Natriumchlorid;4;03.12.2016 02:00;2,06504;
Natriumchlorid;3;03.12.2016 02:00;1,36541;
Natriumchlorid;5;03.12.2016 02:00;1,2366;
Natriumchlorid;7;03.12.2016 02:00;0,646587;
Natriumchlorid;2;03.12.2016 02:00;0,56764;
Natriumchlorid;8;03.12.2016 02:00;0,510841;
Natriumchlorid;6;03.12.2016 02:00;0,420314;
Natriumchlorid;9;03.12.2016 02:00;0,23557;
Natriumchlorid;1;03.12.2016 02:00;0,149508;
Arsen;4;03.12.2016 02:00;2,02505;
Arsen;9;03.12.2016 02:00;1,20856;
Arsen;5;03.12.2016 02:00;0,791424;
Arsen;8;03.12.2016 02:00;0,665881;
Arsen;3;03.12.2016 02:00;0,647911;
Arsen;2;03.12.2016 02:00;0,442512;
Arsen;6;03.12.2016 02:00;0,354829;
Arsen;1;03.12.2016 02:00;0,278705;
Arsen;7;03.12.2016 02:00;0,153519;
Benzol;3;03.12.2016 02:00;2,78516;
Benzol;4;03.12.2016 02:00;2,02718;
Benzol;9;03.12.2016 02:00;0,812979;
Benzol;7;03.12.2016 02:00;0,444269;
Benzol;5;03.12.2016 02:00;0,261588;
Benzol;6;03.12.2016 02:00;0,253886;
Benzol;2;03.12.2016 02:00;0,249869;
Benzol;8;03.12.2016 02:00;0,186047;
Benzol;1;03.12.2016 02:00;0,0833637;
Anilin;4;03.12.2016 02:00;2,12266;
Anilin;3;03.12.2016 02:00;1,42101;
Anilin;7;03.12.2016 02:00;0,688297;
Anilin;2;03.12.2016 02:00;0,516369;
Anilin;8;03.12.2016 02:00;0,413918;
Anilin;6;03.12.2016 02:00;0,413834;
Anilin;1;03.12.2016 02:00;0,398684;
Anilin;5;03.12.2016 02:00;0,297098;
Anilin;9;03.12.2016 02:00;0,120507;
Natriumchlorid;3;03.12.2016 03:00;5,27326;
Natriumchlorid;4;03.12.2016 03:00;2,04171;
Natriumchlorid;5;03.12.2016 03:00;1,9948;
Natriumchlorid;9;03.12.2016 03:00;0,946471;
Natriumchlorid;7;03.12.2016 03:00;0,88647;
Natriumchlorid;6;03.12.2016 03:00;0,496923;
Natriumchlorid;8;03.12.2016 03:00;0,343803;
Natriumchlorid;1;03.12.2016 03:00;0,226786;
Natriumchlorid;2;03.12.2016 03:00;0,179382;
Arsen;4;03.12.2016 03:00;1,96375;
Arsen;7;03.12.2016 03:00;0,798334;
Arsen;8;03.12.2016 03:00;0,651249;
Arsen;9;03.12.2016 03:00;0,48711;
Arsen;6;03.12.2016 03:00;0,452169;
Arsen;3;03.12.2016 03:00;0,43627;
Arsen;2;03.12.2016 03:00;0,360225;
Arsen;1;03.12.2016 03:00;0,245752;
Arsen;5;03.12.2016 03:00;0,00375154;
Benzol;4;03.12.2016 03:00;2,0174;
Benzol;5;03.12.2016 03:00;1,30626;
Benzol;7;03.12.2016 03:00;0,614738;
Benzol;8;03.12.2016 03:00;0,530409;
Benzol;6;03.12.2016 03:00;0,454197;
Benzol;3;03.12.2016 03:00;0,240688;
Benzol;2;03.12.2016 03:00;0,164258;
Benzol;1;03.12.2016 03:00;0,136117;
Benzol;9;03.12.2016 03:00;0,0174105;
Anilin;4;03.12.2016 03:00;2,1486;
Anilin;2;03.12.2016 03:00;0,970677;
Anilin;7;03.12.2016 03:00;0,785874;
Anilin;8;03.12.2016 03:00;0,75535;
Anilin;3;03.12.2016 03:00;0,609775;
Anilin;9;03.12.2016 03:00;0,407973;
Anilin;5;03.12.2016 03:00;0,274138;
Anilin;1;03.12.2016 03:00;0,22347;
Anilin;6;03.12.2016 03:00;0,0453344;
Natriumchlorid;3;03.12.2016 04:00;3,34215;
Natriumchlorid;4;03.12.2016 04:00;2,16755;
Natriumchlorid;5;03.12.2016 04:00;0,774432;
Natriumchlorid;8;03.12.2016 04:00;0,596984;
Natriumchlorid;6;03.12.2016 04:00;0,565171;
Natriumchlorid;7;03.12.2016 04:00;0,534689;
Natriumchlorid;9;03.12.2016 04:00;0,383919;
Natriumchlorid;1;03.12.2016 04:00;0,106145;
Natriumchlorid;2;03.12.2016 04:00;0,00717016;
Arsen;4;03.12.2016 04:00;1,5083;
Arsen;3;03.12.2016 04:00;1,42534;
Arsen;9;03.12.2016 04:00;0,80583;
Arsen;6;03.12.2016 04:00;0,521348;
Arsen;7;03.12.2016 04:00;0,36889;
Arsen;5;03.12.2016 04:00;0,24035;
Arsen;1;03.12.2016 04:00;0,135747;
Arsen;8;03.12.2016 04:00;0,0699598;
Arsen;2;03.12.2016 04:00;0,0446859;
Benzol;4;03.12.2016 04:00;1,85224;
Benzol;7;03.12.2016 04:00;0,824478;
Benzol;9;03.12.2016 04:00;0,799989;
Benzol;3;03.12.2016 04:00;0,616818;
Benzol;6;03.12.2016 04:00;0,528414;
Benzol;5;03.12.2016 04:00;0,45165;
Benzol;8;03.12.2016 04:00;0,313703;
Benzol;1;03.12.2016 04:00;0,197024;
Benzol;2;03.12.2016 04:00;0,134703;
Anilin;4;03.12.2016 04:00;2,17504;
Anilin;9;03.12.2016 04:00;0,479458;
Anilin;6;03.12.2016 04:00;0,404124;
Anilin;8;03.12.2016 04:00;0,345008;
Anilin;5;03.12.2016 04:00;0,213802;
Anilin;1;03.12.2016 04:00;0,184708;
Anilin;3;03.12.2016 04:00;0,148516;
Anilin;7;03.12.2016 04:00;0,128479;
Anilin;2;03.12.2016 04:00;0,121766;
Natriumchlorid;3;03.12.2016 05:00;2,34299;
Natriumchlorid;4;03.12.2016 05:00;1,86546;
Natriumchlorid;9;03.12.2016 05:00;0,680823;
Natriumchlorid;6;03.12.2016 05:00;0,451741;
Natriumchlorid;7;03.12.2016 05:00;0,195428;
Natriumchlorid;1;03.12.2016 05:00;0,187929;
Natriumchlorid;8;03.12.2016 05:00;0,183466;
Natriumchlorid;2;03.12.2016 05:00;0,148373;
Natriumchlorid;5;03.12.2016 05:00;0,120443;
Arsen;4;03.12.2016 05:00;1,76411;
Arsen;5;03.12.2016 05:00;1,48278;
Arsen;3;03.12.2016 05:00;1,04382;
Arsen;8;03.12.2016 05:00;0,331041;
Arsen;2;03.12.2016 05:00;0,307982;
Arsen;6;03.12.2016 05:00;0,225078;
Arsen;1;03.12.2016 05:00;0,199763;
Arsen;9;03.12.2016 05:00;0,037836;
Arsen;7;03.12.2016 05:00;0,0287254;
Benzol;3;03.12.2016 05:00;3,86148;
Benzol;4;03.12.2016 05:00;2,00374;
Benzol;8;03.12.2016 05:00;1,01977;
Benzol;5;03.12.2016 05:00;0,701271;
Benzol;7;03.12.2016 05:00;0,292182;
Benzol;6;03.12.2016 05:00;0,148022;
Benzol;1;03.12.2016 05:00;0,0812898;
Benzol;2;03.12.2016 05:00;0,0152916;
Benzol;9;03.12.2016 05:00;0,00799916;
Anilin;4;03.12.2016 05:00;1,70179;
Anilin;9;03.12.2016 05:00;1,41121;
Anilin;3;03.12.2016 05:00;0,927809;
Anilin;6;03.12.2016 05:00;0,739112;
Anilin;1;03.12.2016 05:00;0,590455;
Anilin;5;03.12.2016 05:00;0,413165;
Anilin;7;03.12.2016 05:00;0,385367;
Anilin;8;03.12.2016 05:00;0,119005;
Anilin;2;03.12.2016 05:00;0,113358;
Natriumchlorid;4;03.12.2016 06:00;1,79403;
Natriumchlorid;9;03.12.2016 06:00;0,904376;
Natriumchlorid;3;03.12.2016 06:00;0,589966;
Natriumchlorid;5;03.12.2016 06:00;0,525081;
Natriumchlorid;8;03.12.2016 06:00;0,517375;
Natriumchlorid;6;03.12.2016 06:00;0,262851;
Natriumchlorid;1;03.12.2016 06:00;0,239679;
Natriumchlorid;2;03.12.2016 06:00;0,201606;
Natriumchlorid;7;03.12.2016 06:00;0,181513;
Arsen;4;03.12.2016 06:00;2,19204;
Arsen;5;03.12.2016 06:00;1,48947;
Arsen;8;03.12.2016 06:00;0,885163;
Arsen;3;03.12.2016 06:00;0,814613;
Arsen;6;03.12.2016 06:00;0,396626;
Arsen;1;03.12.2016 06:00;0,380922;
Arsen;7;03.12.2016 06:00;0,202794;
Arsen;9;03.12.2016 06:00;0,199566;
Arsen;2;03.12.2016 06:00;0,102423;
Benzol;4;03.12.2016 06:00;1,92916;
Benzol;3;03.12.2016 06:00;1,29639;
Benzol;2;03.12.2016 06:00;0,819566;
Benzol;5;03.12.2016 06:00;0,728759;
Benzol;6;03.12.2016 06:00;0,683681;
Benzol;8;03.12.2016 06:00;0,593606;
Benzol;9;03.12.2016 06:00;0,5614;
Benzol;7;03.12.2016 06:00;0,487846;
Benzol;1;03.12.2016 06:00;0,257745;
Anilin;4;03.12.2016 06:00;1,9921;
Anilin;3;03.12.2016 06:00;1,69232;
Anilin;5;03.12.2016 06:00;0,951953;
Anilin;7;03.12.2016 06:00;0,897842;
Anilin;2;03.12.2016 06:00;0,724873;
Anilin;8;03.12.2016 06:00;0,452645;
Anilin;9;03.12.2016 06:00;0,276699;
Anilin;1;03.12.2016 06:00;0,236055;
Anilin;6;03.12.2016 06:00;0,0248225;
Natriumchlorid;4;03.12.2016 07:00;1,62692;
Natriumchlorid;5;03.12.2016 07:00;1,12376;
Natriumchlorid;9;03.12.2016 07:00;0,978918;
Natriumchlorid;3;03.12.2016 07:00;0,766095;
Natriumchlorid;2;03.12.2016 07:00;0,698389;
Natriumchlorid;1;03.12.2016 07:00;0,372779;
Natriumchlorid;6;03.12.2016 07:00;0,304331;
Natriumchlorid;8;03.12.2016 07:00;0,248457;
Natriumchlorid;7;03.12.2016 07:00;0,0849631;
Arsen;4;03.12.2016 07:00;1,98792;
Arsen;3;03.12.2016 07:00;1,35231;
Arsen;2;03.12.2016 07:00;0,877326;
Arsen;5;03.12.2016 07:00;0,746234;
Arsen;8;03.12.2016 07:00;0,607485;
Arsen;6;03.12.2016 07:00;0,529997;
Arsen;1;03.12.2016 07:00;0,407839;
Arsen;7;03.12.2016 07:00;0,355123;
Arsen;9;03.12.2016 07:00;0,33678;
Benzol;4;03.12.2016 07:00;1,98069;
Benzol;3;03.12.2016 07:00;1,59061;
Benzol;5;03.12.2016 07:00;0,991015;
Benzol;6;03.12.2016 07:00;0,543648;
Benzol;2;03.12.2016 07:00;0,236507;
Benzol;1;03.12.2016 07:00;0,191437;
Benzol;7;03.12.2016 07:00;0,169948;
Benzol;8;03.12.2016 07:00;0,13751;
Benzol;9;03.12.2016 07:00;0,0161124;
Anilin;4;03.12.2016 07:00;1,8896;
Anilin;9;03.12.2016 07:00;1,85538;
Anilin;6;03.12.2016 07:00;0,608548;
Anilin;7;03.12.2016 07:00;0,54473;
Anilin;3;03.12.2016 07:00;0,372402;
Anilin;2;03.12.2016 07:00;0,360325;
Anilin;5;03.12.2016 07:00;0,33057;
Anilin;1;03.12.2016 07:00;0,316564;
Anilin;8;03.12.2016 07:00;0,0444182;
Natriumchlorid;4;03.12.2016 08:00;1,70892;
Natriumchlorid;5;03.12.2016 08:00;1,17919;
Natriumchlorid;2;03.12.2016 08:00;0,724295;
Natriumchlorid;9;03.12.2016 08:00;0,693838;
Natriumchlorid;6;03.12.2016 08:00;0,389921;
Natriumchlorid;1;03.12.2016 08:00;0,378311;
Natriumchlorid;8;03.12.2016 08:00;0,231651;
Natriumchlorid;3;03.12.2016 08:00;0,225632;
Natriumchlorid;7;03.12.2016 08:00;0,225583;
Arsen;4;03.12.2016 08:00;1,95174;
Arsen;7;03.12.2016 08:00;1,44323;
Arsen;9;03.12.2016 08:00;1,09138;
Arsen;3;03.12.2016 08:00;0,858203;
Arsen;1;03.12.2016 08:00;0,792496;
Arsen;6;03.12.2016 08:00;0,33465;
Arsen;8;03.12.2016 08:00;0,132514;
Arsen;5;03.12.2016 08:00;0,124236;
Arsen;2;03.12.2016 08:00;0,0879697;
Benzol;4;03.12.2016 08:00;1,82826;
Benzol;3;03.12.2016 08:00;1,44207;
Benzol;8;03.12.2016 08:00;0,793279;
Benzol;5;03.12.2016 08:00;0,533548;
Benzol;2;03.12.2016 08:00;0,508154;
Benzol;1;03.12.2016 08:00;0,462509;
Benzol;6;03.12.2016 08:00;0,403022;
Benzol;7;03.12.2016 08:00;0,0685465;
Benzol;9;03.12.2016 08:00;0,0438741;
Anilin;4;03.12.2016 08:00;2,01878;
Anilin;9;03.12.2016 08:00;1,25056;
Anilin;8;03.12.2016 08:00;0,845896;
Anilin;5;03.12.2016 08:00;0,557763;
Anilin;6;03.12.2016 08:00;0,532979;
Anilin;2;03.12.2016 08:00;0,358106;
Anilin;1;03.12.2016 08:00;0,319295;
Anilin;3;03.12.2016 08:00;0,307541;
Anilin;7;03.12.2016 08:00;0,15153;
Natriumchlorid;4;03.12.2016 09:00;2,07836;
Natriumchlorid;7;03.12.2016 09:00;2,02923;
Natriumchlorid;3;03.12.2016 09:00;0,970421;
Natriumchlorid;2;03.12.2016 09:00;0,662477;
Natriumchlorid;8;03.12.2016 09:00;0,48777;
Natriumchlorid;6;03.12.2016 09:00;0,335392;
Natriumchlorid;9;03.12.2016 09:00;0,212141;
Natriumchlorid;1;03.12.2016 09:00;0,137516;
Natriumchlorid;5;03.12.2016 09:00;0,0893232;
Arsen;4;03.12.2016 09:00;1,74524;
Arsen;8;03.12.2016 09:00;1,33222;
Arsen;2;03.12.2016 09:00;0,990387;
Arsen;9;03.12.2016 09:00;0,319598;
Arsen;3;03.12.2016 09:00;0,24813;
Arsen;5;03.12.2016 09:00;0,232157;
Arsen;6;03.12.2016 09:00;0,154974;
Arsen;1;03.12.2016 09:00;0,14799;
Arsen;7;03.12.2016 09:00;0,0176281;
Benzol;6;03.12.2016 09:00;7,53633;
Benzol;4;03.12.2016 09:00;2,07838;
Benzol;5;03.12.2016 09:00;0,85972;
Benzol;1;03.12.2016 09:00;0,581495;
Benzol;8;03.12.2016 09:00;0,523779;
Benzol;3;03.12.2016 09:00;0,263518;
Benzol;2;03.12.2016 09:00;0,148219;
Benzol;9;03.12.2016 09:00;0,125892;
Benzol;7;03.12.2016 09:00;0,103802;
Anilin;4;03.12.2016 09:00;1,93941;
Anilin;2;03.12.2016 09:00;1,21571;
Anilin;3;03.12.2016 09:00;0,705754;
Anilin;5;03.12.2016 09:00;0,640885;
Anilin;7;03.12.2016 09:00;0,320962;
Anilin;6;03.12.2016 09:00;0,231798;
Anilin;8;03.12.2016 09:00;0,0521589;
Anilin;9;03.12.2016 09:00;0,0345966;
Anilin;1;03.12.2016 09:00;0,0199822;
Natriumchlorid;4;03.12.2016 10:00;1,73033;
Natriumchlorid;3;03.12.2016 10:00;1,62704;
Natriumchlorid;9;03.12.2016 10:00;1,34082;
Natriumchlorid;2;03.12.2016 10:00;0,692393;
Natriumchlorid;6;03.12.2016 10:00;0,649994;
Natriumchlorid;7;03.12.2016 10:00;0,46939;
Natriumchlorid;5;03.12.2016 10:00;0,457643;
Natriumchlorid;8;03.12.2016 10:00;0,0606072;
Natriumchlorid;1;03.12.2016 10:00;0,0438956;
Arsen;4;03.12.2016 10:00;1,86785;
Arsen;8;03.12.2016 10:00;0,935779;
Arsen;3;03.12.2016 10:00;0,638622;
Arsen;2;03.12.2016 10:00;0,571202;
Arsen;6;03.12.2016 10:00;0,516256;
Arsen;1;03.12.2016 10:00;0,452826;
Arsen;5;03.12.2016 10:00;0,210021;
Arsen;7;03.12.2016 10:00;0,104057;
Arsen;9;03.12.2016 10:00;0,0853612;
Benzol;6;03.12.2016 10:00;4,24371;
Benzol;4;03.12.2016 10:00;1,85746;
Benzol;2;03.12.2016 10:00;1,11134;
Benzol;3;03.12.2016 10:00;0,861859;
Benzol;7;03.12.2016 10:00;0,845258;
Benzol;8;03.12.2016 10:00;0,67787;
Benzol;5;03.12.2016 10:00;0,559224;
Benzol;9;03.12.2016 10:00;0,432649;
Benzol;1;03.12.2016 10:00;0,229381;
Anilin;3;03.12.2016 10:00;2,50213;
Anilin;4;03.12.2016 10:00;2,19902;
Anilin;5;03.12.2016 10:00;1,03322;
Anilin;7;03.12.2016 10:00;0,770868;
Anilin;6;03.12.2016 10:00;0,548825;
Anilin;8;03.12.2016 10:00;0,460805;
Anilin;9;03.12.2016 10:00;0,419591;
Anilin;2;03.12.2016 10:00;0,323811;
Anilin;1;03.12.2016 10:00;0,226199;
Natriumchlorid;4;03.12.2016 11:00;2,16251;
Natriumchlorid;3;03.12.2016 11:00;1,43175;
Natriumchlorid;5;03.12.2016 11:00;1,25051;
Natriumchlorid;9;03.12.2016 11:00;0,712296;
Natriumchlorid;8;03.12.2016 11:00;0,696521;
Natriumchlorid;2;03.12.2016 11:00;0,515506;
Natriumchlorid;6;03.12.2016 11:00;0,430991;
Natriumchlorid;7;03.12.2016 11:00;0,421871;
Natriumchlorid;1;03.12.2016 11:00;0,154372;
Arsen;3;03.12.2016 11:00;1,85314;
Arsen;4;03.12.2016 11:00;1,76341;
Arsen;5;03.12.2016 11:00;1,50069;
Arsen;9;03.12.2016 11:00;1,04842;
Arsen;8;03.12.2016 11:00;0,752543;
Arsen;7;03.12.2016 11:00;0,565358;
Arsen;6;03.12.2016 11:00;0,422223;
Arsen;1;03.12.2016 11:00;0,186273;
Arsen;2;03.12.2016 11:00;0,0542379;
Benzol;7;03.12.2016 11:00;1,92849;
Benzol;4;03.12.2016 11:00;1,87568;
Benzol;3;03.12.2016 11:00;1,23922;
Benzol;5;03.12.2016 11:00;0,984527;
Benzol;2;03.12.2016 11:00;0,925213;
Benzol;6;03.12.2016 11:00;0,664587;
Benzol;8;03.12.2016 11:00;0,461362;
Benzol;9;03.12.2016 11:00;0,217565;
Benzol;1;03.12.2016 11:00;0,047705;
Anilin;4;03.12.2016 11:00;1,958;
Anilin;3;03.12.2016 11:00;1,63284;
Anilin;9;03.12.2016 11:00;0,818887;
Anilin;2;03.12.2016 11:00;0,589673;
Anilin;8;03.12.2016 11:00;0,446416;
Anilin;7;03.12.2016 11:00;0,326707;
Anilin;6;03.12.2016 11:00;0,283491;
Anilin;5;03.12.2016 11:00;0,18857;
Anilin;1;03.12.2016 11:00;0,156674;
Natriumchlorid;3;03.12.2016 12:00;2,18042;
Natriumchlorid;4;03.12.2016 12:00;2,15833;
Natriumchlorid;8;03.12.2016 12:00;0,80292;
Natriumchlorid;7;03.12.2016 12:00;0,729635;
Natriumchlorid;5;03.12.2016 12:00;0,592423;
Natriumchlorid;2;03.12.2016 12:00;0,343061;
Natriumchlorid;6;03.12.2016 12:00;0,137092;
Natriumchlorid;9;03.12.2016 12:00;0,132085;
Natriumchlorid;1;03.12.2016 12:00;0,0917856;
Arsen;4;03.12.2016 12:00;2,16864;
Arsen;3;03.12.2016 12:00;1,68151;
Arsen;9;03.12.2016 12:00;1,08516;
Arsen;8;03.12.2016 12:00;0,764941;
Arsen;5;03.12.2016 12:00;0,49254;
Arsen;6;03.12.2016 12:00;0,348211;
Arsen;7;03.12.2016 12:00;0,150707;
Arsen;2;03.12.2016 12:00;0,140185;
Arsen;1;03.12.2016 12:00;0,0561343;
Benzol;4;03.12.2016 12:00;1,71632;
Benzol;3;03.12.2016 12:00;1,57031;
Benzol;8;03.12.2016 12:00;0,953324;
Benzol;5;03.12.2016 12:00;0,826726;
Benzol;7;03.12.2016 12:00;0,245715;
Benzol;2;03.12.2016 12:00;0,217707;
Benzol;6;03.12.2016 12:00;0,154032;
Benzol;9;03.12.2016 12:00;0,107492;
Benzol;1;03.12.2016 12:00;0,0493324;
Anilin;4;03.12.2016 12:00;1,77104;
Anilin;5;03.12.2016 12:00;1,26693;
Anilin;2;03.12.2016 12:00;0,976032;
Anilin;1;03.12.2016 12:00;0,176915;
Anilin;3;03.12.2016 12:00;0,164874;
Anilin;9;03.12.2016 12:00;0,140163;
Anilin;7;03.12.2016 12:00;0,0219854;
Anilin;8;03.12.2016 12:00;0,0142915;
Anilin;6;03.12.2016 12:00;0,0117822;
Natriumchlorid;4;03.12.2016 13:00;1,92259;
Natriumchlorid;5;03.12.2016 13:00;1,13101;
Natriumchlorid;3;03.12.2016 13:00;0,945914;
Natriumchlorid;6;03.12.2016 13:00;0,624665;
Natriumchlorid;7;03.12.2016 13:00;0,460363;
Natriumchlorid;2;03.12.2016 13:00;0,369118;
Natriumchlorid;1;03.12.2016 13:00;0,335143;
Natriumchlorid;8;03.12.2016 13:00;0,322982;
Natriumchlorid;9;03.12.2016 13:00;0,295965;
Arsen;4;03.12.2016 13:00;1,56813;
Arsen;5;03.12.2016 13:00;0,624535;
Arsen;6;03.12.2016 13:00;0,580738;
Arsen;9;03.12.2016 13:00;0,495372;
Arsen;1;03.12.2016 13:00;0,30224;
Arsen;2;03.12.2016 13:00;0,257216;
Arsen;3;03.12.2016 13:00;0,12282;
Arsen;7;03.12.2016 13:00;0,102238;
Arsen;8;03.12.2016 13:00;0,0844108;
Benzol;3;03.12.2016 13:00;2,28159;
Benzol;4;03.12.2016 13:00;1,68518;
Benzol;8;03.12.2016 13:00;0,923069;
Benzol;7;03.12.2016 13:00;0,575559;
Benzol;9;03.12.2016 13:00;0,397256;
Benzol;2;03.12.2016 13:00;0,379155;
Benzol;6;03.12.2016 13:00;0,277749;
Benzol;1;03.12.2016 13:00;0,211029;
Benzol;5;03.12.2016 13:00;0,14738;
Anilin;4;03.12.2016 13:00;1,90135;
Anilin;8;03.12.2016 13:00;0,94702;
Anilin;6;03.12.2016 13:00;0,315608;
Anilin;7;03.12.2016 13:00;0,277711;
Anilin;3;03.12.2016 13:00;0,242959;
Anilin;9;03.12.2016 13:00;0,200884;
Anilin;2;03.12.2016 13:00;0,16937;
Anilin;5;03.12.2016 13:00;0,155678;
Anilin;1;03.12.2016 13:00;0,100192;
Natriumchlorid;3;03.12.2016 14:00;3,0704;
Natriumchlorid;4;03.12.2016 14:00;1,97549;
Natriumchlorid;9;03.12.2016 14:00;0,497094;
Natriumchlorid;1;03.12.2016 14:00;0,391712;
Natriumchlorid;2;03.12.2016 14:00;0,375801;
Natriumchlorid;6;03.12.2016 14:00;0,354641;
Natriumchlorid;8;03.12.2016 14:00;0,238979;
Natriumchlorid;5;03.12.2016 14:00;0,227027;
Natriumchlorid;7;03.12.2016 14:00;0,105048;
Arsen;3;03.12.2016 14:00;2,32565;
Arsen;4;03.12.2016 14:00;1,94309;
Arsen;2;03.12.2016 14:00;0,980296;
Arsen;9;03.12.2016 14:00;0,317725;
Arsen;6;03.12.2016 14:00;0,243476;
Arsen;7;03.12.2016 14:00;0,226129;
Arsen;1;03.12.2016 14:00;0,162613;
Arsen;8;03.12.2016 14:00;0,110589;
Arsen;5;03.12.2016 14:00;0,0256822;
Benzol;4;03.12.2016 14:00;2,35324;
Benzol;3;03.12.2016 14:00;1,66225;
Benzol;9;03.12.2016 14:00;1,47954;
Benzol;8;03.12.2016 14:00;0,986228;
Benzol;6;03.12.2016 14:00;0,495532;
Benzol;7;03.12.2016 14:00;0,384305;
Benzol;2;03.12.2016 14:00;0,344204;
Benzol;5;03.12.2016 14:00;0,0844825;
Benzol;1;03.12.2016 14:00;0,0504677;
Anilin;4;03.12.2016 14:00;1,96745;
Anilin;3;03.12.2016 14:00;1,23277;
Anilin;8;03.12.2016 14:00;1,02068;
Anilin;9;03.12.2016 14:00;0,875241;
Anilin;7;03.12.2016 14:00;0,448527;
Anilin;1;03.12.2016 14:00;0,380829;
Anilin;5;03.12.2016 14:00;0,361527;
Anilin;2;03.12.2016 14:00;0,340422;
Anilin;6;03.12.2016 14:00;0,240949;
Natriumchlorid;4;03.12.2016 15:00;1,67126;
Natriumchlorid;5;03.12.2016 15:00;0,946267;
Natriumchlorid;3;03.12.2016 15:00;0,876691;
Natriumchlorid;2;03.12.2016 15:00;0,874139;
Natriumchlorid;9;03.12.2016 15:00;0,740558;
Natriumchlorid;7;03.12.2016 15:00;0,525425;
Natriumchlorid;8;03.12.2016 15:00;0,446971;
Natriumchlorid;6;03.12.2016 15:00;0,433983;
Natriumchlorid;1;03.12.2016 15:00;0,101404;
Arsen;4;03.12.2016 15:00;2,1741;
Arsen;5;03.12.2016 15:00;1,27928;
Arsen;9;03.12.2016 15:00;1,01357;
Arsen;8;03.12.2016 15:00;1,01315;
Arsen;6;03.12.2016 15:00;0,807566;
Arsen;3;03.12.2016 15:00;0,59999;
Arsen;2;03.12.2016 15:00;0,418699;
Arsen;1;03.12.2016 15:00;0,370501;
Arsen;7;03.12.2016 15:00;0,252742;
Benzol;3;03.12.2016 15:00;2,3688;
Benzol;4;03.12.2016 15:00;1,9458;
Benzol;2;03.12.2016 15:00;0,933769;
Benzol;9;03.12.2016 15:00;0,712943;
Benzol;6;03.12.2016 15:00;0,665914;
Benzol;1;03.12.2016 15:00;0,258831;
Benzol;7;03.12.2016 15:00;0,209898;
Benzol;8;03.12.2016 15:00;0,108051;
Benzol;5;03.12.2016 15:00;0,0352375;
Anilin;4;03.12.2016 15:00;1,83655;
Anilin;3;03.12.2016 15:00;1,30465;
Anilin;7;03.12.2016 15:00;0,457493;
Anilin;6;03.12.2016 15:00;0,331754;
Anilin;9;03.12.2016 15:00;0,27744;
Anilin;5;03.12.2016 15:00;0,132759;
Anilin;2;03.12.2016 15:00;0,0920287;
Anilin;8;03.12.2016 15:00;0,0394606;
Anilin;1;03.12.2016 15:00;0,0172511;
Natriumchlorid;4;03.12.2016 16:00;1,78215;
Natriumchlorid;9;03.12.2016 16:00;1,35986;
Natriumchlorid;2;03.12.2016 16:00;1,30497;
Natriumchlorid;8;03.12.2016 16:00;1,26852;
Natriumchlorid;7;03.12.2016 16:00;0,951427;
Natriumchlorid;3;03.12.2016 16:00;0,506277;
Natriumchlorid;5;03.12.2016 16:00;0,445786;
Natriumchlorid;6;03.12.2016 16:00;0,421422;
Natriumchlorid;1;03.12.2016 16:00;0,134666;
Arsen;4;03.12.2016 16:00;1,74204;
Arsen;5;03.12.2016 16:00;1,24008;
Arsen;1;03.12.2016 16:00;0,545193;
Arsen;8;03.12.2016 16:00;0,379689;
Arsen;6;03.12.2016 16:00;0,227333;
Arsen;2;03.12.2016 16:00;0,143371;
Arsen;9;03.12.2016 16:00;0,0855483;
Arsen;3;03.12.2016 16:00;0,0582709;
Arsen;7;03.12.2016 16:00;0,00970269;
Benzol;4;03.12.2016 16:00;2,01983;
Benzol;7;03.12.2016 16:00;0,735709;
Benzol;3;03.12.2016 16:00;0,700887;
Benzol;5;03.12.2016 16:00;0,48817;
Benzol;1;03.12.2016 16:00;0,344719;
Benzol;2;03.12.2016 16:00;0,307289;
Benzol;6;03.12.2016 16:00;0,262348;
Benzol;9;03.12.2016 16:00;0,0905113;
Benzol;8;03.12.2016 16:00;0,0844526;
Anilin;4;03.12.2016 16:00;2,27246;
Anilin;7;03.12.2016 16:00;1,03054;
Anilin;2;03.12.2016 16:00;0,992774;
Anilin;3;03.12.2016 16:00;0,905756;
Anilin;8;03.12.2016 16:00;0,758493;
Anilin;5;03.12.2016 16:00;0,516899;
Anilin;6;03.12.2016 16:00;0,356648;
Anilin;1;03.12.2016 16:00;0,279624;
Anilin;9;03.12.2016 16:00;0,234695;
Natriumchlorid;4;03.12.2016 17:00;1,72755;
Natriumchlorid;3;03.12.2016 17:00;1,66587;
Natriumchlorid;8;03.12.2016 17:00;0,615261;
Natriumchlorid;2;03.12.2016 17:00;0,494792;
Natriumchlorid;6;03.12.2016 17:00;0,357634;
Natriumchlorid;5;03.12.2016 17:00;0,322844;
Natriumchlorid;1;03.12.2016 17:00;0,30518;
Natriumchlorid;9;03.12.2016 17:00;0,202492;
Natriumchlorid;7;03.12.2016 17:00;0,149612;
Arsen;4;03.12.2016 17:00;1,80045;
Arsen;9;03.12.2016 17:00;0,566088;
Arsen;3;03.12.2016 17:00;0,565567;
Arsen;6;03.12.2016 17:00;0,527963;
Arsen;2;03.12.2016 17:00;0,472983;
Arsen;5;03.12.2016 17:00;0,380646;
Arsen;1;03.12.2016 17:00;0,254928;
Arsen;7;03.12.2016 17:00;0,206045;
Arsen;8;03.12.2016 17:00;0,0202193;
Benzol;4;03.12.2016 17:00;1,66052;
Benzol;7;03.12.2016 17:00;1,41296;
Benzol;6;03.12.2016 17:00;0,523729;
Benzol;9;03.12.2016 17:00;0,395807;
Benzol;8;03.12.2016 17:00;0,348404;
Benzol;1;03.12.2016 17:00;0,298647;
Benzol;3;03.12.2016 17:00;0,175257;
Benzol;2;03.12.2016 17:00;0,093128;
Benzol;5;03.12.2016 17:00;0,0470558;
Anilin;4;03.12.2016 17:00;1,70276;
Anilin;3;03.12.2016 17:00;0,766026;
Anilin;5;03.12.2016 17:00;0,761092;
Anilin;7;03.12.2016 17:00;0,578253;
Anilin;9;03.12.2016 17:00;0,482538;
Anilin;6;03.12.2016 17:00;0,414356;
Anilin;2;03.12.2016 17:00;0,204039;
Anilin;8;03.12.2016 17:00;0,157009;
Anilin;1;03.12.2016 17:00;0,0730682;
Natriumchlorid;4;03.12.2016 18:00;1,83302;
Natriumchlorid;3;03.12.2016 18:00;1,02607;
Natriumchlorid;2;03.12.2016 18:00;0,762715;
Natriumchlorid;7;03.12.2016 18:00;0,544856;
Natriumchlorid;1;03.12.2016 18:00;0,466062;
Natriumchlorid;5;03.12.2016 18:00;0,380202;
Natriumchlorid;6;03.12.2016 18:00;0,313009;
Natriumchlorid;9;03.12.2016 18:00;0,245139;
Natriumchlorid;8;03.12.2016 18:00;0,163746;
Arsen;4;03.12.2016 18:00;2,33298;
Arsen;3;03.12.2016 18:00;1,15846;
Arsen;5;03.12.2016 18:00;0,567727;
Arsen;9;03.12.2016 18:00;0,490769;
Arsen;1;03.12.2016 18:00;0,486428;
Arsen;7;03.12.2016 18:00;0,411333;
Arsen;2;03.12.2016 18:00;0,34731;
Arsen;6;03.12.2016 18:00;0,283091;
Arsen;8;03.12.2016 18:00;0,247141;
Benzol;4;03.12.2016 18:00;1,64717;
Benzol;5;03.12.2016 18:00;1,31086;
Benzol;8;03.12.2016 18:00;0,754986;
Benzol;7;03.12.2016 18:00;0,631227;
Benzol;3;03.12.2016 18:00;0,202855;
Benzol;2;03.12.2016 18:00;0,142072;
Benzol;1;03.12.2016 18:00;0,130618;
Benzol;9;03.12.2016 18:00;0,0880721;
Benzol;6;03.12.2016 18:00;0,0783599;
Anilin;4;03.12.2016 18:00;1,80875;
Anilin;7;03.12.2016 18:00;1,32555;
Anilin;5;03.12.2016 18:00;0,7621;
Anilin;9;03.12.2016 18:00;0,464505;
Anilin;8;03.12.2016 18:00;0,455725;
Anilin;6;03.12.2016 18:00;0,301629;
Anilin;2;03.12.2016 18:00;0,294774;
Anilin;3;03.12.2016 18:00;0,255067;
Anilin;1;03.12.2016 18:00;0,126472;
Natriumchlorid;4;03.12.2016 19:00;1,44035;
Natriumchlorid;3;03.12.2016 19:00;1,11639;
Natriumchlorid;6;03.12.2016 19:00;0,947778;
Natriumchlorid;9;03.12.2016 19:00;0,689819;
Natriumchlorid;7;03.12.2016 19:00;0,617563;
Natriumchlorid;2;03.12.2016 19:00;0,336523;
Natriumchlorid;5;03.12.2016 19:00;0,161445;
Natriumchlorid;1;03.12.2016 19:00;0,119265;
Natriumchlorid;8;03.12.2016 19:00;0,108451;
Arsen;7;03.12.2016 19:00;1,88996;
Arsen;4;03.12.2016 19:00;1,70817;
Arsen;8;03.12.2016 19:00;0,774604;
Arsen;9;03.12.2016 19:00;0,748716;
Arsen;3;03.12.2016 19:00;0,710627;
Arsen;6;03.12.2016 19:00;0,382098;
Arsen;2;03.12.2016 19:00;0,261618;
Arsen;1;03.12.2016 19:00;0,0797215;
Arsen;5;03.12.2016 19:00;0,0366948;
Benzol;4;03.12.2016 19:00;2,02841;
Benzol;3;03.12.2016 19:00;0,635707;
Benzol;8;03.12.2016 19:00;0,544563;
Benzol;2;03.12.2016 19:00;0,469996;
Benzol;1;03.12.2016 19:00;0,302258;
Benzol;6;03.12.2016 19:00;0,293059;
Benzol;7;03.12.2016 19:00;0,163878;
Benzol;9;03.12.2016 19:00;0,107663;
Benzol;5;03.12.2016 19:00;0,0824585;
Anilin;4;03.12.2016 19:00;1,79322;
Anilin;8;03.12.2016 19:00;1,05834;
Anilin;2;03.12.2016 19:00;0,752131;
Anilin;3;03.12.2016 19:00;0,602878;
Anilin;9;03.12.2016 19:00;0,45112;
Anilin;1;03.12.2016 19:00;0,420095;
Anilin;6;03.12.2016 19:00;0,215806;
Anilin;5;03.12.2016 19:00;0,169031;
Anilin;7;03.12.2016 19:00;0,148242;
Natriumchlorid;4;03.12.2016 20:00;1,64917;
Natriumchlorid;3;03.12.2016 20:00;0,832763;
Natriumchlorid;5;03.12.2016 20:00;0,763067;
Natriumchlorid;8;03.12.2016 20:00;0,556089;
Natriumchlorid;6;03.12.2016 20:00;0,478325;
Natriumchlorid;9;03.12.2016 20:00;0,341783;
Natriumchlorid;1;03.12.2016 20:00;0,229242;
Natriumchlorid;7;03.12.2016 20:00;0,138995;
Natriumchlorid;2;03.12.2016 20:00;0,130357;
Arsen;4;03.12.2016 20:00;2,13099;
Arsen;2;03.12.2016 20:00;0,750313;
Arsen;5;03.12.2016 20:00;0,694119;
Arsen;3;03.12.2016 20:00;0,618531;
Arsen;6;03.12.2016 20:00;0,453056;
Arsen;8;03.12.2016 20:00;0,372423;
Arsen;1;03.12.2016 20:00;0,283289;
Arsen;7;03.12.2016 20:00;0,0109603;
Arsen;9;03.12.2016 20:00;0,0013343;
Benzol;4;03.12.2016 20:00;1,93697;
Benzol;9;03.12.2016 20:00;0,703559;
Benzol;6;03.12.2016 20:00;0,688232;
Benzol;3;03.12.2016 20:00;0,59324;
Benzol;1;03.12.2016 20:00;0,508168;
Benzol;5;03.12.2016 20:00;0,418056;
Benzol;2;03.12.2016 20:00;0,395845;
Benzol;8;03.12.2016 20:00;0,186329;
Benzol;7;03.12.2016 20:00;0,108816;
Anilin;3;03.12.2016 20:00;1,71736;
Anilin;4;03.12.2016 20:00;1,6996;
Anilin;5;03.12.2016 20:00;0,924164;
Anilin;9;03.12.2016 20:00;0,335412;
Anilin;7;03.12.2016 20:00;0,223695;
Anilin;1;03.12.2016 20:00;0,163142;
Anilin;8;03.12.2016 20:00;0,159434;
Anilin;2;03.12.2016 20:00;0,061773;
Anilin;6;03.12.2016 20:00;0,0405913;
Natriumchlorid;4;03.12.2016 21:00;2,0329;
Natriumchlorid;7;03.12.2016 21:00;1,07772;
Natriumchlorid;3;03.12.2016 21:00;0,882109;
Natriumchlorid;9;03.12.2016 21:00;0,806517;
Natriumchlorid;5;03.12.2016 21:00;0,707525;
Natriumchlorid;8;03.12.2016 21:00;0,470202;
Natriumchlorid;2;03.12.2016 21:00;0,412719;
Natriumchlorid;6;03.12.2016 21:00;0,209061;
Natriumchlorid;1;03.12.2016 21:00;0,0743569;
Arsen;4;03.12.2016 21:00;1,81078;
Arsen;3;03.12.2016 21:00;1,72615;
Arsen;2;03.12.2016 21:00;1,05452;
Arsen;8;03.12.2016 21:00;0,699146;
Arsen;7;03.12.2016 21:00;0,691063;
Arsen;5;03.12.2016 21:00;0,680875;
Arsen;6;03.12.2016 21:00;0,578425;
Arsen;1;03.12.2016 21:00;0,228021;
Arsen;9;03.12.2016 21:00;0,0419744;
Benzol;4;03.12.2016 21:00;2,17449;
Benzol;7;03.12.2016 21:00;2,11541;
Benzol;9;03.12.2016 21:00;1,05839;
Benzol;6;03.12.2016 21:00;0,671113;
Benzol;3;03.12.2016 21:00;0,357797;
Benzol;5;03.12.2016 21:00;0,35607;
Benzol;1;03.12.2016 21:00;0,260975;
Benzol;2;03.12.2016 21:00;0,255115;
Benzol;8;03.12.2016 21:00;0,182846;
Anilin;4;03.12.2016 21:00;1,92571;
Anilin;9;03.12.2016 21:00;1,35563;
Anilin;3;03.12.2016 21:00;0,69091;
Anilin;6;03.12.2016 21:00;0,414494;
Anilin;8;03.12.2016 21:00;0,301193;
Anilin;1;03.12.2016 21:00;0,102717;
Anilin;7;03.12.2016 21:00;0,098545;
Anilin;2;03.12.2016 21:00;0,0340712;
Anilin;5;03.12.2016 21:00;0,0234414;
Natriumchlorid;3;03.12.2016 22:00;3,43719;
Natriumchlorid;4;03.12.2016 22:00;2,05761;
Natriumchlorid;1;03.12.2016 22:00;0,596496;
Natriumchlorid;9;03.12.2016 22:00;0,385428;
Natriumchlorid;6;03.12.2016 22:00;0,36611;
Natriumchlorid;7;03.12.2016 22:00;0,262724;
Natriumchlorid;8;03.12.2016 22:00;0,251281;
Natriumchlorid;5;03.12.2016 22:00;0,0858031;
Natriumchlorid;2;03.12.2016 22:00;0,0711322;
Arsen;4;03.12.2016 22:00;1,69472;
Arsen;7;03.12.2016 22:00;0,730727;
Arsen;3;03.12.2016 22:00;0,706866;
Arsen;5;03.12.2016 22:00;0,527374;
Arsen;2;03.12.2016 22:00;0,494632;
Arsen;9;03.12.2016 22:00;0,450614;
Arsen;6;03.12.2016 22:00;0,395846;
Arsen;1;03.12.2016 22:00;0,211244;
Arsen;8;03.12.2016 22:00;0,166292;
Benzol;4;03.12.2016 22:00;2,11909;
Benzol;5;03.12.2016 22:00;0,809901;
Benzol;3;03.12.2016 22:00;0,791357;
Benzol;8;03.12.2016 22:00;0,786;
Benzol;9;03.12.2016 22:00;0,440218;
Benzol;2;03.12.2016 22:00;0,374554;
Benzol;6;03.12.2016 22:00;0,354986;
Benzol;7;03.12.2016 22:00;0,215505;
Benzol;1;03.12.2016 22:00;0,190916;
Anilin;3;03.12.2016 22:00;2,3202;
Anilin;4;03.12.2016 22:00;2,02308;
Anilin;9;03.12.2016 22:00;1,44356;
Anilin;2;03.12.2016 22:00;0,844846;
Anilin;1;03.12.2016 22:00;0,803148;
Anilin;7;03.12.2016 22:00;0,670555;
Anilin;8;03.12.2016 22:00;0,579312;
Anilin;6;03.12.2016 22:00;0,472396;
Anilin;5;03.12.2016 22:00;0,256628;
Natriumchlorid;4;03.12.2016 23:00;1,79427;
Natriumchlorid;7;03.12.2016 23:00;1,17375;
Natriumchlorid;9;03.12.2016 23:00;0,83666;
Natriumchlorid;3;03.12.2016 23:00;0,705066;
Natriumchlorid;8;03.12.2016 23:00;0,62412;
Natriumchlorid;6;03.12.2016 23:00;0,480046;
Natriumchlorid;5;03.12.2016 23:00;0,429358;
Natriumchlorid;2;03.12.2016 23:00;0,314407;
Natriumchlorid;1;03.12.2016 23:00;0,0285507;
Arsen;4;03.12.2016 23:00;1,60572;
Arsen;3;03.12.2016 23:00;1,02134;
Arsen;6;03.12.2016 23:00;0,859015;
Arsen;7;03.12.2016 23:00;0,661029;
Arsen;9;03.12.2016 23:00;0,614064;
Arsen;2;03.12.2016 23:00;0,382702;
Arsen;5;03.12.2016 23:00;0,372038;
Arsen;8;03.12.2016 23:00;0,109128;
Arsen;1;03.12.2016 23:00;0,105636;
Benzol;4;03.12.2016 23:00;2,12657;
Benzol;9;03.12.2016 23:00;1,04039;
Benzol;6;03.12.2016 23:00;0,639639;
Benzol;3;03.12.2016 23:00;0,535931;
Benzol;5;03.12.2016 23:00;0,435662;
Benzol;7;03.12.2016 23:00;0,309927;
Benzol;2;03.12.2016 23:00;0,269448;
Benzol;1;03.12.2016 23:00;0,191483;
Benzol;8;03.12.2016 23:00;0,182153;
Anilin;3;03.12.2016 23:00;4,82986;
Anilin;4;03.12.2016 23:00;2,37185;
Anilin;5;03.12.2016 23:00;1,09206;
Anilin;7;03.12.2016 23:00;1,04118;
Anilin;9;03.12.2016 23:00;0,847803;
Anilin;2;03.12.2016 23:00;0,772941;
Anilin;6;03.12.2016 23:00;0,702141;
Anilin;1;03.12.2016 23:00;0,181146;
Anilin;8;03.12.2016 23:00;0,0625726;
Natriumchlorid;4;04.12.2016 00:00;2,22817;
Natriumchlorid;5;04.12.2016 00:00;0,807705;
Natriumchlorid;9;04.12.2016 00:00;0,571966;
Natriumchlorid;6;04.12.2016 00:00;0,56818;
Natriumchlorid;7;04.12.2016 00:00;0,385037;
Natriumchlorid;8;04.12.2016 00:00;0,36868;
Natriumchlorid;3;04.12.2016 00:00;0,238418;
Natriumchlorid;2;04.12.2016 00:00;0,182507;
Natriumchlorid;1;04.12.2016 00:00;0,143816;
Arsen;4;04.12.2016 00:00;2,29159;
Arsen;6;04.12.2016 00:00;0,840443;
Arsen;8;04.12.2016 00:00;0,777891;
Arsen;5;04.12.2016 00:00;0,617473;
Arsen;1;04.12.2016 00:00;0,346574;
Arsen;7;04.12.2016 00:00;0,253772;
Arsen;3;04.12.2016 00:00;0,240247;
Arsen;9;04.12.2016 00:00;0,119606;
Arsen;2;04.12.2016 00:00;0,0540132;
Benzol;4;04.12.2016 00:00;1,67979;
Benzol;5;04.12.2016 00:00;1,03543;
Benzol;3;04.12.2016 00:00;1,01563;
Benzol;2;04.12.2016 00:00;0,901222;
Benzol;9;04.12.2016 00:00;0,628452;
Benzol;7;04.12.2016 00:00;0,278899;
Benzol;8;04.12.2016 00:00;0,248293;
Benzol;1;04.12.2016 00:00;0,142494;
Benzol;6;04.12.2016 00:00;0,141281;
Anilin;4;04.12.2016 00:00;1,96183;
Anilin;7;04.12.2016 00:00;0,982283;
Anilin;5;04.12.2016 00:00;0,952238;
Anilin;3;04.12.2016 00:00;0,889213;
Anilin;2;04.12.2016 00:00;0,516675;
Anilin;9;04.12.2016 00:00;0,440299;
Anilin;6;04.12.2016 00:00;0,230772;
Anilin;1;04.12.2016 00:00;0,104265;
Anilin;8;04.12.2016 00:00;0,0561234;
Natriumchlorid;3;04.12.2016 01:00;2,55711;
Natriumchlorid;4;04.12.2016 01:00;2,02181;
Natriumchlorid;2;04.12.2016 01:00;0,868013;
Natriumchlorid;8;04.12.2016 01:00;0,737452;
Natriumchlorid;6;04.12.2016 01:00;0,529789;
Natriumchlorid;5;04.12.2016 01:00;0,431361;
Natriumchlorid;1;04.12.2016 01:00;0,218762;
Natriumchlorid;7;04.12.2016 01:00;0,215862;
Natriumchlorid;9;04.12.2016 01:00;0,0575561;
Arsen;4;04.12.2016 01:00;2,07309;
Arsen;7;04.12.2016 01:00;0,950802;
Arsen;3;04.12.2016 01:00;0,75713;
Arsen;9;04.12.2016 01:00;0,515014;
Arsen;6;04.12.2016 01:00;0,458176;
Arsen;1;04.12.2016 01:00;0,359765;
Arsen;5;04.12.2016 01:00;0,115424;
Arsen;8;04.12.2016 01:00;0,00968553;
Arsen;2;04.12.2016 01:00;0,00580924;
Benzol;4;04.12.2016 01:00;1,94429;
Benzol;6;04.12.2016 01:00;0,630541;
Benzol;7;04.12.2016 01:00;0,611007;
Benzol;3;04.12.2016 01:00;0,586817;
Benzol;1;04.12.2016 01:00;0,578061;
Benzol;5;04.12.2016 01:00;0,543467;
Benzol;2;04.12.2016 01:00;0,496038;
Benzol;9;04.12.2016 01:00;0,36741;
Benzol;8;04.12.2016 01:00;0,275547;
Anilin;4;04.12.2016 01:00;1,58488;
Anilin;5;04.12.2016 01:00;1,44467;
Anilin;7;04.12.2016 01:00;0,803422;
Anilin;6;04.12.2016 01:00;0,570282;
Anilin;2;04.12.2016 01:00;0,386822;
Anilin;3;04.12.2016 01:00;0,129186;
Anilin;1;04.12.2016 01:00;0,086451;
Anilin;9;04.12.2016 01:00;0,0152939;
Anilin;8;04.12.2016 01:00;0,00215764;
Natriumchlorid;4;04.12.2016 02:00;1,682;
Natriumchlorid;3;04.12.2016 02:00;0,797849;
Natriumchlorid;7;04.12.2016 02:00;0,758157;
Natriumchlorid;2;04.12.2016 02:00;0,744691;
Natriumchlorid;6;04.12.2016 02:00;0,321972;
Natriumchlorid;8;04.12.2016 02:00;0,24095;
Natriumchlorid;1;04.12.2016 02:00;0,0690187;
Natriumchlorid;5;04.12.2016 02:00;0,0635145;
Natriumchlorid;9;04.12.2016 02:00;0,0564905;
Arsen;4;04.12.2016 02:00;1,68305;
Arsen;5;04.12.2016 02:00;0,992348;
Arsen;9;04.12.2016 02:00;0,986442;
Arsen;6;04.12.2016 02:00;0,611229;
Arsen;8;04.12.2016 02:00;0,254882;
Arsen;7;04.12.2016 02:00;0,252089;
Arsen;1;04.12.2016 02:00;0,244936;
Arsen;3;04.12.2016 02:00;0,145338;
Arsen;2;04.12.2016 02:00;0,125817;
Benzol;3;04.12.2016 02:00;2,78111;
Benzol;4;04.12.2016 02:00;2,04937;
Benzol;5;04.12.2016 02:00;1,36297;
Benzol;9;04.12.2016 02:00;0,926213;
Benzol;8;04.12.2016 02:00;0,819742;
Benzol;7;04.12.2016 02:00;0,528373;
Benzol;2;04.12.2016 02:00;0,148065;
Benzol;1;04.12.2016 02:00;0,140737;
Benzol;6;04.12.2016 02:00;0,0342613;
Anilin;3;04.12.2016 02:00;4,4293;
Anilin;4;04.12.2016 02:00;1,8353;
Anilin;6;04.12.2016 02:00;0,411182;
Anilin;8;04.12.2016 02:00;0,374478;
Anilin;2;04.12.2016 02:00;0,292038;
Anilin;1;04.12.2016 02:00;0,215046;
Anilin;5;04.12.2016 02:00;0,156713;
Anilin;7;04.12.2016 02:00;0,11443;
Anilin;9;04.12.2016 02:00;0,0298311;
Natriumchlorid;4;04.12.2016 03:00;1,81378;
Natriumchlorid;5;04.12.2016 03:00;1,0598;
Natriumchlorid;3;04.12.2016 03:00;0,907;
Natriumchlorid;8;04.12.2016 03:00;0,769933;
Natriumchlorid;9;04.12.2016 03:00;0,625377;
Natriumchlorid;7;04.12.2016 03:00;0,407038;
Natriumchlorid;6;04.12.2016 03:00;0,161299;
Natriumchlorid;1;04.12.2016 03:00;0,0812532;
Natriumchlorid;2;04.12.2016 03:00;0,0585035;
Arsen;3;04.12.2016 03:00;3,58345;
Arsen;4;04.12.2016 03:00;2,1262;
Arsen;7;04.12.2016 03:00;0,799374;
Arsen;5;04.12.2016 03:00;0,717949;
Arsen;1;04.12.2016 03:00;0,27661;
Arsen;6;04.12.2016 03:00;0,258973;
Arsen;9;04.12.2016 03:00;0,250249;
Arsen;8;04.12.2016 03:00;0,241723;
Arsen;2;04.12.2016 03:00;0,182201;
Benzol;4;04.12.2016 03:00;1,84425;
Benzol;5;04.12.2016 03:00;0,621278;
Benzol;6;04.12.2016 03:00;0,345882;
Benzol;1;04.12.2016 03:00;0,297336;
Benzol;8;04.12.2016 03:00;0,180056;
Benzol;9;04.12.2016 03:00;0,177527;
Benzol;7;04.12.2016 03:00;0,112138;
Benzol;2;04.12.2016 03:00;0,0880488;
Benzol;3;04.12.2016 03:00;0,0752755;
Anilin;4;04.12.2016 03:00;2,05187;
Anilin;3;04.12.2016 03:00;1,24868;
Anilin;7;04.12.2016 03:00;1,21984;
Anilin;2;04.12.2016 03:00;0,690116;
Anilin;8;04.12.2016 03:00;0,624397;
Anilin;5;04.12.2016 03:00;0,361305;
Anilin;1;04.12.2016 03:00;0,266852;
Anilin;9;04.12.2016 03:00;0,187124;
Anilin;6;04.12.2016 03:00;0,172991;
Natriumchlorid;3;04.12.2016 04:00;1,85992;
Natriumchlorid;4;04.12.2016 04:00;1,77335;
Natriumchlorid;7;04.12.2016 04:00;0,886151;
Natriumchlorid;2;04.12.2016 04:00;0,727928;
Natriumchlorid;6;04.12.2016 04:00;0,417656;
Natriumchlorid;8;04.12.2016 04:00;0,322078;
Natriumchlorid;1;04.12.2016 04:00;0,226554;
Natriumchlorid;5;04.12.2016 04:00;0,208391;
Natriumchlorid;9;04.12.2016 04:00;0,0162079;
Arsen;4;04.12.2016 04:00;2,20862;
Arsen;3;04.12.2016 04:00;1,57642;
Arsen;9;04.12.2016 04:00;1,06392;
Arsen;8;04.12.2016 04:00;0,391018;
Arsen;7;04.12.2016 04:00;0,369289;
Arsen;6;04.12.2016 04:00;0,34995;
Arsen;5;04.12.2016 04:00;0,18471;
Arsen;2;04.12.2016 04:00;0,0658426;
Arsen;1;04.12.2016 04:00;0,0638943;
Benzol;3;04.12.2016 04:00;2,23025;
Benzol;4;04.12.2016 04:00;2,05949;
Benzol;7;04.12.2016 04:00;0,977755;
Benzol;5;04.12.2016 04:00;0,859302;
Benzol;8;04.12.2016 04:00;0,773941;
Benzol;9;04.12.2016 04:00;0,385572;
Benzol;6;04.12.2016 04:00;0,282274;
Benzol;2;04.12.2016 04:00;0,221997;
Benzol;1;04.12.2016 04:00;0,0486299;
Anilin;5;04.12.2016 04:00;1,96703;
Anilin;4;04.12.2016 04:00;1,77316;
Anilin;2;04.12.2016 04:00;0,524141;
Anilin;3;04.12.2016 04:00;0,514319;
Anilin;6;04.12.2016 04:00;0,407629;
Anilin;7;04.12.2016 04:00;0,264453;
Anilin;9;04.12.2016 04:00;0,171876;
Anilin;8;04.12.2016 04:00;0,0662464;
Anilin;1;04.12.2016 04:00;0,0411172;
Natriumchlorid;3;04.12.2016 05:00;2,14848;
Natriumchlorid;4;04.12.2016 05:00;1,81321;
Natriumchlorid;6;04.12.2016 05:00;0,585578;
Natriumchlorid;9;04.12.2016 05:00;0,540809;
Natriumchlorid;7;04.12.2016 05:00;0,364813;
Natriumchlorid;1;04.12.2016 05:00;0,363541;
Natriumchlorid;8;04.12.2016 05:00;0,3468;
Natriumchlorid;2;04.12.2016 05:00;0,0663774;
Natriumchlorid;5;04.12.2016 05:00;0,0603128;
Arsen;4;04.12.2016 05:00;1,87517;
Arsen;5;04.12.2016 05:00;1,15868;
Arsen;3;04.12.2016 05:00;1,09432;
Arsen;8;04.12.2016 05:00;0,444476;
Arsen;6;04.12.2016 05:00;0,386411;
Arsen;2;04.12.2016 05:00;0,380029;
Arsen;9;04.12.2016 05:00;0,338293;
Arsen;1;04.12.2016 05:00;0,269416;
Arsen;7;04.12.2016 05:00;0,262607;
Benzol;3;04.12.2016 05:00;6,92741;
Benzol;4;04.12.2016 05:00;1,71338;
Benzol;5;04.12.2016 05:00;0,773736;
Benzol;9;04.12.2016 05:00;0,480539;
Benzol;6;04.12.2016 05:00;0,35222;
Benzol;8;04.12.2016 05:00;0,271945;
Benzol;1;04.12.2016 05:00;0,167876;
Benzol;2;04.12.2016 05:00;0,154477;
Benzol;7;04.12.2016 05:00;0,00341146;
Anilin;4;04.12.2016 05:00;1,62758;
Anilin;3;04.12.2016 05:00;1,15637;
Anilin;7;04.12.2016 05:00;1,04671;
Anilin;2;04.12.2016 05:00;0,710589;
Anilin;5;04.12.2016 05:00;0,553096;
Anilin;6;04.12.2016 05:00;0,478904;
Anilin;1;04.12.2016 05:00;0,39106;
Anilin;9;04.12.2016 05:00;0,0718226;
Anilin;8;04.12.2016 05:00;0,00721652;
Natriumchlorid;4;04.12.2016 06:00;1,96069;
Natriumchlorid;7;04.12.2016 06:00;0,924769;
Natriumchlorid;2;04.12.2016 06:00;0,843504;
Natriumchlorid;3;04.12.2016 06:00;0,511229;
Natriumchlorid;8;04.12.2016 06:00;0,427791;
Natriumchlorid;1;04.12.2016 06:00;0,294881;
Natriumchlorid;6;04.12.2016 06:00;0,231492;
Natriumchlorid;9;04.12.2016 06:00;0,219848;
Natriumchlorid;5;04.12.2016 06:00;0,11132;
Arsen;4;04.12.2016 06:00;1,69596;
Arsen;3;04.12.2016 06:00;1,3881;
Arsen;5;04.12.2016 06:00;0,971717;
Arsen;9;04.12.2016 06:00;0,802947;
Arsen;6;04.12.2016 06:00;0,667739;
Arsen;2;04.12.2016 06:00;0,447829;
Arsen;8;04.12.2016 06:00;0,306401;
Arsen;7;04.12.2016 06:00;0,245071;
Arsen;1;04.12.2016 06:00;0,12413;
Benzol;4;04.12.2016 06:00;2,11536;
Benzol;7;04.12.2016 06:00;1,12865;
Benzol;8;04.12.2016 06:00;0,739114;
Benzol;2;04.12.2016 06:00;0,687598;
Benzol;9;04.12.2016 06:00;0,495653;
Benzol;3;04.12.2016 06:00;0,445883;
Benzol;6;04.12.2016 06:00;0,439398;
Benzol;5;04.12.2016 06:00;0,178577;
Benzol;1;04.12.2016 06:00;0,0885301;
Anilin;4;04.12.2016 06:00;1,72862;
Anilin;9;04.12.2016 06:00;0,90244;
Anilin;8;04.12.2016 06:00;0,725247;
Anilin;5;04.12.2016 06:00;0,58623;
Anilin;7;04.12.2016 06:00;0,43447;
Anilin;2;04.12.2016 06:00;0,186641;
Anilin;6;04.12.2016 06:00;0,186513;
Anilin;3;04.12.2016 06:00;0,100676;
Anilin;1;04.12.2016 06:00;0,0761409;
Natriumchlorid;3;04.12.2016 07:00;3,0393;
Natriumchlorid;4;04.12.2016 07:00;1,72203;
Natriumchlorid;8;04.12.2016 07:00;1,23248;
Natriumchlorid;9;04.12.2016 07:00;0,674073;
Natriumchlorid;7;04.12.2016 07:00;0,585636;
Natriumchlorid;6;04.12.2016 07:00;0,320335;
Natriumchlorid;5;04.12.2016 07:00;0,299461;
Natriumchlorid;1;04.12.2016 07:00;0,243133;
Natriumchlorid;2;04.12.2016 07:00;0,200185;
Arsen;4;04.12.2016 07:00;1,96898;
Arsen;3;04.12.2016 07:00;1,81913;
Arsen;6;04.12.2016 07:00;0,520852;
Arsen;9;04.12.2016 07:00;0,466029;
Arsen;8;04.12.2016 07:00;0,340092;
Arsen;1;04.12.2016 07:00;0,202808;
Arsen;5;04.12.2016 07:00;0,191228;
Arsen;7;04.12.2016 07:00;0,137496;
Arsen;2;04.12.2016 07:00;0,0800552;
Benzol;4;04.12.2016 07:00;1,76953;
Benzol;8;04.12.2016 07:00;1,09616;
Benzol;3;04.12.2016 07:00;1,03033;
Benzol;7;04.12.2016 07:00;0,703617;
Benzol;2;04.12.2016 07:00;0,412261;
Benzol;5;04.12.2016 07:00;0,34568;
Benzol;1;04.12.2016 07:00;0,311953;
Benzol;6;04.12.2016 07:00;0,114762;
Benzol;9;04.12.2016 07:00;0,0795673;
Anilin;4;04.12.2016 07:00;1,79571;
Anilin;1;04.12.2016 07:00;0,501902;
Anilin;6;04.12.2016 07:00;0,478987;
Anilin;2;04.12.2016 07:00;0,374083;
Anilin;9;04.12.2016 07:00;0,334289;
Anilin;8;04.12.2016 07:00;0,167489;
Anilin;3;04.12.2016 07:00;0,123943;
Anilin;7;04.12.2016 07:00;0,109432;
Anilin;5;04.12.2016 07:00;0,0931153;
Natriumchlorid;4;04.12.2016 08:00;1,90366;
Natriumchlorid;3;04.12.2016 08:00;1,43046;
Natriumchlorid;2;04.12.2016 08:00;0,529782;
Natriumchlorid;8;04.12.2016 08:00;0,386702;
Natriumchlorid;1;04.12.2016 08:00;0,259655;
Natriumchlorid;9;04.12.2016 08:00;0,258799;
Natriumchlorid;6;04.12.2016 08:00;0,237014;
Natriumchlorid;5;04.12.2016 08:00;0,205458;
Natriumchlorid;7;04.12.2016 08:00;0,134861;
Arsen;3;04.12.2016 08:00;3,78361;
Arsen;4;04.12.2016 08:00;1,70492;
Arsen;5;04.12.2016 08:00;1,19229;
Arsen;6;04.12.2016 08:00;0,510043;
Arsen;8;04.12.2016 08:00;0,349669;
Arsen;2;04.12.2016 08:00;0,344693;
Arsen;9;04.12.2016 08:00;0,200082;
Arsen;7;04.12.2016 08:00;0,142824;
Arsen;1;04.12.2016 08:00;0,0620369;
Benzol;4;04.12.2016 08:00;2,3867;
Benzol;3;04.12.2016 08:00;2,09555;
Benzol;7;04.12.2016 08:00;1,54336;
Benzol;5;04.12.2016 08:00;0,889039;
Benzol;2;04.12.2016 08:00;0,654518;
Benzol;9;04.12.2016 08:00;0,456762;
Benzol;8;04.12.2016 08:00;0,32474;
Benzol;1;04.12.2016 08:00;0,236734;
Benzol;6;04.12.2016 08:00;0,208699;
Anilin;4;04.12.2016 08:00;2,01895;
Anilin;2;04.12.2016 08:00;0,652739;
Anilin;9;04.12.2016 08:00;0,607334;
Anilin;8;04.12.2016 08:00;0,603957;
Anilin;1;04.12.2016 08:00;0,324471;
Anilin;3;04.12.2016 08:00;0,220761;
Anilin;7;04.12.2016 08:00;0,15928;
Anilin;5;04.12.2016 08:00;0,0839292;
Anilin;6;04.12.2016 08:00;0,0253555;
Natriumchlorid;4;04.12.2016 09:00;1,92027;
Natriumchlorid;9;04.12.2016 09:00;0,965859;
Natriumchlorid;6;04.12.2016 09:00;0,576024;
Natriumchlorid;3;04.12.2016 09:00;0,538;
Natriumchlorid;2;04.12.2016 09:00;0,416393;
Natriumchlorid;5;04.12.2016 09:00;0,396654;
Natriumchlorid;8;04.12.2016 09:00;0,351396;
Natriumchlorid;1;04.12.2016 09:00;0,258288;
Natriumchlorid;7;04.12.2016 09:00;0,165901;
Arsen;4;04.12.2016 09:00;1,94625;
Arsen;3;04.12.2016 09:00;1,70358;
Arsen;7;04.12.2016 09:00;0,914013;
Arsen;6;04.12.2016 09:00;0,453991;
Arsen;8;04.12.2016 09:00;0,42638;
Arsen;9;04.12.2016 09:00;0,326206;
Arsen;1;04.12.2016 09:00;0,304835;
Arsen;5;04.12.2016 09:00;0,205893;
Arsen;2;04.12.2016 09:00;0,186733;
Benzol;4;04.12.2016 09:00;2,09848;
Benzol;9;04.12.2016 09:00;0,731027;
Benzol;3;04.12.2016 09:00;0,577944;
Benzol;6;04.12.2016 09:00;0,46784;
Benzol;1;04.12.2016 09:00;0,414056;
Benzol;5;04.12.2016 09:00;0,299639;
Benzol;8;04.12.2016 09:00;0,100389;
Benzol;7;04.12.2016 09:00;0,0475294;
Benzol;2;04.12.2016 09:00;0,0387793;
Anilin;4;04.12.2016 09:00;1,99687;
Anilin;3;04.12.2016 09:00;1,78806;
Anilin;8;04.12.2016 09:00;1,04429;
Anilin;9;04.12.2016 09:00;0,715675;
Anilin;7;04.12.2016 09:00;0,552236;
Anilin;6;04.12.2016 09:00;0,321311;
Anilin;2;04.12.2016 09:00;0,211583;
Anilin;5;04.12.2016 09:00;0,174701;
Anilin;1;04.12.2016 09:00;0,11129;
Natriumchlorid;3;04.12.2016 10:00;2,21712;
Natriumchlorid;4;04.12.2016 10:00;1,89583;
Natriumchlorid;9;04.12.2016 10:00;0,474308;
Natriumchlorid;6;04.12.2016 10:00;0,245691;
Natriumchlorid;7;04.12.2016 10:00;0,23839;
Natriumchlorid;5;04.12.2016 10:00;0,225126;
Natriumchlorid;1;04.12.2016 10:00;0,186619;
Natriumchlorid;8;04.12.2016 10:00;0,0978922;
Natriumchlorid;2;04.12.2016 10:00;0,0325114;
Arsen;4;04.12.2016 10:00;1,72377;
Arsen;8;04.12.2016 10:00;0,860192;
Arsen;6;04.12.2016 10:00;0,620515;
Arsen;7;04.12.2016 10:00;0,558178;
Arsen;5;04.12.2016 10:00;0,374822;
Arsen;3;04.12.2016 10:00;0,215022;
Arsen;1;04.12.2016 10:00;0,213911;
Arsen;2;04.12.2016 10:00;0,150472;
Arsen;9;04.12.2016 10:00;0,0305719;
Benzol;3;04.12.2016 10:00;3,63858;
Benzol;4;04.12.2016 10:00;2,07041;
Benzol;7;04.12.2016 10:00;1,46623;
Benzol;1;04.12.2016 10:00;0,545397;
Benzol;6;04.12.2016 10:00;0,505972;
Benzol;9;04.12.2016 10:00;0,409279;
Benzol;8;04.12.2016 10:00;0,18647;
Benzol;5;04.12.2016 10:00;0,155733;
Benzol;2;04.12.2016 10:00;0,136579;
Anilin;3;04.12.2016 10:00;5,48622;
Anilin;4;04.12.2016 10:00;1,72606;
Anilin;5;04.12.2016 10:00;1,29465;
Anilin;8;04.12.2016 10:00;0,984176;
Anilin;6;04.12.2016 10:00;0,496768;
Anilin;9;04.12.2016 10:00;0,492784;
Anilin;7;04.12.2016 10:00;0,418019;
Anilin;1;04.12.2016 10:00;0,0401081;
Anilin;2;04.12.2016 10:00;0,0299803;
Natriumchlorid;4;04.12.2016 11:00;2,05777;
Natriumchlorid;3;04.12.2016 11:00;1,68851;
Natriumchlorid;7;04.12.2016 11:00;0,764489;
Natriumchlorid;8;04.12.2016 11:00;0,753763;
Natriumchlorid;5;04.12.2016 11:00;0,546217;
Natriumchlorid;6;04.12.2016 11:00;0,309463;
Natriumchlorid;9;04.12.2016 11:00;0,155966;
Natriumchlorid;2;04.12.2016 11:00;0,119952;
Natriumchlorid;1;04.12.2016 11:00;0,083436;
Arsen;4;04.12.2016 11:00;2,12241;
Arsen;3;04.12.2016 11:00;2,06504;
Arsen;7;04.12.2016 11:00;1,91826;
Arsen;8;04.12.2016 11:00;0,988476;
Arsen;5;04.12.2016 11:00;0,825283;
Arsen;9;04.12.2016 11:00;0,759634;
Arsen;6;04.12.2016 11:00;0,663125;
Arsen;2;04.12.2016 11:00;0,63078;
Arsen;1;04.12.2016 11:00;0,300344;
Benzol;4;04.12.2016 11:00;1,65954;
Benzol;7;04.12.2016 11:00;0,91505;
Benzol;9;04.12.2016 11:00;0,374721;
Benzol;8;04.12.2016 11:00;0,36561;
Benzol;1;04.12.2016 11:00;0,359282;
Benzol;6;04.12.2016 11:00;0,321575;
Benzol;5;04.12.2016 11:00;0,15557;
Benzol;2;04.12.2016 11:00;0,118101;
Benzol;3;04.12.2016 11:00;0,0668478;
Anilin;4;04.12.2016 11:00;1,70829;
Anilin;3;04.12.2016 11:00;1,20019;
Anilin;2;04.12.2016 11:00;0,899947;
Anilin;6;04.12.2016 11:00;0,695326;
Anilin;5;04.12.2016 11:00;0,348622;
Anilin;1;04.12.2016 11:00;0,185338;
Anilin;9;04.12.2016 11:00;0,119184;
Anilin;8;04.12.2016 11:00;0,115816;
Anilin;7;04.12.2016 11:00;0,0736532;
Natriumchlorid;3;04.12.2016 12:00;2,53502;
Natriumchlorid;4;04.12.2016 12:00;1,78198;
Natriumchlorid;5;04.12.2016 12:00;0,898863;
Natriumchlorid;9;04.12.2016 12:00;0,641526;
Natriumchlorid;6;04.12.2016 12:00;0,445407;
Natriumchlorid;7;04.12.2016 12:00;0,436064;
Natriumchlorid;2;04.12.2016 12:00;0,413918;
Natriumchlorid;8;04.12.2016 12:00;0,123957;
Natriumchlorid;1;04.12.2016 12:00;0,028943;
Arsen;3;04.12.2016 12:00;2,93506;
Arsen;4;04.12.2016 12:00;1,97516;
Arsen;8;04.12.2016 12:00;0,827515;
Arsen;2;04.12.2016 12:00;0,526099;
Arsen;7;04.12.2016 12:00;0,470611;
Arsen;5;04.12.2016 12:00;0,402706;
Arsen;6;04.12.2016 12:00;0,398462;
Arsen;1;04.12.2016 12:00;0,306148;
Arsen;9;04.12.2016 12:00;0,193741;
Benzol;4;04.12.2016 12:00;1,86325;
Benzol;8;04.12.2016 12:00;0,742501;
Benzol;5;04.12.2016 12:00;0,506611;
Benzol;7;04.12.2016 12:00;0,486551;
Benzol;1;04.12.2016 12:00;0,418448;
Benzol;9;04.12.2016 12:00;0,299137;
Benzol;6;04.12.2016 12:00;0,289458;
Benzol;3;04.12.2016 12:00;0,205125;
Benzol;2;04.12.2016 12:00;0,0663392;
Anilin;4;04.12.2016 12:00;1,4062;
Anilin;3;04.12.2016 12:00;0,616554;
Anilin;6;04.12.2016 12:00;0,320914;
Anilin;7;04.12.2016 12:00;0,303023;
Anilin;1;04.12.2016 12:00;0,288305;
Anilin;2;04.12.2016 12:00;0,250828;
Anilin;8;04.12.2016 12:00;0,185905;
Anilin;9;04.12.2016 12:00;0,11086;
Anilin;5;04.12.2016 12:00;0,0964469;
Natriumchlorid;4;04.12.2016 13:00;1,76664;
Natriumchlorid;7;04.12.2016 13:00;1,35136;
Natriumchlorid;2;04.12.2016 13:00;0,732124;
Natriumchlorid;6;04.12.2016 13:00;0,364884;
Natriumchlorid;9;04.12.2016 13:00;0,308277;
Natriumchlorid;3;04.12.2016 13:00;0,284265;
Natriumchlorid;1;04.12.2016 13:00;0,232818;
Natriumchlorid;8;04.12.2016 13:00;0,159727;
Natriumchlorid;5;04.12.2016 13:00;0,0201344;
Arsen;4;04.12.2016 13:00;2,07765;
Arsen;7;04.12.2016 13:00;0,448527;
Arsen;5;04.12.2016 13:00;0,305347;
Arsen;6;04.12.2016 13:00;0,259816;
Arsen;3;04.12.2016 13:00;0,0842611;
Arsen;1;04.12.2016 13:00;0,0755661;
Arsen;8;04.12.2016 13:00;0,0589483;
Arsen;9;04.12.2016 13:00;0,0174105;
Arsen;2;04.12.2016 13:00;0,0161455;
Benzol;3;04.12.2016 13:00;2,97424;
Benzol;4;04.12.2016 13:00;2,33524;
Benzol;5;04.12.2016 13:00;0,903729;
Benzol;6;04.12.2016 13:00;0,481241;
Benzol;2;04.12.2016 13:00;0,321662;
Benzol;8;04.12.2016 13:00;0,157598;
Benzol;1;04.12.2016 13:00;0,139345;
Benzol;7;04.12.2016 13:00;0,0634185;
Benzol;9;04.12.2016 13:00;0,0176771;
Anilin;3;04.12.2016 13:00;2,23602;
Anilin;4;04.12.2016 13:00;1,70988;
Anilin;9;04.12.2016 13:00;1,15453;
Anilin;5;04.12.2016 13:00;0,953096;
Anilin;2;04.12.2016 13:00;0,469441;
Anilin;7;04.12.2016 13:00;0,400533;
Anilin;1;04.12.2016 13:00;0,337497;
Anilin;6;04.12.2016 13:00;0,257183;
Anilin;8;04.12.2016 13:00;0,223248;
Natriumchlorid;3;04.12.2016 14:00;2,2748;
Natriumchlorid;4;04.12.2016 14:00;1,7425;
Natriumchlorid;7;04.12.2016 14:00;1,67922;
Natriumchlorid;9;04.12.2016 14:00;0,832565;
Natriumchlorid;2;04.12.2016 14:00;0,660132;
Natriumchlorid;8;04.12.2016 14:00;0,421108;
Natriumchlorid;6;04.12.2016 14:00;0,338191;
Natriumchlorid;1;04.12.2016 14:00;0,19595;
Natriumchlorid;5;04.12.2016 14:00;0,0736619;
Arsen;4;04.12.2016 14:00;1,97465;
Arsen;9;04.12.2016 14:00;1,15502;
Arsen;2;04.12.2016 14:00;0,886085;
Arsen;8;04.12.2016 14:00;0,554407;
Arsen;6;04.12.2016 14:00;0,516002;
Arsen;1;04.12.2016 14:00;0,514225;
Arsen;7;04.12.2016 14:00;0,0645522;
Arsen;3;04.12.2016 14:00;0,0110241;
Arsen;5;04.12.2016 14:00;0,00506202;
Benzol;4;04.12.2016 14:00;1,58588;
Benzol;3;04.12.2016 14:00;0,949534;
Benzol;5;04.12.2016 14:00;0,622134;
Benzol;2;04.12.2016 14:00;0,569324;
Benzol;6;04.12.2016 14:00;0,499166;
Benzol;7;04.12.2016 14:00;0,490452;
Benzol;1;04.12.2016 14:00;0,381406;
Benzol;9;04.12.2016 14:00;0,207565;
Benzol;8;04.12.2016 14:00;0,155314;
Anilin;7;04.12.2016 14:00;1,67222;
Anilin;4;04.12.2016 14:00;1,52375;
Anilin;9;04.12.2016 14:00;1,24714;
Anilin;2;04.12.2016 14:00;0,830562;
Anilin;5;04.12.2016 14:00;0,693288;
Anilin;6;04.12.2016 14:00;0,376191;
Anilin;3;04.12.2016 14:00;0,297006;
Anilin;1;04.12.2016 14:00;0,130472;
Anilin;8;04.12.2016 14:00;0,119867;
Natriumchlorid;3;04.12.2016 15:00;1,78089;
Natriumchlorid;4;04.12.2016 15:00;1,52841;
Natriumchlorid;5;04.12.2016 15:00;0,990455;
Natriumchlorid;9;04.12.2016 15:00;0,975093;
Natriumchlorid;8;04.12.2016 15:00;0,691469;
Natriumchlorid;2;04.12.2016 15:00;0,51911;
Natriumchlorid;6;04.12.2016 15:00;0,495086;
Natriumchlorid;7;04.12.2016 15:00;0,469109;
Natriumchlorid;1;04.12.2016 15:00;0,205822;
Arsen;4;04.12.2016 15:00;1,68038;
Arsen;7;04.12.2016 15:00;0,714858;
Arsen;3;04.12.2016 15:00;0,512136;
Arsen;8;04.12.2016 15:00;0,468649;
Arsen;9;04.12.2016 15:00;0,432748;
Arsen;2;04.12.2016 15:00;0,394688;
Arsen;6;04.12.2016 15:00;0,297952;
Arsen;5;04.12.2016 15:00;0,247805;
Arsen;1;04.12.2016 15:00;0,0867384;
Benzol;3;04.12.2016 15:00;1,97811;
Benzol;4;04.12.2016 15:00;1,85557;
Benzol;2;04.12.2016 15:00;0,966799;
Benzol;8;04.12.2016 15:00;0,350687;
Benzol;6;04.12.2016 15:00;0,349602;
Benzol;5;04.12.2016 15:00;0,344223;
Benzol;9;04.12.2016 15:00;0,274617;
Benzol;7;04.12.2016 15:00;0,144481;
Benzol;1;04.12.2016 15:00;0,0724228;
Anilin;4;04.12.2016 15:00;1,93183;
Anilin;7;04.12.2016 15:00;1,23331;
Anilin;2;04.12.2016 15:00;0,807753;
Anilin;3;04.12.2016 15:00;0,600252;
Anilin;5;04.12.2016 15:00;0,504645;
Anilin;9;04.12.2016 15:00;0,354038;
Anilin;1;04.12.2016 15:00;0,197988;
Anilin;8;04.12.2016 15:00;0,0580282;
Anilin;6;04.12.2016 15:00;0,0166971;
Natriumchlorid;3;04.12.2016 16:00;2,24202;
Natriumchlorid;4;04.12.2016 16:00;1,86465;
Natriumchlorid;2;04.12.2016 16:00;0,502149;
Natriumchlorid;7;04.12.2016 16:00;0,452299;
Natriumchlorid;8;04.12.2016 16:00;0,418596;
Natriumchlorid;6;04.12.2016 16:00;0,401798;
Natriumchlorid;5;04.12.2016 16:00;0,371241;
Natriumchlorid;1;04.12.2016 16:00;0,359345;
Natriumchlorid;9;04.12.2016 16:00;0,164706;
Arsen;4;04.12.2016 16:00;1,94962;
Arsen;5;04.12.2016 16:00;1,56935;
Arsen;3;04.12.2016 16:00;1,13734;
Arsen;1;04.12.2016 16:00;0,638224;
Arsen;2;04.12.2016 16:00;0,559635;
Arsen;7;04.12.2016 16:00;0,311644;
Arsen;6;04.12.2016 16:00;0,236245;
Arsen;9;04.12.2016 16:00;0,109397;
Arsen;8;04.12.2016 16:00;0,00180294;
Benzol;5;04.12.2016 16:00;1,74683;
Benzol;4;04.12.2016 16:00;1,64974;
Benzol;7;04.12.2016 16:00;0,850748;
Benzol;3;04.12.2016 16:00;0,621564;
Benzol;6;04.12.2016 16:00;0,449719;
Benzol;1;04.12.2016 16:00;0,356191;
Benzol;9;04.12.2016 16:00;0,226559;
Benzol;8;04.12.2016 16:00;0,159199;
Benzol;2;04.12.2016 16:00;0,0257822;
Anilin;4;04.12.2016 16:00;1,6437;
Anilin;3;04.12.2016 16:00;1,47582;
Anilin;9;04.12.2016 16:00;0,992112;
Anilin;5;04.12.2016 16:00;0,771931;
Anilin;6;04.12.2016 16:00;0,532197;
Anilin;1;04.12.2016 16:00;0,442901;
Anilin;7;04.12.2016 16:00;0,321298;
Anilin;2;04.12.2016 16:00;0,247679;
Anilin;8;04.12.2016 16:00;0,207941;
Natriumchlorid;3;04.12.2016 17:00;2,0281;
Natriumchlorid;4;04.12.2016 17:00;1,85382;
Natriumchlorid;9;04.12.2016 17:00;0,749154;
Natriumchlorid;5;04.12.2016 17:00;0,526641;
Natriumchlorid;8;04.12.2016 17:00;0,416727;
Natriumchlorid;7;04.12.2016 17:00;0,405391;
Natriumchlorid;2;04.12.2016 17:00;0,372514;
Natriumchlorid;6;04.12.2016 17:00;0,330407;
Natriumchlorid;1;04.12.2016 17:00;0,232959;
Arsen;4;04.12.2016 17:00;1,93796;
Arsen;5;04.12.2016 17:00;1,46472;
Arsen;7;04.12.2016 17:00;1,42984;
Arsen;8;04.12.2016 17:00;1,02573;
Arsen;6;04.12.2016 17:00;0,528903;
Arsen;1;04.12.2016 17:00;0,257443;
Arsen;9;04.12.2016 17:00;0,201171;
Arsen;2;04.12.2016 17:00;0,0782414;
Arsen;3;04.12.2016 17:00;0,0661702;
Benzol;3;04.12.2016 17:00;4,10866;
Benzol;4;04.12.2016 17:00;1,84259;
Benzol;8;04.12.2016 17:00;0,830999;
Benzol;7;04.12.2016 17:00;0,801754;
Benzol;2;04.12.2016 17:00;0,509773;
Benzol;9;04.12.2016 17:00;0,35935;
Benzol;5;04.12.2016 17:00;0,230198;
Benzol;1;04.12.2016 17:00;0,224055;
Benzol;6;04.12.2016 17:00;0,214516;
Anilin;4;04.12.2016 17:00;2,03455;
Anilin;7;04.12.2016 17:00;0,983765;
Anilin;6;04.12.2016 17:00;0,647606;
Anilin;3;04.12.2016 17:00;0,516638;
Anilin;9;04.12.2016 17:00;0,289768;
Anilin;2;04.12.2016 17:00;0,251812;
Anilin;5;04.12.2016 17:00;0,128102;
Anilin;1;04.12.2016 17:00;0,126995;
Anilin;8;04.12.2016 17:00;0,0709907;
Natriumchlorid;4;04.12.2016 18:00;1,93687;
Natriumchlorid;9;04.12.2016 18:00;1,47935;
Natriumchlorid;7;04.12.2016 18:00;1,04684;
Natriumchlorid;5;04.12.2016 18:00;0,941425;
Natriumchlorid;2;04.12.2016 18:00;0,595318;
Natriumchlorid;3;04.12.2016 18:00;0,365319;
Natriumchlorid;8;04.12.2016 18:00;0,233855;
Natriumchlorid;1;04.12.2016 18:00;0,198462;
Natriumchlorid;6;04.12.2016 18:00;0,107469;
Arsen;4;04.12.2016 18:00;2,24271;
Arsen;9;04.12.2016 18:00;1,08394;
Arsen;5;04.12.2016 18:00;0,959803;
Arsen;1;04.12.2016 18:00;0,800059;
Arsen;2;04.12.2016 18:00;0,452182;
Arsen;8;04.12.2016 18:00;0,400933;
Arsen;7;04.12.2016 18:00;0,380079;
Arsen;6;04.12.2016 18:00;0,342542;
Arsen;3;04.12.2016 18:00;0,261184;
Benzol;4;04.12.2016 18:00;2,31054;
Benzol;3;04.12.2016 18:00;1,95851;
Benzol;9;04.12.2016 18:00;0,619439;
Benzol;8;04.12.2016 18:00;0,495466;
Benzol;2;04.12.2016 18:00;0,247587;
Benzol;7;04.12.2016 18:00;0,215505;
Benzol;5;04.12.2016 18:00;0,147785;
Benzol;6;04.12.2016 18:00;0,117817;
Benzol;1;04.12.2016 18:00;0,073315;
Anilin;3;04.12.2016 18:00;4,68844;
Anilin;4;04.12.2016 18:00;1,99088;
Anilin;7;04.12.2016 18:00;0,930551;
Anilin;6;04.12.2016 18:00;0,861609;
Anilin;9;04.12.2016 18:00;0,727732;
Anilin;5;04.12.2016 18:00;0,337977;
Anilin;8;04.12.2016 18:00;0,160752;
Anilin;1;04.12.2016 18:00;0,124311;
Anilin;2;04.12.2016 18:00;0,0664243;
Natriumchlorid;4;04.12.2016 19:00;2,20205;
Natriumchlorid;8;04.12.2016 19:00;0,675887;
Natriumchlorid;5;04.12.2016 19:00;0,552592;
Natriumchlorid;3;04.12.2016 19:00;0,310191;
Natriumchlorid;6;04.12.2016 19:00;0,301283;
Natriumchlorid;1;04.12.2016 19:00;0,22552;
Natriumchlorid;7;04.12.2016 19:00;0,17608;
Natriumchlorid;9;04.12.2016 19:00;0,120246;
Natriumchlorid;2;04.12.2016 19:00;0,0269586;
Arsen;4;04.12.2016 19:00;2,00537;
Arsen;3;04.12.2016 19:00;1,28827;
Arsen;6;04.12.2016 19:00;0,477269;
Arsen;2;04.12.2016 19:00;0,424797;
Arsen;8;04.12.2016 19:00;0,306401;
Arsen;1;04.12.2016 19:00;0,304464;
Arsen;7;04.12.2016 19:00;0,14689;
Arsen;5;04.12.2016 19:00;0,127495;
Arsen;9;04.12.2016 19:00;0,102473;
Benzol;4;04.12.2016 19:00;1,91523;
Benzol;3;04.12.2016 19:00;1,10157;
Benzol;6;04.12.2016 19:00;0,598659;
Benzol;2;04.12.2016 19:00;0,562581;
Benzol;8;04.12.2016 19:00;0,554374;
Benzol;1;04.12.2016 19:00;0,4143;
Benzol;5;04.12.2016 19:00;0,38422;
Benzol;9;04.12.2016 19:00;0,0899398;
Benzol;7;04.12.2016 19:00;0,0866797;
Anilin;4;04.12.2016 19:00;2,12777;
Anilin;5;04.12.2016 19:00;0,659578;
Anilin;2;04.12.2016 19:00;0,636286;
Anilin;6;04.12.2016 19:00;0,562347;
Anilin;9;04.12.2016 19:00;0,486918;
Anilin;8;04.12.2016 19:00;0,395408;
Anilin;3;04.12.2016 19:00;0,311609;
Anilin;7;04.12.2016 19:00;0,198215;
Anilin;1;04.12.2016 19:00;0,13036;
Natriumchlorid;3;04.12.2016 20:00;2,31779;
Natriumchlorid;4;04.12.2016 20:00;1,73496;
Natriumchlorid;8;04.12.2016 20:00;1,31803;
Natriumchlorid;9;04.12.2016 20:00;0,885065;
Natriumchlorid;2;04.12.2016 20:00;0,641762;
Natriumchlorid;6;04.12.2016 20:00;0,372025;
Natriumchlorid;5;04.12.2016 20:00;0,267041;
Natriumchlorid;7;04.12.2016 20:00;0,255635;
Natriumchlorid;1;04.12.2016 20:00;0,216259;
Arsen;9;04.12.2016 20:00;1,84064;
Arsen;4;04.12.2016 20:00;1,61748;
Arsen;5;04.12.2016 20:00;0,98985;
Arsen;2;04.12.2016 20:00;0,358503;
Arsen;7;04.12.2016 20:00;0,306772;
Arsen;6;04.12.2016 20:00;0,269606;
Arsen;1;04.12.2016 20:00;0,205669;
Arsen;3;04.12.2016 20:00;0,1785;
Arsen;8;04.12.2016 20:00;0,0782326;
Benzol;4;04.12.2016 20:00;1,90224;
Benzol;3;04.12.2016 20:00;0,758921;
Benzol;1;04.12.2016 20:00;0,688792;
Benzol;2;04.12.2016 20:00;0,494511;
Benzol;8;04.12.2016 20:00;0,467345;
Benzol;7;04.12.2016 20:00;0,297217;
Benzol;6;04.12.2016 20:00;0,160267;
Benzol;9;04.12.2016 20:00;0,0904594;
Benzol;5;04.12.2016 20:00;0,07484;
Anilin;4;04.12.2016 20:00;1,9526;
Anilin;7;04.12.2016 20:00;1,24305;
Anilin;3;04.12.2016 20:00;1,23948;
Anilin;8;04.12.2016 20:00;0,746225;
Anilin;2;04.12.2016 20:00;0,624924;
Anilin;6;04.12.2016 20:00;0,305718;
Anilin;1;04.12.2016 20:00;0,296923;
Anilin;5;04.12.2016 20:00;0,208446;
Anilin;9;04.12.2016 20:00;0,0265721;
Natriumchlorid;4;04.12.2016 21:00;1,66027;
Natriumchlorid;3;04.12.2016 21:00;1,31496;
Natriumchlorid;7;04.12.2016 21:00;0,927304;
Natriumchlorid;6;04.12.2016 21:00;0,628267;
Natriumchlorid;8;04.12.2016 21:00;0,44993;
Natriumchlorid;5;04.12.2016 21:00;0,308826;
Natriumchlorid;1;04.12.2016 21:00;0,208609;
Natriumchlorid;2;04.12.2016 21:00;0,182506;
Natriumchlorid;9;04.12.2016 21:00;0,0610743;
Arsen;4;04.12.2016 21:00;2,10004;
Arsen;5;04.12.2016 21:00;1,24519;
Arsen;9;04.12.2016 21:00;0,975731;
Arsen;6;04.12.2016 21:00;0,518875;
Arsen;7;04.12.2016 21:00;0,480489;
Arsen;1;04.12.2016 21:00;0,382656;
Arsen;8;04.12.2016 21:00;0,153615;
Arsen;3;04.12.2016 21:00;0,101354;
Arsen;2;04.12.2016 21:00;0,0943326;
Benzol;4;04.12.2016 21:00;1,80282;
Benzol;3;04.12.2016 21:00;0,967408;
Benzol;9;04.12.2016 21:00;0,694867;
Benzol;8;04.12.2016 21:00;0,681857;
Benzol;2;04.12.2016 21:00;0,452713;
Benzol;7;04.12.2016 21:00;0,258233;
Benzol;1;04.12.2016 21:00;0,169365;
Benzol;6;04.12.2016 21:00;0,151899;
Benzol;5;04.12.2016 21:00;0,0437629;
Anilin;3;04.12.2016 21:00;3,74449;
Anilin;4;04.12.2016 21:00;1,69016;
Anilin;7;04.12.2016 21:00;0,808473;
Anilin;5;04.12.2016 21:00;0,734354;
Anilin;2;04.12.2016 21:00;0,377415;
Anilin;1;04.12.2016 21:00;0,341066;
Anilin;8;04.12.2016 21:00;0,258601;
Anilin;6;04.12.2016 21:00;0,242414;
Anilin;9;04.12.2016 21:00;0,0598636;
Natriumchlorid;4;04.12.2016 22:00;2,06438;
Natriumchlorid;3;04.12.2016 22:00;1,26147;
Natriumchlorid;8;04.12.2016 22:00;0,703249;
Natriumchlorid;5;04.12.2016 22:00;0,589958;
Natriumchlorid;6;04.12.2016 22:00;0,358525;
Natriumchlorid;2;04.12.2016 22:00;0,255578;
Natriumchlorid;7;04.12.2016 22:00;0,219977;
Natriumchlorid;1;04.12.2016 22:00;0,190702;
Natriumchlorid;9;04.12.2016 22:00;0,174771;
Arsen;4;04.12.2016 22:00;1,74189;
Arsen;9;04.12.2016 22:00;1,44927;
Arsen;3;04.12.2016 22:00;1,29449;
Arsen;6;04.12.2016 22:00;0,586474;
Arsen;7;04.12.2016 22:00;0,405391;
Arsen;5;04.12.2016 22:00;0,314601;
Arsen;8;04.12.2016 22:00;0,29093;
Arsen;2;04.12.2016 22:00;0,104534;
Arsen;1;04.12.2016 22:00;0,0571019;
Benzol;7;04.12.2016 22:00;2,25038;
Benzol;4;04.12.2016 22:00;2,22647;
Benzol;5;04.12.2016 22:00;1,26146;
Benzol;8;04.12.2016 22:00;0,615296;
Benzol;1;04.12.2016 22:00;0,451539;
Benzol;2;04.12.2016 22:00;0,351115;
Benzol;6;04.12.2016 22:00;0,285263;
Benzol;9;04.12.2016 22:00;0,205314;
Benzol;3;04.12.2016 22:00;0,0137943;
Anilin;4;04.12.2016 22:00;1,48023;
Anilin;3;04.12.2016 22:00;0,999656;
Anilin;8;04.12.2016 22:00;0,859421;
Anilin;2;04.12.2016 22:00;0,551603;
Anilin;5;04.12.2016 22:00;0,501908;
Anilin;7;04.12.2016 22:00;0,251744;
Anilin;6;04.12.2016 22:00;0,239666;
Anilin;1;04.12.2016 22:00;0,114383;
Anilin;9;04.12.2016 22:00;0,0868102;
Natriumchlorid;4;04.12.2016 23:00;2,0224;
Natriumchlorid;5;04.12.2016 23:00;1,42688;
Natriumchlorid;6;04.12.2016 23:00;0,923083;
Natriumchlorid;8;04.12.2016 23:00;0,687375;
Natriumchlorid;7;04.12.2016 23:00;0,65418;
Natriumchlorid;1;04.12.2016 23:00;0,470845;
Natriumchlorid;9;04.12.2016 23:00;0,433837;
Natriumchlorid;2;04.12.2016 23:00;0,30266;
Natriumchlorid;3;04.12.2016 23:00;0,210988;
Arsen;3;04.12.2016 23:00;2,09324;
Arsen;4;04.12.2016 23:00;1,67853;
Arsen;6;04.12.2016 23:00;0,867277;
Arsen;7;04.12.2016 23:00;0,825138;
Arsen;8;04.12.2016 23:00;0,712591;
Arsen;9;04.12.2016 23:00;0,540378;
Arsen;5;04.12.2016 23:00;0,401694;
Arsen;1;04.12.2016 23:00;0,39891;
Arsen;2;04.12.2016 23:00;0,311351;
Benzol;4;04.12.2016 23:00;2,16444;
Benzol;9;04.12.2016 23:00;0,691521;
Benzol;8;04.12.2016 23:00;0,419821;
Benzol;5;04.12.2016 23:00;0,389034;
Benzol;3;04.12.2016 23:00;0,338024;
Benzol;6;04.12.2016 23:00;0,296205;
Benzol;1;04.12.2016 23:00;0,223085;
Benzol;7;04.12.2016 23:00;0,115088;
Benzol;2;04.12.2016 23:00;0,0426883;
Anilin;4;04.12.2016 23:00;1,80404;
Anilin;3;04.12.2016 23:00;1,70924;
Anilin;8;04.12.2016 23:00;0,845896;
Anilin;6;04.12.2016 23:00;0,768544;
Anilin;7;04.12.2016 23:00;0,764198;
Anilin;9;04.12.2016 23:00;0,634276;
Anilin;2;04.12.2016 23:00;0,441851;
Anilin;5;04.12.2016 23:00;0,284477;
Anilin;1;04.12.2016 23:00;0,239413;
Natriumchlorid;3;05.12.2016 00:00;2,05398;
Natriumchlorid;4;05.12.2016 00:00;1,82413;
Natriumchlorid;7;05.12.2016 00:00;0,857918;
Natriumchlorid;8;05.12.2016 00:00;0,774178;
Natriumchlorid;5;05.12.2016 00:00;0,623172;
Natriumchlorid;9;05.12.2016 00:00;0,488964;
Natriumchlorid;2;05.12.2016 00:00;0,374218;
Natriumchlorid;1;05.12.2016 00:00;0,291198;
Natriumchlorid;6;05.12.2016 00:00;0,236331;
Arsen;3;05.12.2016 00:00;2,50095;
Arsen;4;05.12.2016 00:00;1,96096;
Arsen;2;05.12.2016 00:00;0,505005;
Arsen;7;05.12.2016 00:00;0,452436;
Arsen;5;05.12.2016 00:00;0,391106;
Arsen;8;05.12.2016 00:00;0,316738;
Arsen;9;05.12.2016 00:00;0,261175;
Arsen;6;05.12.2016 00:00;0,211055;
Arsen;1;05.12.2016 00:00;0,132613;
Benzol;4;05.12.2016 00:00;1,99877;
Benzol;3;05.12.2016 00:00;0,740245;
Benzol;5;05.12.2016 00:00;0,696207;
Benzol;6;05.12.2016 00:00;0,426816;
Benzol;2;05.12.2016 00:00;0,325353;
Benzol;8;05.12.2016 00:00;0,234189;
Benzol;9;05.12.2016 00:00;0,159036;
Benzol;7;05.12.2016 00:00;0,147499;
Benzol;1;05.12.2016 00:00;0,0238903;
Anilin;4;05.12.2016 00:00;1,82518;
Anilin;8;05.12.2016 00:00;0,601001;
Anilin;3;05.12.2016 00:00;0,568039;
Anilin;9;05.12.2016 00:00;0,230053;
Anilin;7;05.12.2016 00:00;0,227259;
Anilin;2;05.12.2016 00:00;0,190608;
Anilin;1;05.12.2016 00:00;0,165427;
Anilin;6;05.12.2016 00:00;0,127732;
Anilin;5;05.12.2016 00:00;0,102609;
Natriumchlorid;4;05.12.2016 01:00;2,04752;
Natriumchlorid;3;05.12.2016 01:00;1,89928;
Natriumchlorid;7;05.12.2016 01:00;0,757859;
Natriumchlorid;2;05.12.2016 01:00;0,646023;
Natriumchlorid;1;05.12.2016 01:00;0,493788;
Natriumchlorid;5;05.12.2016 01:00;0,442272;
Natriumchlorid;9;05.12.2016 01:00;0,412902;
Natriumchlorid;6;05.12.2016 01:00;0,361943;
Natriumchlorid;8;05.12.2016 01:00;0,0401891;
Arsen;4;05.12.2016 01:00;2,00525;
Arsen;3;05.12.2016 01:00;0,743874;
Arsen;5;05.12.2016 01:00;0,743785;
Arsen;7;05.12.2016 01:00;0,594972;
Arsen;9;05.12.2016 01:00;0,361593;
Arsen;6;05.12.2016 01:00;0,230421;
Arsen;8;05.12.2016 01:00;0,1013;
Arsen;2;05.12.2016 01:00;0,0825933;
Arsen;1;05.12.2016 01:00;0,0597377;
Benzol;3;05.12.2016 01:00;3,21344;
Benzol;4;05.12.2016 01:00;1,97838;
Benzol;2;05.12.2016 01:00;0,803517;
Benzol;5;05.12.2016 01:00;0,50161;
Benzol;8;05.12.2016 01:00;0,29715;
Benzol;7;05.12.2016 01:00;0,289588;
Benzol;6;05.12.2016 01:00;0,240192;
Benzol;1;05.12.2016 01:00;0,146612;
Benzol;9;05.12.2016 01:00;0,102335;
Anilin;7;05.12.2016 01:00;2,45324;
Anilin;4;05.12.2016 01:00;1,75341;
Anilin;8;05.12.2016 01:00;0,929983;
Anilin;3;05.12.2016 01:00;0,550563;
Anilin;6;05.12.2016 01:00;0,43787;
Anilin;5;05.12.2016 01:00;0,385897;
Anilin;1;05.12.2016 01:00;0,272183;
Anilin;2;05.12.2016 01:00;0,242383;
Anilin;9;05.12.2016 01:00;0,237225;
Natriumchlorid;4;05.12.2016 02:00;1,9943;
Natriumchlorid;5;05.12.2016 02:00;1,52674;
Natriumchlorid;7;05.12.2016 02:00;1,059;
Natriumchlorid;9;05.12.2016 02:00;1,03274;
Natriumchlorid;8;05.12.2016 02:00;0,642145;
Natriumchlorid;2;05.12.2016 02:00;0,551236;
Natriumchlorid;6;05.12.2016 02:00;0,421869;
Natriumchlorid;1;05.12.2016 02:00;0,123488;
Natriumchlorid;3;05.12.2016 02:00;0,0319446;
Arsen;4;05.12.2016 02:00;2,0644;
Arsen;3;05.12.2016 02:00;0,816161;
Arsen;5;05.12.2016 02:00;0,715519;
Arsen;9;05.12.2016 02:00;0,637216;
Arsen;8;05.12.2016 02:00;0,392212;
Arsen;2;05.12.2016 02:00;0,34731;
Arsen;1;05.12.2016 02:00;0,292031;
Arsen;6;05.12.2016 02:00;0,195545;
Arsen;7;05.12.2016 02:00;0,074736;
Benzol;4;05.12.2016 02:00;1,89757;
Benzol;2;05.12.2016 02:00;1,27381;
Benzol;5;05.12.2016 02:00;0,456632;
Benzol;7;05.12.2016 02:00;0,409832;
Benzol;9;05.12.2016 02:00;0,397647;
Benzol;6;05.12.2016 02:00;0,24385;
Benzol;3;05.12.2016 02:00;0,215086;
Benzol;1;05.12.2016 02:00;0,160618;
Benzol;8;05.12.2016 02:00;0,100976;
Anilin;3;05.12.2016 02:00;2,93253;
Anilin;4;05.12.2016 02:00;1,89852;
Anilin;5;05.12.2016 02:00;0,835756;
Anilin;7;05.12.2016 02:00;0,549225;
Anilin;6;05.12.2016 02:00;0,413804;
Anilin;9;05.12.2016 02:00;0,374993;
Anilin;2;05.12.2016 02:00;0,283074;
Anilin;8;05.12.2016 02:00;0,213417;
Anilin;1;05.12.2016 02:00;0,0573996;
Natriumchlorid;5;05.12.2016 03:00;1,84106;
Natriumchlorid;4;05.12.2016 03:00;1,40717;
Natriumchlorid;2;05.12.2016 03:00;0,507426;
Natriumchlorid;3;05.12.2016 03:00;0,404575;
Natriumchlorid;8;05.12.2016 03:00;0,386855;
Natriumchlorid;9;05.12.2016 03:00;0,343435;
Natriumchlorid;7;05.12.2016 03:00;0,195541;
Natriumchlorid;1;05.12.2016 03:00;0,189737;
Natriumchlorid;6;05.12.2016 03:00;0,0511533;
Arsen;4;05.12.2016 03:00;2,22543;
Arsen;9;05.12.2016 03:00;0,977746;
Arsen;3;05.12.2016 03:00;0,886166;
Arsen;6;05.12.2016 03:00;0,583051;
Arsen;7;05.12.2016 03:00;0,452885;
Arsen;5;05.12.2016 03:00;0,386547;
Arsen;1;05.12.2016 03:00;0,286823;
Arsen;2;05.12.2016 03:00;0,18605;
Arsen;8;05.12.2016 03:00;0,0568274;
Benzol;4;05.12.2016 03:00;1,70192;
Benzol;3;05.12.2016 03:00;1,00295;
Benzol;8;05.12.2016 03:00;0,834846;
Benzol;2;05.12.2016 03:00;0,485421;
Benzol;1;05.12.2016 03:00;0,47746;
Benzol;5;05.12.2016 03:00;0,476766;
Benzol;9;05.12.2016 03:00;0,296504;
Benzol;6;05.12.2016 03:00;0,121897;
Benzol;7;05.12.2016 03:00;0,105177;
Anilin;4;05.12.2016 03:00;1,93336;
Anilin;8;05.12.2016 03:00;1,21441;
Anilin;2;05.12.2016 03:00;0,638958;
Anilin;3;05.12.2016 03:00;0,438178;
Anilin;7;05.12.2016 03:00;0,417474;
Anilin;6;05.12.2016 03:00;0,309802;
Anilin;1;05.12.2016 03:00;0,231734;
Anilin;9;05.12.2016 03:00;0,105832;
Anilin;5;05.12.2016 03:00;0,0542635;
Natriumchlorid;6;05.12.2016 04:00;23,6242;
Natriumchlorid;7;05.12.2016 04:00;6,34615;
Natriumchlorid;3;05.12.2016 04:00;1,93791;
Natriumchlorid;4;05.12.2016 04:00;1,76985;
Natriumchlorid;9;05.12.2016 04:00;1,24971;
Natriumchlorid;2;05.12.2016 04:00;0,599579;
Natriumchlorid;5;05.12.2016 04:00;0,568623;
Natriumchlorid;8;05.12.2016 04:00;0,197679;
Natriumchlorid;1;05.12.2016 04:00;0,16566;
Arsen;3;05.12.2016 04:00;4,13988;
Arsen;4;05.12.2016 04:00;2,10435;
Arsen;8;05.12.2016 04:00;0,807263;
Arsen;5;05.12.2016 04:00;0,550716;
Arsen;1;05.12.2016 04:00;0,518284;
Arsen;9;05.12.2016 04:00;0,510545;
Arsen;6;05.12.2016 04:00;0,507083;
Arsen;2;05.12.2016 04:00;0,456414;
Arsen;7;05.12.2016 04:00;0,18009;
Benzol;7;05.12.2016 04:00;13,40056;
Benzol;4;05.12.2016 04:00;1,86862;
Benzol;3;05.12.2016 04:00;0,93542;
Benzol;9;05.12.2016 04:00;0,864844;
Benzol;6;05.12.2016 04:00;0,707968;
Benzol;1;05.12.2016 04:00;0,512399;
Benzol;8;05.12.2016 04:00;0,377881;
Benzol;2;05.12.2016 04:00;0,318429;
Benzol;5;05.12.2016 04:00;0,0606369;
Anilin;7;05.12.2016 04:00;63,31599;
Anilin;3;05.12.2016 04:00;2,9318;
Anilin;4;05.12.2016 04:00;1,56928;
Anilin;8;05.12.2016 04:00;0,889922;
Anilin;5;05.12.2016 04:00;0,833571;
Anilin;2;05.12.2016 04:00;0,284701;
Anilin;9;05.12.2016 04:00;0,200196;
Anilin;6;05.12.2016 04:00;0,172757;
Anilin;1;05.12.2016 04:00;0,0162266;
Natriumchlorid;3;05.12.2016 05:00;1,95175;
Natriumchlorid;4;05.12.2016 05:00;1,7205;
Natriumchlorid;9;05.12.2016 05:00;0,723354;
Natriumchlorid;7;05.12.2016 05:00;0,564965;
Natriumchlorid;5;05.12.2016 05:00;0,5188;
Natriumchlorid;1;05.12.2016 05:00;0,362241;
Natriumchlorid;6;05.12.2016 05:00;0,303661;
Natriumchlorid;8;05.12.2016 05:00;0,240839;
Natriumchlorid;2;05.12.2016 05:00;0,142413;
Arsen;4;05.12.2016 05:00;2,4094;
Arsen;8;05.12.2016 05:00;0,875597;
Arsen;3;05.12.2016 05:00;0,823138;
Arsen;6;05.12.2016 05:00;0,493257;
Arsen;7;05.12.2016 05:00;0,255248;
Arsen;5;05.12.2016 05:00;0,24356;
Arsen;1;05.12.2016 05:00;0,169706;
Arsen;2;05.12.2016 05:00;0,106988;
Arsen;9;05.12.2016 05:00;0,0724241;
Benzol;3;05.12.2016 05:00;3,46818;
Benzol;4;05.12.2016 05:00;1,53897;
Benzol;5;05.12.2016 05:00;1,11507;
Benzol;2;05.12.2016 05:00;0,733387;
Benzol;7;05.12.2016 05:00;0,661635;
Benzol;9;05.12.2016 05:00;0,573023;
Benzol;6;05.12.2016 05:00;0,519349;
Benzol;8;05.12.2016 05:00;0,257363;
Benzol;1;05.12.2016 05:00;0,0163488;
Anilin;4;05.12.2016 05:00;1,97133;
Anilin;5;05.12.2016 05:00;0,863661;
Anilin;3;05.12.2016 05:00;0,697176;
Anilin;6;05.12.2016 05:00;0,690541;
Anilin;8;05.12.2016 05:00;0,664585;
Anilin;9;05.12.2016 05:00;0,356743;
Anilin;2;05.12.2016 05:00;0,35197;
Anilin;7;05.12.2016 05:00;0,116677;
Anilin;1;05.12.2016 05:00;0,0958897;
Natriumchlorid;3;05.12.2016 06:00;80,4121;
Natriumchlorid;1;05.12.2016 06:00;31,66583;
Natriumchlorid;2;05.12.2016 06:00;26,58683;
Natriumchlorid;3;05.12.2016 06:00;8,99309;
Natriumchlorid;1;05.12.2016 06:00;3,68059;
Natriumchlorid;2;05.12.2016 06:00;3,38269;
Natriumchlorid;4;05.12.2016 06:00;3,08053;
Natriumchlorid;7;05.12.2016 06:00;2,12931;
Natriumchlorid;5;05.12.2016 06:00;1,03739;
Natriumchlorid;6;05.12.2016 06:00;0,42367;
Natriumchlorid;8;05.12.2016 06:00;0,41391;
Natriumchlorid;9;05.12.2016 06:00;0,0954239;
Arsen;5;05.12.2016 06:00;5,98556;
Arsen;4;05.12.2016 06:00;2,30892;
Arsen;6;05.12.2016 06:00;1,6139;
Arsen;3;05.12.2016 06:00;1,47633;
Arsen;9;05.12.2016 06:00;1,0764;
Arsen;8;05.12.2016 06:00;0,734404;
Arsen;7;05.12.2016 06:00;0,347191;
Arsen;2;05.12.2016 06:00;0,251009;
Arsen;1;05.12.2016 06:00;0,156303;
Benzol;3;05.12.2016 06:00;8,36463;
Benzol;4;05.12.2016 06:00;1,86247;
Benzol;5;05.12.2016 06:00;1,02425;
Benzol;6;05.12.2016 06:00;0,687929;
Benzol;8;05.12.2016 06:00;0,503672;
Benzol;7;05.12.2016 06:00;0,336939;
Benzol;1;05.12.2016 06:00;0,313843;
Benzol;9;05.12.2016 06:00;0,179225;
Benzol;2;05.12.2016 06:00;0,13929;
Anilin;4;05.12.2016 06:00;2,01972;
Anilin;9;05.12.2016 06:00;1,32821;
Anilin;5;05.12.2016 06:00;1,12562;
Anilin;6;05.12.2016 06:00;0,765657;
Anilin;8;05.12.2016 06:00;0,348003;
Anilin;7;05.12.2016 06:00;0,324504;
Natriumchlorid;4;05.12.2016 07:00;2,0941;
Natriumchlorid;7;05.12.2016 07:00;1,49298;
Natriumchlorid;8;05.12.2016 07:00;1,04903;
Natriumchlorid;6;05.12.2016 07:00;0,647639;
Natriumchlorid;3;05.12.2016 07:00;0,451171;
Natriumchlorid;2;05.12.2016 07:00;0,309506;
Natriumchlorid;5;05.12.2016 07:00;0,285849;
Natriumchlorid;1;05.12.2016 07:00;0,266869;
Natriumchlorid;9;05.12.2016 07:00;0,0441115;
Arsen;3;05.12.2016 07:00;2,11506;
Arsen;4;05.12.2016 07:00;1,74544;
Arsen;9;05.12.2016 07:00;1,02182;
Arsen;7;05.12.2016 07:00;0,869251;
Arsen;1;05.12.2016 07:00;0,442039;
Arsen;8;05.12.2016 07:00;0,30573;
Arsen;5;05.12.2016 07:00;0,304963;
Arsen;2;05.12.2016 07:00;0,264243;
Arsen;6;05.12.2016 07:00;0,236737;
Benzol;4;05.12.2016 07:00;1,74447;
Benzol;3;05.12.2016 07:00;1,23224;
Benzol;6;05.12.2016 07:00;0,540517;
Benzol;9;05.12.2016 07:00;0,429293;
Benzol;8;05.12.2016 07:00;0,347756;
Benzol;7;05.12.2016 07:00;0,250555;
Benzol;5;05.12.2016 07:00;0,237268;
Benzol;2;05.12.2016 07:00;0,0974663;
Benzol;1;05.12.2016 07:00;0,0216203;
Anilin;4;05.12.2016 07:00;1,83787;
Anilin;9;05.12.2016 07:00;0,793425;
Anilin;5;05.12.2016 07:00;0,612853;
Anilin;8;05.12.2016 07:00;0,605911;
Anilin;6;05.12.2016 07:00;0,56063;
Anilin;2;05.12.2016 07:00;0,27627;
Anilin;7;05.12.2016 07:00;0,174582;
Anilin;3;05.12.2016 07:00;0,0645658;
Anilin;1;05.12.2016 07:00;0,0134871;
Natriumchlorid;4;05.12.2016 08:00;1,59819;
Natriumchlorid;3;05.12.2016 08:00;1,50589;
Natriumchlorid;6;05.12.2016 08:00;0,459359;
Natriumchlorid;8;05.12.2016 08:00;0,348713;
Natriumchlorid;9;05.12.2016 08:00;0,31927;
Natriumchlorid;2;05.12.2016 08:00;0,254427;
Natriumchlorid;1;05.12.2016 08:00;0,14969;
Natriumchlorid;5;05.12.2016 08:00;0,141087;
Natriumchlorid;7;05.12.2016 08:00;0,116672;
Arsen;3;05.12.2016 08:00;2,16838;
Arsen;7;05.12.2016 08:00;1,6564;
Arsen;4;05.12.2016 08:00;1,65054;
Arsen;5;05.12.2016 08:00;0,779206;
Arsen;6;05.12.2016 08:00;0,742643;
Arsen;9;05.12.2016 08:00;0,636426;
Arsen;8;05.12.2016 08:00;0,249279;
Arsen;1;05.12.2016 08:00;0,225952;
Arsen;2;05.12.2016 08:00;0,0324865;
Benzol;4;05.12.2016 08:00;1,8312;
Benzol;3;05.12.2016 08:00;1,20463;
Benzol;9;05.12.2016 08:00;0,84576;
Benzol;5;05.12.2016 08:00;0,662026;
Benzol;8;05.12.2016 08:00;0,598021;
Benzol;7;05.12.2016 08:00;0,355587;
Benzol;6;05.12.2016 08:00;0,255738;
Benzol;1;05.12.2016 08:00;0,144802;
Benzol;2;05.12.2016 08:00;0,0525921;
Anilin;4;05.12.2016 08:00;2,12765;
Anilin;3;05.12.2016 08:00;1,06783;
Anilin;7;05.12.2016 08:00;0,938669;
Anilin;2;05.12.2016 08:00;0,618311;
Anilin;5;05.12.2016 08:00;0,568286;
Anilin;6;05.12.2016 08:00;0,506166;
Anilin;9;05.12.2016 08:00;0,418497;
Anilin;8;05.12.2016 08:00;0,334393;
Anilin;1;05.12.2016 08:00;0,0945032;
Natriumchlorid;5;05.12.2016 09:00;2,95491;
Natriumchlorid;4;05.12.2016 09:00;2,01364;
Natriumchlorid;9;05.12.2016 09:00;0,796693;
Natriumchlorid;8;05.12.2016 09:00;0,644428;
Natriumchlorid;6;05.12.2016 09:00;0,293023;
Natriumchlorid;3;05.12.2016 09:00;0,179854;
Natriumchlorid;7;05.12.2016 09:00;0,107909;
Natriumchlorid;2;05.12.2016 09:00;0,0867083;
Natriumchlorid;1;05.12.2016 09:00;0,00639982;
Arsen;4;05.12.2016 09:00;2,21354;
Arsen;5;05.12.2016 09:00;0,729906;
Arsen;3;05.12.2016 09:00;0,698525;
Arsen;9;05.12.2016 09:00;0,626297;
Arsen;1;05.12.2016 09:00;0,371715;
Arsen;6;05.12.2016 09:00;0,305444;
Arsen;8;05.12.2016 09:00;0,269785;
Arsen;2;05.12.2016 09:00;0,181155;
Arsen;7;05.12.2016 09:00;0,0331963;
Benzol;3;05.12.2016 09:00;2,47023;
Benzol;4;05.12.2016 09:00;2,25979;
Benzol;6;05.12.2016 09:00;0,789229;
Benzol;5;05.12.2016 09:00;0,738762;
Benzol;8;05.12.2016 09:00;0,486866;
Benzol;1;05.12.2016 09:00;0,466322;
Benzol;9;05.12.2016 09:00;0,420217;
Benzol;7;05.12.2016 09:00;0,419697;
Benzol;2;05.12.2016 09:00;0,046348;
Anilin;4;05.12.2016 09:00;1,84823;
Anilin;7;05.12.2016 09:00;1,16142;
Anilin;9;05.12.2016 09:00;0,859443;
Anilin;6;05.12.2016 09:00;0,709427;
Anilin;5;05.12.2016 09:00;0,5762;
Anilin;1;05.12.2016 09:00;0,381776;
Anilin;8;05.12.2016 09:00;0,330917;
Anilin;3;05.12.2016 09:00;0,25301;
Anilin;2;05.12.2016 09:00;0,0209058;
Natriumchlorid;5;05.12.2016 10:00;3,80103;
Natriumchlorid;3;05.12.2016 10:00;1,88491;
Natriumchlorid;4;05.12.2016 10:00;1,77839;
Natriumchlorid;2;05.12.2016 10:00;0,572995;
Natriumchlorid;8;05.12.2016 10:00;0,403382;
Natriumchlorid;6;05.12.2016 10:00;0,377069;
Natriumchlorid;9;05.12.2016 10:00;0,34776;
Natriumchlorid;1;05.12.2016 10:00;0,293001;
Natriumchlorid;7;05.12.2016 10:00;0,114487;
Arsen;4;05.12.2016 10:00;1,94368;
Arsen;3;05.12.2016 10:00;1,03632;
Arsen;7;05.12.2016 10:00;0,83373;
Arsen;5;05.12.2016 10:00;0,692183;
Arsen;8;05.12.2016 10:00;0,684136;
Arsen;9;05.12.2016 10:00;0,654995;
Arsen;6;05.12.2016 10:00;0,426631;
Arsen;1;05.12.2016 10:00;0,100902;
Arsen;2;05.12.2016 10:00;0,0370921;
Benzol;4;05.12.2016 10:00;2,22242;
Benzol;7;05.12.2016 10:00;1,36148;
Benzol;5;05.12.2016 10:00;0,807547;
Benzol;3;05.12.2016 10:00;0,750638;
Benzol;8;05.12.2016 10:00;0,620051;
Benzol;9;05.12.2016 10:00;0,538981;
Benzol;2;05.12.2016 10:00;0,420692;
Benzol;6;05.12.2016 10:00;0,231798;
Benzol;1;05.12.2016 10:00;0,0815815;
Anilin;3;05.12.2016 10:00;2,75378;
Anilin;9;05.12.2016 10:00;1,66188;
Anilin;4;05.12.2016 10:00;1,65901;
Anilin;8;05.12.2016 10:00;0,703208;
Anilin;2;05.12.2016 10:00;0,392402;
Anilin;7;05.12.2016 10:00;0,332006;
Anilin;6;05.12.2016 10:00;0,295153;
Anilin;5;05.12.2016 10:00;0,0458212;
Anilin;1;05.12.2016 10:00;0,0212788;
Natriumchlorid;5;05.12.2016 11:00;4,07641;
Natriumchlorid;4;05.12.2016 11:00;2,13814;
Natriumchlorid;3;05.12.2016 11:00;1,909;
Natriumchlorid;7;05.12.2016 11:00;0,661559;
Natriumchlorid;6;05.12.2016 11:00;0,543866;
Natriumchlorid;2;05.12.2016 11:00;0,211951;
Natriumchlorid;9;05.12.2016 11:00;0,160291;
Natriumchlorid;1;05.12.2016 11:00;0,130147;
Natriumchlorid;8;05.12.2016 11:00;0,0612612;
Arsen;3;05.12.2016 11:00;2,32971;
Arsen;4;05.12.2016 11:00;1,74248;
Arsen;5;05.12.2016 11:00;0,752859;
Arsen;9;05.12.2016 11:00;0,691199;
Arsen;6;05.12.2016 11:00;0,676742;
Arsen;7;05.12.2016 11:00;0,331509;
Arsen;2;05.12.2016 11:00;0,250177;
Arsen;1;05.12.2016 11:00;0,157653;
Arsen;8;05.12.2016 11:00;0,126469;
Benzol;4;05.12.2016 11:00;1,86805;
Benzol;3;05.12.2016 11:00;1,44107;
Benzol;6;05.12.2016 11:00;0,581822;
Benzol;7;05.12.2016 11:00;0,559442;
Benzol;8;05.12.2016 11:00;0,551641;
Benzol;5;05.12.2016 11:00;0,537009;
Benzol;2;05.12.2016 11:00;0,496158;
Benzol;9;05.12.2016 11:00;0,308427;
Benzol;1;05.12.2016 11:00;0,016899;
Anilin;4;05.12.2016 11:00;1,73869;
Anilin;7;05.12.2016 11:00;0,962919;
Anilin;3;05.12.2016 11:00;0,670979;
Anilin;5;05.12.2016 11:00;0,552143;
Anilin;2;05.12.2016 11:00;0,485635;
Anilin;8;05.12.2016 11:00;0,471974;
Anilin;6;05.12.2016 11:00;0,426801;
Anilin;1;05.12.2016 11:00;0,328527;
Anilin;9;05.12.2016 11:00;0,113944;
Natriumchlorid;3;05.12.2016 12:00;2,09473;
Natriumchlorid;4;05.12.2016 12:00;2,07258;
Natriumchlorid;5;05.12.2016 12:00;1,43346;
Natriumchlorid;6;05.12.2016 12:00;0,783496;
Natriumchlorid;8;05.12.2016 12:00;0,532832;
Natriumchlorid;1;05.12.2016 12:00;0,446556;
Natriumchlorid;7;05.12.2016 12:00;0,297398;
Natriumchlorid;2;05.12.2016 12:00;0,186641;
Natriumchlorid;9;05.12.2016 12:00;0,129405;
Arsen;9;05.12.2016 12:00;8,51651;
Arsen;4;05.12.2016 12:00;1,63323;
Arsen;7;05.12.2016 12:00;1,28369;
Arsen;3;05.12.2016 12:00;1,20284;
Arsen;8;05.12.2016 12:00;0,626236;
Arsen;2;05.12.2016 12:00;0,446385;
Arsen;6;05.12.2016 12:00;0,407368;
Arsen;1;05.12.2016 12:00;0,127053;
Arsen;5;05.12.2016 12:00;0,10161;
Benzol;4;05.12.2016 12:00;6,85129;
Benzol;3;05.12.2016 12:00;3,03328;
Benzol;5;05.12.2016 12:00;1,73313;
Benzol;2;05.12.2016 12:00;1,25583;
Benzol;8;05.12.2016 12:00;0,999819;
Benzol;7;05.12.2016 12:00;0,87188;
Benzol;6;05.12.2016 12:00;0,791386;
Benzol;1;05.12.2016 12:00;0,373268;
Benzol;9;05.12.2016 12:00;0,360414;
Anilin;4;05.12.2016 12:00;1,6646;
Anilin;2;05.12.2016 12:00;0,897135;
Anilin;3;05.12.2016 12:00;0,671514;
Anilin;8;05.12.2016 12:00;0,509792;
Anilin;6;05.12.2016 12:00;0,336761;
Anilin;7;05.12.2016 12:00;0,315388;
Anilin;9;05.12.2016 12:00;0,303757;
Anilin;5;05.12.2016 12:00;0,186502;
Anilin;1;05.12.2016 12:00;0,056161;
Natriumchlorid;4;05.12.2016 13:00;16,00677;
Natriumchlorid;4;05.12.2016 13:00;3,24731;
Natriumchlorid;3;05.12.2016 13:00;2,38236;
Natriumchlorid;9;05.12.2016 13:00;1,41334;
Natriumchlorid;8;05.12.2016 13:00;0,815414;
Natriumchlorid;5;05.12.2016 13:00;0,627135;
Natriumchlorid;2;05.12.2016 13:00;0,49588;
Natriumchlorid;7;05.12.2016 13:00;0,354334;
Natriumchlorid;6;05.12.2016 13:00;0,232081;
Natriumchlorid;1;05.12.2016 13:00;0,0565304;
Arsen;4;05.12.2016 13:00;2,04248;
Arsen;3;05.12.2016 13:00;1,65527;
Arsen;9;05.12.2016 13:00;1,17298;
Arsen;5;05.12.2016 13:00;1,05261;
Arsen;2;05.12.2016 13:00;0,346557;
Arsen;8;05.12.2016 13:00;0,342501;
Arsen;7;05.12.2016 13:00;0,305658;
Arsen;1;05.12.2016 13:00;0,0183862;
Arsen;6;05.12.2016 13:00;0,00736022;
Benzol;4;05.12.2016 13:00;3,60739;
Benzol;5;05.12.2016 13:00;1,25035;
Benzol;3;05.12.2016 13:00;0,754997;
Benzol;9;05.12.2016 13:00;0,749573;
Benzol;7;05.12.2016 13:00;0,362895;
Benzol;1;05.12.2016 13:00;0,235598;
Benzol;2;05.12.2016 13:00;0,206441;
Benzol;6;05.12.2016 13:00;0,0605172;
Benzol;8;05.12.2016 13:00;0,0470367;
Anilin;7;05.12.2016 13:00;1,01265;
Anilin;9;05.12.2016 13:00;0,733791;
Anilin;2;05.12.2016 13:00;0,50382;
Anilin;8;05.12.2016 13:00;0,183111;
Anilin;3;05.12.2016 13:00;0,16953;
Anilin;6;05.12.2016 13:00;0,163222;
Anilin;1;05.12.2016 13:00;0,130813;
Anilin;5;05.12.2016 13:00;0,0562047;
Natriumchlorid;5;05.12.2016 14:00;4,57878;
Natriumchlorid;4;05.12.2016 14:00;1,9329;
Natriumchlorid;3;05.12.2016 14:00;1,46678;
Natriumchlorid;7;05.12.2016 14:00;0,823396;
Natriumchlorid;8;05.12.2016 14:00;0,6554;
Natriumchlorid;6;05.12.2016 14:00;0,552707;
Natriumchlorid;9;05.12.2016 14:00;0,47441;
Natriumchlorid;1;05.12.2016 14:00;0,30432;
Natriumchlorid;2;05.12.2016 14:00;0,0326929;
Arsen;4;05.12.2016 14:00;1,94548;
Arsen;9;05.12.2016 14:00;1,21484;
Arsen;5;05.12.2016 14:00;0,846947;
Arsen;7;05.12.2016 14:00;0,841141;
Arsen;3;05.12.2016 14:00;0,735869;
Arsen;6;05.12.2016 14:00;0,58499;
Arsen;2;05.12.2016 14:00;0,348916;
Arsen;1;05.12.2016 14:00;0,0682024;
Arsen;8;05.12.2016 14:00;0,00182959;
Benzol;4;05.12.2016 14:00;2,06122;
Benzol;5;05.12.2016 14:00;1,25966;
Benzol;2;05.12.2016 14:00;0,927443;
Benzol;9;05.12.2016 14:00;0,781418;
Benzol;8;05.12.2016 14:00;0,391294;
Benzol;3;05.12.2016 14:00;0,251536;
Benzol;6;05.12.2016 14:00;0,241892;
Benzol;7;05.12.2016 14:00;0,146633;
Benzol;1;05.12.2016 14:00;0,086325;
Anilin;4;05.12.2016 14:00;1,89946;
Anilin;5;05.12.2016 14:00;1,2677;
Anilin;3;05.12.2016 14:00;0,929214;
Anilin;7;05.12.2016 14:00;0,882709;
Anilin;8;05.12.2016 14:00;0,529731;
Anilin;2;05.12.2016 14:00;0,267686;
Anilin;6;05.12.2016 14:00;0,209664;
Anilin;1;05.12.2016 14:00;0,189201;
Anilin;9;05.12.2016 14:00;0,181188;
Natriumchlorid;4;05.12.2016 15:00;1,92716;
Natriumchlorid;3;05.12.2016 15:00;1,90702;
Natriumchlorid;5;05.12.2016 15:00;0,676283;
Natriumchlorid;8;05.12.2016 15:00;0,476394;
Natriumchlorid;2;05.12.2016 15:00;0,435089;
Natriumchlorid;9;05.12.2016 15:00;0,433886;
Natriumchlorid;6;05.12.2016 15:00;0,2729;
Natriumchlorid;1;05.12.2016 15:00;0,158729;
Natriumchlorid;7;05.12.2016 15:00;0,085389;
Arsen;7;05.12.2016 15:00;1,58713;
Arsen;4;05.12.2016 15:00;1,46985;
Arsen;8;05.12.2016 15:00;0,95985;
Arsen;2;05.12.2016 15:00;0,926483;
Arsen;5;05.12.2016 15:00;0,832035;
Arsen;3;05.12.2016 15:00;0,502421;
Arsen;6;05.12.2016 15:00;0,418071;
Arsen;1;05.12.2016 15:00;0,162395;
Arsen;9;05.12.2016 15:00;0,057648;
Benzol;4;05.12.2016 15:00;2,02229;
Benzol;7;05.12.2016 15:00;1,69309;
Benzol;3;05.12.2016 15:00;1,20541;
Benzol;5;05.12.2016 15:00;0,951224;
Benzol;2;05.12.2016 15:00;0,62584;
Benzol;9;05.12.2016 15:00;0,367789;
Benzol;6;05.12.2016 15:00;0,283654;
Benzol;8;05.12.2016 15:00;0,260004;
Benzol;1;05.12.2016 15:00;0,0710782;
Anilin;4;05.12.2016 15:00;2,10823;
Anilin;3;05.12.2016 15:00;1,15712;
Anilin;7;05.12.2016 15:00;0,864277;
Anilin;9;05.12.2016 15:00;0,516491;
Anilin;5;05.12.2016 15:00;0,473312;
Anilin;8;05.12.2016 15:00;0,392579;
Anilin;1;05.12.2016 15:00;0,295669;
Anilin;2;05.12.2016 15:00;0,244599;
Anilin;6;05.12.2016 15:00;0,242748;
Natriumchlorid;3;05.12.2016 16:00;10,77567;
Natriumchlorid;3;05.12.2016 16:00;2,05708;
Natriumchlorid;4;05.12.2016 16:00;1,90885;
Natriumchlorid;7;05.12.2016 16:00;1,72474;
Natriumchlorid;6;05.12.2016 16:00;0,579406;
Natriumchlorid;5;05.12.2016 16:00;0,333886;
Natriumchlorid;1;05.12.2016 16:00;0,27717;
Natriumchlorid;9;05.12.2016 16:00;0,206173;
Natriumchlorid;2;05.12.2016 16:00;0,118984;
Natriumchlorid;8;05.12.2016 16:00;0,082108;
Arsen;4;05.12.2016 16:00;1,8823;
Arsen;7;05.12.2016 16:00;0,863279;
Arsen;9;05.12.2016 16:00;0,851027;
Arsen;8;05.12.2016 16:00;0,66219;
Arsen;5;05.12.2016 16:00;0,494469;
Arsen;6;05.12.2016 16:00;0,43285;
Arsen;2;05.12.2016 16:00;0,408045;
Arsen;3;05.12.2016 16:00;0,32016;
Arsen;1;05.12.2016 16:00;0,188465;
Benzol;3;05.12.2016 16:00;1,9218;
Benzol;4;05.12.2016 16:00;1,70232;
Benzol;9;05.12.2016 16:00;1,17135;
Benzol;1;05.12.2016 16:00;0,665421;
Benzol;6;05.12.2016 16:00;0,630958;
Benzol;8;05.12.2016 16:00;0,283303;
Benzol;7;05.12.2016 16:00;0,265241;
Benzol;5;05.12.2016 16:00;0,259411;
Benzol;2;05.12.2016 16:00;0,0287179;
Anilin;4;05.12.2016 16:00;2,08471;
Anilin;5;05.12.2016 16:00;1,21421;
Anilin;9;05.12.2016 16:00;0,799066;
Anilin;2;05.12.2016 16:00;0,498296;
Anilin;7;05.12.2016 16:00;0,35675;
Anilin;8;05.12.2016 16:00;0,225316;
Anilin;6;05.12.2016 16:00;0,190288;
Anilin;1;05.12.2016 16:00;0,178131;
Natriumchlorid;4;05.12.2016 17:00;2,39477;
Natriumchlorid;8;05.12.2016 17:00;0,888019;
Natriumchlorid;2;05.12.2016 17:00;0,881859;
Natriumchlorid;3;05.12.2016 17:00;0,52089;
Natriumchlorid;5;05.12.2016 17:00;0,463914;
Natriumchlorid;6;05.12.2016 17:00;0,43254;
Natriumchlorid;7;05.12.2016 17:00;0,347986;
Natriumchlorid;9;05.12.2016 17:00;0,343664;
Natriumchlorid;1;05.12.2016 17:00;0,242022;
Arsen;3;05.12.2016 17:00;2,62843;
Arsen;4;05.12.2016 17:00;1,79682;
Arsen;5;05.12.2016 17:00;0,666058;
Arsen;6;05.12.2016 17:00;0,447859;
Arsen;9;05.12.2016 17:00;0,418887;
Arsen;8;05.12.2016 17:00;0,41832;
Arsen;2;05.12.2016 17:00;0,398471;
Arsen;7;05.12.2016 17:00;0,257805;
Arsen;1;05.12.2016 17:00;0,198539;
Benzol;4;05.12.2016 17:00;1,92833;
Benzol;8;05.12.2016 17:00;0,425277;
Benzol;3;05.12.2016 17:00;0,373984;
Benzol;1;05.12.2016 17:00;0,338254;
Benzol;6;05.12.2016 17:00;0,252102;
Benzol;7;05.12.2016 17:00;0,246778;
Benzol;2;05.12.2016 17:00;0,134362;
Benzol;5;05.12.2016 17:00;0,110389;
Benzol;9;05.12.2016 17:00;0,101241;
Anilin;7;05.12.2016 17:00;2,86638;
Anilin;4;05.12.2016 17:00;2,06393;
Anilin;9;05.12.2016 17:00;1,00702;
Anilin;3;05.12.2016 17:00;0,81208;
Anilin;6;05.12.2016 17:00;0,700617;
Anilin;8;05.12.2016 17:00;0,463468;
Anilin;1;05.12.2016 17:00;0,394296;
Anilin;5;05.12.2016 17:00;0,246227;
Anilin;2;05.12.2016 17:00;0,145163;
Natriumchlorid;3;05.12.2016 18:00;4,95078;
Natriumchlorid;5;05.12.2016 18:00;3,03656;
Natriumchlorid;4;05.12.2016 18:00;2,24015;
Natriumchlorid;7;05.12.2016 18:00;0,783318;
Natriumchlorid;2;05.12.2016 18:00;0,754121;
Natriumchlorid;1;05.12.2016 18:00;0,60005;
Natriumchlorid;9;05.12.2016 18:00;0,529595;
Natriumchlorid;8;05.12.2016 18:00;0,460619;
Natriumchlorid;6;05.12.2016 18:00;0,183679;
Arsen;4;05.12.2016 18:00;2,03363;
Arsen;8;05.12.2016 18:00;0,863289;
Arsen;3;05.12.2016 18:00;0,838935;
Arsen;5;05.12.2016 18:00;0,553453;
Arsen;2;05.12.2016 18:00;0,507055;
Arsen;6;05.12.2016 18:00;0,466933;
Arsen;7;05.12.2016 18:00;0,340249;
Arsen;9;05.12.2016 18:00;0,221141;
Arsen;1;05.12.2016 18:00;0,0737834;
Benzol;3;05.12.2016 18:00;2,78672;
Benzol;4;05.12.2016 18:00;1,81648;
Benzol;9;05.12.2016 18:00;1,15388;
Benzol;8;05.12.2016 18:00;0,483856;
Benzol;5;05.12.2016 18:00;0,360357;
Benzol;1;05.12.2016 18:00;0,259918;
Benzol;2;05.12.2016 18:00;0,205187;
Benzol;6;05.12.2016 18:00;0,185482;
Benzol;7;05.12.2016 18:00;0,120405;
Anilin;7;05.12.2016 18:00;2,76172;
Anilin;4;05.12.2016 18:00;2,04379;
Anilin;3;05.12.2016 18:00;0,352678;
Anilin;5;05.12.2016 18:00;0,296075;
Anilin;6;05.12.2016 18:00;0,241243;
Anilin;1;05.12.2016 18:00;0,222623;
Anilin;2;05.12.2016 18:00;0,170767;
Anilin;8;05.12.2016 18:00;0,140573;
Anilin;9;05.12.2016 18:00;0,128156;
Natriumchlorid;4;05.12.2016 19:00;1,64426;
Natriumchlorid;5;05.12.2016 19:00;1,05951;
Natriumchlorid;7;05.12.2016 19:00;0,598726;
Natriumchlorid;3;05.12.2016 19:00;0,473325;
Natriumchlorid;8;05.12.2016 19:00;0,205241;
Natriumchlorid;1;05.12.2016 19:00;0,15233;
Natriumchlorid;9;05.12.2016 19:00;0,111963;
Natriumchlorid;2;05.12.2016 19:00;0,0977191;
Natriumchlorid;6;05.12.2016 19:00;0,0538451;
Arsen;4;05.12.2016 19:00;1,68469;
Arsen;3;05.12.2016 19:00;1,6605;
Arsen;8;05.12.2016 19:00;1,53077;
Arsen;7;05.12.2016 19:00;0,757952;
Arsen;2;05.12.2016 19:00;0,623046;
Arsen;5;05.12.2016 19:00;0,565119;
Arsen;9;05.12.2016 19:00;0,526984;
Arsen;6;05.12.2016 19:00;0,450303;
Arsen;1;05.12.2016 19:00;0,336569;
Benzol;4;05.12.2016 19:00;2,00095;
Benzol;3;05.12.2016 19:00;1,05606;
Benzol;9;05.12.2016 19:00;0,982878;
Benzol;5;05.12.2016 19:00;0,567168;
Benzol;1;05.12.2016 19:00;0,410482;
Benzol;7;05.12.2016 19:00;0,312443;
Benzol;6;05.12.2016 19:00;0,308037;
Benzol;2;05.12.2016 19:00;0,275535;
Benzol;8;05.12.2016 19:00;0,141002;
Anilin;4;05.12.2016 19:00;1,56166;
Anilin;8;05.12.2016 19:00;0,754533;
Anilin;2;05.12.2016 19:00;0,685482;
Anilin;6;05.12.2016 19:00;0,655675;
Anilin;1;05.12.2016 19:00;0,397659;
Anilin;7;05.12.2016 19:00;0,102131;
Anilin;9;05.12.2016 19:00;0,0935318;
Anilin;5;05.12.2016 19:00;0,0886423;
Anilin;3;05.12.2016 19:00;0,00883616;
Natriumchlorid;4;05.12.2016 20:00;1,83631;
Natriumchlorid;9;05.12.2016 20:00;1,101;
Natriumchlorid;5;05.12.2016 20:00;0,74111;
Natriumchlorid;6;05.12.2016 20:00;0,574407;
Natriumchlorid;2;05.12.2016 20:00;0,408725;
Natriumchlorid;7;05.12.2016 20:00;0,406228;
Natriumchlorid;3;05.12.2016 20:00;0,157958;
Natriumchlorid;1;05.12.2016 20:00;0,14061;
Natriumchlorid;8;05.12.2016 20:00;0,0244933;
Arsen;4;05.12.2016 20:00;1,89292;
Arsen;3;05.12.2016 20:00;1,18955;
Arsen;7;05.12.2016 20:00;0,438515;
Arsen;2;05.12.2016 20:00;0,327709;
Arsen;8;05.12.2016 20:00;0,322982;
Arsen;1;05.12.2016 20:00;0,284124;
Arsen;9;05.12.2016 20:00;0,0369315;
Arsen;5;05.12.2016 20:00;0,0149136;
Arsen;6;05.12.2016 20:00;0,00469904;
Benzol;3;05.12.2016 20:00;3,66784;
Benzol;7;05.12.2016 20:00;3,349;
Benzol;4;05.12.2016 20:00;1,9382;
Benzol;9;05.12.2016 20:00;1,2817;
Benzol;2;05.12.2016 20:00;0,48912;
Benzol;6;05.12.2016 20:00;0,386227;
Benzol;8;05.12.2016 20:00;0,255894;
Benzol;5;05.12.2016 20:00;0,181341;
Benzol;1;05.12.2016 20:00;0,121212;
Anilin;7;05.12.2016 20:00;2,29791;
Anilin;4;05.12.2016 20:00;1,83525;
Anilin;8;05.12.2016 20:00;0,993396;
Anilin;3;05.12.2016 20:00;0,885235;
Anilin;5;05.12.2016 20:00;0,51888;
Anilin;6;05.12.2016 20:00;0,435629;
Anilin;2;05.12.2016 20:00;0,364278;
Anilin;1;05.12.2016 20:00;0,16521;
Anilin;9;05.12.2016 20:00;0,0939219;
Natriumchlorid;4;05.12.2016 21:00;49,1228;
Natriumchlorid;4;05.12.2016 21:00;6,53438;
Natriumchlorid;3;05.12.2016 21:00;1,11591;
Natriumchlorid;9;05.12.2016 21:00;0,816159;
Natriumchlorid;5;05.12.2016 21:00;0,79588;
Natriumchlorid;1;05.12.2016 21:00;0,774593;
Natriumchlorid;6;05.12.2016 21:00;0,26862;
Natriumchlorid;8;05.12.2016 21:00;0,167379;
Natriumchlorid;2;05.12.2016 21:00;0,161613;
Natriumchlorid;7;05.12.2016 21:00;0,00460594;
Arsen;9;05.12.2016 21:00;4,04758;
Arsen;4;05.12.2016 21:00;1,98471;
Arsen;8;05.12.2016 21:00;1,01127;
Arsen;6;05.12.2016 21:00;0,592732;
Arsen;5;05.12.2016 21:00;0,590653;
Arsen;2;05.12.2016 21:00;0,402391;
Arsen;7;05.12.2016 21:00;0,273544;
Arsen;3;05.12.2016 21:00;0,217167;
Arsen;1;05.12.2016 21:00;0,139425;
Benzol;4;05.12.2016 21:00;9,39087;
Benzol;3;05.12.2016 21:00;1,39918;
Benzol;6;05.12.2016 21:00;0,975179;
Benzol;7;05.12.2016 21:00;0,795813;
Benzol;1;05.12.2016 21:00;0,596823;
Benzol;8;05.12.2016 21:00;0,565178;
Benzol;5;05.12.2016 21:00;0,488937;
Benzol;9;05.12.2016 21:00;0,370416;
Benzol;2;05.12.2016 21:00;0,00756365;
Anilin;3;05.12.2016 21:00;3,30432;
Anilin;7;05.12.2016 21:00;1,72286;
Anilin;6;05.12.2016 21:00;0,714804;
Anilin;5;05.12.2016 21:00;0,484812;
Anilin;8;05.12.2016 21:00;0,394354;
Anilin;1;05.12.2016 21:00;0,18322;
Anilin;9;05.12.2016 21:00;0,135483;
Anilin;2;05.12.2016 21:00;0,0139886;
Natriumchlorid;4;05.12.2016 22:00;2,31257;
Natriumchlorid;5;05.12.2016 22:00;1,90266;
Natriumchlorid;7;05.12.2016 22:00;0,731569;
Natriumchlorid;9;05.12.2016 22:00;0,673341;
Natriumchlorid;6;05.12.2016 22:00;0,657487;
Natriumchlorid;3;05.12.2016 22:00;0,325687;
Natriumchlorid;1;05.12.2016 22:00;0,175729;
Natriumchlorid;8;05.12.2016 22:00;0,109527;
Natriumchlorid;2;05.12.2016 22:00;0,0945227;
Arsen;3;05.12.2016 22:00;2,42496;
Arsen;4;05.12.2016 22:00;1,75006;
Arsen;5;05.12.2016 22:00;1,11545;
Arsen;7;05.12.2016 22:00;1,02777;
Arsen;9;05.12.2016 22:00;0,821628;
Arsen;6;05.12.2016 22:00;0,572335;
Arsen;2;05.12.2016 22:00;0,437202;
Arsen;8;05.12.2016 22:00;0,399198;
Arsen;1;05.12.2016 22:00;0,351217;
Benzol;4;05.12.2016 22:00;2,0342;
Benzol;7;05.12.2016 22:00;1,04293;
Benzol;9;05.12.2016 22:00;1,00187;
Benzol;8;05.12.2016 22:00;0,995985;
Benzol;6;05.12.2016 22:00;0,555818;
Benzol;5;05.12.2016 22:00;0,389494;
Benzol;2;05.12.2016 22:00;0,322206;
Benzol;1;05.12.2016 22:00;0,215154;
Benzol;3;05.12.2016 22:00;0,156558;
Anilin;4;05.12.2016 22:00;1,88347;
Anilin;8;05.12.2016 22:00;1,23707;
Anilin;3;05.12.2016 22:00;0,970044;
Anilin;9;05.12.2016 22:00;0,522944;
Anilin;1;05.12.2016 22:00;0,459462;
Anilin;2;05.12.2016 22:00;0,424837;
Anilin;7;05.12.2016 22:00;0,268962;
Anilin;6;05.12.2016 22:00;0,220044;
Anilin;5;05.12.2016 22:00;0,0593838;
Natriumchlorid;3;05.12.2016 23:00;2,84964;
Natriumchlorid;4;05.12.2016 23:00;2,03798;
Natriumchlorid;9;05.12.2016 23:00;1,19459;
Natriumchlorid;5;05.12.2016 23:00;0,701271;
Natriumchlorid;7;05.12.2016 23:00;0,655454;
Natriumchlorid;1;05.12.2016 23:00;0,496102;
Natriumchlorid;2;05.12.2016 23:00;0,486544;
Natriumchlorid;6;05.12.2016 23:00;0,282146;
Natriumchlorid;8;05.12.2016 23:00;0,0433326;
Arsen;3;05.12.2016 23:00;2,08978;
Arsen;4;05.12.2016 23:00;1,71336;
Arsen;8;05.12.2016 23:00;1,0772;
Arsen;9;05.12.2016 23:00;0,616109;
Arsen;6;05.12.2016 23:00;0,512651;
Arsen;2;05.12.2016 23:00;0,327854;
Arsen;1;05.12.2016 23:00;0,326352;
Arsen;5;05.12.2016 23:00;0,12496;
Arsen;7;05.12.2016 23:00;0,00357276;
Benzol;4;05.12.2016 23:00;2,02236;
Benzol;3;05.12.2016 23:00;1,2183;
Benzol;6;05.12.2016 23:00;0,664256;
Benzol;5;05.12.2016 23:00;0,61213;
Benzol;9;05.12.2016 23:00;0,607626;
Benzol;8;05.12.2016 23:00;0,574959;
Benzol;7;05.12.2016 23:00;0,317337;
Benzol;2;05.12.2016 23:00;0,306396;
Benzol;1;05.12.2016 23:00;0,0126978;
Anilin;4;05.12.2016 23:00;1,66189;
Anilin;3;05.12.2016 23:00;0,701023;
Anilin;8;05.12.2016 23:00;0,370337;
Anilin;6;05.12.2016 23:00;0,337259;
Anilin;5;05.12.2016 23:00;0,330294;
Anilin;7;05.12.2016 23:00;0,276385;
Anilin;9;05.12.2016 23:00;0,200196;
Anilin;2;05.12.2016 23:00;0,097448;
Anilin;1;05.12.2016 23:00;0,0491903;
Natriumchlorid;4;06.12.2016 00:00;2,07708;
Natriumchlorid;3;06.12.2016 00:00;1,83956;
Natriumchlorid;7;06.12.2016 00:00;0,863575;
Natriumchlorid;8;06.12.2016 00:00;0,636837;
Natriumchlorid;9;06.12.2016 00:00;0,509674;
Natriumchlorid;6;06.12.2016 00:00;0,484961;
Natriumchlorid;1;06.12.2016 00:00;0,294504;
Natriumchlorid;5;06.12.2016 00:00;0,181994;
Natriumchlorid;2;06.12.2016 00:00;0,0854337;
Arsen;4;06.12.2016 00:00;1,9686;
Arsen;5;06.12.2016 00:00;1,53095;
Arsen;3;06.12.2016 00:00;1,48113;
Arsen;7;06.12.2016 00:00;0,715829;
Arsen;9;06.12.2016 00:00;0,572671;
Arsen;2;06.12.2016 00:00;0,553401;
Arsen;6;06.12.2016 00:00;0,482789;
Arsen;1;06.12.2016 00:00;0,421699;
Arsen;8;06.12.2016 00:00;0,379884;
Benzol;7;06.12.2016 00:00;2,03588;
Benzol;4;06.12.2016 00:00;1,90564;
Benzol;5;06.12.2016 00:00;1,03766;
Benzol;6;06.12.2016 00:00;0,527419;
Benzol;9;06.12.2016 00:00;0,403923;
Benzol;3;06.12.2016 00:00;0,256138;
Benzol;1;06.12.2016 00:00;0,252645;
Benzol;8;06.12.2016 00:00;0,239576;
Benzol;2;06.12.2016 00:00;0,0655503;
Anilin;9;06.12.2016 00:00;3,67311;
Anilin;4;06.12.2016 00:00;1,69412;
Anilin;8;06.12.2016 00:00;1,28938;
Anilin;6;06.12.2016 00:00;0,637829;
Anilin;1;06.12.2016 00:00;0,457767;
Anilin;3;06.12.2016 00:00;0,419806;
Anilin;2;06.12.2016 00:00;0,276466;
Anilin;5;06.12.2016 00:00;0,212845;
Anilin;7;06.12.2016 00:00;0,0108432;
Natriumchlorid;6;06.12.2016 01:00;1,89779;
Natriumchlorid;4;06.12.2016 01:00;1,42665;
Natriumchlorid;5;06.12.2016 01:00;1,28886;
Natriumchlorid;8;06.12.2016 01:00;0,999161;
Natriumchlorid;9;06.12.2016 01:00;0,936246;
Natriumchlorid;3;06.12.2016 01:00;0,414027;
Natriumchlorid;1;06.12.2016 01:00;0,19179;
Natriumchlorid;7;06.12.2016 01:00;0,139673;
Natriumchlorid;2;06.12.2016 01:00;0,089731;
Arsen;4;06.12.2016 01:00;2,08415;
Arsen;8;06.12.2016 01:00;1,12113;
Arsen;7;06.12.2016 01:00;0,95509;
Arsen;5;06.12.2016 01:00;0,843424;
Arsen;9;06.12.2016 01:00;0,763583;
Arsen;3;06.12.2016 01:00;0,537353;
Arsen;6;06.12.2016 01:00;0,492422;
Arsen;1;06.12.2016 01:00;0,36444;
Arsen;2;06.12.2016 01:00;0,169887;
Benzol;4;06.12.2016 01:00;1,93544;
Benzol;2;06.12.2016 01:00;1,0293;
Benzol;7;06.12.2016 01:00;0,824364;
Benzol;5;06.12.2016 01:00;0,512661;
Benzol;3;06.12.2016 01:00;0,352868;
Benzol;1;06.12.2016 01:00;0,339754;
Benzol;6;06.12.2016 01:00;0,281746;
Benzol;8;06.12.2016 01:00;0,175092;
Benzol;9;06.12.2016 01:00;0,137739;
Anilin;6;06.12.2016 01:00;18,26355;
Anilin;3;06.12.2016 01:00;4,65412;
Anilin;4;06.12.2016 01:00;1,76318;
Anilin;7;06.12.2016 01:00;1,69165;
Anilin;9;06.12.2016 01:00;0,558048;
Anilin;5;06.12.2016 01:00;0,488112;
Anilin;8;06.12.2016 01:00;0,393712;
Anilin;2;06.12.2016 01:00;0,311954;
Anilin;1;06.12.2016 01:00;0,185721;
Natriumchlorid;6;06.12.2016 02:00;5,56909;
Natriumchlorid;4;06.12.2016 02:00;1,90041;
Natriumchlorid;5;06.12.2016 02:00;0,592867;
Natriumchlorid;8;06.12.2016 02:00;0,473778;
Natriumchlorid;3;06.12.2016 02:00;0,448749;
Natriumchlorid;9;06.12.2016 02:00;0,311601;
Natriumchlorid;2;06.12.2016 02:00;0,22954;
Natriumchlorid;7;06.12.2016 02:00;0,221923;
Natriumchlorid;1;06.12.2016 02:00;0,00878588;
Arsen;4;06.12.2016 02:00;1,74929;
Arsen;3;06.12.2016 02:00;1,45718;
Arsen;5;06.12.2016 02:00;1,09777;
Arsen;7;06.12.2016 02:00;0,394388;
Arsen;2;06.12.2016 02:00;0,377069;
Arsen;8;06.12.2016 02:00;0,211566;
Arsen;6;06.12.2016 02:00;0,130602;
Arsen;1;06.12.2016 02:00;0,0818914;
Arsen;9;06.12.2016 02:00;0,0664842;
Benzol;4;06.12.2016 02:00;1,61946;
Benzol;5;06.12.2016 02:00;0,809194;
Benzol;2;06.12.2016 02:00;0,629362;
Benzol;7;06.12.2016 02:00;0,515741;
Benzol;3;06.12.2016 02:00;0,459271;
Benzol;8;06.12.2016 02:00;0,324572;
Benzol;6;06.12.2016 02:00;0,222847;
Benzol;9;06.12.2016 02:00;0,138008;
Benzol;1;06.12.2016 02:00;0,0984107;
Anilin;6;06.12.2016 02:00;50,25036;
Anilin;4;06.12.2016 02:00;1,88256;
Anilin;9;06.12.2016 02:00;0,848634;
Anilin;5;06.12.2016 02:00;0,515819;
Anilin;2;06.12.2016 02:00;0,490433;
Anilin;3;06.12.2016 02:00;0,445118;
Anilin;1;06.12.2016 02:00;0,30245;
Anilin;8;06.12.2016 02:00;0,180696;
Anilin;7;06.12.2016 02:00;0,103196;
Natriumchlorid;4;06.12.2016 03:00;2,10968;
Natriumchlorid;3;06.12.2016 03:00;1,5156;
Natriumchlorid;8;06.12.2016 03:00;1,30254;
Natriumchlorid;9;06.12.2016 03:00;1,19651;
Natriumchlorid;5;06.12.2016 03:00;0,832116;
Natriumchlorid;7;06.12.2016 03:00;0,459147;
Natriumchlorid;6;06.12.2016 03:00;0,44819;
Natriumchlorid;1;06.12.2016 03:00;0,314377;
Natriumchlorid;2;06.12.2016 03:00;0,116969;
Arsen;4;06.12.2016 03:00;1,84591;
Arsen;2;06.12.2016 03:00;0,714653;
Arsen;7;06.12.2016 03:00;0,705477;
Arsen;3;06.12.2016 03:00;0,680358;
Arsen;5;06.12.2016 03:00;0,636416;
Arsen;6;06.12.2016 03:00;0,494761;
Arsen;1;06.12.2016 03:00;0,326446;
Arsen;8;06.12.2016 03:00;0,255862;
Arsen;9;06.12.2016 03:00;0,161235;
Benzol;4;06.12.2016 03:00;1,71168;
Benzol;6;06.12.2016 03:00;1,19442;
Benzol;9;06.12.2016 03:00;1,04494;
Benzol;3;06.12.2016 03:00;0,76292;
Benzol;8;06.12.2016 03:00;0,727381;
Benzol;2;06.12.2016 03:00;0,45192;
Benzol;5;06.12.2016 03:00;0,430961;
Benzol;1;06.12.2016 03:00;0,223932;
Benzol;7;06.12.2016 03:00;0,130898;
Anilin;4;06.12.2016 03:00;1,9481;
Anilin;3;06.12.2016 03:00;1,24132;
Anilin;2;06.12.2016 03:00;0,313088;
Anilin;1;06.12.2016 03:00;0,276791;
Anilin;6;06.12.2016 03:00;0,229279;
Anilin;5;06.12.2016 03:00;0,143427;
Anilin;7;06.12.2016 03:00;0,11621;
Anilin;9;06.12.2016 03:00;0,103449;
Anilin;8;06.12.2016 03:00;0,0701806;
Natriumchlorid;3;06.12.2016 04:00;2,54192;
Natriumchlorid;7;06.12.2016 04:00;2,41484;
Natriumchlorid;4;06.12.2016 04:00;1,97549;
Natriumchlorid;8;06.12.2016 04:00;1,00095;
Natriumchlorid;6;06.12.2016 04:00;0,547476;
Natriumchlorid;9;06.12.2016 04:00;0,456094;
Natriumchlorid;1;06.12.2016 04:00;0,359429;
Natriumchlorid;2;06.12.2016 04:00;0,0807205;
Natriumchlorid;5;06.12.2016 04:00;0,0543192;
Arsen;4;06.12.2016 04:00;1,75552;
Arsen;5;06.12.2016 04:00;1,33926;
Arsen;3;06.12.2016 04:00;1,31414;
Arsen;9;06.12.2016 04:00;1,13394;
Arsen;2;06.12.2016 04:00;0,384176;
Arsen;6;06.12.2016 04:00;0,247211;
Arsen;1;06.12.2016 04:00;0,145501;
Arsen;8;06.12.2016 04:00;0,114997;
Arsen;7;06.12.2016 04:00;0,0233009;
Benzol;6;06.12.2016 04:00;10,48365;
Benzol;4;06.12.2016 04:00;1,97612;
Benzol;3;06.12.2016 04:00;0,981838;
Benzol;1;06.12.2016 04:00;0,585731;
Benzol;7;06.12.2016 04:00;0,244239;
Benzol;2;06.12.2016 04:00;0,137709;
Benzol;5;06.12.2016 04:00;0,0917128;
Benzol;8;06.12.2016 04:00;0,0841188;
Benzol;9;06.12.2016 04:00;0,0109261;
Anilin;4;06.12.2016 04:00;1,69148;
Anilin;3;06.12.2016 04:00;0,81757;
Anilin;8;06.12.2016 04:00;0,649425;
Anilin;6;06.12.2016 04:00;0,171381;
Anilin;9;06.12.2016 04:00;0,123903;
Anilin;7;06.12.2016 04:00;0,111773;
Anilin;2;06.12.2016 04:00;0,0905573;
Anilin;1;06.12.2016 04:00;0,0202497;
Anilin;5;06.12.2016 04:00;0,0127213;
Natriumchlorid;4;06.12.2016 05:00;1,65973;
Natriumchlorid;2;06.12.2016 05:00;1,20893;
Natriumchlorid;8;06.12.2016 05:00;1,14474;
Natriumchlorid;3;06.12.2016 05:00;0,730811;
Natriumchlorid;9;06.12.2016 05:00;0,647919;
Natriumchlorid;6;06.12.2016 05:00;0,393627;
Natriumchlorid;1;06.12.2016 05:00;0,345157;
Natriumchlorid;5;06.12.2016 05:00;0,212466;
Natriumchlorid;7;06.12.2016 05:00;0,0465225;
Arsen;3;06.12.2016 05:00;2,67649;
Arsen;4;06.12.2016 05:00;1,76706;
Arsen;8;06.12.2016 05:00;1,18486;
Arsen;5;06.12.2016 05:00;0,934944;
Arsen;9;06.12.2016 05:00;0,389695;
Arsen;7;06.12.2016 05:00;0,381966;
Arsen;6;06.12.2016 05:00;0,312504;
Arsen;1;06.12.2016 05:00;0,27897;
Arsen;2;06.12.2016 05:00;0,133586;
Benzol;6;06.12.2016 05:00;3,43122;
Benzol;4;06.12.2016 05:00;2,1683;
Benzol;2;06.12.2016 05:00;0,911851;
Benzol;5;06.12.2016 05:00;0,730552;
Benzol;3;06.12.2016 05:00;0,57938;
Benzol;1;06.12.2016 05:00;0,339696;
Benzol;9;06.12.2016 05:00;0,304418;
Benzol;8;06.12.2016 05:00;0,209018;
Benzol;7;06.12.2016 05:00;0,198524;
Anilin;4;06.12.2016 05:00;1,99033;
Anilin;6;06.12.2016 05:00;0,744855;
Anilin;5;06.12.2016 05:00;0,607766;
Anilin;3;06.12.2016 05:00;0,434107;
Anilin;9;06.12.2016 05:00;0,411358;
Anilin;1;06.12.2016 05:00;0,279814;
Anilin;2;06.12.2016 05:00;0,277392;
Anilin;8;06.12.2016 05:00;0,120335;
Anilin;7;06.12.2016 05:00;0,00825042;
Natriumchlorid;7;06.12.2016 06:00;2,46145;
Natriumchlorid;4;06.12.2016 06:00;2,08652;
Natriumchlorid;3;06.12.2016 06:00;1,89452;
Natriumchlorid;8;06.12.2016 06:00;0,466383;
Natriumchlorid;9;06.12.2016 06:00;0,418497;
Natriumchlorid;6;06.12.2016 06:00;0,395678;
Natriumchlorid;5;06.12.2016 06:00;0,282116;
Natriumchlorid;2;06.12.2016 06:00;0,103494;
Natriumchlorid;1;06.12.2016 06:00;0,0984392;
Arsen;4;06.12.2016 06:00;1,95173;
Arsen;8;06.12.2016 06:00;1,02418;
Arsen;9;06.12.2016 06:00;1,0115;
Arsen;7;06.12.2016 06:00;0,610453;
Arsen;5;06.12.2016 06:00;0,492804;
Arsen;1;06.12.2016 06:00;0,464623;
Arsen;2;06.12.2016 06:00;0,30247;
Arsen;6;06.12.2016 06:00;0,274562;
Arsen;3;06.12.2016 06:00;0,138881;
Benzol;4;06.12.2016 06:00;1,85762;
Benzol;9;06.12.2016 06:00;0,81182;
Benzol;3;06.12.2016 06:00;0,479466;
Benzol;8;06.12.2016 06:00;0,414951;
Benzol;5;06.12.2016 06:00;0,364333;
Benzol;6;06.12.2016 06:00;0,28853;
Benzol;7;06.12.2016 06:00;0,156569;
Benzol;2;06.12.2016 06:00;0,0906524;
Benzol;1;06.12.2016 06:00;0,0262192;
Anilin;4;06.12.2016 06:00;1,91965;
Anilin;8;06.12.2016 06:00;1,31633;
Anilin;7;06.12.2016 06:00;0,645921;
Anilin;5;06.12.2016 06:00;0,415261;
Anilin;2;06.12.2016 06:00;0,283697;
Anilin;6;06.12.2016 06:00;0,279019;
Anilin;3;06.12.2016 06:00;0,21723;
Anilin;9;06.12.2016 06:00;0,168936;
Anilin;1;06.12.2016 06:00;0,106589;
Natriumchlorid;4;06.12.2016 07:00;2,24663;
Natriumchlorid;5;06.12.2016 07:00;0,959321;
Natriumchlorid;3;06.12.2016 07:00;0,797081;
Natriumchlorid;7;06.12.2016 07:00;0,631371;
Natriumchlorid;8;06.12.2016 07:00;0,500227;
Natriumchlorid;6;06.12.2016 07:00;0,344357;
Natriumchlorid;1;06.12.2016 07:00;0,322989;
Natriumchlorid;9;06.12.2016 07:00;0,232582;
Natriumchlorid;2;06.12.2016 07:00;0,158909;
Arsen;4;06.12.2016 07:00;1,84072;
Arsen;7;06.12.2016 07:00;1,13527;
Arsen;3;06.12.2016 07:00;0,850692;
Arsen;2;06.12.2016 07:00;0,64038;
Arsen;6;06.12.2016 07:00;0,467451;
Arsen;5;06.12.2016 07:00;0,393584;
Arsen;8;06.12.2016 07:00;0,195764;
Arsen;1;06.12.2016 07:00;0,139409;
Arsen;9;06.12.2016 07:00;0,0813586;
Benzol;3;06.12.2016 07:00;1,97661;
Benzol;4;06.12.2016 07:00;1,85673;
Benzol;5;06.12.2016 07:00;1,49235;
Benzol;7;06.12.2016 07:00;0,859476;
Benzol;2;06.12.2016 07:00;0,393124;
Benzol;6;06.12.2016 07:00;0,238439;
Benzol;1;06.12.2016 07:00;0,197835;
Benzol;9;06.12.2016 07:00;0,0432568;
Benzol;8;06.12.2016 07:00;0,0384331;
Anilin;4;06.12.2016 07:00;2,09798;
Anilin;5;06.12.2016 07:00;0,93223;
Anilin;7;06.12.2016 07:00;0,875252;
Anilin;6;06.12.2016 07:00;0,573759;
Anilin;2;06.12.2016 07:00;0,475344;
Anilin;9;06.12.2016 07:00;0,22206;
Anilin;3;06.12.2016 07:00;0,200838;
Anilin;8;06.12.2016 07:00;0,132093;
Anilin;1;06.12.2016 07:00;0,10853;
Natriumchlorid;4;06.12.2016 08:00;1,73782;
Natriumchlorid;5;06.12.2016 08:00;0,876293;
Natriumchlorid;3;06.12.2016 08:00;0,720672;
Natriumchlorid;6;06.12.2016 08:00;0,574541;
Natriumchlorid;1;06.12.2016 08:00;0,314864;
Natriumchlorid;7;06.12.2016 08:00;0,306966;
Natriumchlorid;8;06.12.2016 08:00;0,261041;
Natriumchlorid;2;06.12.2016 08:00;0,223499;
Natriumchlorid;9;06.12.2016 08:00;0,0768579;
Arsen;3;06.12.2016 08:00;2,33971;
Arsen;4;06.12.2016 08:00;1,62488;
Arsen;7;06.12.2016 08:00;0,599016;
Arsen;6;06.12.2016 08:00;0,43079;
Arsen;5;06.12.2016 08:00;0,24273;
Arsen;8;06.12.2016 08:00;0,179023;
Arsen;9;06.12.2016 08:00;0,139031;
Arsen;2;06.12.2016 08:00;0,115004;
Arsen;1;06.12.2016 08:00;0,0470671;
Benzol;4;06.12.2016 08:00;1,76811;
Benzol;2;06.12.2016 08:00;0,631874;
Benzol;9;06.12.2016 08:00;0,478238;
Benzol;8;06.12.2016 08:00;0,465204;
Benzol;3;06.12.2016 08:00;0,266229;
Benzol;5;06.12.2016 08:00;0,212683;
Benzol;6;06.12.2016 08:00;0,160612;
Benzol;1;06.12.2016 08:00;0,0296967;
Benzol;7;06.12.2016 08:00;0,00705778;
Anilin;4;06.12.2016 08:00;1,94591;
Anilin;3;06.12.2016 08:00;0,79806;
Anilin;5;06.12.2016 08:00;0,559418;
Anilin;8;06.12.2016 08:00;0,447155;
Anilin;2;06.12.2016 08:00;0,290246;
Anilin;1;06.12.2016 08:00;0,283523;
Anilin;6;06.12.2016 08:00;0,281308;
Anilin;9;06.12.2016 08:00;0,275014;
Anilin;7;06.12.2016 08:00;0,113878;
Natriumchlorid;4;06.12.2016 09:00;2,08525;
Natriumchlorid;3;06.12.2016 09:00;0,933061;
Natriumchlorid;8;06.12.2016 09:00;0,724014;
Natriumchlorid;5;06.12.2016 09:00;0,437556;
Natriumchlorid;9;06.12.2016 09:00;0,392529;
Natriumchlorid;1;06.12.2016 09:00;0,22592;
Natriumchlorid;7;06.12.2016 09:00;0,182558;
Natriumchlorid;6;06.12.2016 09:00;0,043851;
Natriumchlorid;2;06.12.2016 09:00;0,040896;
Arsen;7;06.12.2016 09:00;2,52332;
Arsen;4;06.12.2016 09:00;1,93243;
Arsen;5;06.12.2016 09:00;0,784416;
Arsen;9;06.12.2016 09:00;0,67733;
Arsen;3;06.12.2016 09:00;0,606095;
Arsen;6;06.12.2016 09:00;0,336455;
Arsen;2;06.12.2016 09:00;0,218841;
Arsen;1;06.12.2016 09:00;0,176915;
Arsen;8;06.12.2016 09:00;0,011653;
Benzol;3;06.12.2016 09:00;2,33093;
Benzol;4;06.12.2016 09:00;1,57696;
Benzol;7;06.12.2016 09:00;0,927264;
Benzol;6;06.12.2016 09:00;0,720696;
Benzol;5;06.12.2016 09:00;0,473561;
Benzol;1;06.12.2016 09:00;0,449994;
Benzol;2;06.12.2016 09:00;0,314407;
Benzol;9;06.12.2016 09:00;0,202593;
Benzol;8;06.12.2016 09:00;0,0378801;
Anilin;3;06.12.2016 09:00;3,69645;
Anilin;4;06.12.2016 09:00;2,12159;
Anilin;9;06.12.2016 09:00;1,41726;
Anilin;8;06.12.2016 09:00;0,768434;
Anilin;2;06.12.2016 09:00;0,758468;
Anilin;6;06.12.2016 09:00;0,473393;
Anilin;7;06.12.2016 09:00;0,458569;
Anilin;5;06.12.2016 09:00;0,170744;
Anilin;1;06.12.2016 09:00;0,141915;
Natriumchlorid;4;06.12.2016 10:00;2,09212;
Natriumchlorid;8;06.12.2016 10:00;1,59;
Natriumchlorid;9;06.12.2016 10:00;1,35041;
Natriumchlorid;7;06.12.2016 10:00;1,30629;
Natriumchlorid;5;06.12.2016 10:00;0,351177;
Natriumchlorid;6;06.12.2016 10:00;0,321096;
Natriumchlorid;3;06.12.2016 10:00;0,24485;
Natriumchlorid;2;06.12.2016 10:00;0,209624;
Natriumchlorid;1;06.12.2016 10:00;0,200482;
Arsen;4;06.12.2016 10:00;1,89849;
Arsen;3;06.12.2016 10:00;1,65457;
Arsen;9;06.12.2016 10:00;0,669197;
Arsen;2;06.12.2016 10:00;0,652043;
Arsen;7;06.12.2016 10:00;0,645921;
Arsen;1;06.12.2016 10:00;0,563321;
Arsen;6;06.12.2016 10:00;0,286055;
Arsen;8;06.12.2016 10:00;0,0662036;
Arsen;5;06.12.2016 10:00;0,0595581;
Benzol;4;06.12.2016 10:00;2,36497;
Benzol;8;06.12.2016 10:00;0,801398;
Benzol;2;06.12.2016 10:00;0,713366;
Benzol;5;06.12.2016 10:00;0,682422;
Benzol;7;06.12.2016 10:00;0,529421;
Benzol;9;06.12.2016 10:00;0,507034;
Benzol;1;06.12.2016 10:00;0,464147;
Benzol;6;06.12.2016 10:00;0,407843;
Benzol;3;06.12.2016 10:00;0,128934;
Anilin;4;06.12.2016 10:00;1,48147;
Anilin;3;06.12.2016 10:00;1,32932;
Anilin;5;06.12.2016 10:00;0,663663;
Anilin;6;06.12.2016 10:00;0,461729;
Anilin;7;06.12.2016 10:00;0,211757;
Anilin;8;06.12.2016 10:00;0,197087;
Anilin;9;06.12.2016 10:00;0,16797;
Anilin;1;06.12.2016 10:00;0,130301;
Anilin;2;06.12.2016 10:00;0,126471;
Natriumchlorid;4;06.12.2016 11:00;2,36294;
Natriumchlorid;9;06.12.2016 11:00;1,20687;
Natriumchlorid;3;06.12.2016 11:00;1,05472;
Natriumchlorid;5;06.12.2016 11:00;0,943255;
Natriumchlorid;8;06.12.2016 11:00;0,819954;
Natriumchlorid;7;06.12.2016 11:00;0,692888;
Natriumchlorid;6;06.12.2016 11:00;0,454674;
Natriumchlorid;2;06.12.2016 11:00;0,340032;
Natriumchlorid;1;06.12.2016 11:00;0,101266;
Arsen;4;06.12.2016 11:00;1,98998;
Arsen;7;06.12.2016 11:00;1,18915;
Arsen;3;06.12.2016 11:00;1,02901;
Arsen;8;06.12.2016 11:00;0,524485;
Arsen;9;06.12.2016 11:00;0,411126;
Arsen;6;06.12.2016 11:00;0,180689;
Arsen;5;06.12.2016 11:00;0,143467;
Arsen;2;06.12.2016 11:00;0,0971256;
Arsen;1;06.12.2016 11:00;0,024719;
Benzol;4;06.12.2016 11:00;1,50944;
Benzol;5;06.12.2016 11:00;1,27379;
Benzol;9;06.12.2016 11:00;0,926118;
Benzol;8;06.12.2016 11:00;0,925235;
Benzol;3;06.12.2016 11:00;0,698323;
Benzol;1;06.12.2016 11:00;0,419451;
Benzol;6;06.12.2016 11:00;0,344993;
Benzol;7;06.12.2016 11:00;0,242951;
Benzol;2;06.12.2016 11:00;0,215227;
Anilin;4;06.12.2016 11:00;1,98409;
Anilin;9;06.12.2016 11:00;1,02288;
Anilin;3;06.12.2016 11:00;0,65687;
Anilin;2;06.12.2016 11:00;0,524014;
Anilin;6;06.12.2016 11:00;0,495549;
Anilin;8;06.12.2016 11:00;0,211607;
Anilin;1;06.12.2016 11:00;0,197162;
Anilin;7;06.12.2016 11:00;0,0371423;
Anilin;5;06.12.2016 11:00;0,0047702;
Natriumchlorid;4;06.12.2016 12:00;1,87993;
Natriumchlorid;9;06.12.2016 12:00;1,23133;
Natriumchlorid;3;06.12.2016 12:00;0,656294;
Natriumchlorid;8;06.12.2016 12:00;0,593055;
Natriumchlorid;5;06.12.2016 12:00;0,374206;
Natriumchlorid;6;06.12.2016 12:00;0,344293;
Natriumchlorid;2;06.12.2016 12:00;0,328513;
Natriumchlorid;1;06.12.2016 12:00;0,14345;
Natriumchlorid;7;06.12.2016 12:00;0,0532554;
Arsen;4;06.12.2016 12:00;1,61103;
Arsen;6;06.12.2016 12:00;0,539052;
Arsen;3;06.12.2016 12:00;0,462655;
Arsen;2;06.12.2016 12:00;0,402147;
Arsen;5;06.12.2016 12:00;0,272752;
Arsen;1;06.12.2016 12:00;0,268375;
Arsen;9;06.12.2016 12:00;0,258591;
Arsen;8;06.12.2016 12:00;0,168453;
Arsen;7;06.12.2016 12:00;0,104755;
Benzol;4;06.12.2016 12:00;1,80192;
Benzol;5;06.12.2016 12:00;1,56346;
Benzol;8;06.12.2016 12:00;1,31888;
Benzol;9;06.12.2016 12:00;0,988286;
Benzol;6;06.12.2016 12:00;0,946483;
Benzol;7;06.12.2016 12:00;0,575892;
Benzol;1;06.12.2016 12:00;0,337652;
Benzol;2;06.12.2016 12:00;0,158447;
Benzol;3;06.12.2016 12:00;0,119083;
Anilin;3;06.12.2016 12:00;2,5639;
Anilin;4;06.12.2016 12:00;1,9335;
Anilin;7;06.12.2016 12:00;1,58744;
Anilin;8;06.12.2016 12:00;0,732714;
Anilin;2;06.12.2016 12:00;0,706743;
Anilin;5;06.12.2016 12:00;0,390824;
Anilin;6;06.12.2016 12:00;0,330407;
Anilin;9;06.12.2016 12:00;0,192148;
Anilin;1;06.12.2016 12:00;0,151747;
Natriumchlorid;4;06.12.2016 13:00;2,05069;
Natriumchlorid;9;06.12.2016 13:00;1,59973;
Natriumchlorid;8;06.12.2016 13:00;0,767313;
Natriumchlorid;7;06.12.2016 13:00;0,73554;
Natriumchlorid;3;06.12.2016 13:00;0,356975;
Natriumchlorid;5;06.12.2016 13:00;0,251205;
Natriumchlorid;6;06.12.2016 13:00;0,219814;
Natriumchlorid;2;06.12.2016 13:00;0,205921;
Natriumchlorid;1;06.12.2016 13:00;0,0160165;
Arsen;3;06.12.2016 13:00;3,05718;
Arsen;4;06.12.2016 13:00;1,65713;
Arsen;7;06.12.2016 13:00;0,81225;
Arsen;6;06.12.2016 13:00;0,662618;
Arsen;2;06.12.2016 13:00;0,621332;
Arsen;8;06.12.2016 13:00;0,5873;
Arsen;1;06.12.2016 13:00;0,453132;
Arsen;9;06.12.2016 13:00;0,212554;
Arsen;5;06.12.2016 13:00;0,137252;
Benzol;3;06.12.2016 13:00;2,12129;
Benzol;4;06.12.2016 13:00;1,62484;
Benzol;7;06.12.2016 13:00;1,62392;
Benzol;8;06.12.2016 13:00;1,38065;
Benzol;9;06.12.2016 13:00;0,735955;
Benzol;6;06.12.2016 13:00;0,618254;
Benzol;5;06.12.2016 13:00;0,189544;
Benzol;1;06.12.2016 13:00;0,18546;
Benzol;2;06.12.2016 13:00;0,0936686;
Anilin;4;06.12.2016 13:00;1,64213;
Anilin;8;06.12.2016 13:00;0,795218;
Anilin;9;06.12.2016 13:00;0,717603;
Anilin;3;06.12.2016 13:00;0,502977;
Anilin;5;06.12.2016 13:00;0,41368;
Anilin;7;06.12.2016 13:00;0,241592;
Anilin;2;06.12.2016 13:00;0,217064;
Anilin;1;06.12.2016 13:00;0,204797;
Anilin;6;06.12.2016 13:00;0,174326;
Natriumchlorid;3;06.12.2016 14:00;3,30168;
Natriumchlorid;4;06.12.2016 14:00;1,64332;
Natriumchlorid;6;06.12.2016 14:00;0,660066;
Natriumchlorid;2;06.12.2016 14:00;0,627515;
Natriumchlorid;5;06.12.2016 14:00;0,549862;
Natriumchlorid;9;06.12.2016 14:00;0,547572;
Natriumchlorid;1;06.12.2016 14:00;0,349977;
Natriumchlorid;8;06.12.2016 14:00;0,158224;
Natriumchlorid;7;06.12.2016 14:00;0,148364;
Arsen;4;06.12.2016 14:00;2,24864;
Arsen;9;06.12.2016 14:00;1,32794;
Arsen;2;06.12.2016 14:00;0,660548;
Arsen;3;06.12.2016 14:00;0,56906;
Arsen;7;06.12.2016 14:00;0,514198;
Arsen;6;06.12.2016 14:00;0,342796;
Arsen;1;06.12.2016 14:00;0,130829;
Arsen;8;06.12.2016 14:00;0,0652102;
Arsen;5;06.12.2016 14:00;0,0554831;
Benzol;4;06.12.2016 14:00;1,80154;
Benzol;5;06.12.2016 14:00;0,993288;
Benzol;3;06.12.2016 14:00;0,974346;
Benzol;8;06.12.2016 14:00;0,837119;
Benzol;6;06.12.2016 14:00;0,363235;
Benzol;7;06.12.2016 14:00;0,221093;
Benzol;1;06.12.2016 14:00;0,13856;
Benzol;9;06.12.2016 14:00;0,057273;
Benzol;2;06.12.2016 14:00;0,00615394;
Anilin;4;06.12.2016 14:00;1,85231;
Anilin;7;06.12.2016 14:00;0,960186;
Anilin;6;06.12.2016 14:00;0,454944;
Anilin;8;06.12.2016 14:00;0,341988;
Anilin;5;06.12.2016 14:00;0,306511;
Anilin;1;06.12.2016 14:00;0,281424;
Anilin;9;06.12.2016 14:00;0,275959;
Anilin;2;06.12.2016 14:00;0,144669;
Anilin;3;06.12.2016 14:00;0,117402;
Natriumchlorid;4;06.12.2016 15:00;1,81899;
Natriumchlorid;3;06.12.2016 15:00;1,13003;
Natriumchlorid;5;06.12.2016 15:00;1,11147;
Natriumchlorid;8;06.12.2016 15:00;0,947489;
Natriumchlorid;7;06.12.2016 15:00;0,351466;
Natriumchlorid;6;06.12.2016 15:00;0,314185;
Natriumchlorid;9;06.12.2016 15:00;0,312296;
Natriumchlorid;2;06.12.2016 15:00;0,14232;
Natriumchlorid;1;06.12.2016 15:00;0,0878861;
Arsen;4;06.12.2016 15:00;1,82626;
Arsen;3;06.12.2016 15:00;1,21278;
Arsen;7;06.12.2016 15:00;1,06857;
Arsen;8;06.12.2016 15:00;0,953962;
Arsen;2;06.12.2016 15:00;0,33819;
Arsen;6;06.12.2016 15:00;0,31811;
Arsen;9;06.12.2016 15:00;0,286339;
Arsen;5;06.12.2016 15:00;0,0950254;
Arsen;1;06.12.2016 15:00;0,0336211;
Benzol;4;06.12.2016 15:00;2,14049;
Benzol;8;06.12.2016 15:00;1,6184;
Benzol;5;06.12.2016 15:00;1,2651;
Benzol;1;06.12.2016 15:00;0,517959;
Benzol;6;06.12.2016 15:00;0,290259;
Benzol;3;06.12.2016 15:00;0,288996;
Benzol;9;06.12.2016 15:00;0,19991;
Benzol;2;06.12.2016 15:00;0,0149782;
Benzol;7;06.12.2016 15:00;0,0120009;
Anilin;4;06.12.2016 15:00;2,25378;
Anilin;8;06.12.2016 15:00;0,838344;
Anilin;2;06.12.2016 15:00;0,50796;
Anilin;5;06.12.2016 15:00;0,501195;
Anilin;6;06.12.2016 15:00;0,374557;
Anilin;7;06.12.2016 15:00;0,334877;
Anilin;9;06.12.2016 15:00;0,322501;
Anilin;3;06.12.2016 15:00;0,297826;
Anilin;1;06.12.2016 15:00;0,10152;
Natriumchlorid;4;06.12.2016 16:00;1,66898;
Natriumchlorid;3;06.12.2016 16:00;1,60742;
Natriumchlorid;2;06.12.2016 16:00;0,709417;
Natriumchlorid;5;06.12.2016 16:00;0,554623;
Natriumchlorid;6;06.12.2016 16:00;0,489318;
Natriumchlorid;9;06.12.2016 16:00;0,375966;
Natriumchlorid;1;06.12.2016 16:00;0,331703;
Natriumchlorid;8;06.12.2016 16:00;0,194508;
Natriumchlorid;7;06.12.2016 16:00;0,0326686;
Arsen;4;06.12.2016 16:00;2,08067;
Arsen;9;06.12.2016 16:00;0,622903;
Arsen;3;06.12.2016 16:00;0,465975;
Arsen;2;06.12.2016 16:00;0,402286;
Arsen;1;06.12.2016 16:00;0,390626;
Arsen;5;06.12.2016 16:00;0,273209;
Arsen;6;06.12.2016 16:00;0,259992;
Arsen;8;06.12.2016 16:00;0,174338;
Arsen;7;06.12.2016 16:00;0,171344;
Benzol;4;06.12.2016 16:00;1,97089;
Benzol;3;06.12.2016 16:00;1,05237;
Benzol;5;06.12.2016 16:00;0,675971;
Benzol;8;06.12.2016 16:00;0,622011;
Benzol;1;06.12.2016 16:00;0,516131;
Benzol;2;06.12.2016 16:00;0,477987;
Benzol;7;06.12.2016 16:00;0,384988;
Benzol;9;06.12.2016 16:00;0,382447;
Benzol;6;06.12.2016 16:00;0,314503;
Anilin;4;06.12.2016 16:00;1,9773;
Anilin;8;06.12.2016 16:00;1,17543;
Anilin;3;06.12.2016 16:00;1,03422;
Anilin;5;06.12.2016 16:00;0,870586;
Anilin;2;06.12.2016 16:00;0,776375;
Anilin;6;06.12.2016 16:00;0,451631;
Anilin;1;06.12.2016 16:00;0,36705;
Anilin;9;06.12.2016 16:00;0,336506;
Anilin;7;06.12.2016 16:00;0,192463;
Natriumchlorid;4;06.12.2016 17:00;1,69435;
Natriumchlorid;5;06.12.2016 17:00;0,822566;
Natriumchlorid;7;06.12.2016 17:00;0,717487;
Natriumchlorid;6;06.12.2016 17:00;0,582123;
Natriumchlorid;9;06.12.2016 17:00;0,421603;
Natriumchlorid;2;06.12.2016 17:00;0,344227;
Natriumchlorid;3;06.12.2016 17:00;0,0912665;
Natriumchlorid;8;06.12.2016 17:00;0,0675649;
Natriumchlorid;1;06.12.2016 17:00;0,0667731;
Arsen;4;06.12.2016 17:00;1,96685;
Arsen;8;06.12.2016 17:00;0,650467;
Arsen;5;06.12.2016 17:00;0,646695;
Arsen;6;06.12.2016 17:00;0,476973;
Arsen;7;06.12.2016 17:00;0,222306;
Arsen;9;06.12.2016 17:00;0,221049;
Arsen;3;06.12.2016 17:00;0,21578;
Arsen;1;06.12.2016 17:00;0,207047;
Arsen;2;06.12.2016 17:00;0,0947128;
Benzol;3;06.12.2016 17:00;3,27716;
Benzol;4;06.12.2016 17:00;2,24587;
Benzol;5;06.12.2016 17:00;1,60717;
Benzol;8;06.12.2016 17:00;0,530183;
Benzol;6;06.12.2016 17:00;0,448394;
Benzol;7;06.12.2016 17:00;0,205877;
Benzol;9;06.12.2016 17:00;0,161674;
Benzol;2;06.12.2016 17:00;0,149171;
Benzol;1;06.12.2016 17:00;0,0953288;
Anilin;4;06.12.2016 17:00;1,55192;
Anilin;5;06.12.2016 17:00;0,790721;
Anilin;9;06.12.2016 17:00;0,673341;
Anilin;2;06.12.2016 17:00;0,519432;
Anilin;8;06.12.2016 17:00;0,450701;
Anilin;3;06.12.2016 17:00;0,394116;
Anilin;6;06.12.2016 17:00;0,288423;
Anilin;1;06.12.2016 17:00;0,147087;
Anilin;7;06.12.2016 17:00;0,120249;
Natriumchlorid;4;06.12.2016 18:00;1,51869;
Natriumchlorid;3;06.12.2016 18:00;0,603665;
Natriumchlorid;6;06.12.2016 18:00;0,439179;
Natriumchlorid;1;06.12.2016 18:00;0,335143;
Natriumchlorid;2;06.12.2016 18:00;0,287084;
Natriumchlorid;7;06.12.2016 18:00;0,271546;
Natriumchlorid;8;06.12.2016 18:00;0,179243;
Natriumchlorid;5;06.12.2016 18:00;0,0413139;
Natriumchlorid;9;06.12.2016 18:00;0,0277201;
Arsen;4;06.12.2016 18:00;1,93592;
Arsen;9;06.12.2016 18:00;1,34876;
Arsen;3;06.12.2016 18:00;1,28404;
Arsen;7;06.12.2016 18:00;1,17391;
Arsen;8;06.12.2016 18:00;0,782506;
Arsen;5;06.12.2016 18:00;0,594451;
Arsen;2;06.12.2016 18:00;0,359331;
Arsen;6;06.12.2016 18:00;0,253085;
Arsen;1;06.12.2016 18:00;0,0676697;
Benzol;4;06.12.2016 18:00;1,78915;
Benzol;7;06.12.2016 18:00;1,55782;
Benzol;5;06.12.2016 18:00;0,709809;
Benzol;3;06.12.2016 18:00;0,632133;
Benzol;9;06.12.2016 18:00;0,459023;
Benzol;8;06.12.2016 18:00;0,371718;
Benzol;6;06.12.2016 18:00;0,313799;
Benzol;2;06.12.2016 18:00;0,117395;
Benzol;1;06.12.2016 18:00;0,0950537;
Anilin;4;06.12.2016 18:00;1,36955;
Anilin;9;06.12.2016 18:00;0,893321;
Anilin;5;06.12.2016 18:00;0,618527;
Anilin;8;06.12.2016 18:00;0,540422;
Anilin;6;06.12.2016 18:00;0,379593;
Anilin;3;06.12.2016 18:00;0,26408;
Anilin;7;06.12.2016 18:00;0,194029;
Anilin;1;06.12.2016 18:00;0,132109;
Anilin;2;06.12.2016 18:00;0,0369522;
Natriumchlorid;3;06.12.2016 19:00;2,22394;
Natriumchlorid;4;06.12.2016 19:00;1,47756;
Natriumchlorid;5;06.12.2016 19:00;1,00475;
Natriumchlorid;8;06.12.2016 19:00;0,917295;
Natriumchlorid;7;06.12.2016 19:00;0,795916;
Natriumchlorid;6;06.12.2016 19:00;0,361398;
Natriumchlorid;9;06.12.2016 19:00;0,188685;
Natriumchlorid;2;06.12.2016 19:00;0,0653469;
Natriumchlorid;1;06.12.2016 19:00;0,0439278;
Arsen;4;06.12.2016 19:00;2,01251;
Arsen;2;06.12.2016 19:00;1,5056;
Arsen;9;06.12.2016 19:00;0,839059;
Arsen;7;06.12.2016 19:00;0,606335;
Arsen;3;06.12.2016 19:00;0,528566;
Arsen;1;06.12.2016 19:00;0,249877;
Arsen;5;06.12.2016 19:00;0,159759;
Arsen;6;06.12.2016 19:00;0,13083;
Arsen;8;06.12.2016 19:00;0,115154;
Benzol;4;06.12.2016 19:00;1,79786;
Benzol;9;06.12.2016 19:00;1,38045;
Benzol;7;06.12.2016 19:00;1,22689;
Benzol;3;06.12.2016 19:00;0,539811;
Benzol;5;06.12.2016 19:00;0,403242;
Benzol;1;06.12.2016 19:00;0,251251;
Benzol;6;06.12.2016 19:00;0,202391;
Benzol;8;06.12.2016 19:00;0,119137;
Benzol;2;06.12.2016 19:00;0,0932684;
Anilin;4;06.12.2016 19:00;1,81437;
Anilin;7;06.12.2016 19:00;1,71057;
Anilin;2;06.12.2016 19:00;0,678776;
Anilin;8;06.12.2016 19:00;0,543061;
Anilin;9;06.12.2016 19:00;0,351383;
Anilin;3;06.12.2016 19:00;0,168649;
Anilin;6;06.12.2016 19:00;0,116804;
Anilin;1;06.12.2016 19:00;0,0494543;
Anilin;5;06.12.2016 19:00;0,0416961;
Natriumchlorid;4;06.12.2016 20:00;2,07436;
Natriumchlorid;3;06.12.2016 20:00;1,94547;
Natriumchlorid;8;06.12.2016 20:00;1,29453;
Natriumchlorid;5;06.12.2016 20:00;0,86002;
Natriumchlorid;6;06.12.2016 20:00;0,841138;
Natriumchlorid;1;06.12.2016 20:00;0,434055;
Natriumchlorid;2;06.12.2016 20:00;0,312253;
Natriumchlorid;7;06.12.2016 20:00;0,203789;
Natriumchlorid;9;06.12.2016 20:00;0,113387;
Arsen;3;06.12.2016 20:00;3,80517;
Arsen;4;06.12.2016 20:00;1,77766;
Arsen;7;06.12.2016 20:00;1,11878;
Arsen;6;06.12.2016 20:00;0,694193;
Arsen;2;06.12.2016 20:00;0,48912;
Arsen;8;06.12.2016 20:00;0,41878;
Arsen;5;06.12.2016 20:00;0,287016;
Arsen;1;06.12.2016 20:00;0,23096;
Arsen;9;06.12.2016 20:00;0,128849;
Benzol;4;06.12.2016 20:00;1,47259;
Benzol;3;06.12.2016 20:00;1,39098;
Benzol;5;06.12.2016 20:00;0,940722;
Benzol;7;06.12.2016 20:00;0,682564;
Benzol;2;06.12.2016 20:00;0,585562;
Benzol;6;06.12.2016 20:00;0,49035;
Benzol;9;06.12.2016 20:00;0,252276;
Benzol;1;06.12.2016 20:00;0,157243;
Benzol;8;06.12.2016 20:00;0,0677179;
Anilin;4;06.12.2016 20:00;1,91429;
Anilin;2;06.12.2016 20:00;0,841612;
Anilin;8;06.12.2016 20:00;0,750877;
Anilin;5;06.12.2016 20:00;0,52098;
Anilin;6;06.12.2016 20:00;0,404904;
Anilin;9;06.12.2016 20:00;0,400126;
Anilin;7;06.12.2016 20:00;0,257223;
Anilin;3;06.12.2016 20:00;0,159278;
Anilin;1;06.12.2016 20:00;0,00699977;
Natriumchlorid;4;06.12.2016 21:00;2,07107;
Natriumchlorid;7;06.12.2016 21:00;0,738767;
Natriumchlorid;5;06.12.2016 21:00;0,702945;
Natriumchlorid;6;06.12.2016 21:00;0,674253;
Natriumchlorid;3;06.12.2016 21:00;0,454742;
Natriumchlorid;8;06.12.2016 21:00;0,395186;
Natriumchlorid;2;06.12.2016 21:00;0,360623;
Natriumchlorid;9;06.12.2016 21:00;0,285593;
Natriumchlorid;1;06.12.2016 21:00;0,159541;
Arsen;4;06.12.2016 21:00;2,11262;
Arsen;3;06.12.2016 21:00;1,27499;
Arsen;2;06.12.2016 21:00;0,686891;
Arsen;9;06.12.2016 21:00;0,685841;
Arsen;8;06.12.2016 21:00;0,659465;
Arsen;7;06.12.2016 21:00;0,608146;
Arsen;5;06.12.2016 21:00;0,217283;
Arsen;6;06.12.2016 21:00;0,140396;
Arsen;1;06.12.2016 21:00;0,08985;
Benzol;4;06.12.2016 21:00;1,9624;
Benzol;3;06.12.2016 21:00;0,61774;
Benzol;8;06.12.2016 21:00;0,530506;
Benzol;2;06.12.2016 21:00;0,415435;
Benzol;1;06.12.2016 21:00;0,39077;
Benzol;6;06.12.2016 21:00;0,3803;
Benzol;5;06.12.2016 21:00;0,332338;
Benzol;7;06.12.2016 21:00;0,124533;
Benzol;9;06.12.2016 21:00;0,0207194;
Anilin;4;06.12.2016 21:00;1,83851;
Anilin;8;06.12.2016 21:00;1,33409;
Anilin;5;06.12.2016 21:00;0,788552;
Anilin;6;06.12.2016 21:00;0,590336;
Anilin;9;06.12.2016 21:00;0,467345;
Anilin;2;06.12.2016 21:00;0,248419;
Anilin;7;06.12.2016 21:00;0,192057;
Anilin;3;06.12.2016 21:00;0,106792;
Anilin;1;06.12.2016 21:00;0,0155266;
Natriumchlorid;4;06.12.2016 22:00;2,26103;
Natriumchlorid;3;06.12.2016 22:00;1,66891;
Natriumchlorid;5;06.12.2016 22:00;0,960833;
Natriumchlorid;8;06.12.2016 22:00;0,933015;
Natriumchlorid;9;06.12.2016 22:00;0,582988;
Natriumchlorid;2;06.12.2016 22:00;0,423012;
Natriumchlorid;1;06.12.2016 22:00;0,349411;
Natriumchlorid;7;06.12.2016 22:00;0,286028;
Natriumchlorid;6;06.12.2016 22:00;0,279001;
Arsen;4;06.12.2016 22:00;1,60955;
Arsen;2;06.12.2016 22:00;0,772685;
Arsen;3;06.12.2016 22:00;0,730476;
Arsen;5;06.12.2016 22:00;0,590859;
Arsen;8;06.12.2016 22:00;0,333089;
Arsen;1;06.12.2016 22:00;0,273589;
Arsen;7;06.12.2016 22:00;0,1303;
Arsen;6;06.12.2016 22:00;0,0390713;
Arsen;9;06.12.2016 22:00;0,0239855;
Benzol;7;06.12.2016 22:00;5,31699;
Benzol;4;06.12.2016 22:00;1,82853;
Benzol;5;06.12.2016 22:00;1,32051;
Benzol;2;06.12.2016 22:00;0,994083;
Benzol;3;06.12.2016 22:00;0,940184;
Benzol;6;06.12.2016 22:00;0,682681;
Benzol;9;06.12.2016 22:00;0,618677;
Benzol;8;06.12.2016 22:00;0,531668;
Benzol;1;06.12.2016 22:00;0,411416;
Anilin;4;06.12.2016 22:00;1,91955;
Anilin;7;06.12.2016 22:00;0,671785;
Anilin;2;06.12.2016 22:00;0,632094;
Anilin;9;06.12.2016 22:00;0,452824;
Anilin;1;06.12.2016 22:00;0,429474;
Anilin;5;06.12.2016 22:00;0,410687;
Anilin;8;06.12.2016 22:00;0,298225;
Anilin;6;06.12.2016 22:00;0,277011;
Anilin;3;06.12.2016 22:00;0,246805;
Natriumchlorid;7;06.12.2016 23:00;2,69987;
Natriumchlorid;4;06.12.2016 23:00;2,02985;
Natriumchlorid;5;06.12.2016 23:00;1,15397;
Natriumchlorid;1;06.12.2016 23:00;0,597042;
Natriumchlorid;8;06.12.2016 23:00;0,414982;
Natriumchlorid;9;06.12.2016 23:00;0,196948;
Natriumchlorid;3;06.12.2016 23:00;0,183759;
Natriumchlorid;6;06.12.2016 23:00;0,168235;
Natriumchlorid;2;06.12.2016 23:00;0,0658808;
Arsen;4;06.12.2016 23:00;2,09951;
Arsen;9;06.12.2016 23:00;1,27182;
Arsen;8;06.12.2016 23:00;0,90106;
Arsen;2;06.12.2016 23:00;0,821094;
Arsen;3;06.12.2016 23:00;0,721217;
Arsen;7;06.12.2016 23:00;0,704178;
Arsen;1;06.12.2016 23:00;0,109667;
Arsen;5;06.12.2016 23:00;0,0768825;
Arsen;6;06.12.2016 23:00;0,0628039;
Benzol;4;06.12.2016 23:00;1,69344;
Benzol;3;06.12.2016 23:00;0,98343;
Benzol;7;06.12.2016 23:00;0,803102;
Benzol;6;06.12.2016 23:00;0,559114;
Benzol;2;06.12.2016 23:00;0,521133;
Benzol;5;06.12.2016 23:00;0,454571;
Benzol;8;06.12.2016 23:00;0,23864;
Benzol;9;06.12.2016 23:00;0,147736;
Benzol;1;06.12.2016 23:00;0,147657;
Anilin;7;06.12.2016 23:00;21,24518;
Anilin;4;06.12.2016 23:00;2,01109;
Anilin;3;06.12.2016 23:00;1,00916;
Anilin;9;06.12.2016 23:00;0,761552;
Anilin;8;06.12.2016 23:00;0,657316;
Anilin;6;06.12.2016 23:00;0,477286;
Anilin;2;06.12.2016 23:00;0,192028;
Anilin;1;06.12.2016 23:00;0,0949173;
Anilin;5;06.12.2016 23:00;0,0311318;
Natriumchlorid;7;07.12.2016 00:00;3,74115;
Natriumchlorid;6;07.12.2016 00:00;3,54707;
Natriumchlorid;8;07.12.2016 00:00;2,50034;
Arsen;7;07.12.2016 00:00;3,30994;
Anilin;8;07.12.2016 00:00;21,41733;
Natriumchlorid;1;07.12.2016 01:00;3,16696;
Natriumchlorid;4;07.12.2016 01:00;1,67513;
Natriumchlorid;8;07.12.2016 01:00;0,763135;
Natriumchlorid;5;07.12.2016 01:00;0,711146;
Natriumchlorid;3;07.12.2016 01:00;0,385566;
Natriumchlorid;6;07.12.2016 01:00;0,314252;
Natriumchlorid;9;07.12.2016 01:00;0,146216;
Natriumchlorid;2;07.12.2016 01:00;0,141531;
Natriumchlorid;7;07.12.2016 01:00;0,117426;
Arsen;6;07.12.2016 01:00;7,92262;
Arsen;4;07.12.2016 01:00;1,83028;
Arsen;7;07.12.2016 01:00;0,815605;
Arsen;5;07.12.2016 01:00;0,763953;
Arsen;3;07.12.2016 01:00;0,554715;
Arsen;1;07.12.2016 01:00;0,337594;
Arsen;8;07.12.2016 01:00;0,306988;
Arsen;2;07.12.2016 01:00;0,143494;
Arsen;9;07.12.2016 01:00;0,0290114;
Benzol;2;07.12.2016 01:00;3,59151;
Benzol;4;07.12.2016 01:00;1,80363;
Benzol;9;07.12.2016 01:00;1,01185;
Benzol;8;07.12.2016 01:00;0,670901;
Benzol;3;07.12.2016 01:00;0,399566;
Benzol;7;07.12.2016 01:00;0,243974;
Benzol;5;07.12.2016 01:00;0,118339;
Benzol;1;07.12.2016 01:00;0,0962926;
Benzol;6;07.12.2016 01:00;0,047307;
Anilin;1;07.12.2016 01:00;31,80997;
Anilin;4;07.12.2016 01:00;1,96264;
Anilin;3;07.12.2016 01:00;1,84626;
Anilin;7;07.12.2016 01:00;0,402301;
Anilin;8;07.12.2016 01:00;0,33743;
Anilin;2;07.12.2016 01:00;0,324946;
Anilin;9;07.12.2016 01:00;0,21081;
Anilin;6;07.12.2016 01:00;0,192502;
Anilin;5;07.12.2016 01:00;0,040315;
Natriumchlorid;2;07.12.2016 02:00;3,27291;
Natriumchlorid;4;07.12.2016 02:00;2,88937;
Natriumchlorid;3;07.12.2016 02:00;0,906341;
Natriumchlorid;8;07.12.2016 02:00;0,468742;
Natriumchlorid;6;07.12.2016 02:00;0,461488;
Natriumchlorid;7;07.12.2016 02:00;0,445442;
Natriumchlorid;9;07.12.2016 02:00;0,415228;
Natriumchlorid;5;07.12.2016 02:00;0,154806;
Natriumchlorid;1;07.12.2016 02:00;0,00809343;
Arsen;5;07.12.2016 02:00;4,95427;
Arsen;4;07.12.2016 02:00;4,86055;
Arsen;2;07.12.2016 02:00;1,04658;
Arsen;7;07.12.2016 02:00;0,977633;
Arsen;9;07.12.2016 02:00;0,552797;
Arsen;3;07.12.2016 02:00;0,534056;
Arsen;6;07.12.2016 02:00;0,164114;
Arsen;8;07.12.2016 02:00;0,133983;
Arsen;1;07.12.2016 02:00;0,0916969;
Benzol;4;07.12.2016 02:00;1,68826;
Benzol;3;07.12.2016 02:00;1,59633;
Benzol;7;07.12.2016 02:00;0,926699;
Benzol;9;07.12.2016 02:00;0,768703;
Benzol;8;07.12.2016 02:00;0,762812;
Benzol;2;07.12.2016 02:00;0,451323;
Benzol;6;07.12.2016 02:00;0,361974;
Benzol;5;07.12.2016 02:00;0,359967;
Benzol;1;07.12.2016 02:00;0,075603;
Anilin;4;07.12.2016 02:00;1,87118;
Anilin;5;07.12.2016 02:00;0,792874;
Anilin;3;07.12.2016 02:00;0,548035;
Anilin;7;07.12.2016 02:00;0,496985;
Anilin;1;07.12.2016 02:00;0,460638;
Anilin;9;07.12.2016 02:00;0,315386;
Anilin;2;07.12.2016 02:00;0,199478;
Anilin;6;07.12.2016 02:00;0,17237;
Anilin;8;07.12.2016 02:00;0,0280573;
Natriumchlorid;4;07.12.2016 03:00;1,81058;
Natriumchlorid;2;07.12.2016 03:00;1,26194;
Natriumchlorid;8;07.12.2016 03:00;1,25155;
Natriumchlorid;5;07.12.2016 03:00;0,916266;
Natriumchlorid;3;07.12.2016 03:00;0,833188;
Natriumchlorid;6;07.12.2016 03:00;0,450556;
Natriumchlorid;1;07.12.2016 03:00;0,22005;
Natriumchlorid;9;07.12.2016 03:00;0,183438;
Natriumchlorid;7;07.12.2016 03:00;0,15518;
Arsen;4;07.12.2016 03:00;3,41229;
Arsen;3;07.12.2016 03:00;1,24587;
Arsen;6;07.12.2016 03:00;0,635213;
Arsen;8;07.12.2016 03:00;0,427975;
Arsen;2;07.12.2016 03:00;0,40455;
Arsen;7;07.12.2016 03:00;0,280723;
Arsen;5;07.12.2016 03:00;0,273701;
Arsen;9;07.12.2016 03:00;0,234191;
Arsen;1;07.12.2016 03:00;0,177331;
Benzol;4;07.12.2016 03:00;1,95526;
Benzol;3;07.12.2016 03:00;1,57839;
Benzol;9;07.12.2016 03:00;1,42454;
Benzol;2;07.12.2016 03:00;0,624387;
Benzol;8;07.12.2016 03:00;0,562183;
Benzol;5;07.12.2016 03:00;0,384296;
Benzol;7;07.12.2016 03:00;0,186259;
Benzol;6;07.12.2016 03:00;0,17188;
Benzol;1;07.12.2016 03:00;0,00723564;
Anilin;4;07.12.2016 03:00;2,05805;
Anilin;5;07.12.2016 03:00;0,98643;
Anilin;3;07.12.2016 03:00;0,822224;
Anilin;9;07.12.2016 03:00;0,737329;
Anilin;6;07.12.2016 03:00;0,503707;
Anilin;8;07.12.2016 03:00;0,48123;
Anilin;7;07.12.2016 03:00;0,470176;
Anilin;2;07.12.2016 03:00;0,128803;
Anilin;1;07.12.2016 03:00;0,00665825;
Natriumchlorid;3;07.12.2016 04:00;2,43861;
Natriumchlorid;4;07.12.2016 04:00;1,64156;
Natriumchlorid;6;07.12.2016 04:00;0,586073;
Natriumchlorid;1;07.12.2016 04:00;0,522087;
Natriumchlorid;5;07.12.2016 04:00;0,475535;
Natriumchlorid;8;07.12.2016 04:00;0,473716;
Natriumchlorid;7;07.12.2016 04:00;0,411846;
Natriumchlorid;2;07.12.2016 04:00;0,256969;
Natriumchlorid;9;07.12.2016 04:00;0,065146;
Arsen;4;07.12.2016 04:00;1,78038;
Arsen;7;07.12.2016 04:00;1,70286;
Arsen;8;07.12.2016 04:00;0,632511;
Arsen;9;07.12.2016 04:00;0,447217;
Arsen;3;07.12.2016 04:00;0,421839;
Arsen;2;07.12.2016 04:00;0,322708;
Arsen;1;07.12.2016 04:00;0,319789;
Arsen;5;07.12.2016 04:00;0,230669;
Arsen;6;07.12.2016 04:00;0,155686;
Benzol;4;07.12.2016 04:00;2,28359;
Benzol;3;07.12.2016 04:00;2,1471;
Benzol;2;07.12.2016 04:00;0,561752;
Benzol;5;07.12.2016 04:00;0,434379;
Benzol;7;07.12.2016 04:00;0,347374;
Benzol;1;07.12.2016 04:00;0,313657;
Benzol;6;07.12.2016 04:00;0,239855;
Benzol;9;07.12.2016 04:00;0,17788;
Benzol;8;07.12.2016 04:00;0,0316128;
Anilin;3;07.12.2016 04:00;21,63017;
Anilin;4;07.12.2016 04:00;2,29391;
Anilin;5;07.12.2016 04:00;0,774432;
Anilin;8;07.12.2016 04:00;0,728152;
Anilin;7;07.12.2016 04:00;0,629809;
Anilin;2;07.12.2016 04:00;0,588102;
Anilin;6;07.12.2016 04:00;0,479483;
Anilin;9;07.12.2016 04:00;0,207734;
Anilin;1;07.12.2016 04:00;0,050852;
Natriumchlorid;4;07.12.2016 05:00;2,10105;
Natriumchlorid;5;07.12.2016 05:00;2,0032;
Natriumchlorid;7;07.12.2016 05:00;0,975266;
Natriumchlorid;3;07.12.2016 05:00;0,940704;
Natriumchlorid;9;07.12.2016 05:00;0,702388;
Natriumchlorid;6;07.12.2016 05:00;0,504917;
Natriumchlorid;8;07.12.2016 05:00;0,307491;
Natriumchlorid;2;07.12.2016 05:00;0,215835;
Natriumchlorid;1;07.12.2016 05:00;0,126329;
Arsen;4;07.12.2016 05:00;1,96186;
Arsen;9;07.12.2016 05:00;0,779514;
Arsen;2;07.12.2016 05:00;0,66311;
Arsen;7;07.12.2016 05:00;0,62504;
Arsen;8;07.12.2016 05:00;0,262211;
Arsen;5;07.12.2016 05:00;0,219203;
Arsen;6;07.12.2016 05:00;0,159481;
Arsen;3;07.12.2016 05:00;0,155696;
Arsen;1;07.12.2016 05:00;0,0233473;
Benzol;4;07.12.2016 05:00;1,95955;
Benzol;2;07.12.2016 05:00;0,637174;
Benzol;6;07.12.2016 05:00;0,503235;
Benzol;3;07.12.2016 05:00;0,492344;
Benzol;9;07.12.2016 05:00;0,348967;
Benzol;8;07.12.2016 05:00;0,279516;
Benzol;7;07.12.2016 05:00;0,182602;
Benzol;5;07.12.2016 05:00;0,155243;
Benzol;1;07.12.2016 05:00;0,11601;
Anilin;3;07.12.2016 05:00;2,88729;
Anilin;4;07.12.2016 05:00;2,01503;
Anilin;5;07.12.2016 05:00;0,800451;
Anilin;8;07.12.2016 05:00;0,614181;
Anilin;6;07.12.2016 05:00;0,41566;
Anilin;1;07.12.2016 05:00;0,239772;
Anilin;7;07.12.2016 05:00;0,140085;
Anilin;2;07.12.2016 05:00;0,0338885;
Anilin;9;07.12.2016 05:00;0,012538;
Natriumchlorid;5;07.12.2016 06:00;2,14518;
Natriumchlorid;4;07.12.2016 06:00;1,85164;
Natriumchlorid;8;07.12.2016 06:00;0,588359;
Natriumchlorid;6;07.12.2016 06:00;0,452564;
Natriumchlorid;7;07.12.2016 06:00;0,367316;
Natriumchlorid;3;07.12.2016 06:00;0,195682;
Natriumchlorid;1;07.12.2016 06:00;0,159135;
Natriumchlorid;9;07.12.2016 06:00;0,0627914;
Natriumchlorid;2;07.12.2016 06:00;0,02319;
Arsen;4;07.12.2016 06:00;1,67505;
Arsen;3;07.12.2016 06:00;1,48041;
Arsen;5;07.12.2016 06:00;0,934558;
Arsen;8;07.12.2016 06:00;0,752858;
Arsen;7;07.12.2016 06:00;0,563335;
Arsen;2;07.12.2016 06:00;0,478299;
Arsen;9;07.12.2016 06:00;0,295706;
Arsen;6;07.12.2016 06:00;0,233621;
Arsen;1;07.12.2016 06:00;0,0921926;
Benzol;3;07.12.2016 06:00;2,1556;
Benzol;4;07.12.2016 06:00;2,09639;
Benzol;8;07.12.2016 06:00;1,08662;
Benzol;6;07.12.2016 06:00;0,594468;
Benzol;9;07.12.2016 06:00;0,415472;
Benzol;1;07.12.2016 06:00;0,306994;
Benzol;2;07.12.2016 06:00;0,250207;
Benzol;5;07.12.2016 06:00;0,183721;
Benzol;7;07.12.2016 06:00;0,145027;
Anilin;4;07.12.2016 06:00;2,08914;
Anilin;3;07.12.2016 06:00;1,56162;
Anilin;5;07.12.2016 06:00;0,758837;
Anilin;7;07.12.2016 06:00;0,623323;
Anilin;6;07.12.2016 06:00;0,408364;
Anilin;2;07.12.2016 06:00;0,335195;
Anilin;8;07.12.2016 06:00;0,294396;
Anilin;9;07.12.2016 06:00;0,144313;
Anilin;1;07.12.2016 06:00;0,0244716;
Natriumchlorid;5;07.12.2016 07:00;3,32927;
Natriumchlorid;4;07.12.2016 07:00;2,02473;
Natriumchlorid;7;07.12.2016 07:00;0,569221;
Natriumchlorid;6;07.12.2016 07:00;0,473557;
Natriumchlorid;3;07.12.2016 07:00;0,471662;
Natriumchlorid;8;07.12.2016 07:00;0,398424;
Natriumchlorid;1;07.12.2016 07:00;0,265172;
Natriumchlorid;9;07.12.2016 07:00;0,0649651;
Natriumchlorid;2;07.12.2016 07:00;0,0243343;
Arsen;3;07.12.2016 07:00;3,53684;
Arsen;4;07.12.2016 07:00;1,76486;
Arsen;9;07.12.2016 07:00;0,799989;
Arsen;2;07.12.2016 07:00;0,727854;
Arsen;7;07.12.2016 07:00;0,55262;
Arsen;6;07.12.2016 07:00;0,413144;
Arsen;1;07.12.2016 07:00;0,210289;
Arsen;8;07.12.2016 07:00;0,176059;
Arsen;5;07.12.2016 07:00;0,0709761;
Benzol;4;07.12.2016 07:00;2,15167;
Benzol;3;07.12.2016 07:00;0,588069;
Benzol;5;07.12.2016 07:00;0,26726;
Benzol;6;07.12.2016 07:00;0,259052;
Benzol;2;07.12.2016 07:00;0,212331;
Benzol;8;07.12.2016 07:00;0,209702;
Benzol;7;07.12.2016 07:00;0,202207;
Benzol;9;07.12.2016 07:00;0,161672;
Benzol;1;07.12.2016 07:00;0,152766;
Anilin;4;07.12.2016 07:00;1,72571;
Anilin;7;07.12.2016 07:00;1,09962;
Anilin;3;07.12.2016 07:00;0,549072;
Anilin;1;07.12.2016 07:00;0,547316;
Anilin;5;07.12.2016 07:00;0,520142;
Anilin;2;07.12.2016 07:00;0,479387;
Anilin;8;07.12.2016 07:00;0,398485;
Anilin;6;07.12.2016 07:00;0,0795805;
Anilin;9;07.12.2016 07:00;0,0400398;
Natriumchlorid;5;07.12.2016 08:00;2,08057;
Natriumchlorid;4;07.12.2016 08:00;1,97518;
Natriumchlorid;3;07.12.2016 08:00;0,9545;
Natriumchlorid;8;07.12.2016 08:00;0,769324;
Natriumchlorid;7;07.12.2016 08:00;0,639321;
Natriumchlorid;9;07.12.2016 08:00;0,583094;
Natriumchlorid;6;07.12.2016 08:00;0,152558;
Natriumchlorid;1;07.12.2016 08:00;0,0827228;
Natriumchlorid;2;07.12.2016 08:00;0,0306475;
Arsen;7;07.12.2016 08:00;2,0167;
Arsen;4;07.12.2016 08:00;1,9589;
Arsen;9;07.12.2016 08:00;0,752511;
Arsen;8;07.12.2016 08:00;0,634652;
Arsen;6;07.12.2016 08:00;0,616596;
Arsen;5;07.12.2016 08:00;0,421019;
Arsen;3;07.12.2016 08:00;0,23495;
Arsen;2;07.12.2016 08:00;0,18266;
Arsen;1;07.12.2016 08:00;0,00255538;
Benzol;7;07.12.2016 08:00;2,84229;
Benzol;4;07.12.2016 08:00;1,66993;
Benzol;9;07.12.2016 08:00;1,11517;
Benzol;5;07.12.2016 08:00;0,643743;
Benzol;8;07.12.2016 08:00;0,558205;
Benzol;3;07.12.2016 08:00;0,488368;
Benzol;1;07.12.2016 08:00;0,442518;
Benzol;2;07.12.2016 08:00;0,382396;
Benzol;6;07.12.2016 08:00;0,204942;
Anilin;4;07.12.2016 08:00;1,94732;
Anilin;3;07.12.2016 08:00;1,77643;
Anilin;9;07.12.2016 08:00;0,981269;
Anilin;8;07.12.2016 08:00;0,665537;
Anilin;2;07.12.2016 08:00;0,314407;
Anilin;5;07.12.2016 08:00;0,305018;
Anilin;7;07.12.2016 08:00;0,229601;
Anilin;6;07.12.2016 08:00;0,205802;
Anilin;1;07.12.2016 08:00;0,193167;
Natriumchlorid;5;07.12.2016 09:00;2,38812;
Natriumchlorid;4;07.12.2016 09:00;2,24291;
Natriumchlorid;3;07.12.2016 09:00;1,28269;
Natriumchlorid;8;07.12.2016 09:00;1,07733;
Natriumchlorid;9;07.12.2016 09:00;0,360689;
Natriumchlorid;7;07.12.2016 09:00;0,356238;
Natriumchlorid;1;07.12.2016 09:00;0,343153;
Natriumchlorid;2;07.12.2016 09:00;0,207574;
Natriumchlorid;6;07.12.2016 09:00;0,169696;
Arsen;4;07.12.2016 09:00;2,06048;
Arsen;8;07.12.2016 09:00;0,906265;
Arsen;5;07.12.2016 09:00;0,843173;
Arsen;3;07.12.2016 09:00;0,548617;
Arsen;7;07.12.2016 09:00;0,542475;
Arsen;6;07.12.2016 09:00;0,53711;
Arsen;1;07.12.2016 09:00;0,40118;
Arsen;9;07.12.2016 09:00;0,306748;
Arsen;2;07.12.2016 09:00;0,146059;
Benzol;4;07.12.2016 09:00;1,81912;
Benzol;3;07.12.2016 09:00;1,22868;
Benzol;8;07.12.2016 09:00;0,720627;
Benzol;1;07.12.2016 09:00;0,62711;
Benzol;5;07.12.2016 09:00;0,521947;
Benzol;2;07.12.2016 09:00;0,503223;
Benzol;6;07.12.2016 09:00;0,490113;
Benzol;7;07.12.2016 09:00;0,257146;
Benzol;9;07.12.2016 09:00;0,0766548;
Anilin;4;07.12.2016 09:00;1,94127;
Anilin;3;07.12.2016 09:00;1,13044;
Anilin;2;07.12.2016 09:00;0,398159;
Anilin;1;07.12.2016 09:00;0,247198;
Anilin;9;07.12.2016 09:00;0,156953;
Anilin;5;07.12.2016 09:00;0,152739;
Anilin;8;07.12.2016 09:00;0,0637262;
Anilin;7;07.12.2016 09:00;0,0297735;
Anilin;6;07.12.2016 09:00;0,00303712;
Natriumchlorid;3;07.12.2016 10:00;2,47695;
Natriumchlorid;4;07.12.2016 10:00;1,90259;
Natriumchlorid;5;07.12.2016 10:00;1,52384;
Natriumchlorid;2;07.12.2016 10:00;0,996514;
Natriumchlorid;9;07.12.2016 10:00;0,538981;
Natriumchlorid;7;07.12.2016 10:00;0,45152;
Natriumchlorid;6;07.12.2016 10:00;0,432106;
Natriumchlorid;8;07.12.2016 10:00;0,382354;
Natriumchlorid;1;07.12.2016 10:00;0,275771;
Arsen;3;07.12.2016 10:00;1,80162;
Arsen;4;07.12.2016 10:00;1,78701;
Arsen;5;07.12.2016 10:00;0,726789;
Arsen;6;07.12.2016 10:00;0,709732;
Arsen;9;07.12.2016 10:00;0,697753;
Arsen;7;07.12.2016 10:00;0,162367;
Arsen;1;07.12.2016 10:00;0,146707;
Arsen;8;07.12.2016 10:00;0,142307;
Arsen;2;07.12.2016 10:00;0,0133835;
Benzol;4;07.12.2016 10:00;1,83853;
Benzol;3;07.12.2016 10:00;1,13915;
Benzol;7;07.12.2016 10:00;0,915515;
Benzol;8;07.12.2016 10:00;0,348936;
Benzol;5;07.12.2016 10:00;0,303919;
Benzol;2;07.12.2016 10:00;0,117082;
Benzol;9;07.12.2016 10:00;0,114856;
Benzol;1;07.12.2016 10:00;0,0598551;
Benzol;6;07.12.2016 10:00;0,030365;
Anilin;4;07.12.2016 10:00;1,50383;
Anilin;8;07.12.2016 10:00;1,29231;
Anilin;5;07.12.2016 10:00;0,743864;
Anilin;3;07.12.2016 10:00;0,703455;
Anilin;6;07.12.2016 10:00;0,692132;
Anilin;2;07.12.2016 10:00;0,665955;
Anilin;7;07.12.2016 10:00;0,437555;
Anilin;1;07.12.2016 10:00;0,187638;
Anilin;9;07.12.2016 10:00;0,0473671;
Natriumchlorid;4;07.12.2016 11:00;1,6667;
Natriumchlorid;6;07.12.2016 11:00;0,514359;
Natriumchlorid;1;07.12.2016 11:00;0,391664;
Natriumchlorid;3;07.12.2016 11:00;0,24813;
Natriumchlorid;8;07.12.2016 11:00;0,169717;
Natriumchlorid;5;07.12.2016 11:00;0,146461;
Natriumchlorid;7;07.12.2016 11:00;0,122895;
Natriumchlorid;2;07.12.2016 11:00;0,0963998;
Natriumchlorid;9;07.12.2016 11:00;0,0714064;
Arsen;3;07.12.2016 11:00;2,30043;
Arsen;4;07.12.2016 11:00;2,08375;
Arsen;5;07.12.2016 11:00;1,26702;
Arsen;1;07.12.2016 11:00;0,548287;
Arsen;2;07.12.2016 11:00;0,487822;
Arsen;7;07.12.2016 11:00;0,366233;
Arsen;6;07.12.2016 11:00;0,363329;
Arsen;9;07.12.2016 11:00;0,339424;
Arsen;8;07.12.2016 11:00;0,0570038;
Benzol;4;07.12.2016 11:00;2,32287;
Benzol;3;07.12.2016 11:00;2,07848;
Benzol;9;07.12.2016 11:00;1,44333;
Benzol;8;07.12.2016 11:00;0,970984;
Benzol;7;07.12.2016 11:00;0,59051;
Benzol;5;07.12.2016 11:00;0,150452;
Benzol;1;07.12.2016 11:00;0,146707;
Benzol;6;07.12.2016 11:00;0,0922324;
Benzol;2;07.12.2016 11:00;0,00450048;
Anilin;3;07.12.2016 11:00;2,0519;
Anilin;4;07.12.2016 11:00;1,90291;
Anilin;9;07.12.2016 11:00;1,43945;
Anilin;1;07.12.2016 11:00;0,467964;
Anilin;8;07.12.2016 11:00;0,38707;
Anilin;2;07.12.2016 11:00;0,343714;
Anilin;6;07.12.2016 11:00;0,332532;
Anilin;7;07.12.2016 11:00;0,238077;
Anilin;5;07.12.2016 11:00;0,0185637;
Natriumchlorid;3;07.12.2016 12:00;1,5996;
Natriumchlorid;4;07.12.2016 12:00;1,57236;
Natriumchlorid;2;07.12.2016 12:00;0,838531;
Natriumchlorid;6;07.12.2016 12:00;0,55466;
Natriumchlorid;9;07.12.2016 12:00;0,289085;
Natriumchlorid;5;07.12.2016 12:00;0,272549;
Natriumchlorid;1;07.12.2016 12:00;0,225366;
Natriumchlorid;8;07.12.2016 12:00;0,194042;
Natriumchlorid;7;07.12.2016 12:00;0,179377;
Arsen;4;07.12.2016 12:00;1,69536;
Arsen;7;07.12.2016 12:00;1,36018;
Arsen;9;07.12.2016 12:00;0,631241;
Arsen;3;07.12.2016 12:00;0,545313;
Arsen;8;07.12.2016 12:00;0,502755;
Arsen;2;07.12.2016 12:00;0,272067;
Arsen;1;07.12.2016 12:00;0,259694;
Arsen;6;07.12.2016 12:00;0,209687;
Arsen;5;07.12.2016 12:00;0,197257;
Benzol;4;07.12.2016 12:00;2,15157;
Benzol;3;07.12.2016 12:00;0,705618;
Benzol;5;07.12.2016 12:00;0,593247;
Benzol;9;07.12.2016 12:00;0,583325;
Benzol;6;07.12.2016 12:00;0,542009;
Benzol;7;07.12.2016 12:00;0,279385;
Benzol;8;07.12.2016 12:00;0,277151;
Benzol;1;07.12.2016 12:00;0,104897;
Benzol;2;07.12.2016 12:00;0,0560252;
Anilin;3;07.12.2016 12:00;2,44014;
Anilin;4;07.12.2016 12:00;1,75514;
Anilin;9;07.12.2016 12:00;1,0752;
Anilin;8;07.12.2016 12:00;0,725887;
Anilin;5;07.12.2016 12:00;0,423357;
Anilin;2;07.12.2016 12:00;0,328184;
Anilin;6;07.12.2016 12:00;0,27924;
Anilin;1;07.12.2016 12:00;0,157556;
Anilin;7;07.12.2016 12:00;0,070559;
Natriumchlorid;5;07.12.2016 13:00;3,46735;
Natriumchlorid;4;07.12.2016 13:00;2,12501;
Natriumchlorid;3;07.12.2016 13:00;1,78896;
Natriumchlorid;7;07.12.2016 13:00;0,767529;
Natriumchlorid;6;07.12.2016 13:00;0,495875;
Natriumchlorid;2;07.12.2016 13:00;0,233837;
Natriumchlorid;1;07.12.2016 13:00;0,109022;
Natriumchlorid;8;07.12.2016 13:00;0,047096;
Natriumchlorid;9;07.12.2016 13:00;0,028055;
Arsen;3;07.12.2016 13:00;3,51338;
Arsen;4;07.12.2016 13:00;1,87833;
Arsen;8;07.12.2016 13:00;1,11897;
Arsen;7;07.12.2016 13:00;0,732918;
Arsen;6;07.12.2016 13:00;0,517344;
Arsen;5;07.12.2016 13:00;0,200295;
Arsen;2;07.12.2016 13:00;0,0965172;
Arsen;1;07.12.2016 13:00;0,0769812;
Arsen;9;07.12.2016 13:00;0,0679535;
Benzol;4;07.12.2016 13:00;1,83686;
Benzol;3;07.12.2016 13:00;0,831133;
Benzol;9;07.12.2016 13:00;0,821;
Benzol;6;07.12.2016 13:00;0,763083;
Benzol;8;07.12.2016 13:00;0,536815;
Benzol;7;07.12.2016 13:00;0,424684;
Benzol;1;07.12.2016 13:00;0,228871;
Benzol;2;07.12.2016 13:00;0,114204;
Benzol;5;07.12.2016 13:00;0,0336534;
Anilin;4;07.12.2016 13:00;1,94926;
Anilin;9;07.12.2016 13:00;0,83009;
Anilin;2;07.12.2016 13:00;0,737888;
Anilin;7;07.12.2016 13:00;0,613155;
Anilin;3;07.12.2016 13:00;0,462719;
Anilin;5;07.12.2016 13:00;0,375652;
Anilin;8;07.12.2016 13:00;0,374049;
Anilin;1;07.12.2016 13:00;0,352605;
Anilin;6;07.12.2016 13:00;0,205114;
Natriumchlorid;4;07.12.2016 14:00;5,06263;
Natriumchlorid;3;07.12.2016 14:00;2,98029;
Natriumchlorid;4;07.12.2016 14:00;2,21869;
Natriumchlorid;9;07.12.2016 14:00;0,786949;
Natriumchlorid;7;07.12.2016 14:00;0,703779;
Natriumchlorid;5;07.12.2016 14:00;0,480752;
Natriumchlorid;8;07.12.2016 14:00;0,294523;
Natriumchlorid;6;07.12.2016 14:00;0,282637;
Natriumchlorid;1;07.12.2016 14:00;0,248013;
Natriumchlorid;2;07.12.2016 14:00;0,208704;
Arsen;9;07.12.2016 14:00;2,22654;
Arsen;4;07.12.2016 14:00;1,95687;
Arsen;8;07.12.2016 14:00;0,767687;
Arsen;5;07.12.2016 14:00;0,612643;
Arsen;6;07.12.2016 14:00;0,552482;
Arsen;3;07.12.2016 14:00;0,540587;
Arsen;2;07.12.2016 14:00;0,32709;
Arsen;7;07.12.2016 14:00;0,298643;
Arsen;1;07.12.2016 14:00;0,277451;
Benzol;4;07.12.2016 14:00;3,98193;
Benzol;9;07.12.2016 14:00;1,83945;
Benzol;8;07.12.2016 14:00;0,954202;
Benzol;2;07.12.2016 14:00;0,848804;
Benzol;6;07.12.2016 14:00;0,311459;
Benzol;5;07.12.2016 14:00;0,145443;
Benzol;7;07.12.2016 14:00;0,14234;
Benzol;3;07.12.2016 14:00;0,12845;
Benzol;1;07.12.2016 14:00;0,0371789;
Anilin;3;07.12.2016 14:00;2,52573;
Anilin;7;07.12.2016 14:00;1,26616;
Anilin;5;07.12.2016 14:00;0,671454;
Anilin;1;07.12.2016 14:00;0,391664;
Anilin;9;07.12.2016 14:00;0,372094;
Anilin;6;07.12.2016 14:00;0,314201;
Anilin;2;07.12.2016 14:00;0,0538263;
Anilin;8;07.12.2016 14:00;0,0448778;
Natriumchlorid;4;07.12.2016 15:00;2,13291;
Natriumchlorid;3;07.12.2016 15:00;1,98261;
Natriumchlorid;9;07.12.2016 15:00;0,638462;
Natriumchlorid;5;07.12.2016 15:00;0,636611;
Natriumchlorid;6;07.12.2016 15:00;0,364821;
Natriumchlorid;2;07.12.2016 15:00;0,183701;
Natriumchlorid;7;07.12.2016 15:00;0,110076;
Natriumchlorid;1;07.12.2016 15:00;0,0955085;
Natriumchlorid;8;07.12.2016 15:00;0,0445604;
Arsen;4;07.12.2016 15:00;1,80963;
Arsen;7;07.12.2016 15:00;1,8015;
Arsen;9;07.12.2016 15:00;1,77977;
Arsen;5;07.12.2016 15:00;0,776525;
Arsen;8;07.12.2016 15:00;0,734274;
Arsen;3;07.12.2016 15:00;0,668371;
Arsen;2;07.12.2016 15:00;0,487494;
Arsen;1;07.12.2016 15:00;0,226292;
Arsen;6;07.12.2016 15:00;0,0188817;
Benzol;4;07.12.2016 15:00;5,14738;
Benzol;3;07.12.2016 15:00;0,758577;
Benzol;8;07.12.2016 15:00;0,405432;
Benzol;6;07.12.2016 15:00;0,355849;
Benzol;1;07.12.2016 15:00;0,280715;
Benzol;9;07.12.2016 15:00;0,257669;
Benzol;5;07.12.2016 15:00;0,0846944;
Benzol;7;07.12.2016 15:00;0,0676758;
Benzol;2;07.12.2016 15:00;0,0491652;
Anilin;4;07.12.2016 15:00;1,84867;
Anilin;3;07.12.2016 15:00;1,44446;
Anilin;9;07.12.2016 15:00;0,976578;
Anilin;6;07.12.2016 15:00;0,507931;
Anilin;1;07.12.2016 15:00;0,497992;
Anilin;2;07.12.2016 15:00;0,426954;
Anilin;5;07.12.2016 15:00;0,420814;
Anilin;7;07.12.2016 15:00;0,252358;
Anilin;8;07.12.2016 15:00;0,0246558;
Natriumchlorid;4;07.12.2016 16:00;1,73395;
Natriumchlorid;3;07.12.2016 16:00;0,959518;
Natriumchlorid;2;07.12.2016 16:00;0,486085;
Natriumchlorid;1;07.12.2016 16:00;0,356025;
Natriumchlorid;5;07.12.2016 16:00;0,209261;
Natriumchlorid;8;07.12.2016 16:00;0,191008;
Natriumchlorid;7;07.12.2016 16:00;0,173213;
Natriumchlorid;9;07.12.2016 16:00;0,0858756;
Natriumchlorid;6;07.12.2016 16:00;0,0613369;
Arsen;4;07.12.2016 16:00;1,89552;
Arsen;3;07.12.2016 16:00;0,911321;
Arsen;9;07.12.2016 16:00;0,758781;
Arsen;2;07.12.2016 16:00;0,743072;
Arsen;8;07.12.2016 16:00;0,244286;
Arsen;6;07.12.2016 16:00;0,238269;
Arsen;5;07.12.2016 16:00;0,165244;
Arsen;1;07.12.2016 16:00;0,138367;
Arsen;7;07.12.2016 16:00;0,117971;
Benzol;3;07.12.2016 16:00;2,20252;
Benzol;4;07.12.2016 16:00;1,96556;
Benzol;9;07.12.2016 16:00;0,934593;
Benzol;7;07.12.2016 16:00;0,440601;
Benzol;2;07.12.2016 16:00;0,32455;
Benzol;1;07.12.2016 16:00;0,253515;
Benzol;5;07.12.2016 16:00;0,228633;
Benzol;8;07.12.2016 16:00;0,195903;
Benzol;6;07.12.2016 16:00;0,195054;
Anilin;4;07.12.2016 16:00;1,84842;
Anilin;5;07.12.2016 16:00;1,48129;
Anilin;8;07.12.2016 16:00;1,31216;
Anilin;1;07.12.2016 16:00;0,720784;
Anilin;9;07.12.2016 16:00;0,608953;
Anilin;6;07.12.2016 16:00;0,425983;
Anilin;3;07.12.2016 16:00;0,367153;
Anilin;7;07.12.2016 16:00;0,195969;
Anilin;2;07.12.2016 16:00;0,0904618;
Natriumchlorid;3;07.12.2016 17:00;2,20215;
Natriumchlorid;4;07.12.2016 17:00;1,89396;
Natriumchlorid;9;07.12.2016 17:00;0,967382;
Natriumchlorid;5;07.12.2016 17:00;0,523713;
Natriumchlorid;6;07.12.2016 17:00;0,429041;
Natriumchlorid;1;07.12.2016 17:00;0,342245;
Natriumchlorid;7;07.12.2016 17:00;0,290062;
Natriumchlorid;8;07.12.2016 17:00;0,0906799;
Natriumchlorid;2;07.12.2016 17:00;0,0216008;
Arsen;4;07.12.2016 17:00;1,99759;
Arsen;3;07.12.2016 17:00;0,952929;
Arsen;6;07.12.2016 17:00;0,541792;
Arsen;1;07.12.2016 17:00;0,318619;
Arsen;8;07.12.2016 17:00;0,292811;
Arsen;9;07.12.2016 17:00;0,226204;
Arsen;5;07.12.2016 17:00;0,171708;
Arsen;2;07.12.2016 17:00;0,161892;
Arsen;7;07.12.2016 17:00;0,0423817;
Benzol;4;07.12.2016 17:00;1,72269;
Benzol;5;07.12.2016 17:00;0,565678;
Benzol;8;07.12.2016 17:00;0,526704;
Benzol;9;07.12.2016 17:00;0,440624;
Benzol;2;07.12.2016 17:00;0,413848;
Benzol;6;07.12.2016 17:00;0,399533;
Benzol;3;07.12.2016 17:00;0,242391;
Benzol;1;07.12.2016 17:00;0,124689;
Benzol;7;07.12.2016 17:00;0,115881;
Anilin;4;07.12.2016 17:00;1,83973;
Anilin;9;07.12.2016 17:00;0,946171;
Anilin;3;07.12.2016 17:00;0,79757;
Anilin;5;07.12.2016 17:00;0,708124;
Anilin;6;07.12.2016 17:00;0,509563;
Anilin;2;07.12.2016 17:00;0,229199;
Anilin;1;07.12.2016 17:00;0,214018;
Anilin;7;07.12.2016 17:00;0,14677;
Anilin;8;07.12.2016 17:00;0,108248;
Natriumchlorid;3;07.12.2016 18:00;2,60665;
Natriumchlorid;4;07.12.2016 18:00;1,76171;
Natriumchlorid;5;07.12.2016 18:00;1,35449;
Natriumchlorid;7;07.12.2016 18:00;0,927943;
Natriumchlorid;6;07.12.2016 18:00;0,669095;
Natriumchlorid;9;07.12.2016 18:00;0,458;
Natriumchlorid;8;07.12.2016 18:00;0,276927;
Natriumchlorid;2;07.12.2016 18:00;0,254189;
Natriumchlorid;1;07.12.2016 18:00;0,189385;
Arsen;3;07.12.2016 18:00;2,58069;
Arsen;4;07.12.2016 18:00;1,75138;
Arsen;2;07.12.2016 18:00;1,21725;
Arsen;9;07.12.2016 18:00;1,21292;
Arsen;7;07.12.2016 18:00;0,755495;
Arsen;5;07.12.2016 18:00;0,704761;
Arsen;1;07.12.2016 18:00;0,304198;
Arsen;8;07.12.2016 18:00;0,166437;
Arsen;6;07.12.2016 18:00;0,0631584;
Benzol;4;07.12.2016 18:00;1,81392;
Benzol;5;07.12.2016 18:00;1,46646;
Benzol;3;07.12.2016 18:00;1,14816;
Benzol;9;07.12.2016 18:00;0,562611;
Benzol;7;07.12.2016 18:00;0,476843;
Benzol;6;07.12.2016 18:00;0,399273;
Benzol;1;07.12.2016 18:00;0,389544;
Benzol;2;07.12.2016 18:00;0,270575;
Benzol;8;07.12.2016 18:00;0,182685;
Anilin;4;07.12.2016 18:00;1,48009;
Anilin;8;07.12.2016 18:00;0,852856;
Anilin;2;07.12.2016 18:00;0,638958;
Anilin;5;07.12.2016 18:00;0,552899;
Anilin;3;07.12.2016 18:00;0,514191;
Anilin;6;07.12.2016 18:00;0,371917;
Anilin;1;07.12.2016 18:00;0,224749;
Anilin;7;07.12.2016 18:00;0,201861;
Anilin;9;07.12.2016 18:00;0,194377;
Natriumchlorid;4;07.12.2016 19:00;2,25097;
Natriumchlorid;5;07.12.2016 19:00;1,09895;
Natriumchlorid;6;07.12.2016 19:00;0,43192;
Natriumchlorid;3;07.12.2016 19:00;0,403116;
Natriumchlorid;8;07.12.2016 19:00;0,385018;
Natriumchlorid;7;07.12.2016 19:00;0,112097;
Natriumchlorid;9;07.12.2016 19:00;0,0989827;
Natriumchlorid;1;07.12.2016 19:00;0,0313459;
Natriumchlorid;2;07.12.2016 19:00;0,0278175;
Arsen;4;07.12.2016 19:00;1,98825;
Arsen;3;07.12.2016 19:00;0,891611;
Arsen;9;07.12.2016 19:00;0,871243;
Arsen;8;07.12.2016 19:00;0,388417;
Arsen;6;07.12.2016 19:00;0,281308;
Arsen;2;07.12.2016 19:00;0,22819;
Arsen;1;07.12.2016 19:00;0,195601;
Arsen;7;07.12.2016 19:00;0,107587;
Arsen;5;07.12.2016 19:00;0,0506364;
Benzol;4;07.12.2016 19:00;2,1099;
Benzol;5;07.12.2016 19:00;1,89226;
Benzol;7;07.12.2016 19:00;1,69669;
Benzol;3;07.12.2016 19:00;1,6025;
Benzol;8;07.12.2016 19:00;0,715338;
Benzol;6;07.12.2016 19:00;0,45488;
Benzol;1;07.12.2016 19:00;0,310239;
Benzol;2;07.12.2016 19:00;0,245123;
Benzol;9;07.12.2016 19:00;0,0341675;
Anilin;4;07.12.2016 19:00;1,6326;
Anilin;8;07.12.2016 19:00;1,06801;
Anilin;2;07.12.2016 19:00;0,883567;
Anilin;3;07.12.2016 19:00;0,748057;
Anilin;5;07.12.2016 19:00;0,558072;
Anilin;6;07.12.2016 19:00;0,477847;
Anilin;9;07.12.2016 19:00;0,448799;
Anilin;1;07.12.2016 19:00;0,378288;
Anilin;7;07.12.2016 19:00;0,205887;
Natriumchlorid;3;07.12.2016 20:00;4,51064;
Natriumchlorid;9;07.12.2016 20:00;4,04499;
Natriumchlorid;4;07.12.2016 20:00;1,82285;
Natriumchlorid;5;07.12.2016 20:00;1,25921;
Natriumchlorid;8;07.12.2016 20:00;0,816308;
Natriumchlorid;7;07.12.2016 20:00;0,775263;
Natriumchlorid;2;07.12.2016 20:00;0,436655;
Natriumchlorid;6;07.12.2016 20:00;0,427326;
Natriumchlorid;1;07.12.2016 20:00;0,232478;
Arsen;3;07.12.2016 20:00;2,10752;
Arsen;4;07.12.2016 20:00;1,71172;
Arsen;8;07.12.2016 20:00;0,651063;
Arsen;6;07.12.2016 20:00;0,570457;
Arsen;2;07.12.2016 20:00;0,48524;
Arsen;5;07.12.2016 20:00;0,458397;
Arsen;9;07.12.2016 20:00;0,44814;
Arsen;7;07.12.2016 20:00;0,37334;
Arsen;1;07.12.2016 20:00;0,25152;
Benzol;4;07.12.2016 20:00;2,10604;
Benzol;7;07.12.2016 20:00;1,28505;
Benzol;5;07.12.2016 20:00;0,731342;
Benzol;6;07.12.2016 20:00;0,408471;
Benzol;8;07.12.2016 20:00;0,391416;
Benzol;2;07.12.2016 20:00;0,305584;
Benzol;1;07.12.2016 20:00;0,290927;
Benzol;3;07.12.2016 20:00;0,244031;
Benzol;9;07.12.2016 20:00;0,134464;
Anilin;7;07.12.2016 20:00;2,08058;
Anilin;4;07.12.2016 20:00;1,5496;
Anilin;2;07.12.2016 20:00;0,50382;
Anilin;6;07.12.2016 20:00;0,400635;
Anilin;3;07.12.2016 20:00;0,283634;
Anilin;8;07.12.2016 20:00;0,225316;
Anilin;5;07.12.2016 20:00;0,147839;
Anilin;9;07.12.2016 20:00;0,116354;
Anilin;1;07.12.2016 20:00;0,0564708;
Natriumchlorid;5;07.12.2016 21:00;6,63513;
Natriumchlorid;3;07.12.2016 21:00;3,61688;
Natriumchlorid;4;07.12.2016 21:00;1,82446;
Natriumchlorid;2;07.12.2016 21:00;0,869623;
Natriumchlorid;5;07.12.2016 21:00;0,579534;
Natriumchlorid;9;07.12.2016 21:00;0,560135;
Natriumchlorid;8;07.12.2016 21:00;0,436875;
Natriumchlorid;7;07.12.2016 21:00;0,32193;
Natriumchlorid;1;07.12.2016 21:00;0,30163;
Natriumchlorid;6;07.12.2016 21:00;0,195622;
Arsen;4;07.12.2016 21:00;1,97021;
Arsen;3;07.12.2016 21:00;1,56357;
Arsen;7;07.12.2016 21:00;1,23816;
Arsen;6;07.12.2016 21:00;0,694102;
Arsen;8;07.12.2016 21:00;0,502539;
Arsen;1;07.12.2016 21:00;0,50005;
Arsen;2;07.12.2016 21:00;0,180883;
Arsen;9;07.12.2016 21:00;0,158267;
Arsen;5;07.12.2016 21:00;0,14675;
Benzol;5;07.12.2016 21:00;4,22936;
Benzol;4;07.12.2016 21:00;2,2543;
Benzol;3;07.12.2016 21:00;2,09093;
Benzol;8;07.12.2016 21:00;0,768247;
Benzol;7;07.12.2016 21:00;0,475368;
Benzol;1;07.12.2016 21:00;0,347376;
Benzol;6;07.12.2016 21:00;0,271154;
Benzol;9;07.12.2016 21:00;0,124596;
Benzol;2;07.12.2016 21:00;0,0278534;
Anilin;4;07.12.2016 21:00;1,85632;
Anilin;1;07.12.2016 21:00;0,497946;
Anilin;3;07.12.2016 21:00;0,462017;
Anilin;6;07.12.2016 21:00;0,25184;
Anilin;7;07.12.2016 21:00;0,250096;
Anilin;2;07.12.2016 21:00;0,225215;
Anilin;8;07.12.2016 21:00;0,196739;
Anilin;9;07.12.2016 21:00;0,0513638;
Natriumchlorid;3;07.12.2016 22:00;2,027;
Natriumchlorid;4;07.12.2016 22:00;1,85268;
Natriumchlorid;5;07.12.2016 22:00;1,01453;
Natriumchlorid;7;07.12.2016 22:00;0,812647;
Natriumchlorid;2;07.12.2016 22:00;0,73035;
Natriumchlorid;9;07.12.2016 22:00;0,662743;
Natriumchlorid;1;07.12.2016 22:00;0,515918;
Natriumchlorid;8;07.12.2016 22:00;0,447433;
Natriumchlorid;6;07.12.2016 22:00;0,176767;
Arsen;4;07.12.2016 22:00;1,4279;
Arsen;8;07.12.2016 22:00;1,04217;
Arsen;9;07.12.2016 22:00;0,652429;
Arsen;3;07.12.2016 22:00;0,649757;
Arsen;5;07.12.2016 22:00;0,610347;
Arsen;2;07.12.2016 22:00;0,499024;
Arsen;6;07.12.2016 22:00;0,351275;
Arsen;1;07.12.2016 22:00;0,139393;
Arsen;7;07.12.2016 22:00;0,0977071;
Benzol;4;07.12.2016 22:00;1,61535;
Benzol;3;07.12.2016 22:00;0,997286;
Benzol;5;07.12.2016 22:00;0,803283;
Benzol;6;07.12.2016 22:00;0,659568;
Benzol;2;07.12.2016 22:00;0,368649;
Benzol;7;07.12.2016 22:00;0,241951;
Benzol;8;07.12.2016 22:00;0,143662;
Benzol;9;07.12.2016 22:00;0,0769358;
Benzol;1;07.12.2016 22:00;0,06786;
Anilin;4;07.12.2016 22:00;2,13724;
Anilin;9;07.12.2016 22:00;0,702563;
Anilin;3;07.12.2016 22:00;0,603534;
Anilin;8;07.12.2016 22:00;0,545641;
Anilin;1;07.12.2016 22:00;0,346374;
Anilin;6;07.12.2016 22:00;0,234657;
Anilin;5;07.12.2016 22:00;0,227657;
Anilin;7;07.12.2016 22:00;0,181646;
Anilin;2;07.12.2016 22:00;0,16432;
Natriumchlorid;4;07.12.2016 23:00;1,50673;
Natriumchlorid;5;07.12.2016 23:00;1,26434;
Natriumchlorid;9;07.12.2016 23:00;1,23293;
Natriumchlorid;3;07.12.2016 23:00;1,10714;
Natriumchlorid;8;07.12.2016 23:00;0,342042;
Natriumchlorid;7;07.12.2016 23:00;0,335764;
Natriumchlorid;6;07.12.2016 23:00;0,220708;
Natriumchlorid;1;07.12.2016 23:00;0,0558765;
Natriumchlorid;2;07.12.2016 23:00;0,0435806;
Arsen;4;07.12.2016 23:00;1,9879;
Arsen;8;07.12.2016 23:00;1,01936;
Arsen;7;07.12.2016 23:00;0,709538;
Arsen;5;07.12.2016 23:00;0,268351;
Arsen;6;07.12.2016 23:00;0,262173;
Arsen;3;07.12.2016 23:00;0,143832;
Arsen;2;07.12.2016 23:00;0,111927;
Arsen;1;07.12.2016 23:00;0,0821425;
Arsen;9;07.12.2016 23:00;0,0421298;
Benzol;4;07.12.2016 23:00;2,05848;
Benzol;7;07.12.2016 23:00;1,30609;
Benzol;3;07.12.2016 23:00;0,682977;
Benzol;6;07.12.2016 23:00;0,441865;
Benzol;8;07.12.2016 23:00;0,203135;
Benzol;1;07.12.2016 23:00;0,197575;
Benzol;2;07.12.2016 23:00;0,105604;
Benzol;9;07.12.2016 23:00;0,0547313;
Benzol;5;07.12.2016 23:00;0,0201639;
Anilin;9;07.12.2016 23:00;10,6469;
Anilin;4;07.12.2016 23:00;2,29359;
Anilin;3;07.12.2016 23:00;1,01062;
Anilin;6;07.12.2016 23:00;0,701186;
Anilin;2;07.12.2016 23:00;0,645669;
Anilin;7;07.12.2016 23:00;0,483754;
Anilin;5;07.12.2016 23:00;0,483336;
Anilin;1;07.12.2016 23:00;0,403734;
Anilin;8;07.12.2016 23:00;0,303305;
Natriumchlorid;9;08.12.2016 00:00;2,54976;
Natriumchlorid;4;08.12.2016 00:00;1,74216;
Natriumchlorid;3;08.12.2016 00:00;1,08286;
Natriumchlorid;6;08.12.2016 00:00;0,415875;
Natriumchlorid;7;08.12.2016 00:00;0,403956;
Natriumchlorid;8;08.12.2016 00:00;0,394524;
Natriumchlorid;2;08.12.2016 00:00;0,335518;
Natriumchlorid;5;08.12.2016 00:00;0,271681;
Natriumchlorid;1;08.12.2016 00:00;0,0177846;
Arsen;4;08.12.2016 00:00;1,79953;
Arsen;7;08.12.2016 00:00;1,30052;
Arsen;9;08.12.2016 00:00;1,29309;
Arsen;1;08.12.2016 00:00;0,559716;
Arsen;5;08.12.2016 00:00;0,554376;
Arsen;3;08.12.2016 00:00;0,498977;
Arsen;2;08.12.2016 00:00;0,416146;
Arsen;8;08.12.2016 00:00;0,28795;
Arsen;6;08.12.2016 00:00;0,0906226;
Benzol;4;08.12.2016 00:00;1,8431;
Benzol;8;08.12.2016 00:00;0,652592;
Benzol;7;08.12.2016 00:00;0,521202;
Benzol;3;08.12.2016 00:00;0,481963;
Benzol;1;08.12.2016 00:00;0,453031;
Benzol;6;08.12.2016 00:00;0,217785;
Benzol;9;08.12.2016 00:00;0,202492;
Benzol;2;08.12.2016 00:00;0,150594;
Benzol;5;08.12.2016 00:00;0,128429;
Anilin;9;08.12.2016 00:00;21,4457;
Anilin;3;08.12.2016 00:00;2,42407;
Anilin;4;08.12.2016 00:00;1,72769;
Anilin;5;08.12.2016 00:00;1,17221;
Anilin;8;08.12.2016 00:00;0,417799;
Anilin;1;08.12.2016 00:00;0,375101;
Anilin;2;08.12.2016 00:00;0,315013;
Anilin;7;08.12.2016 00:00;0,300114;
Anilin;6;08.12.2016 00:00;0,209182;
Natriumchlorid;4;08.12.2016 01:00;2,04472;
Natriumchlorid;8;08.12.2016 01:00;0,660939;
Natriumchlorid;3;08.12.2016 01:00;0,636162;
Natriumchlorid;9;08.12.2016 01:00;0,451607;
Natriumchlorid;1;08.12.2016 01:00;0,347155;
Natriumchlorid;7;08.12.2016 01:00;0,291801;
Natriumchlorid;2;08.12.2016 01:00;0,26034;
Natriumchlorid;6;08.12.2016 01:00;0,254046;
Natriumchlorid;5;08.12.2016 01:00;0,186502;
Arsen;3;08.12.2016 01:00;3,91845;
Arsen;4;08.12.2016 01:00;1,72068;
Arsen;7;08.12.2016 01:00;1,05405;
Arsen;9;08.12.2016 01:00;0,833366;
Arsen;5;08.12.2016 01:00;0,702735;
Arsen;8;08.12.2016 01:00;0,681621;
Arsen;2;08.12.2016 01:00;0,534759;
Arsen;1;08.12.2016 01:00;0,372402;
Arsen;6;08.12.2016 01:00;0,247906;
Benzol;4;08.12.2016 01:00;2,01678;
Benzol;3;08.12.2016 01:00;1,96456;
Benzol;5;08.12.2016 01:00;1,51401;
Benzol;9;08.12.2016 01:00;1,17768;
Benzol;8;08.12.2016 01:00;0,987665;
Benzol;6;08.12.2016 01:00;0,356162;
Benzol;1;08.12.2016 01:00;0,166048;
Benzol;7;08.12.2016 01:00;0,13367;
Benzol;2;08.12.2016 01:00;0,0223775;
Anilin;4;08.12.2016 01:00;1,98164;
Anilin;7;08.12.2016 01:00;1,24287;
Anilin;5;08.12.2016 01:00;0,700227;
Anilin;2;08.12.2016 01:00;0,58212;
Anilin;6;08.12.2016 01:00;0,5426;
Anilin;3;08.12.2016 01:00;0,422338;
Anilin;8;08.12.2016 01:00;0,27728;
Anilin;1;08.12.2016 01:00;0,14415;
Anilin;9;08.12.2016 01:00;0,122977;
Natriumchlorid;4;08.12.2016 02:00;2,19523;
Natriumchlorid;3;08.12.2016 02:00;1,47919;
Natriumchlorid;8;08.12.2016 02:00;0,734881;
Natriumchlorid;7;08.12.2016 02:00;0,733256;
Natriumchlorid;2;08.12.2016 02:00;0,411566;
Natriumchlorid;9;08.12.2016 02:00;0,327145;
Natriumchlorid;6;08.12.2016 02:00;0,26503;
Natriumchlorid;5;08.12.2016 02:00;0,177013;
Natriumchlorid;1;08.12.2016 02:00;0,127163;
Arsen;4;08.12.2016 02:00;1,73371;
Arsen;5;08.12.2016 02:00;1,69815;
Arsen;3;08.12.2016 02:00;0,939664;
Arsen;2;08.12.2016 02:00;0,837003;
Arsen;9;08.12.2016 02:00;0,743664;
Arsen;8;08.12.2016 02:00;0,708743;
Arsen;6;08.12.2016 02:00;0,581475;
Arsen;7;08.12.2016 02:00;0,168733;
Arsen;1;08.12.2016 02:00;0,133051;
Benzol;3;08.12.2016 02:00;4,6493;
Benzol;4;08.12.2016 02:00;1,94332;
Benzol;9;08.12.2016 02:00;1,45816;
Benzol;8;08.12.2016 02:00;1,14648;
Benzol;7;08.12.2016 02:00;0,703951;
Benzol;6;08.12.2016 02:00;0,459279;
Benzol;2;08.12.2016 02:00;0,384947;
Benzol;1;08.12.2016 02:00;0,359114;
Benzol;5;08.12.2016 02:00;0,0446532;
Anilin;4;08.12.2016 02:00;2,21075;
Anilin;5;08.12.2016 02:00;1,4034;
Anilin;3;08.12.2016 02:00;1,09416;
Anilin;8;08.12.2016 02:00;1,08608;
Anilin;6;08.12.2016 02:00;0,360212;
Anilin;7;08.12.2016 02:00;0,348334;
Anilin;2;08.12.2016 02:00;0,194875;
Anilin;9;08.12.2016 02:00;0,137026;
Anilin;1;08.12.2016 02:00;0,061678;
Natriumchlorid;4;08.12.2016 03:00;1,92443;
Natriumchlorid;5;08.12.2016 03:00;1,91225;
Natriumchlorid;8;08.12.2016 03:00;1,1516;
Natriumchlorid;3;08.12.2016 03:00;0,786688;
Natriumchlorid;6;08.12.2016 03:00;0,554536;
Natriumchlorid;2;08.12.2016 03:00;0,497273;
Natriumchlorid;9;08.12.2016 03:00;0,343152;
Natriumchlorid;7;08.12.2016 03:00;0,0619859;
Natriumchlorid;1;08.12.2016 03:00;0,0561143;
Arsen;4;08.12.2016 03:00;1,98888;
Arsen;5;08.12.2016 03:00;0,802005;
Arsen;3;08.12.2016 03:00;0,752521;
Arsen;7;08.12.2016 03:00;0,60731;
Arsen;6;08.12.2016 03:00;0,541911;
Arsen;2;08.12.2016 03:00;0,487573;
Arsen;8;08.12.2016 03:00;0,475117;
Arsen;1;08.12.2016 03:00;0,412113;
Arsen;9;08.12.2016 03:00;0,309127;
Benzol;4;08.12.2016 03:00;1,60126;
Benzol;3;08.12.2016 03:00;1,47256;
Benzol;7;08.12.2016 03:00;0,969512;
Benzol;2;08.12.2016 03:00;0,926006;
Benzol;9;08.12.2016 03:00;0,574082;
Benzol;8;08.12.2016 03:00;0,509983;
Benzol;5;08.12.2016 03:00;0,345388;
Benzol;1;08.12.2016 03:00;0,279086;
Benzol;6;08.12.2016 03:00;0,030151;
Anilin;4;08.12.2016 03:00;1,76258;
Anilin;3;08.12.2016 03:00;1,12643;
Anilin;9;08.12.2016 03:00;0,522201;
Anilin;5;08.12.2016 03:00;0,421932;
Anilin;1;08.12.2016 03:00;0,172828;
Anilin;2;08.12.2016 03:00;0,0884591;
Anilin;6;08.12.2016 03:00;0,0666083;
Anilin;8;08.12.2016 03:00;0,0555959;
Anilin;7;08.12.2016 03:00;0,0258035;
Natriumchlorid;4;08.12.2016 04:00;1,6715;
Natriumchlorid;6;08.12.2016 04:00;0,654296;
Natriumchlorid;8;08.12.2016 04:00;0,63063;
Natriumchlorid;9;08.12.2016 04:00;0,528582;
Natriumchlorid;3;08.12.2016 04:00;0,375503;
Natriumchlorid;5;08.12.2016 04:00;0,337205;
Natriumchlorid;2;08.12.2016 04:00;0,307564;
Natriumchlorid;1;08.12.2016 04:00;0,217886;
Natriumchlorid;7;08.12.2016 04:00;0,148612;
Arsen;4;08.12.2016 04:00;1,72586;
Arsen;8;08.12.2016 04:00;1,18888;
Arsen;3;08.12.2016 04:00;1,11623;
Arsen;9;08.12.2016 04:00;0,36145;
Arsen;6;08.12.2016 04:00;0,210802;
Arsen;5;08.12.2016 04:00;0,121887;
Arsen;1;08.12.2016 04:00;0,0875815;
Arsen;7;08.12.2016 04:00;0,0694247;
Arsen;2;08.12.2016 04:00;0,0285014;
Benzol;4;08.12.2016 04:00;1,90532;
Benzol;9;08.12.2016 04:00;0,535161;
Benzol;6;08.12.2016 04:00;0,534049;
Benzol;7;08.12.2016 04:00;0,515982;
Benzol;3;08.12.2016 04:00;0,243148;
Benzol;5;08.12.2016 04:00;0,186339;
Benzol;2;08.12.2016 04:00;0,148528;
Benzol;8;08.12.2016 04:00;0,0599208;
Benzol;1;08.12.2016 04:00;0,0410751;
Anilin;4;08.12.2016 04:00;1,95177;
Anilin;7;08.12.2016 04:00;1,63467;
Anilin;9;08.12.2016 04:00;1,02123;
Anilin;8;08.12.2016 04:00;0,730083;
Anilin;6;08.12.2016 04:00;0,554454;
Anilin;3;08.12.2016 04:00;0,470384;
Anilin;1;08.12.2016 04:00;0,28647;
Anilin;5;08.12.2016 04:00;0,238391;
Anilin;2;08.12.2016 04:00;0,028101;
Natriumchlorid;7;08.12.2016 05:00;3,11811;
Natriumchlorid;4;08.12.2016 05:00;2,16978;
Natriumchlorid;8;08.12.2016 05:00;1,115;
Natriumchlorid;5;08.12.2016 05:00;1,09064;
Natriumchlorid;3;08.12.2016 05:00;1,01625;
Natriumchlorid;1;08.12.2016 05:00;0,355901;
Natriumchlorid;2;08.12.2016 05:00;0,212716;
Natriumchlorid;9;08.12.2016 05:00;0,182809;
Natriumchlorid;6;08.12.2016 05:00;0,0395873;
Arsen;4;08.12.2016 05:00;1,92733;
Arsen;7;08.12.2016 05:00;1,34222;
Arsen;8;08.12.2016 05:00;0,770215;
Arsen;3;08.12.2016 05:00;0,751353;
Arsen;1;08.12.2016 05:00;0,62244;
Arsen;2;08.12.2016 05:00;0,427191;
Arsen;5;08.12.2016 05:00;0,407092;
Arsen;6;08.12.2016 05:00;0,234915;
Arsen;9;08.12.2016 05:00;0,192128;
Benzol;4;08.12.2016 05:00;1,87405;
Benzol;9;08.12.2016 05:00;1,29261;
Benzol;8;08.12.2016 05:00;0,959524;
Benzol;3;08.12.2016 05:00;0,805131;
Benzol;2;08.12.2016 05:00;0,768538;
Benzol;6;08.12.2016 05:00;0,365924;
Benzol;5;08.12.2016 05:00;0,273294;
Benzol;7;08.12.2016 05:00;0,150707;
Benzol;1;08.12.2016 05:00;0,108173;
Anilin;4;08.12.2016 05:00;1,72646;
Anilin;8;08.12.2016 05:00;0,758493;
Anilin;7;08.12.2016 05:00;0,470611;
Anilin;2;08.12.2016 05:00;0,366863;
Anilin;6;08.12.2016 05:00;0,359213;
Anilin;3;08.12.2016 05:00;0,322242;
Anilin;9;08.12.2016 05:00;0,288468;
Anilin;5;08.12.2016 05:00;0,194433;
Anilin;1;08.12.2016 05:00;0,0606363;
Natriumchlorid;4;08.12.2016 06:00;1,89594;
Natriumchlorid;5;08.12.2016 06:00;1,16614;
Natriumchlorid;9;08.12.2016 06:00;0,797934;
Natriumchlorid;7;08.12.2016 06:00;0,486056;
Natriumchlorid;1;08.12.2016 06:00;0,414844;
Natriumchlorid;8;08.12.2016 06:00;0,340185;
Natriumchlorid;6;08.12.2016 06:00;0,312302;
Natriumchlorid;2;08.12.2016 06:00;0,283316;
Natriumchlorid;3;08.12.2016 06:00;0,10902;
Arsen;3;08.12.2016 06:00;3,47388;
Arsen;4;08.12.2016 06:00;1,59153;
Arsen;5;08.12.2016 06:00;0,930781;
Arsen;9;08.12.2016 06:00;0,643088;
Arsen;6;08.12.2016 06:00;0,594002;
Arsen;2;08.12.2016 06:00;0,485674;
Arsen;8;08.12.2016 06:00;0,417861;
Arsen;7;08.12.2016 06:00;0,385428;
Arsen;1;08.12.2016 06:00;0,360989;
Benzol;4;08.12.2016 06:00;1,77136;
Benzol;3;08.12.2016 06:00;1,03976;
Benzol;5;08.12.2016 06:00;0,736294;
Benzol;9;08.12.2016 06:00;0,714945;
Benzol;6;08.12.2016 06:00;0,426307;
Benzol;7;08.12.2016 06:00;0,310649;
Benzol;1;08.12.2016 06:00;0,17559;
Benzol;8;08.12.2016 06:00;0,119397;
Benzol;2;08.12.2016 06:00;0,0549873;
Anilin;4;08.12.2016 06:00;1,90895;
Anilin;5;08.12.2016 06:00;1,09645;
Anilin;7;08.12.2016 06:00;0,813885;
Anilin;3;08.12.2016 06:00;0,670778;
Anilin;2;08.12.2016 06:00;0,526825;
Anilin;9;08.12.2016 06:00;0,523634;
Anilin;6;08.12.2016 06:00;0,343291;
Anilin;8;08.12.2016 06:00;0,131135;
Anilin;1;08.12.2016 06:00;0,0562334;
Natriumchlorid;4;08.12.2016 07:00;2,24405;
Natriumchlorid;3;08.12.2016 07:00;1,93386;
Natriumchlorid;9;08.12.2016 07:00;0,690373;
Natriumchlorid;6;08.12.2016 07:00;0,336262;
Natriumchlorid;8;08.12.2016 07:00;0,287689;
Natriumchlorid;1;08.12.2016 07:00;0,287075;
Natriumchlorid;7;08.12.2016 07:00;0,212615;
Natriumchlorid;2;08.12.2016 07:00;0,204942;
Natriumchlorid;5;08.12.2016 07:00;0,176512;
Arsen;4;08.12.2016 07:00;1,71825;
Arsen;3;08.12.2016 07:00;1,41464;
Arsen;5;08.12.2016 07:00;1,03936;
Arsen;8;08.12.2016 07:00;0,527218;
Arsen;2;08.12.2016 07:00;0,497448;
Arsen;7;08.12.2016 07:00;0,195653;
Arsen;9;08.12.2016 07:00;0,0719632;
Arsen;1;08.12.2016 07:00;0,0463284;
Arsen;6;08.12.2016 07:00;0,0115803;
Benzol;4;08.12.2016 07:00;2,09592;
Benzol;7;08.12.2016 07:00;1,60605;
Benzol;9;08.12.2016 07:00;0,446868;
Benzol;1;08.12.2016 07:00;0,444153;
Benzol;5;08.12.2016 07:00;0,405167;
Benzol;6;08.12.2016 07:00;0,377177;
Benzol;3;08.12.2016 07:00;0,243463;
Benzol;8;08.12.2016 07:00;0,132744;
Benzol;2;08.12.2016 07:00;0,00384473;
Anilin;4;08.12.2016 07:00;1,90948;
Anilin;5;08.12.2016 07:00;1,26552;
Anilin;9;08.12.2016 07:00;0,671694;
Anilin;6;08.12.2016 07:00;0,635549;
Anilin;8;08.12.2016 07:00;0,561983;
Anilin;3;08.12.2016 07:00;0,511165;
Anilin;1;08.12.2016 07:00;0,357002;
Anilin;2;08.12.2016 07:00;0,231289;
Anilin;7;08.12.2016 07:00;0,0181408;
Natriumchlorid;7;08.12.2016 08:00;2,20455;
Natriumchlorid;4;08.12.2016 08:00;1,68496;
Natriumchlorid;3;08.12.2016 08:00;1,1528;
Natriumchlorid;5;08.12.2016 08:00;1,11131;
Natriumchlorid;6;08.12.2016 08:00;0,348053;
Natriumchlorid;9;08.12.2016 08:00;0,27401;
Natriumchlorid;8;08.12.2016 08:00;0,241834;
Natriumchlorid;1;08.12.2016 08:00;0,0807052;
Natriumchlorid;2;08.12.2016 08:00;0,046755;
Arsen;4;08.12.2016 08:00;2,20767;
Arsen;9;08.12.2016 08:00;0,925831;
Arsen;1;08.12.2016 08:00;0,889782;
Arsen;3;08.12.2016 08:00;0,757543;
Arsen;8;08.12.2016 08:00;0,720205;
Arsen;2;08.12.2016 08:00;0,320413;
Arsen;5;08.12.2016 08:00;0,300157;
Arsen;6;08.12.2016 08:00;0,212626;
Arsen;7;08.12.2016 08:00;0,197291;
Benzol;4;08.12.2016 08:00;1,54182;
Benzol;3;08.12.2016 08:00;0,907732;
Benzol;8;08.12.2016 08:00;0,415133;
Benzol;7;08.12.2016 08:00;0,409018;
Benzol;5;08.12.2016 08:00;0,310512;
Benzol;6;08.12.2016 08:00;0,247436;
Benzol;2;08.12.2016 08:00;0,231546;
Benzol;1;08.12.2016 08:00;0,0739838;
Benzol;9;08.12.2016 08:00;0,0324014;
Anilin;4;08.12.2016 08:00;1,81371;
Anilin;9;08.12.2016 08:00;1,02147;
Anilin;5;08.12.2016 08:00;1,01118;
Anilin;3;08.12.2016 08:00;0,584082;
Anilin;6;08.12.2016 08:00;0,324081;
Anilin;2;08.12.2016 08:00;0,290374;
Anilin;1;08.12.2016 08:00;0,288895;
Anilin;8;08.12.2016 08:00;0,260131;
Anilin;7;08.12.2016 08:00;0,0711803;
Natriumchlorid;9;08.12.2016 09:00;15,28649;
Natriumchlorid;9;08.12.2016 09:00;1,91655;
Natriumchlorid;4;08.12.2016 09:00;1,84288;
Natriumchlorid;3;08.12.2016 09:00;1,62976;
Natriumchlorid;5;08.12.2016 09:00;0,833603;
Natriumchlorid;8;08.12.2016 09:00;0,593571;
Natriumchlorid;1;08.12.2016 09:00;0,372202;
Natriumchlorid;6;08.12.2016 09:00;0,35244;
Natriumchlorid;7;08.12.2016 09:00;0,233025;
Natriumchlorid;2;08.12.2016 09:00;0,212838;
Arsen;3;08.12.2016 09:00;2,1421;
Arsen;4;08.12.2016 09:00;2,02148;
Arsen;7;08.12.2016 09:00;0,899683;
Arsen;8;08.12.2016 09:00;0,679704;
Arsen;6;08.12.2016 09:00;0,462789;
Arsen;5;08.12.2016 09:00;0,226489;
Arsen;2;08.12.2016 09:00;0,183058;
Arsen;1;08.12.2016 09:00;0,0834905;
Arsen;9;08.12.2016 09:00;0,0650519;
Benzol;4;08.12.2016 09:00;1,88992;
Benzol;3;08.12.2016 09:00;1,32969;
Benzol;5;08.12.2016 09:00;1,13688;
Benzol;7;08.12.2016 09:00;0,567909;
Benzol;8;08.12.2016 09:00;0,559993;
Benzol;9;08.12.2016 09:00;0,552295;
Benzol;1;08.12.2016 09:00;0,455918;
Benzol;6;08.12.2016 09:00;0,246452;
Benzol;2;08.12.2016 09:00;0,145646;
Anilin;4;08.12.2016 09:00;1,99961;
Anilin;7;08.12.2016 09:00;1,42433;
Anilin;3;08.12.2016 09:00;0,600318;
Anilin;8;08.12.2016 09:00;0,325069;
Anilin;5;08.12.2016 09:00;0,239287;
Anilin;2;08.12.2016 09:00;0,186293;
Anilin;1;08.12.2016 09:00;0,14704;
Anilin;6;08.12.2016 09:00;0,0146514;
Natriumchlorid;3;08.12.2016 10:00;2,63462;
Natriumchlorid;4;08.12.2016 10:00;2,14671;
Natriumchlorid;7;08.12.2016 10:00;0,843132;
Natriumchlorid;8;08.12.2016 10:00;0,755168;
Natriumchlorid;9;08.12.2016 10:00;0,682841;
Natriumchlorid;1;08.12.2016 10:00;0,441722;
Natriumchlorid;5;08.12.2016 10:00;0,338634;
Natriumchlorid;6;08.12.2016 10:00;0,309531;
Natriumchlorid;2;08.12.2016 10:00;0,220526;
Arsen;4;08.12.2016 10:00;1,84971;
Arsen;3;08.12.2016 10:00;1,59827;
Arsen;5;08.12.2016 10:00;1,07406;
Arsen;8;08.12.2016 10:00;0,730686;
Arsen;9;08.12.2016 10:00;0,495743;
Arsen;7;08.12.2016 10:00;0,409578;
Arsen;1;08.12.2016 10:00;0,407183;
Arsen;6;08.12.2016 10:00;0,338303;
Arsen;2;08.12.2016 10:00;0,0697203;
Benzol;5;08.12.2016 10:00;4,07125;
Benzol;7;08.12.2016 10:00;2,3901;
Benzol;4;08.12.2016 10:00;1,83111;
Benzol;3;08.12.2016 10:00;1,13028;
Benzol;9;08.12.2016 10:00;0,454595;
Benzol;6;08.12.2016 10:00;0,443305;
Benzol;1;08.12.2016 10:00;0,166392;
Benzol;2;08.12.2016 10:00;0,0829448;
Benzol;8;08.12.2016 10:00;0,064597;
Anilin;4;08.12.2016 10:00;2,19629;
Anilin;9;08.12.2016 10:00;1,04482;
Anilin;3;08.12.2016 10:00;0,503835;
Anilin;6;08.12.2016 10:00;0,405302;
Anilin;1;08.12.2016 10:00;0,25848;
Anilin;8;08.12.2016 10:00;0,213245;
Anilin;5;08.12.2016 10:00;0,171902;
Anilin;7;08.12.2016 10:00;0,166695;
Anilin;2;08.12.2016 10:00;0,0953138;
Natriumchlorid;5;08.12.2016 11:00;31,87491;
Natriumchlorid;9;08.12.2016 11:00;4,19355;
Natriumchlorid;5;08.12.2016 11:00;3,32608;
Natriumchlorid;7;08.12.2016 11:00;2,09442;
Natriumchlorid;4;08.12.2016 11:00;1,48662;
Natriumchlorid;3;08.12.2016 11:00;0,945243;
Natriumchlorid;2;08.12.2016 11:00;0,513255;
Natriumchlorid;6;08.12.2016 11:00;0,483406;
Natriumchlorid;1;08.12.2016 11:00;0,473354;
Natriumchlorid;8;08.12.2016 11:00;0,219435;
Arsen;4;08.12.2016 11:00;2,05369;
Arsen;3;08.12.2016 11:00;1,15604;
Arsen;5;08.12.2016 11:00;1,05187;
Arsen;7;08.12.2016 11:00;0,275069;
Arsen;6;08.12.2016 11:00;0,262192;
Arsen;2;08.12.2016 11:00;0,224978;
Arsen;8;08.12.2016 11:00;0,132935;
Arsen;9;08.12.2016 11:00;0,131439;
Arsen;1;08.12.2016 11:00;0,105881;
Benzol;4;08.12.2016 11:00;1,7721;
Benzol;5;08.12.2016 11:00;1,15054;
Benzol;9;08.12.2016 11:00;0,960452;
Benzol;3;08.12.2016 11:00;0,496001;
Benzol;6;08.12.2016 11:00;0,370511;
Benzol;2;08.12.2016 11:00;0,345543;
Benzol;8;08.12.2016 11:00;0,292431;
Benzol;1;08.12.2016 11:00;0,172597;
Benzol;7;08.12.2016 11:00;0,116265;
Anilin;3;08.12.2016 11:00;1,96975;
Anilin;4;08.12.2016 11:00;1,94862;
Anilin;9;08.12.2016 11:00;1,23599;
Anilin;2;08.12.2016 11:00;1,08228;
Anilin;7;08.12.2016 11:00;0,54252;
Anilin;6;08.12.2016 11:00;0,316076;
Anilin;8;08.12.2016 11:00;0,211197;
Anilin;1;08.12.2016 11:00;0,152267;
Natriumchlorid;4;08.12.2016 12:00;1,9174;
Natriumchlorid;8;08.12.2016 12:00;1,61526;
Natriumchlorid;5;08.12.2016 12:00;0,821715;
Natriumchlorid;6;08.12.2016 12:00;0,516763;
Natriumchlorid;9;08.12.2016 12:00;0,497446;
Natriumchlorid;1;08.12.2016 12:00;0,4773;
Natriumchlorid;7;08.12.2016 12:00;0,256138;
Natriumchlorid;2;08.12.2016 12:00;0,136404;
Natriumchlorid;3;08.12.2016 12:00;0,115165;
Arsen;4;08.12.2016 12:00;2,22035;
Arsen;3;08.12.2016 12:00;1,40733;
Arsen;9;08.12.2016 12:00;1,17896;
Arsen;2;08.12.2016 12:00;0,526326;
Arsen;8;08.12.2016 12:00;0,486673;
Arsen;5;08.12.2016 12:00;0,339143;
Arsen;6;08.12.2016 12:00;0,289298;
Arsen;1;08.12.2016 12:00;0,231905;
Arsen;7;08.12.2016 12:00;0,102982;
Benzol;4;08.12.2016 12:00;1,90798;
Benzol;5;08.12.2016 12:00;1,12657;
Benzol;8;08.12.2016 12:00;1,10963;
Benzol;7;08.12.2016 12:00;1,00286;
Benzol;2;08.12.2016 12:00;0,871369;
Benzol;9;08.12.2016 12:00;0,534518;
Benzol;3;08.12.2016 12:00;0,215653;
Benzol;1;08.12.2016 12:00;0,205991;
Benzol;6;08.12.2016 12:00;0,176995;
Anilin;4;08.12.2016 12:00;1,76658;
Anilin;3;08.12.2016 12:00;0,945852;
Anilin;7;08.12.2016 12:00;0,922532;
Anilin;8;08.12.2016 12:00;0,830452;
Anilin;2;08.12.2016 12:00;0,664909;
Anilin;6;08.12.2016 12:00;0,312639;
Anilin;5;08.12.2016 12:00;0,215225;
Anilin;9;08.12.2016 12:00;0,165718;
Anilin;1;08.12.2016 12:00;0,0437047;
Natriumchlorid;3;08.12.2016 13:00;1,99697;
Natriumchlorid;4;08.12.2016 13:00;1,85261;
Natriumchlorid;6;08.12.2016 13:00;0,675078;
Natriumchlorid;2;08.12.2016 13:00;0,438992;
Natriumchlorid;9;08.12.2016 13:00;0,20879;
Natriumchlorid;8;08.12.2016 13:00;0,166618;
Natriumchlorid;1;08.12.2016 13:00;0,10137;
Natriumchlorid;7;08.12.2016 13:00;0,0522152;
Natriumchlorid;5;08.12.2016 13:00;0,00666897;
Arsen;4;08.12.2016 13:00;1,88928;
Arsen;5;08.12.2016 13:00;0,814247;
Arsen;2;08.12.2016 13:00;0,605366;
Arsen;3;08.12.2016 13:00;0,531677;
Arsen;8;08.12.2016 13:00;0,516513;
Arsen;9;08.12.2016 13:00;0,411358;
Arsen;7;08.12.2016 13:00;0,161521;
Arsen;1;08.12.2016 13:00;0,102319;
Arsen;6;08.12.2016 13:00;0,0597871;
Benzol;4;08.12.2016 13:00;1,65662;
Benzol;3;08.12.2016 13:00;1,04312;
Benzol;7;08.12.2016 13:00;0,755394;
Benzol;8;08.12.2016 13:00;0,419974;
Benzol;9;08.12.2016 13:00;0,315891;
Benzol;6;08.12.2016 13:00;0,259483;
Benzol;2;08.12.2016 13:00;0,136036;
Benzol;1;08.12.2016 13:00;0,0486405;
Benzol;5;08.12.2016 13:00;0,00262942;
Anilin;4;08.12.2016 13:00;2,23797;
Anilin;3;08.12.2016 13:00;0,978201;
Anilin;5;08.12.2016 13:00;0,535648;
Anilin;1;08.12.2016 13:00;0,514858;
Anilin;7;08.12.2016 13:00;0,51387;
Anilin;6;08.12.2016 13:00;0,510738;
Anilin;9;08.12.2016 13:00;0,437357;
Anilin;8;08.12.2016 13:00;0,372761;
Anilin;2;08.12.2016 13:00;0,196894;
Natriumchlorid;4;08.12.2016 14:00;1,82898;
Natriumchlorid;3;08.12.2016 14:00;1,77516;
Natriumchlorid;8;08.12.2016 14:00;0,944614;
Natriumchlorid;7;08.12.2016 14:00;0,363777;
Natriumchlorid;5;08.12.2016 14:00;0,246092;
Natriumchlorid;6;08.12.2016 14:00;0,228882;
Natriumchlorid;9;08.12.2016 14:00;0,15964;
Natriumchlorid;1;08.12.2016 14:00;0,103524;
Natriumchlorid;2;08.12.2016 14:00;0,0822489;
Arsen;4;08.12.2016 14:00;2,27497;
Arsen;3;08.12.2016 14:00;0,662293;
Arsen;5;08.12.2016 14:00;0,644563;
Arsen;9;08.12.2016 14:00;0,510388;
Arsen;6;08.12.2016 14:00;0,323027;
Arsen;1;08.12.2016 14:00;0,180823;
Arsen;8;08.12.2016 14:00;0,16152;
Arsen;7;08.12.2016 14:00;0,158677;
Arsen;2;08.12.2016 14:00;0,136625;
Benzol;4;08.12.2016 14:00;2,251;
Benzol;9;08.12.2016 14:00;1,24612;
Benzol;8;08.12.2016 14:00;0,898056;
Benzol;5;08.12.2016 14:00;0,64664;
Benzol;6;08.12.2016 14:00;0,493598;
Benzol;3;08.12.2016 14:00;0,289185;
Benzol;7;08.12.2016 14:00;0,271828;
Benzol;2;08.12.2016 14:00;0,164105;
Benzol;1;08.12.2016 14:00;0,0340318;
Anilin;3;08.12.2016 14:00;3,43902;
Anilin;4;08.12.2016 14:00;2,26742;
Anilin;9;08.12.2016 14:00;1,05205;
Anilin;5;08.12.2016 14:00;0,872378;
Anilin;6;08.12.2016 14:00;0,693338;
Anilin;7;08.12.2016 14:00;0,402668;
Anilin;1;08.12.2016 14:00;0,356771;
Anilin;2;08.12.2016 14:00;0,0303801;
Anilin;8;08.12.2016 14:00;0,00208061;
Natriumchlorid;5;08.12.2016 15:00;13,64005;
Natriumchlorid;9;08.12.2016 15:00;5,71943;
Natriumchlorid;5;08.12.2016 15:00;2,64407;
Natriumchlorid;3;08.12.2016 15:00;2,11422;
Natriumchlorid;4;08.12.2016 15:00;1,95022;
Natriumchlorid;2;08.12.2016 15:00;0,833654;
Natriumchlorid;8;08.12.2016 15:00;0,734056;
Natriumchlorid;7;08.12.2016 15:00;0,45854;
Natriumchlorid;6;08.12.2016 15:00;0,168325;
Natriumchlorid;1;08.12.2016 15:00;0,105102;
Arsen;4;08.12.2016 15:00;1,6957;
Arsen;5;08.12.2016 15:00;1,05609;
Arsen;3;08.12.2016 15:00;0,592454;
Arsen;8;08.12.2016 15:00;0,582091;
Arsen;2;08.12.2016 15:00;0,42055;
Arsen;9;08.12.2016 15:00;0,377212;
Arsen;7;08.12.2016 15:00;0,364437;
Arsen;6;08.12.2016 15:00;0,265491;
Arsen;1;08.12.2016 15:00;0,1388;
Benzol;3;08.12.2016 15:00;4,67852;
Benzol;4;08.12.2016 15:00;2,19649;
Benzol;7;08.12.2016 15:00;1,34011;
Benzol;8;08.12.2016 15:00;0,818629;
Benzol;9;08.12.2016 15:00;0,531786;
Benzol;6;08.12.2016 15:00;0,470276;
Benzol;5;08.12.2016 15:00;0,224057;
Benzol;2;08.12.2016 15:00;0,0767985;
Benzol;1;08.12.2016 15:00;0,0551616;
Anilin;4;08.12.2016 15:00;1,53946;
Anilin;3;08.12.2016 15:00;1,24895;
Anilin;8;08.12.2016 15:00;0,797819;
Anilin;6;08.12.2016 15:00;0,765413;
Anilin;2;08.12.2016 15:00;0,490194;
Anilin;1;08.12.2016 15:00;0,416294;
Anilin;9;08.12.2016 15:00;0,399684;
Anilin;7;08.12.2016 15:00;0,0442159;
Natriumchlorid;5;08.12.2016 16:00;32,44999;
Natriumchlorid;5;08.12.2016 16:00;3,97903;
Natriumchlorid;4;08.12.2016 16:00;2,12704;
Natriumchlorid;8;08.12.2016 16:00;1,30332;
Natriumchlorid;7;08.12.2016 16:00;1,2416;
Natriumchlorid;9;08.12.2016 16:00;0,762548;
Natriumchlorid;2;08.12.2016 16:00;0,606773;
Natriumchlorid;1;08.12.2016 16:00;0,581306;
Natriumchlorid;6;08.12.2016 16:00;0,466125;
Natriumchlorid;3;08.12.2016 16:00;0,024833;
Arsen;4;08.12.2016 16:00;1,89495;
Arsen;3;08.12.2016 16:00;0,629885;
Arsen;8;08.12.2016 16:00;0,626559;
Arsen;6;08.12.2016 16:00;0,598935;
Arsen;7;08.12.2016 16:00;0,427037;
Arsen;2;08.12.2016 16:00;0,397606;
Arsen;9;08.12.2016 16:00;0,343042;
Arsen;5;08.12.2016 16:00;0,291728;
Arsen;1;08.12.2016 16:00;0,198447;
Benzol;4;08.12.2016 16:00;2,1269;
Benzol;7;08.12.2016 16:00;1,9678;
Benzol;3;08.12.2016 16:00;0,662793;
Benzol;2;08.12.2016 16:00;0,574985;
Benzol;8;08.12.2016 16:00;0,482625;
Benzol;6;08.12.2016 16:00;0,480776;
Benzol;5;08.12.2016 16:00;0,34536;
Benzol;1;08.12.2016 16:00;0,131365;
Benzol;9;08.12.2016 16:00;0,0469674;
Anilin;3;08.12.2016 16:00;2,24842;
Anilin;4;08.12.2016 16:00;1,94966;
Anilin;7;08.12.2016 16:00;0,935455;
Anilin;1;08.12.2016 16:00;0,413379;
Anilin;6;08.12.2016 16:00;0,239095;
Anilin;9;08.12.2016 16:00;0,211773;
Anilin;2;08.12.2016 16:00;0,188396;
Anilin;8;08.12.2016 16:00;0,0789934;
Natriumchlorid;4;08.12.2016 17:00;2,13019;
Natriumchlorid;6;08.12.2016 17:00;0,863831;
Natriumchlorid;2;08.12.2016 17:00;0,715956;
Natriumchlorid;5;08.12.2016 17:00;0,680319;
Natriumchlorid;9;08.12.2016 17:00;0,363592;
Natriumchlorid;7;08.12.2016 17:00;0,361237;
Natriumchlorid;3;08.12.2016 17:00;0,327039;
Natriumchlorid;8;08.12.2016 17:00;0,118653;
Natriumchlorid;1;08.12.2016 17:00;0,0930762;
Arsen;3;08.12.2016 17:00;3,79432;
Arsen;4;08.12.2016 17:00;1,97762;
Arsen;2;08.12.2016 17:00;0,753244;
Arsen;7;08.12.2016 17:00;0,743553;
Arsen;5;08.12.2016 17:00;0,400931;
Arsen;6;08.12.2016 17:00;0,386426;
Arsen;8;08.12.2016 17:00;0,215335;
Arsen;9;08.12.2016 17:00;0,0990761;
Arsen;1;08.12.2016 17:00;0,0362849;
Benzol;5;08.12.2016 17:00;2,38609;
Benzol;7;08.12.2016 17:00;2,17975;
Benzol;4;08.12.2016 17:00;1,83807;
Benzol;3;08.12.2016 17:00;0,5311;
Benzol;6;08.12.2016 17:00;0,468765;
Benzol;8;08.12.2016 17:00;0,315307;
Benzol;9;08.12.2016 17:00;0,134571;
Benzol;2;08.12.2016 17:00;0,0887627;
Benzol;1;08.12.2016 17:00;0,0698152;
Anilin;4;08.12.2016 17:00;2,04929;
Anilin;5;08.12.2016 17:00;0,771854;
Anilin;8;08.12.2016 17:00;0,722106;
Anilin;9;08.12.2016 17:00;0,552295;
Anilin;6;08.12.2016 17:00;0,448426;
Anilin;3;08.12.2016 17:00;0,409776;
Anilin;1;08.12.2016 17:00;0,362645;
Anilin;2;08.12.2016 17:00;0,295875;
Anilin;7;08.12.2016 17:00;0,0488362;
Natriumchlorid;4;08.12.2016 18:00;2,14373;
Natriumchlorid;3;08.12.2016 18:00;1,96693;
Natriumchlorid;9;08.12.2016 18:00;0,868674;
Natriumchlorid;7;08.12.2016 18:00;0,749791;
Natriumchlorid;2;08.12.2016 18:00;0,611084;
Natriumchlorid;5;08.12.2016 18:00;0,432218;
Natriumchlorid;8;08.12.2016 18:00;0,392337;
Natriumchlorid;1;08.12.2016 18:00;0,23678;
Natriumchlorid;6;08.12.2016 18:00;0,0457755;
Arsen;4;08.12.2016 18:00;1,89439;
Arsen;5;08.12.2016 18:00;0,998453;
Arsen;8;08.12.2016 18:00;0,69431;
Arsen;2;08.12.2016 18:00;0,485279;
Arsen;1;08.12.2016 18:00;0,422948;
Arsen;6;08.12.2016 18:00;0,259561;
Arsen;3;08.12.2016 18:00;0,242517;
Arsen;7;08.12.2016 18:00;0,0156152;
Arsen;9;08.12.2016 18:00;0,00181983;
Benzol;4;08.12.2016 18:00;1,7364;
Benzol;3;08.12.2016 18:00;1,66213;
Benzol;5;08.12.2016 18:00;1,30155;
Benzol;8;08.12.2016 18:00;0,947097;
Benzol;9;08.12.2016 18:00;0,568912;
Benzol;7;08.12.2016 18:00;0,49262;
Benzol;1;08.12.2016 18:00;0,272118;
Benzol;2;08.12.2016 18:00;0,189488;
Benzol;6;08.12.2016 18:00;0,0526446;
Anilin;4;08.12.2016 18:00;2,31103;
Anilin;9;08.12.2016 18:00;0,845023;
Anilin;2;08.12.2016 18:00;0,768622;
Anilin;3;08.12.2016 18:00;0,606423;
Anilin;8;08.12.2016 18:00;0,568784;
Anilin;5;08.12.2016 18:00;0,465931;
Anilin;7;08.12.2016 18:00;0,189079;
Anilin;6;08.12.2016 18:00;0,188584;
Anilin;1;08.12.2016 18:00;0,0155812;
Natriumchlorid;9;08.12.2016 19:00;3,785;
Natriumchlorid;4;08.12.2016 19:00;2,06789;
Natriumchlorid;9;08.12.2016 19:00;1,22761;
Natriumchlorid;7;08.12.2016 19:00;0,639321;
Natriumchlorid;3;08.12.2016 19:00;0,443781;
Natriumchlorid;8;08.12.2016 19:00;0,276092;
Natriumchlorid;6;08.12.2016 19:00;0,200538;
Natriumchlorid;2;08.12.2016 19:00;0,131246;
Natriumchlorid;1;08.12.2016 19:00;0,101301;
Natriumchlorid;5;08.12.2016 19:00;0,0258263;
Arsen;4;08.12.2016 19:00;2,21236;
Arsen;3;08.12.2016 19:00;1,7697;
Arsen;5;08.12.2016 19:00;1,18292;
Arsen;9;08.12.2016 19:00;0,700499;
Arsen;2;08.12.2016 19:00;0,603683;
Arsen;1;08.12.2016 19:00;0,463453;
Arsen;7;08.12.2016 19:00;0,354751;
Arsen;8;08.12.2016 19:00;0,184668;
Arsen;6;08.12.2016 19:00;0,170319;
Benzol;4;08.12.2016 19:00;1,70882;
Benzol;3;08.12.2016 19:00;0,754997;
Benzol;6;08.12.2016 19:00;0,724745;
Benzol;1;08.12.2016 19:00;0,545193;
Benzol;8;08.12.2016 19:00;0,480544;
Benzol;9;08.12.2016 19:00;0,468765;
Benzol;5;08.12.2016 19:00;0,299412;
Benzol;7;08.12.2016 19:00;0,261157;
Benzol;2;08.12.2016 19:00;0,00958851;
Anilin;3;08.12.2016 19:00;1,97706;
Anilin;4;08.12.2016 19:00;1,86487;
Anilin;8;08.12.2016 19:00;1,31633;
Anilin;2;08.12.2016 19:00;0,566103;
Anilin;5;08.12.2016 19:00;0,540564;
Anilin;6;08.12.2016 19:00;0,441459;
Anilin;7;08.12.2016 19:00;0,12924;
Anilin;1;08.12.2016 19:00;0,108071;
Natriumchlorid;3;08.12.2016 20:00;2,22394;
Natriumchlorid;4;08.12.2016 20:00;1,82581;
Natriumchlorid;5;08.12.2016 20:00;1,07177;
Natriumchlorid;9;08.12.2016 20:00;0,550987;
Natriumchlorid;2;08.12.2016 20:00;0,498536;
Natriumchlorid;8;08.12.2016 20:00;0,454652;
Natriumchlorid;7;08.12.2016 20:00;0,408549;
Natriumchlorid;6;08.12.2016 20:00;0,12606;
Natriumchlorid;1;08.12.2016 20:00;0,0969282;
Arsen;4;08.12.2016 20:00;2,09693;
Arsen;7;08.12.2016 20:00;1,71613;
Arsen;3;08.12.2016 20:00;1,53746;
Arsen;5;08.12.2016 20:00;0,615663;
Arsen;6;08.12.2016 20:00;0,519697;
Arsen;1;08.12.2016 20:00;0,251599;
Arsen;9;08.12.2016 20:00;0,234754;
Arsen;2;08.12.2016 20:00;0,14618;
Arsen;8;08.12.2016 20:00;0,108849;
Benzol;4;08.12.2016 20:00;2,00835;
Benzol;3;08.12.2016 20:00;1,47439;
Benzol;9;08.12.2016 20:00;0,959194;
Benzol;5;08.12.2016 20:00;0,557231;
Benzol;6;08.12.2016 20:00;0,535258;
Benzol;8;08.12.2016 20:00;0,353218;
Benzol;7;08.12.2016 20:00;0,194972;
Benzol;1;08.12.2016 20:00;0,0993608;
Benzol;2;08.12.2016 20:00;0,02393;
Anilin;4;08.12.2016 20:00;2,11465;
Anilin;7;08.12.2016 20:00;0,801992;
Anilin;8;08.12.2016 20:00;0,687731;
Anilin;1;08.12.2016 20:00;0,490585;
Anilin;3;08.12.2016 20:00;0,396017;
Anilin;9;08.12.2016 20:00;0,281561;
Anilin;5;08.12.2016 20:00;0,279106;
Anilin;2;08.12.2016 20:00;0,218106;
Anilin;6;08.12.2016 20:00;0,199276;
Natriumchlorid;6;08.12.2016 21:00;19,3279;
Natriumchlorid;7;08.12.2016 21:00;2,57897;
Natriumchlorid;6;08.12.2016 21:00;1,93229;
Natriumchlorid;4;08.12.2016 21:00;1,84101;
Natriumchlorid;8;08.12.2016 21:00;0,761383;
Natriumchlorid;9;08.12.2016 21:00;0,631955;
Natriumchlorid;3;08.12.2016 21:00;0,507241;
Natriumchlorid;2;08.12.2016 21:00;0,207818;
Natriumchlorid;1;08.12.2016 21:00;0,154437;
Natriumchlorid;5;08.12.2016 21:00;0,022124;
Arsen;4;08.12.2016 21:00;2,00347;
Arsen;3;08.12.2016 21:00;1,24421;
Arsen;6;08.12.2016 21:00;0,801304;
Arsen;5;08.12.2016 21:00;0,707928;
Arsen;9;08.12.2016 21:00;0,587217;
Arsen;8;08.12.2016 21:00;0,413175;
Arsen;1;08.12.2016 21:00;0,358338;
Arsen;7;08.12.2016 21:00;0,0808523;
Arsen;2;08.12.2016 21:00;0,0291069;
Benzol;4;08.12.2016 21:00;2,37696;
Benzol;3;08.12.2016 21:00;1,46485;
Benzol;7;08.12.2016 21:00;0,84915;
Benzol;9;08.12.2016 21:00;0,84382;
Benzol;5;08.12.2016 21:00;0,410369;
Benzol;8;08.12.2016 21:00;0,39821;
Benzol;6;08.12.2016 21:00;0,323225;
Benzol;2;08.12.2016 21:00;0,291693;
Benzol;1;08.12.2016 21:00;0,0194788;
Anilin;4;08.12.2016 21:00;1,77749;
Anilin;3;08.12.2016 21:00;1,75473;
Anilin;8;08.12.2016 21:00;0,92822;
Anilin;7;08.12.2016 21:00;0,849916;
Anilin;9;08.12.2016 21:00;0,705588;
Anilin;2;08.12.2016 21:00;0,456639;
Anilin;1;08.12.2016 21:00;0,0909523;
Anilin;5;08.12.2016 21:00;0,0493311;
Natriumchlorid;6;08.12.2016 22:00;10,26716;
Natriumchlorid;4;08.12.2016 22:00;1,74211;
Natriumchlorid;9;08.12.2016 22:00;1,70793;
Natriumchlorid;5;08.12.2016 22:00;0,783342;
Natriumchlorid;3;08.12.2016 22:00;0,454423;
Natriumchlorid;7;08.12.2016 22:00;0,381237;
Natriumchlorid;2;08.12.2016 22:00;0,368282;
Natriumchlorid;1;08.12.2016 22:00;0,349411;
Natriumchlorid;8;08.12.2016 22:00;0,228268;
Arsen;4;08.12.2016 22:00;1,74747;
Arsen;5;08.12.2016 22:00;0,908285;
Arsen;2;08.12.2016 22:00;0,764036;
Arsen;7;08.12.2016 22:00;0,565467;
Arsen;6;08.12.2016 22:00;0,545256;
Arsen;9;08.12.2016 22:00;0,44814;
Arsen;3;08.12.2016 22:00;0,346976;
Arsen;8;08.12.2016 22:00;0,260651;
Arsen;1;08.12.2016 22:00;0,0738531;
Benzol;5;08.12.2016 22:00;1,99717;
Benzol;4;08.12.2016 22:00;1,71973;
Benzol;3;08.12.2016 22:00;0,662761;
Benzol;9;08.12.2016 22:00;0,343011;
Benzol;8;08.12.2016 22:00;0,338764;
Benzol;7;08.12.2016 22:00;0,3333;
Benzol;2;08.12.2016 22:00;0,218841;
Benzol;6;08.12.2016 22:00;0,137889;
Benzol;1;08.12.2016 22:00;0,00166649;
Anilin;6;08.12.2016 22:00;100,7764;
Anilin;4;08.12.2016 22:00;2,26753;
Anilin;3;08.12.2016 22:00;1,82838;
Anilin;9;08.12.2016 22:00;0,781418;
Anilin;2;08.12.2016 22:00;0,422547;
Anilin;5;08.12.2016 22:00;0,358999;
Anilin;1;08.12.2016 22:00;0,131317;
Anilin;8;08.12.2016 22:00;0,0224915;
Anilin;7;08.12.2016 22:00;0,016481;
Natriumchlorid;3;08.12.2016 23:00;4,15321;
Natriumchlorid;4;08.12.2016 23:00;2,07531;
Natriumchlorid;9;08.12.2016 23:00;1,35193;
Natriumchlorid;5;08.12.2016 23:00;0,829713;
Natriumchlorid;7;08.12.2016 23:00;0,454164;
Natriumchlorid;8;08.12.2016 23:00;0,449807;
Natriumchlorid;2;08.12.2016 23:00;0,428344;
Natriumchlorid;6;08.12.2016 23:00;0,238545;
Natriumchlorid;1;08.12.2016 23:00;0,219561;
Arsen;4;08.12.2016 23:00;2,14681;
Arsen;7;08.12.2016 23:00;0,914384;
Arsen;8;08.12.2016 23:00;0,763551;
Arsen;3;08.12.2016 23:00;0,723391;
Arsen;6;08.12.2016 23:00;0,591132;
Arsen;5;08.12.2016 23:00;0,415754;
Arsen;1;08.12.2016 23:00;0,327475;
Arsen;2;08.12.2016 23:00;0,319492;
Arsen;9;08.12.2016 23:00;0,189787;
Benzol;4;08.12.2016 23:00;2,27665;
Benzol;8;08.12.2016 23:00;1,01009;
Benzol;3;08.12.2016 23:00;0,688958;
Benzol;9;08.12.2016 23:00;0,597187;
Benzol;6;08.12.2016 23:00;0,475492;
Benzol;7;08.12.2016 23:00;0,448841;
Benzol;5;08.12.2016 23:00;0,416075;
Benzol;2;08.12.2016 23:00;0,366111;
Benzol;1;08.12.2016 23:00;0,0544445;
Anilin;4;08.12.2016 23:00;1,85568;
Anilin;8;08.12.2016 23:00;1,02709;
Anilin;5;08.12.2016 23:00;0,716998;
Anilin;6;08.12.2016 23:00;0,648763;
Anilin;2;08.12.2016 23:00;0,367948;
Anilin;3;08.12.2016 23:00;0,298962;
Anilin;7;08.12.2016 23:00;0,19253;
Anilin;1;08.12.2016 23:00;0,0462463;
Anilin;9;08.12.2016 23:00;0,0431142;
Natriumchlorid;3;09.12.2016 00:00;2,94088;
Natriumchlorid;4;09.12.2016 00:00;2,05749;
Natriumchlorid;5;09.12.2016 00:00;1,35045;
Natriumchlorid;9;09.12.2016 00:00;1,0764;
Natriumchlorid;8;09.12.2016 00:00;1,0612;
Natriumchlorid;2;09.12.2016 00:00;0,648813;
Natriumchlorid;6;09.12.2016 00:00;0,333843;
Natriumchlorid;7;09.12.2016 00:00;0,101611;
Natriumchlorid;1;09.12.2016 00:00;0,0775005;
Arsen;4;09.12.2016 00:00;2,07855;
Arsen;5;09.12.2016 00:00;1,0946;
Arsen;6;09.12.2016 00:00;0,634329;
Arsen;7;09.12.2016 00:00;0,43921;
Arsen;1;09.12.2016 00:00;0,359345;
Arsen;8;09.12.2016 00:00;0,302506;
Arsen;3;09.12.2016 00:00;0,24567;
Arsen;9;09.12.2016 00:00;0,206063;
Arsen;2;09.12.2016 00:00;0,0848064;
Benzol;4;09.12.2016 00:00;1,95867;
Benzol;3;09.12.2016 00:00;1,07752;
Benzol;5;09.12.2016 00:00;0,624122;
Benzol;2;09.12.2016 00:00;0,534187;
Benzol;7;09.12.2016 00:00;0,480388;
Benzol;6;09.12.2016 00:00;0,276641;
Benzol;8;09.12.2016 00:00;0,246714;
Benzol;1;09.12.2016 00:00;0,229229;
Benzol;9;09.12.2016 00:00;0,137094;
Anilin;4;09.12.2016 00:00;2,02579;
Anilin;3;09.12.2016 00:00;0,679218;
Anilin;6;09.12.2016 00:00;0,471188;
Anilin;2;09.12.2016 00:00;0,431462;
Anilin;8;09.12.2016 00:00;0,302045;
Anilin;7;09.12.2016 00:00;0,278623;
Anilin;5;09.12.2016 00:00;0,253027;
Anilin;9;09.12.2016 00:00;0,0960952;
Anilin;1;09.12.2016 00:00;0,0101202;
Natriumchlorid;3;09.12.2016 01:00;4,80655;
Natriumchlorid;4;09.12.2016 01:00;1,5733;
Natriumchlorid;9;09.12.2016 01:00;1,11514;
Natriumchlorid;5;09.12.2016 01:00;1,04933;
Natriumchlorid;2;09.12.2016 01:00;0,60984;
Natriumchlorid;8;09.12.2016 01:00;0,53513;
Natriumchlorid;7;09.12.2016 01:00;0,444784;
Natriumchlorid;6;09.12.2016 01:00;0,426508;
Natriumchlorid;1;09.12.2016 01:00;0,0884908;
Arsen;4;09.12.2016 01:00;1,98976;
Arsen;9;09.12.2016 01:00;1,39644;
Arsen;5;09.12.2016 01:00;0,676664;
Arsen;3;09.12.2016 01:00;0,482154;
Arsen;7;09.12.2016 01:00;0,318698;
Arsen;6;09.12.2016 01:00;0,304708;
Arsen;8;09.12.2016 01:00;0,130521;
Arsen;2;09.12.2016 01:00;0,109073;
Arsen;1;09.12.2016 01:00;0,088318;
Benzol;3;09.12.2016 01:00;2,06263;
Benzol;4;09.12.2016 01:00;1,84498;
Benzol;7;09.12.2016 01:00;0,770243;
Benzol;1;09.12.2016 01:00;0,666112;
Benzol;8;09.12.2016 01:00;0,489369;
Benzol;2;09.12.2016 01:00;0,479387;
Benzol;5;09.12.2016 01:00;0,47571;
Benzol;9;09.12.2016 01:00;0,323439;
Benzol;6;09.12.2016 01:00;0,277547;
Anilin;3;09.12.2016 01:00;3,3427;
Anilin;4;09.12.2016 01:00;1,75877;
Anilin;5;09.12.2016 01:00;1,03474;
Anilin;9;09.12.2016 01:00;0,9942;
Anilin;7;09.12.2016 01:00;0,981916;
Anilin;6;09.12.2016 01:00;0,644734;
Anilin;1;09.12.2016 01:00;0,413975;
Anilin;2;09.12.2016 01:00;0,287927;
Anilin;8;09.12.2016 01:00;0,0287506;
Natriumchlorid;4;09.12.2016 02:00;1,97691;
Natriumchlorid;5;09.12.2016 02:00;0,833834;
Natriumchlorid;9;09.12.2016 02:00;0,742045;
Natriumchlorid;2;09.12.2016 02:00;0,658122;
Natriumchlorid;8;09.12.2016 02:00;0,466631;
Natriumchlorid;1;09.12.2016 02:00;0,391907;
Natriumchlorid;6;09.12.2016 02:00;0,372381;
Natriumchlorid;7;09.12.2016 02:00;0,200448;
Natriumchlorid;3;09.12.2016 02:00;0,141701;
Arsen;3;09.12.2016 02:00;2,19835;
Arsen;4;09.12.2016 02:00;2,02594;
Arsen;2;09.12.2016 02:00;0,667262;
Arsen;9;09.12.2016 02:00;0,636365;
Arsen;7;09.12.2016 02:00;0,490743;
Arsen;8;09.12.2016 02:00;0,447803;
Arsen;6;09.12.2016 02:00;0,392233;
Arsen;5;09.12.2016 02:00;0,325544;
Arsen;1;09.12.2016 02:00;0,164169;
Benzol;4;09.12.2016 02:00;1,92355;
Benzol;3;09.12.2016 02:00;1,81139;
Benzol;5;09.12.2016 02:00;1,74881;
Benzol;7;09.12.2016 02:00;1,49804;
Benzol;2;09.12.2016 02:00;0,847782;
Benzol;8;09.12.2016 02:00;0,759317;
Benzol;6;09.12.2016 02:00;0,664293;
Benzol;1;09.12.2016 02:00;0,396863;
Benzol;9;09.12.2016 02:00;0,198784;
Anilin;4;09.12.2016 02:00;2,14521;
Anilin;7;09.12.2016 02:00;1,19403;
Anilin;5;09.12.2016 02:00;1,03921;
Anilin;8;09.12.2016 02:00;0,89148;
Anilin;2;09.12.2016 02:00;0,880686;
Anilin;6;09.12.2016 02:00;0,41973;
Anilin;9;09.12.2016 02:00;0,245783;
Anilin;3;09.12.2016 02:00;0,228707;
Anilin;1;09.12.2016 02:00;0,0559956;
Natriumchlorid;4;09.12.2016 03:00;2,05933;
Natriumchlorid;8;09.12.2016 03:00;1,25968;
Natriumchlorid;3;09.12.2016 03:00;1,21881;
Natriumchlorid;9;09.12.2016 03:00;0,803466;
Natriumchlorid;6;09.12.2016 03:00;0,635855;
Natriumchlorid;1;09.12.2016 03:00;0,633456;
Natriumchlorid;5;09.12.2016 03:00;0,240758;
Natriumchlorid;2;09.12.2016 03:00;0,0990465;
Natriumchlorid;7;09.12.2016 03:00;0,0448362;
Arsen;4;09.12.2016 03:00;1,84154;
Arsen;3;09.12.2016 03:00;1,44277;
Arsen;5;09.12.2016 03:00;0,980293;
Arsen;6;09.12.2016 03:00;0,589305;
Arsen;2;09.12.2016 03:00;0,564199;
Arsen;1;09.12.2016 03:00;0,545737;
Arsen;8;09.12.2016 03:00;0,281443;
Arsen;9;09.12.2016 03:00;0,0727142;
Arsen;7;09.12.2016 03:00;0,0148561;
Benzol;4;09.12.2016 03:00;1,94551;
Benzol;5;09.12.2016 03:00;0,765367;
Benzol;8;09.12.2016 03:00;0,651212;
Benzol;7;09.12.2016 03:00;0,590798;
Benzol;6;09.12.2016 03:00;0,401935;
Benzol;1;09.12.2016 03:00;0,316691;
Benzol;3;09.12.2016 03:00;0,260364;
Benzol;9;09.12.2016 03:00;0,171969;
Benzol;2;09.12.2016 03:00;0,0137582;
Anilin;4;09.12.2016 03:00;2,14931;
Anilin;5;09.12.2016 03:00;1,46053;
Anilin;2;09.12.2016 03:00;1,3466;
Anilin;3;09.12.2016 03:00;0,725774;
Anilin;8;09.12.2016 03:00;0,680446;
Anilin;1;09.12.2016 03:00;0,415171;
Anilin;9;09.12.2016 03:00;0,172796;
Anilin;6;09.12.2016 03:00;0,169845;
Anilin;7;09.12.2016 03:00;0,0625405;
Natriumchlorid;4;09.12.2016 04:00;1,60966;
Natriumchlorid;5;09.12.2016 04:00;0,962515;
Natriumchlorid;8;09.12.2016 04:00;0,703942;
Natriumchlorid;9;09.12.2016 04:00;0,574472;
Natriumchlorid;7;09.12.2016 04:00;0,496343;
Natriumchlorid;3;09.12.2016 04:00;0,356153;
Natriumchlorid;2;09.12.2016 04:00;0,253139;
Natriumchlorid;6;09.12.2016 04:00;0,241725;
Natriumchlorid;1;09.12.2016 04:00;0,0690755;
Arsen;4;09.12.2016 04:00;2,27641;
Arsen;8;09.12.2016 04:00;1,38065;
Arsen;3;09.12.2016 04:00;1,37519;
Arsen;6;09.12.2016 04:00;0,649861;
Arsen;1;09.12.2016 04:00;0,411362;
Arsen;5;09.12.2016 04:00;0,395661;
Arsen;9;09.12.2016 04:00;0,330915;
Arsen;7;09.12.2016 04:00;0,126562;
Arsen;2;09.12.2016 04:00;0,108619;
Benzol;4;09.12.2016 04:00;1,88318;
Benzol;9;09.12.2016 04:00;0,673007;
Benzol;3;09.12.2016 04:00;0,459835;
Benzol;7;09.12.2016 04:00;0,347099;
Benzol;8;09.12.2016 04:00;0,327373;
Benzol;1;09.12.2016 04:00;0,196305;
Benzol;2;09.12.2016 04:00;0,147571;
Benzol;6;09.12.2016 04:00;0,133715;
Benzol;5;09.12.2016 04:00;0,0289072;
Anilin;3;09.12.2016 04:00;3,50679;
Anilin;4;09.12.2016 04:00;1,75492;
Anilin;7;09.12.2016 04:00;1,65708;
Anilin;9;09.12.2016 04:00;0,814993;
Anilin;2;09.12.2016 04:00;0,706811;
Anilin;8;09.12.2016 04:00;0,587572;
Anilin;5;09.12.2016 04:00;0,352526;
Anilin;1;09.12.2016 04:00;0,132338;
Anilin;6;09.12.2016 04:00;0,0596571;
Natriumchlorid;4;09.12.2016 05:00;2,07706;
Natriumchlorid;3;09.12.2016 05:00;0,874738;
Natriumchlorid;6;09.12.2016 05:00;0,286433;
Natriumchlorid;1;09.12.2016 05:00;0,258144;
Natriumchlorid;7;09.12.2016 05:00;0,218434;
Natriumchlorid;8;09.12.2016 05:00;0,205878;
Natriumchlorid;2;09.12.2016 05:00;0,157351;
Natriumchlorid;5;09.12.2016 05:00;0,090408;
Natriumchlorid;9;09.12.2016 05:00;0,0580281;
Arsen;3;09.12.2016 05:00;1,95924;
Arsen;4;09.12.2016 05:00;1,81528;
Arsen;9;09.12.2016 05:00;0,660307;
Arsen;2;09.12.2016 05:00;0,544182;
Arsen;8;09.12.2016 05:00;0,450053;
Arsen;6;09.12.2016 05:00;0,43206;
Arsen;1;09.12.2016 05:00;0,137641;
Arsen;5;09.12.2016 05:00;0,10271;
Arsen;7;09.12.2016 05:00;0,020705;
Benzol;4;09.12.2016 05:00;1,77593;
Benzol;3;09.12.2016 05:00;1,56335;
Benzol;7;09.12.2016 05:00;1,49113;
Benzol;5;09.12.2016 05:00;0,974675;
Benzol;9;09.12.2016 05:00;0,63374;
Benzol;2;09.12.2016 05:00;0,544049;
Benzol;8;09.12.2016 05:00;0,538831;
Benzol;6;09.12.2016 05:00;0,312538;
Benzol;1;09.12.2016 05:00;0,137131;
Anilin;4;09.12.2016 05:00;2,2124;
Anilin;3;09.12.2016 05:00;1,55762;
Anilin;9;09.12.2016 05:00;0,942029;
Anilin;8;09.12.2016 05:00;0,912183;
Anilin;6;09.12.2016 05:00;0,662039;
Anilin;2;09.12.2016 05:00;0,529955;
Anilin;7;09.12.2016 05:00;0,37049;
Anilin;5;09.12.2016 05:00;0,338578;
Anilin;1;09.12.2016 05:00;0,244826;
Natriumchlorid;4;09.12.2016 06:00;2,06079;
Natriumchlorid;3;09.12.2016 06:00;1,38502;
Natriumchlorid;8;09.12.2016 06:00;0,503198;
Natriumchlorid;2;09.12.2016 06:00;0,368683;
Natriumchlorid;9;09.12.2016 06:00;0,302274;
Natriumchlorid;6;09.12.2016 06:00;0,259435;
Natriumchlorid;1;09.12.2016 06:00;0,25024;
Natriumchlorid;7;09.12.2016 06:00;0,233802;
Natriumchlorid;5;09.12.2016 06:00;0,0991434;
Arsen;4;09.12.2016 06:00;1,83441;
Arsen;9;09.12.2016 06:00;1,19706;
Arsen;7;09.12.2016 06:00;0,506027;
Arsen;3;09.12.2016 06:00;0,436079;
Arsen;6;09.12.2016 06:00;0,363111;
Arsen;2;09.12.2016 06:00;0,321182;
Arsen;5;09.12.2016 06:00;0,284129;
Arsen;8;09.12.2016 06:00;0,228;
Arsen;1;09.12.2016 06:00;0,119804;
Benzol;4;09.12.2016 06:00;2,02645;
Benzol;3;09.12.2016 06:00;1,59128;
Benzol;5;09.12.2016 06:00;0,522777;
Benzol;7;09.12.2016 06:00;0,150372;
Benzol;8;09.12.2016 06:00;0,136709;
Benzol;9;09.12.2016 06:00;0,0696793;
Benzol;6;09.12.2016 06:00;0,0506874;
Benzol;2;09.12.2016 06:00;0,0406693;
Benzol;1;09.12.2016 06:00;0,0248375;
Anilin;4;09.12.2016 06:00;2,04408;
Anilin;5;09.12.2016 06:00;1,32647;
Anilin;9;09.12.2016 06:00;0,790514;
Anilin;8;09.12.2016 06:00;0,667486;
Anilin;3;09.12.2016 06:00;0,555381;
Anilin;2;09.12.2016 06:00;0,395057;
Anilin;7;09.12.2016 06:00;0,293545;
Anilin;6;09.12.2016 06:00;0,195416;
Anilin;1;09.12.2016 06:00;0,00360585;
Natriumchlorid;6;09.12.2016 07:00;70,82454;
Natriumchlorid;6;09.12.2016 07:00;7,13967;
Natriumchlorid;7;09.12.2016 07:00;2,24869;
Natriumchlorid;4;09.12.2016 07:00;1,9743;
Natriumchlorid;3;09.12.2016 07:00;1,37814;
Natriumchlorid;2;09.12.2016 07:00;0,354176;
Natriumchlorid;9;09.12.2016 07:00;0,205717;
Natriumchlorid;5;09.12.2016 07:00;0,200714;
Natriumchlorid;1;09.12.2016 07:00;0,0627985;
Natriumchlorid;8;09.12.2016 07:00;0,0171555;
Arsen;3;09.12.2016 07:00;4,28815;
Arsen;4;09.12.2016 07:00;1,93024;
Arsen;5;09.12.2016 07:00;1,57298;
Arsen;7;09.12.2016 07:00;0,719071;
Arsen;8;09.12.2016 07:00;0,593984;
Arsen;2;09.12.2016 07:00;0,510974;
Arsen;6;09.12.2016 07:00;0,509492;
Arsen;9;09.12.2016 07:00;0,487095;
Arsen;1;09.12.2016 07:00;0,0712856;
Benzol;7;09.12.2016 07:00;2,50792;
Benzol;4;09.12.2016 07:00;1,93142;
Benzol;8;09.12.2016 07:00;0,823153;
Benzol;9;09.12.2016 07:00;0,744772;
Benzol;6;09.12.2016 07:00;0,663125;
Benzol;2;09.12.2016 07:00;0,645099;
Benzol;3;09.12.2016 07:00;0,626723;
Benzol;5;09.12.2016 07:00;0,240258;
Benzol;1;09.12.2016 07:00;0,0607923;
Anilin;3;09.12.2016 07:00;3,5382;
Anilin;4;09.12.2016 07:00;2,19548;
Anilin;7;09.12.2016 07:00;1,84626;
Anilin;8;09.12.2016 07:00;0,410145;
Anilin;5;09.12.2016 07:00;0,326171;
Anilin;1;09.12.2016 07:00;0,143176;
Anilin;9;09.12.2016 07:00;0,118549;
Anilin;2;09.12.2016 07:00;0,0391777;
Natriumchlorid;4;09.12.2016 08:00;2,15763;
Natriumchlorid;3;09.12.2016 08:00;1,92337;
Natriumchlorid;6;09.12.2016 08:00;0,680088;
Natriumchlorid;8;09.12.2016 08:00;0,501617;
Natriumchlorid;9;09.12.2016 08:00;0,478848;
Natriumchlorid;2;09.12.2016 08:00;0,402078;
Natriumchlorid;7;09.12.2016 08:00;0,25044;
Natriumchlorid;1;09.12.2016 08:00;0,11053;
Natriumchlorid;5;09.12.2016 08:00;0,0115839;
Arsen;4;09.12.2016 08:00;1,70614;
Arsen;3;09.12.2016 08:00;1,0604;
Arsen;2;09.12.2016 08:00;0,64272;
Arsen;6;09.12.2016 08:00;0,474409;
Arsen;8;09.12.2016 08:00;0,295047;
Arsen;9;09.12.2016 08:00;0,220222;
Arsen;7;09.12.2016 08:00;0,107669;
Arsen;5;09.12.2016 08:00;0,0401714;
Arsen;1;09.12.2016 08:00;0,0314355;
Benzol;4;09.12.2016 08:00;2,12068;
Benzol;3;09.12.2016 08:00;0,665758;
Benzol;5;09.12.2016 08:00;0,585233;
Benzol;9;09.12.2016 08:00;0,40005;
Benzol;8;09.12.2016 08:00;0,349052;
Benzol;6;09.12.2016 08:00;0,265088;
Benzol;2;09.12.2016 08:00;0,205523;
Benzol;1;09.12.2016 08:00;0,0213925;
Benzol;7;09.12.2016 08:00;0,00286559;
Anilin;4;09.12.2016 08:00;1,69748;
Anilin;8;09.12.2016 08:00;1,01554;
Anilin;9;09.12.2016 08:00;0,949047;
Anilin;3;09.12.2016 08:00;0,91955;
Anilin;1;09.12.2016 08:00;0,532048;
Anilin;5;09.12.2016 08:00;0,349892;
Anilin;6;09.12.2016 08:00;0,302353;
Anilin;7;09.12.2016 08:00;0,214723;
Anilin;2;09.12.2016 08:00;0,205673;
Natriumchlorid;4;09.12.2016 09:00;1,76284;
Natriumchlorid;3;09.12.2016 09:00;1,25123;
Natriumchlorid;9;09.12.2016 09:00;0,983741;
Natriumchlorid;7;09.12.2016 09:00;0,863054;
Natriumchlorid;2;09.12.2016 09:00;0,665511;
Natriumchlorid;5;09.12.2016 09:00;0,387448;
Natriumchlorid;6;09.12.2016 09:00;0,306282;
Natriumchlorid;1;09.12.2016 09:00;0,13803;
Natriumchlorid;8;09.12.2016 09:00;0,0804078;
Arsen;4;09.12.2016 09:00;1,81418;
Arsen;3;09.12.2016 09:00;0,949717;
Arsen;8;09.12.2016 09:00;0,747116;
Arsen;6;09.12.2016 09:00;0,522823;
Arsen;2;09.12.2016 09:00;0,422425;
Arsen;9;09.12.2016 09:00;0,397987;
Arsen;5;09.12.2016 09:00;0,394542;
Arsen;1;09.12.2016 09:00;0,294915;
Arsen;7;09.12.2016 09:00;0,0100014;
Benzol;3;09.12.2016 09:00;2,21694;
Benzol;5;09.12.2016 09:00;1,6905;
Benzol;4;09.12.2016 09:00;1,6315;
Benzol;7;09.12.2016 09:00;0,851095;
Benzol;2;09.12.2016 09:00;0,65187;
Benzol;6;09.12.2016 09:00;0,478177;
Benzol;9;09.12.2016 09:00;0,158267;
Benzol;8;09.12.2016 09:00;0,0990543;
Benzol;1;09.12.2016 09:00;0,0655485;
Anilin;3;09.12.2016 09:00;1,99257;
Anilin;4;09.12.2016 09:00;1,88473;
Anilin;5;09.12.2016 09:00;0,500352;
Anilin;1;09.12.2016 09:00;0,459249;
Anilin;6;09.12.2016 09:00;0,440084;
Anilin;9;09.12.2016 09:00;0,436499;
Anilin;2;09.12.2016 09:00;0,353155;
Anilin;8;09.12.2016 09:00;0,348065;
Anilin;7;09.12.2016 09:00;0,105599;
Natriumchlorid;4;09.12.2016 10:00;1,80772;
Natriumchlorid;5;09.12.2016 10:00;0,884841;
Natriumchlorid;1;09.12.2016 10:00;0,620747;
Natriumchlorid;7;09.12.2016 10:00;0,542016;
Natriumchlorid;6;09.12.2016 10:00;0,540654;
Natriumchlorid;9;09.12.2016 10:00;0,188745;
Natriumchlorid;3;09.12.2016 10:00;0,182563;
Natriumchlorid;8;09.12.2016 10:00;0,10153;
Natriumchlorid;2;09.12.2016 10:00;0,0274293;
Arsen;4;09.12.2016 10:00;2,00377;
Arsen;9;09.12.2016 10:00;0,75624;
Arsen;6;09.12.2016 10:00;0,516075;
Arsen;2;09.12.2016 10:00;0,492788;
Arsen;1;09.12.2016 10:00;0,384943;
Arsen;5;09.12.2016 10:00;0,294524;
Arsen;8;09.12.2016 10:00;0,283551;
Arsen;3;09.12.2016 10:00;0,205817;
Arsen;7;09.12.2016 10:00;0,129771;
Benzol;4;09.12.2016 10:00;2,16884;
Benzol;3;09.12.2016 10:00;1,60484;
Benzol;9;09.12.2016 10:00;1,12185;
Benzol;2;09.12.2016 10:00;0,650194;
Benzol;6;09.12.2016 10:00;0,498544;
Benzol;5;09.12.2016 10:00;0,480818;
Benzol;7;09.12.2016 10:00;0,407595;
Benzol;8;09.12.2016 10:00;0,290335;
Benzol;1;09.12.2016 10:00;0,27643;
Anilin;3;09.12.2016 10:00;2,3862;
Anilin;4;09.12.2016 10:00;2,07542;
Anilin;1;09.12.2016 10:00;0,724029;
Anilin;6;09.12.2016 10:00;0,498078;
Anilin;8;09.12.2016 10:00;0,430951;
Anilin;5;09.12.2016 10:00;0,414405;
Anilin;7;09.12.2016 10:00;0,216682;
Anilin;9;09.12.2016 10:00;0,1602;
Anilin;2;09.12.2016 10:00;0,0761199;
Natriumchlorid;4;09.12.2016 11:00;1,96232;
Natriumchlorid;2;09.12.2016 11:00;0,664129;
Natriumchlorid;3;09.12.2016 11:00;0,648775;
Natriumchlorid;1;09.12.2016 11:00;0,457908;
Natriumchlorid;8;09.12.2016 11:00;0,345433;
Natriumchlorid;5;09.12.2016 11:00;0,279552;
Natriumchlorid;6;09.12.2016 11:00;0,131998;
Natriumchlorid;9;09.12.2016 11:00;0,114083;
Natriumchlorid;7;09.12.2016 11:00;0,00847707;
Arsen;3;09.12.2016 11:00;2,70614;
Arsen;4;09.12.2016 11:00;1,91992;
Arsen;6;09.12.2016 11:00;0,576746;
Arsen;2;09.12.2016 11:00;0,546938;
Arsen;7;09.12.2016 11:00;0,444363;
Arsen;9;09.12.2016 11:00;0,437407;
Arsen;1;09.12.2016 11:00;0,237169;
Arsen;5;09.12.2016 11:00;0,163963;
Arsen;8;09.12.2016 11:00;0,105381;
Benzol;3;09.12.2016 11:00;6,9696;
Benzol;4;09.12.2016 11:00;2,14806;
Benzol;7;09.12.2016 11:00;1,94838;
Benzol;6;09.12.2016 11:00;0,833618;
Benzol;8;09.12.2016 11:00;0,605771;
Benzol;1;09.12.2016 11:00;0,47895;
Benzol;9;09.12.2016 11:00;0,459057;
Benzol;2;09.12.2016 11:00;0,458786;
Benzol;5;09.12.2016 11:00;0,0950624;
Anilin;4;09.12.2016 11:00;2,05544;
Anilin;3;09.12.2016 11:00;1,13635;
Anilin;5;09.12.2016 11:00;0,52623;
Anilin;6;09.12.2016 11:00;0,445548;
Anilin;2;09.12.2016 11:00;0,362948;
Anilin;9;09.12.2016 11:00;0,34776;
Anilin;1;09.12.2016 11:00;0,308711;
Anilin;8;09.12.2016 11:00;0,300878;
Anilin;7;09.12.2016 11:00;0,0647606;
Natriumchlorid;4;09.12.2016 12:00;2,28575;
Natriumchlorid;7;09.12.2016 12:00;1,85958;
Natriumchlorid;9;09.12.2016 12:00;1,17768;
Natriumchlorid;3;09.12.2016 12:00;1,00571;
Natriumchlorid;5;09.12.2016 12:00;0,882591;
Natriumchlorid;8;09.12.2016 12:00;0,488836;
Natriumchlorid;6;09.12.2016 12:00;0,392218;
Natriumchlorid;1;09.12.2016 12:00;0,278144;
Natriumchlorid;2;09.12.2016 12:00;0,274308;
Arsen;3;09.12.2016 12:00;2,4943;
Arsen;4;09.12.2016 12:00;1,73507;
Arsen;9;09.12.2016 12:00;0,737329;
Arsen;6;09.12.2016 12:00;0,674763;
Arsen;5;09.12.2016 12:00;0,633902;
Arsen;2;09.12.2016 12:00;0,626002;
Arsen;7;09.12.2016 12:00;0,24994;
Arsen;8;09.12.2016 12:00;0,240504;
Arsen;1;09.12.2016 12:00;0,118393;
Benzol;4;09.12.2016 12:00;2,16684;
Benzol;8;09.12.2016 12:00;1,12021;
Benzol;3;09.12.2016 12:00;0,834464;
Benzol;5;09.12.2016 12:00;0,717283;
Benzol;9;09.12.2016 12:00;0,697452;
Benzol;7;09.12.2016 12:00;0,516815;
Benzol;6;09.12.2016 12:00;0,0713041;
Benzol;1;09.12.2016 12:00;0,0383576;
Benzol;2;09.12.2016 12:00;0,0271269;
Anilin;4;09.12.2016 12:00;2,48804;
Anilin;6;09.12.2016 12:00;0,428515;
Anilin;8;09.12.2016 12:00;0,334238;
Anilin;3;09.12.2016 12:00;0,307163;
Anilin;1;09.12.2016 12:00;0,272837;
Anilin;5;09.12.2016 12:00;0,264726;
Anilin;2;09.12.2016 12:00;0,153266;
Anilin;9;09.12.2016 12:00;0,0464176;
Anilin;7;09.12.2016 12:00;0,0378454;
Natriumchlorid;4;09.12.2016 13:00;2,10095;
Natriumchlorid;3;09.12.2016 13:00;2,05334;
Natriumchlorid;5;09.12.2016 13:00;0,858266;
Natriumchlorid;9;09.12.2016 13:00;0,570854;
Natriumchlorid;8;09.12.2016 13:00;0,441367;
Natriumchlorid;1;09.12.2016 13:00;0,421587;
Natriumchlorid;6;09.12.2016 13:00;0,248702;
Natriumchlorid;2;09.12.2016 13:00;0,189733;
Natriumchlorid;7;09.12.2016 13:00;0,10878;
Arsen;4;09.12.2016 13:00;1,76755;
Arsen;5;09.12.2016 13:00;1,11699;
Arsen;3;09.12.2016 13:00;0,680694;
Arsen;8;09.12.2016 13:00;0,56748;
Arsen;6;09.12.2016 13:00;0,346136;
Arsen;9;09.12.2016 13:00;0,218753;
Arsen;1;09.12.2016 13:00;0,208838;
Arsen;7;09.12.2016 13:00;0,168924;
Arsen;2;09.12.2016 13:00;0,00646317;
Benzol;4;09.12.2016 13:00;1,87301;
Benzol;3;09.12.2016 13:00;1,66634;
Benzol;9;09.12.2016 13:00;0,574528;
Benzol;6;09.12.2016 13:00;0,482089;
Benzol;1;09.12.2016 13:00;0,481935;
Benzol;5;09.12.2016 13:00;0,465587;
Benzol;8;09.12.2016 13:00;0,390468;
Benzol;7;09.12.2016 13:00;0,227106;
Benzol;2;09.12.2016 13:00;0,203988;
Anilin;4;09.12.2016 13:00;1,87156;
Anilin;3;09.12.2016 13:00;0,410664;
Anilin;2;09.12.2016 13:00;0,392952;
Anilin;9;09.12.2016 13:00;0,357646;
Anilin;8;09.12.2016 13:00;0,290303;
Anilin;7;09.12.2016 13:00;0,286725;
Anilin;6;09.12.2016 13:00;0,20656;
Anilin;5;09.12.2016 13:00;0,0217326;
Anilin;1;09.12.2016 13:00;0,00276002;
Natriumchlorid;4;09.12.2016 14:00;1,86603;
Natriumchlorid;7;09.12.2016 14:00;1,01539;
Natriumchlorid;3;09.12.2016 14:00;0,849692;
Natriumchlorid;6;09.12.2016 14:00;0,331268;
Natriumchlorid;9;09.12.2016 14:00;0,26262;
Natriumchlorid;5;09.12.2016 14:00;0,13713;
Natriumchlorid;2;09.12.2016 14:00;0,128461;
Natriumchlorid;1;09.12.2016 14:00;0,0973438;
Natriumchlorid;8;09.12.2016 14:00;0,0179419;
Arsen;4;09.12.2016 14:00;1,91457;
Arsen;3;09.12.2016 14:00;1,13101;
Arsen;7;09.12.2016 14:00;0,93374;
Arsen;9;09.12.2016 14:00;0,528582;
Arsen;6;09.12.2016 14:00;0,237611;
Arsen;5;09.12.2016 14:00;0,150972;
Arsen;2;09.12.2016 14:00;0,110642;
Arsen;8;09.12.2016 14:00;0,0282201;
Arsen;1;09.12.2016 14:00;0,0243205;
Benzol;4;09.12.2016 14:00;1,92218;
Benzol;3;09.12.2016 14:00;1,40296;
Benzol;8;09.12.2016 14:00;1,02232;
Benzol;5;09.12.2016 14:00;0,988536;
Benzol;7;09.12.2016 14:00;0,57615;
Benzol;9;09.12.2016 14:00;0,480847;
Benzol;1;09.12.2016 14:00;0,0868546;
Benzol;6;09.12.2016 14:00;0,0762799;
Benzol;2;09.12.2016 14:00;0,0736406;
Anilin;3;09.12.2016 14:00;2,11994;
Anilin;4;09.12.2016 14:00;1,995;
Anilin;8;09.12.2016 14:00;0,760282;
Anilin;6;09.12.2016 14:00;0,589233;
Anilin;5;09.12.2016 14:00;0,573404;
Anilin;9;09.12.2016 14:00;0,371371;
Anilin;2;09.12.2016 14:00;0,338872;
Anilin;1;09.12.2016 14:00;0,322195;
Anilin;7;09.12.2016 14:00;0,26292;
Natriumchlorid;4;09.12.2016 15:00;2,19587;
Natriumchlorid;7;09.12.2016 15:00;0,868111;
Natriumchlorid;2;09.12.2016 15:00;0,780205;
Natriumchlorid;6;09.12.2016 15:00;0,565386;
Natriumchlorid;5;09.12.2016 15:00;0,542454;
Natriumchlorid;8;09.12.2016 15:00;0,461269;
Natriumchlorid;3;09.12.2016 15:00;0,291645;
Natriumchlorid;9;09.12.2016 15:00;0,0999921;
Natriumchlorid;1;09.12.2016 15:00;0,00536027;
Arsen;4;09.12.2016 15:00;1,88674;
Arsen;5;09.12.2016 15:00;1,82886;
Arsen;8;09.12.2016 15:00;0,76369;
Arsen;6;09.12.2016 15:00;0,613649;
Arsen;9;09.12.2016 15:00;0,489132;
Arsen;3;09.12.2016 15:00;0,313472;
Arsen;1;09.12.2016 15:00;0,299651;
Arsen;2;09.12.2016 15:00;0,0893177;
Arsen;7;09.12.2016 15:00;0,0417574;
Benzol;4;09.12.2016 15:00;1,93502;
Benzol;5;09.12.2016 15:00;0,570178;
Benzol;6;09.12.2016 15:00;0,52994;
Benzol;3;09.12.2016 15:00;0,235517;
Benzol;7;09.12.2016 15:00;0,212909;
Benzol;8;09.12.2016 15:00;0,117633;
Benzol;9;09.12.2016 15:00;0,104004;
Benzol;1;09.12.2016 15:00;0,0821827;
Benzol;2;09.12.2016 15:00;0,0595131;
Anilin;3;09.12.2016 15:00;5,02227;
Anilin;4;09.12.2016 15:00;2,18063;
Anilin;5;09.12.2016 15:00;1,59473;
Anilin;2;09.12.2016 15:00;0,914099;
Anilin;8;09.12.2016 15:00;0,911697;
Anilin;6;09.12.2016 15:00;0,393688;
Anilin;1;09.12.2016 15:00;0,217425;
Anilin;9;09.12.2016 15:00;0,0666861;
Anilin;7;09.12.2016 15:00;0,00466901;
Natriumchlorid;4;09.12.2016 16:00;1,6648;
Natriumchlorid;3;09.12.2016 16:00;1,42563;
Natriumchlorid;6;09.12.2016 16:00;0,523452;
Natriumchlorid;9;09.12.2016 16:00;0,502178;
Natriumchlorid;5;09.12.2016 16:00;0,400209;
Natriumchlorid;7;09.12.2016 16:00;0,120063;
Natriumchlorid;1;09.12.2016 16:00;0,112538;
Natriumchlorid;8;09.12.2016 16:00;0,0601325;
Natriumchlorid;2;09.12.2016 16:00;0,0285738;
Arsen;4;09.12.2016 16:00;1,82988;
Arsen;3;09.12.2016 16:00;1,06016;
Arsen;5;09.12.2016 16:00;0,774584;
Arsen;1;09.12.2016 16:00;0,435457;
Arsen;8;09.12.2016 16:00;0,301887;
Arsen;2;09.12.2016 16:00;0,153892;
Arsen;7;09.12.2016 16:00;0,120159;
Arsen;9;09.12.2016 16:00;0,0994949;
Arsen;6;09.12.2016 16:00;0,00563464;
Benzol;4;09.12.2016 16:00;2,00913;
Benzol;3;09.12.2016 16:00;1,54933;
Benzol;5;09.12.2016 16:00;1,23572;
Benzol;9;09.12.2016 16:00;0,772817;
Benzol;8;09.12.2016 16:00;0,407818;
Benzol;1;09.12.2016 16:00;0,352485;
Benzol;2;09.12.2016 16:00;0,251441;
Benzol;6;09.12.2016 16:00;0,230706;
Benzol;7;09.12.2016 16:00;0,0661679;
Anilin;4;09.12.2016 16:00;1,83162;
Anilin;9;09.12.2016 16:00;1,04979;
Anilin;3;09.12.2016 16:00;0,753141;
Anilin;2;09.12.2016 16:00;0,747723;
Anilin;6;09.12.2016 16:00;0,49794;
Anilin;8;09.12.2016 16:00;0,369877;
Anilin;7;09.12.2016 16:00;0,111935;
Anilin;1;09.12.2016 16:00;0,100664;
Anilin;5;09.12.2016 16:00;0,0672356;
Natriumchlorid;4;09.12.2016 17:00;1,82714;
Natriumchlorid;8;09.12.2016 17:00;1,18528;
Natriumchlorid;3;09.12.2016 17:00;1,08039;
Natriumchlorid;9;09.12.2016 17:00;0,930336;
Natriumchlorid;7;09.12.2016 17:00;0,803102;
Natriumchlorid;2;09.12.2016 17:00;0,780994;
Natriumchlorid;5;09.12.2016 17:00;0,774647;
Natriumchlorid;1;09.12.2016 17:00;0,409394;
Natriumchlorid;6;09.12.2016 17:00;0,210528;
Arsen;4;09.12.2016 17:00;2,08987;
Arsen;7;09.12.2016 17:00;0,826595;
Arsen;2;09.12.2016 17:00;0,680597;
Arsen;3;09.12.2016 17:00;0,465975;
Arsen;6;09.12.2016 17:00;0,306606;
Arsen;9;09.12.2016 17:00;0,213105;
Arsen;5;09.12.2016 17:00;0,153281;
Arsen;1;09.12.2016 17:00;0,0698709;
Arsen;8;09.12.2016 17:00;0,0625726;
Benzol;4;09.12.2016 17:00;1,79866;
Benzol;5;09.12.2016 17:00;1,16488;
Benzol;9;09.12.2016 17:00;0,836741;
Benzol;3;09.12.2016 17:00;0,765543;
Benzol;8;09.12.2016 17:00;0,573108;
Benzol;2;09.12.2016 17:00;0,31974;
Benzol;6;09.12.2016 17:00;0,238736;
Benzol;7;09.12.2016 17:00;0,180165;
Benzol;1;09.12.2016 17:00;0,0118656;
Anilin;4;09.12.2016 17:00;1,97025;
Anilin;7;09.12.2016 17:00;0,58022;
Anilin;8;09.12.2016 17:00;0,524774;
Anilin;5;09.12.2016 17:00;0,506193;
Anilin;6;09.12.2016 17:00;0,464141;
Anilin;3;09.12.2016 17:00;0,429527;
Anilin;1;09.12.2016 17:00;0,0760113;
Anilin;9;09.12.2016 17:00;0,0202447;
Anilin;2;09.12.2016 17:00;0,00999883;
Natriumchlorid;4;09.12.2016 18:00;1,90503;
Natriumchlorid;3;09.12.2016 18:00;1,46414;
Natriumchlorid;9;09.12.2016 18:00;1,01618;
Natriumchlorid;5;09.12.2016 18:00;0,949863;
Natriumchlorid;8;09.12.2016 18:00;0,792535;
Natriumchlorid;2;09.12.2016 18:00;0,643569;
Natriumchlorid;6;09.12.2016 18:00;0,322698;
Natriumchlorid;7;09.12.2016 18:00;0,0708305;
Natriumchlorid;1;09.12.2016 18:00;0,0667158;
Arsen;3;09.12.2016 18:00;2,49928;
Arsen;4;09.12.2016 18:00;2,27242;
Arsen;8;09.12.2016 18:00;1,0328;
Arsen;7;09.12.2016 18:00;0,592908;
Arsen;2;09.12.2016 18:00;0,479235;
Arsen;9;09.12.2016 18:00;0,341315;
Arsen;1;09.12.2016 18:00;0,259838;
Arsen;5;09.12.2016 18:00;0,255543;
Arsen;6;09.12.2016 18:00;0,128195;
Benzol;4;09.12.2016 18:00;1,99762;
Benzol;5;09.12.2016 18:00;1,0101;
Benzol;8;09.12.2016 18:00;0,942917;
Benzol;3;09.12.2016 18:00;0,729658;
Benzol;9;09.12.2016 18:00;0,607161;
Benzol;7;09.12.2016 18:00;0,345681;
Benzol;1;09.12.2016 18:00;0,302258;
Benzol;2;09.12.2016 18:00;0,224909;
Benzol;6;09.12.2016 18:00;0,218825;
Anilin;4;09.12.2016 18:00;1,84459;
Anilin;5;09.12.2016 18:00;1,21765;
Anilin;3;09.12.2016 18:00;0,438434;
Anilin;7;09.12.2016 18:00;0,366069;
Anilin;8;09.12.2016 18:00;0,362422;
Anilin;6;09.12.2016 18:00;0,332662;
Anilin;9;09.12.2016 18:00;0,211773;
Anilin;1;09.12.2016 18:00;0,136438;
Anilin;2;09.12.2016 18:00;0,0861088;
Natriumchlorid;4;09.12.2016 19:00;1,95598;
Natriumchlorid;5;09.12.2016 19:00;1,5065;
Natriumchlorid;3;09.12.2016 19:00;0,907439;
Natriumchlorid;7;09.12.2016 19:00;0,826647;
Natriumchlorid;6;09.12.2016 19:00;0,509119;
Natriumchlorid;8;09.12.2016 19:00;0,338204;
Natriumchlorid;2;09.12.2016 19:00;0,244383;
Natriumchlorid;9;09.12.2016 19:00;0,186068;
Natriumchlorid;1;09.12.2016 19:00;0,165552;
Arsen;3;09.12.2016 19:00;5,65382;
Arsen;4;09.12.2016 19:00;1,98888;
Arsen;8;09.12.2016 19:00;1,04597;
Arsen;5;09.12.2016 19:00;0,489988;
Arsen;1;09.12.2016 19:00;0,444314;
Arsen;6;09.12.2016 19:00;0,432959;
Arsen;7;09.12.2016 19:00;0,422078;
Arsen;9;09.12.2016 19:00;0,0286287;
Arsen;2;09.12.2016 19:00;0,0212966;
Benzol;4;09.12.2016 19:00;2,06051;
Benzol;3;09.12.2016 19:00;1,28818;
Benzol;7;09.12.2016 19:00;0,910512;
Benzol;9;09.12.2016 19:00;0,825093;
Benzol;8;09.12.2016 19:00;0,577285;
Benzol;5;09.12.2016 19:00;0,451926;
Benzol;6;09.12.2016 19:00;0,211078;
Benzol;1;09.12.2016 19:00;0,146548;
Benzol;2;09.12.2016 19:00;0,063557;
Anilin;4;09.12.2016 19:00;1,9553;
Anilin;5;09.12.2016 19:00;1,17629;
Anilin;2;09.12.2016 19:00;0,950711;
Anilin;3;09.12.2016 19:00;0,8577;
Anilin;8;09.12.2016 19:00;0,818523;
Anilin;6;09.12.2016 19:00;0,638171;
Anilin;1;09.12.2016 19:00;0,245312;
Anilin;9;09.12.2016 19:00;0,0862031;
Anilin;7;09.12.2016 19:00;0,0732135;
Natriumchlorid;4;09.12.2016 20:00;1,93102;
Natriumchlorid;5;09.12.2016 20:00;1,26694;
Natriumchlorid;3;09.12.2016 20:00;1,09079;
Natriumchlorid;9;09.12.2016 20:00;0,939431;
Natriumchlorid;2;09.12.2016 20:00;0,606698;
Natriumchlorid;6;09.12.2016 20:00;0,364277;
Natriumchlorid;8;09.12.2016 20:00;0,342969;
Natriumchlorid;1;09.12.2016 20:00;0,114218;
Natriumchlorid;7;09.12.2016 20:00;0,0660801;
Arsen;4;09.12.2016 20:00;1,77629;
Arsen;7;09.12.2016 20:00;1,31717;
Arsen;9;09.12.2016 20:00;0,611618;
Arsen;6;09.12.2016 20:00;0,368777;
Arsen;3;09.12.2016 20:00;0,324136;
Arsen;2;09.12.2016 20:00;0,259836;
Arsen;5;09.12.2016 20:00;0,0518623;
Arsen;1;09.12.2016 20:00;0,0454018;
Arsen;8;09.12.2016 20:00;0,0290326;
Benzol;4;09.12.2016 20:00;2,1198;
Benzol;3;09.12.2016 20:00;1,52022;
Benzol;5;09.12.2016 20:00;0,900687;
Benzol;7;09.12.2016 20:00;0,699995;
Benzol;6;09.12.2016 20:00;0,691378;
Benzol;2;09.12.2016 20:00;0,186976;
Benzol;9;09.12.2016 20:00;0,184902;
Benzol;1;09.12.2016 20:00;0,141472;
Benzol;8;09.12.2016 20:00;0,100935;
Anilin;4;09.12.2016 20:00;1,90116;
Anilin;5;09.12.2016 20:00;1,03733;
Anilin;3;09.12.2016 20:00;0,946062;
Anilin;7;09.12.2016 20:00;0,720213;
Anilin;8;09.12.2016 20:00;0,409502;
Anilin;2;09.12.2016 20:00;0,322063;
Anilin;1;09.12.2016 20:00;0,141328;
Anilin;9;09.12.2016 20:00;0,116437;
Anilin;6;09.12.2016 20:00;0,0533043;
Natriumchlorid;3;09.12.2016 21:00;2,7044;
Natriumchlorid;4;09.12.2016 21:00;1,8534;
Natriumchlorid;5;09.12.2016 21:00;0,367446;
Natriumchlorid;9;09.12.2016 21:00;0,31521;
Natriumchlorid;2;09.12.2016 21:00;0,256846;
Natriumchlorid;1;09.12.2016 21:00;0,206419;
Natriumchlorid;8;09.12.2016 21:00;0,191639;
Natriumchlorid;7;09.12.2016 21:00;0,121692;
Natriumchlorid;6;09.12.2016 21:00;0,0907245;
Arsen;3;09.12.2016 21:00;3,07874;
Arsen;4;09.12.2016 21:00;2,2294;
Arsen;9;09.12.2016 21:00;1,10657;
Arsen;5;09.12.2016 21:00;0,905658;
Arsen;8;09.12.2016 21:00;0,603609;
Arsen;2;09.12.2016 21:00;0,410712;
Arsen;1;09.12.2016 21:00;0,153352;
Arsen;6;09.12.2016 21:00;0,132336;
Arsen;7;09.12.2016 21:00;0,0282382;
Benzol;4;09.12.2016 21:00;1,7363;
Benzol;8;09.12.2016 21:00;0,564146;
Benzol;5;09.12.2016 21:00;0,521206;
Benzol;6;09.12.2016 21:00;0,515677;
Benzol;9;09.12.2016 21:00;0,267361;
Benzol;3;09.12.2016 21:00;0,220572;
Benzol;1;09.12.2016 21:00;0,149018;
Benzol;7;09.12.2016 21:00;0,131912;
Benzol;2;09.12.2016 21:00;0,0743897;
Anilin;4;09.12.2016 21:00;2,06445;
Anilin;3;09.12.2016 21:00;0,848765;
Anilin;5;09.12.2016 21:00;0,699272;
Anilin;8;09.12.2016 21:00;0,378984;
Anilin;6;09.12.2016 21:00;0,26225;
Anilin;7;09.12.2016 21:00;0,205574;
Anilin;2;09.12.2016 21:00;0,161124;
Anilin;1;09.12.2016 21:00;0,122665;
Anilin;9;09.12.2016 21:00;0,0352637;
Natriumchlorid;4;09.12.2016 22:00;2,05142;
Natriumchlorid;3;09.12.2016 22:00;1,72859;
Natriumchlorid;8;09.12.2016 22:00;1,00524;
Natriumchlorid;9;09.12.2016 22:00;0,780025;
Natriumchlorid;2;09.12.2016 22:00;0,443056;
Natriumchlorid;6;09.12.2016 22:00;0,265357;
Natriumchlorid;7;09.12.2016 22:00;0,194942;
Natriumchlorid;1;09.12.2016 22:00;0,1286;
Natriumchlorid;5;09.12.2016 22:00;0,0790858;
Arsen;3;09.12.2016 22:00;3,76167;
Arsen;4;09.12.2016 22:00;2,16588;
Arsen;7;09.12.2016 22:00;1,6831;
Arsen;9;09.12.2016 22:00;1,09185;
Arsen;5;09.12.2016 22:00;0,495765;
Arsen;6;09.12.2016 22:00;0,409237;
Arsen;2;09.12.2016 22:00;0,39581;
Arsen;1;09.12.2016 22:00;0,114654;
Arsen;8;09.12.2016 22:00;0,00922077;
Benzol;7;09.12.2016 22:00;3,25112;
Benzol;4;09.12.2016 22:00;2,37089;
Benzol;5;09.12.2016 22:00;0,98578;
Benzol;3;09.12.2016 22:00;0,768099;
Benzol;9;09.12.2016 22:00;0,62417;
Benzol;6;09.12.2016 22:00;0,437568;
Benzol;2;09.12.2016 22:00;0,138413;
Benzol;8;09.12.2016 22:00;0,125779;
Benzol;1;09.12.2016 22:00;0,0391062;
Anilin;4;09.12.2016 22:00;1,95403;
Anilin;3;09.12.2016 22:00;1,37433;
Anilin;2;09.12.2016 22:00;1,06596;
Anilin;1;09.12.2016 22:00;0,622155;
Anilin;8;09.12.2016 22:00;0,616251;
Anilin;6;09.12.2016 22:00;0,599211;
Anilin;9;09.12.2016 22:00;0,508855;
Anilin;5;09.12.2016 22:00;0,406843;
Anilin;7;09.12.2016 22:00;0,184212;
Natriumchlorid;4;09.12.2016 23:00;1,94534;
Natriumchlorid;5;09.12.2016 23:00;0,589963;
Natriumchlorid;8;09.12.2016 23:00;0,564146;
Natriumchlorid;9;09.12.2016 23:00;0,228858;
Natriumchlorid;2;09.12.2016 23:00;0,201025;
Natriumchlorid;6;09.12.2016 23:00;0,180214;
Natriumchlorid;3;09.12.2016 23:00;0,106117;
Natriumchlorid;1;09.12.2016 23:00;0,0874919;
Natriumchlorid;7;09.12.2016 23:00;0,0241925;
Arsen;3;09.12.2016 23:00;3,7119;
Arsen;4;09.12.2016 23:00;2,02387;
Arsen;7;09.12.2016 23:00;0,923786;
Arsen;8;09.12.2016 23:00;0,565578;
Arsen;5;09.12.2016 23:00;0,550565;
Arsen;9;09.12.2016 23:00;0,403812;
Arsen;6;09.12.2016 23:00;0,285461;
Arsen;1;09.12.2016 23:00;0,228886;
Arsen;2;09.12.2016 23:00;0,0293752;
Benzol;3;09.12.2016 23:00;3,61318;
Benzol;6;09.12.2016 23:00;3,33429;
Benzol;4;09.12.2016 23:00;1,59459;
Benzol;8;09.12.2016 23:00;0,624397;
Benzol;5;09.12.2016 23:00;0,434579;
Benzol;1;09.12.2016 23:00;0,285234;
Benzol;2;09.12.2016 23:00;0,182216;
Benzol;7;09.12.2016 23:00;0,0529959;
Benzol;9;09.12.2016 23:00;0,0180838;
Anilin;4;09.12.2016 23:00;1,85753;
Anilin;7;09.12.2016 23:00;1,40688;
Anilin;3;09.12.2016 23:00;1,00195;
Anilin;5;09.12.2016 23:00;0,814326;
Anilin;6;09.12.2016 23:00;0,764042;
Anilin;8;09.12.2016 23:00;0,522111;
Anilin;1;09.12.2016 23:00;0,503441;
Anilin;2;09.12.2016 23:00;0,415155;
Anilin;9;09.12.2016 23:00;0,176259;
Natriumchlorid;4;10.12.2016 00:00;1,94641;
Natriumchlorid;6;10.12.2016 00:00;0,358869;
Natriumchlorid;1;10.12.2016 00:00;0,263738;
Natriumchlorid;9;10.12.2016 00:00;0,259375;
Natriumchlorid;3;10.12.2016 00:00;0,175069;
Natriumchlorid;8;10.12.2016 00:00;0,123957;
Natriumchlorid;7;10.12.2016 00:00;0,0435517;
Natriumchlorid;2;10.12.2016 00:00;0,0309822;
Natriumchlorid;5;10.12.2016 00:00;0,0226631;
Arsen;4;10.12.2016 00:00;1,74435;
Arsen;3;10.12.2016 00:00;1,40587;
Arsen;7;10.12.2016 00:00;1,13588;
Arsen;5;10.12.2016 00:00;0,755018;
Arsen;6;10.12.2016 00:00;0,361304;
Arsen;1;10.12.2016 00:00;0,312562;
Arsen;9;10.12.2016 00:00;0,198325;
Arsen;2;10.12.2016 00:00;0,187221;
Arsen;8;10.12.2016 00:00;0,0850788;
Benzol;6;10.12.2016 00:00;5,79181;
Benzol;4;10.12.2016 00:00;1,91676;
Benzol;7;10.12.2016 00:00;0,954923;
Benzol;5;10.12.2016 00:00;0,875198;
Benzol;9;10.12.2016 00:00;0,630943;
Benzol;8;10.12.2016 00:00;0,405952;
Benzol;2;10.12.2016 00:00;0,404341;
Benzol;1;10.12.2016 00:00;0,335066;
Benzol;3;10.12.2016 00:00;0,275941;
Anilin;4;10.12.2016 00:00;2,38442;
Anilin;5;10.12.2016 00:00;1,1306;
Anilin;9;10.12.2016 00:00;1,05275;
Anilin;2;10.12.2016 00:00;0,931965;
Anilin;1;10.12.2016 00:00;0,47492;
Anilin;3;10.12.2016 00:00;0,227791;
Anilin;8;10.12.2016 00:00;0,201495;
Anilin;6;10.12.2016 00:00;0,178118;
Anilin;7;10.12.2016 00:00;0,177578;
Natriumchlorid;4;10.12.2016 01:00;1,70929;
Natriumchlorid;7;10.12.2016 01:00;1,54193;
Natriumchlorid;3;10.12.2016 01:00;0,683043;
Natriumchlorid;6;10.12.2016 01:00;0,475032;
Natriumchlorid;8;10.12.2016 01:00;0,43089;
Natriumchlorid;1;10.12.2016 01:00;0,224071;
Natriumchlorid;5;10.12.2016 01:00;0,184787;
Natriumchlorid;9;10.12.2016 01:00;0,0815265;
Natriumchlorid;2;10.12.2016 01:00;0,0290064;
Arsen;4;10.12.2016 01:00;2,29218;
Arsen;2;10.12.2016 01:00;0,777589;
Arsen;7;10.12.2016 01:00;0,633181;
Arsen;6;10.12.2016 01:00;0,519203;
Arsen;1;10.12.2016 01:00;0,453132;
Arsen;8;10.12.2016 01:00;0,396955;
Arsen;3;10.12.2016 01:00;0,315616;
Arsen;9;10.12.2016 01:00;0,177097;
Arsen;5;10.12.2016 01:00;0,102455;
Benzol;4;10.12.2016 01:00;1,95362;
Benzol;9;10.12.2016 01:00;0,905129;
Benzol;2;10.12.2016 01:00;0,608447;
Benzol;8;10.12.2016 01:00;0,533705;
Benzol;1;10.12.2016 01:00;0,315098;
Benzol;6;10.12.2016 01:00;0,283636;
Benzol;3;10.12.2016 01:00;0,197563;
Benzol;7;10.12.2016 01:00;0,125316;
Benzol;5;10.12.2016 01:00;0,0754053;
Anilin;3;10.12.2016 01:00;3,12863;
Anilin;4;10.12.2016 01:00;2,13534;
Anilin;9;10.12.2016 01:00;1,30865;
Anilin;8;10.12.2016 01:00;0,856534;
Anilin;6;10.12.2016 01:00;0,277417;
Anilin;2;10.12.2016 01:00;0,198622;
Anilin;5;10.12.2016 01:00;0,142888;
Anilin;1;10.12.2016 01:00;0,109429;
Anilin;7;10.12.2016 01:00;0,0158931;
Natriumchlorid;4;10.12.2016 02:00;2,18045;
Natriumchlorid;2;10.12.2016 02:00;0,617097;
Natriumchlorid;6;10.12.2016 02:00;0,530054;
Natriumchlorid;3;10.12.2016 02:00;0,521897;
Natriumchlorid;7;10.12.2016 02:00;0,403403;
Natriumchlorid;8;10.12.2016 02:00;0,389335;
Natriumchlorid;1;10.12.2016 02:00;0,351298;
Natriumchlorid;5;10.12.2016 02:00;0,351044;
Natriumchlorid;9;10.12.2016 02:00;0,284434;
Arsen;4;10.12.2016 02:00;1,95386;
Arsen;5;10.12.2016 02:00;1,07225;
Arsen;9;10.12.2016 02:00;0,674136;
Arsen;3;10.12.2016 02:00;0,476907;
Arsen;7;10.12.2016 02:00;0,396633;
Arsen;1;10.12.2016 02:00;0,285396;
Arsen;6;10.12.2016 02:00;0,27215;
Arsen;8;10.12.2016 02:00;0,175486;
Arsen;2;10.12.2016 02:00;0,155617;
Benzol;4;10.12.2016 02:00;1,88686;
Benzol;5;10.12.2016 02:00;0,852341;
Benzol;3;10.12.2016 02:00;0,777447;
Benzol;9;10.12.2016 02:00;0,587419;
Benzol;6;10.12.2016 02:00;0,46027;
Benzol;8;10.12.2016 02:00;0,326844;
Benzol;1;10.12.2016 02:00;0,2483;
Benzol;7;10.12.2016 02:00;0,032022;
Benzol;2;10.12.2016 02:00;0,0311496;
Anilin;4;10.12.2016 02:00;1,98622;
Anilin;3;10.12.2016 02:00;1,77529;
Anilin;5;10.12.2016 02:00;0,948105;
Anilin;2;10.12.2016 02:00;0,736304;
Anilin;9;10.12.2016 02:00;0,575086;
Anilin;8;10.12.2016 02:00;0,38269;
Anilin;1;10.12.2016 02:00;0,222761;
Anilin;6;10.12.2016 02:00;0,181663;
Anilin;7;10.12.2016 02:00;0,158866;
Natriumchlorid;3;10.12.2016 03:00;2,41371;
Natriumchlorid;4;10.12.2016 03:00;2,11139;
Natriumchlorid;9;10.12.2016 03:00;1,10015;
Natriumchlorid;5;10.12.2016 03:00;0,923514;
Natriumchlorid;2;10.12.2016 03:00;0,431353;
Natriumchlorid;6;10.12.2016 03:00;0,300176;
Natriumchlorid;1;10.12.2016 03:00;0,124705;
Natriumchlorid;7;10.12.2016 03:00;0,0780349;
Natriumchlorid;8;10.12.2016 03:00;0,00296982;
Arsen;4;10.12.2016 03:00;1,99718;
Arsen;9;10.12.2016 03:00;0,978869;
Arsen;7;10.12.2016 03:00;0,958281;
Arsen;5;10.12.2016 03:00;0,823268;
Arsen;3;10.12.2016 03:00;0,684991;
Arsen;6;10.12.2016 03:00;0,456104;
Arsen;2;10.12.2016 03:00;0,38706;
Arsen;1;10.12.2016 03:00;0,384077;
Arsen;8;10.12.2016 03:00;0,205052;
Benzol;3;10.12.2016 03:00;3,7119;
Benzol;5;10.12.2016 03:00;2,21829;
Benzol;4;10.12.2016 03:00;2,0472;
Benzol;7;10.12.2016 03:00;0,802707;
Benzol;9;10.12.2016 03:00;0,724956;
Benzol;8;10.12.2016 03:00;0,624765;
Benzol;6;10.12.2016 03:00;0,537536;
Benzol;1;10.12.2016 03:00;0,275459;
Benzol;2;10.12.2016 03:00;0,119742;
Anilin;4;10.12.2016 03:00;2,0975;
Anilin;5;10.12.2016 03:00;1,40966;
Anilin;3;10.12.2016 03:00;0,649573;
Anilin;2;10.12.2016 03:00;0,244588;
Anilin;6;10.12.2016 03:00;0,225033;
Anilin;7;10.12.2016 03:00;0,108483;
Anilin;1;10.12.2016 03:00;0,0732364;
Anilin;8;10.12.2016 03:00;0,0588654;
Anilin;9;10.12.2016 03:00;0,0190926;
Natriumchlorid;4;10.12.2016 04:00;1,85654;
Natriumchlorid;3;10.12.2016 04:00;1,46212;
Natriumchlorid;2;10.12.2016 04:00;0,652728;
Natriumchlorid;6;10.12.2016 04:00;0,527456;
Natriumchlorid;5;10.12.2016 04:00;0,322344;
Natriumchlorid;9;10.12.2016 04:00;0,253981;
Natriumchlorid;8;10.12.2016 04:00;0,222107;
Natriumchlorid;7;10.12.2016 04:00;0,204565;
Natriumchlorid;1;10.12.2016 04:00;0,0875996;
Arsen;3;10.12.2016 04:00;1,92251;
Arsen;4;10.12.2016 04:00;1,6989;
Arsen;9;10.12.2016 04:00;1,13137;
Arsen;8;10.12.2016 04:00;0,710932;
Arsen;6;10.12.2016 04:00;0,473508;
Arsen;5;10.12.2016 04:00;0,303033;
Arsen;1;10.12.2016 04:00;0,273278;
Arsen;7;10.12.2016 04:00;0,122447;
Arsen;2;10.12.2016 04:00;0,024031;
Benzol;4;10.12.2016 04:00;1,91783;
Benzol;3;10.12.2016 04:00;0,943679;
Benzol;5;10.12.2016 04:00;0,733219;
Benzol;8;10.12.2016 04:00;0,489087;
Benzol;6;10.12.2016 04:00;0,365023;
Benzol;1;10.12.2016 04:00;0,281873;
Benzol;7;10.12.2016 04:00;0,177348;
Benzol;9;10.12.2016 04:00;0,0662286;
Benzol;2;10.12.2016 04:00;0,0241563;
Anilin;4;10.12.2016 04:00;2,21309;
Anilin;5;10.12.2016 04:00;1,02858;
Anilin;2;10.12.2016 04:00;0,623313;
Anilin;3;10.12.2016 04:00;0,495549;
Anilin;6;10.12.2016 04:00;0,464834;
Anilin;7;10.12.2016 04:00;0,372849;
Anilin;1;10.12.2016 04:00;0,341458;
Anilin;8;10.12.2016 04:00;0,2837;
Anilin;9;10.12.2016 04:00;0,170632;
Natriumchlorid;4;10.12.2016 05:00;1,61575;
Natriumchlorid;2;10.12.2016 05:00;0,788296;
Natriumchlorid;3;10.12.2016 05:00;0,560689;
Natriumchlorid;6;10.12.2016 05:00;0,482272;
Natriumchlorid;5;10.12.2016 05:00;0,396294;
Natriumchlorid;8;10.12.2016 05:00;0,326502;
Natriumchlorid;7;10.12.2016 05:00;0,163846;
Natriumchlorid;1;10.12.2016 05:00;0,100159;
Natriumchlorid;9;10.12.2016 05:00;0,0614244;
Arsen;4;10.12.2016 05:00;2,0228;
Arsen;7;10.12.2016 05:00;1,00936;
Arsen;5;10.12.2016 05:00;0,985759;
Arsen;9;10.12.2016 05:00;0,61897;
Arsen;1;10.12.2016 05:00;0,307047;
Arsen;6;10.12.2016 05:00;0,299065;
Arsen;8;10.12.2016 05:00;0,2956;
Arsen;2;10.12.2016 05:00;0,286203;
Arsen;3;10.12.2016 05:00;0,0452607;
Benzol;4;10.12.2016 05:00;1,83679;
Benzol;3;10.12.2016 05:00;1,40684;
Benzol;7;10.12.2016 05:00;1,20355;
Benzol;2;10.12.2016 05:00;0,624172;
Benzol;6;10.12.2016 05:00;0,566898;
Benzol;8;10.12.2016 05:00;0,415013;
Benzol;9;10.12.2016 05:00;0,30037;
Benzol;5;10.12.2016 05:00;0,118215;
Benzol;1;10.12.2016 05:00;0,0560564;
Anilin;4;10.12.2016 05:00;1,70879;
Anilin;3;10.12.2016 05:00;1,01694;
Anilin;6;10.12.2016 05:00;0,411688;
Anilin;5;10.12.2016 05:00;0,351309;
Anilin;8;10.12.2016 05:00;0,312387;
Anilin;1;10.12.2016 05:00;0,229722;
Anilin;9;10.12.2016 05:00;0,19098;
Anilin;7;10.12.2016 05:00;0,137761;
Anilin;2;10.12.2016 05:00;0,12721;
Natriumchlorid;4;10.12.2016 06:00;2,0694;
Natriumchlorid;5;10.12.2016 06:00;1,18223;
Natriumchlorid;9;10.12.2016 06:00;1,15048;
Natriumchlorid;6;10.12.2016 06:00;0,540556;
Natriumchlorid;8;10.12.2016 06:00;0,355308;
Natriumchlorid;2;10.12.2016 06:00;0,23863;
Natriumchlorid;1;10.12.2016 06:00;0,230867;
Natriumchlorid;3;10.12.2016 06:00;0,21496;
Natriumchlorid;7;10.12.2016 06:00;0,0271571;
Arsen;3;10.12.2016 06:00;2,95446;
Arsen;4;10.12.2016 06:00;2,40264;
Arsen;5;10.12.2016 06:00;1,20547;
Arsen;7;10.12.2016 06:00;1,00566;
Arsen;1;10.12.2016 06:00;0,523154;
Arsen;6;10.12.2016 06:00;0,292529;
Arsen;9;10.12.2016 06:00;0,218891;
Arsen;8;10.12.2016 06:00;0,0390131;
Arsen;2;10.12.2016 06:00;0,0385527;
Benzol;3;10.12.2016 06:00;3,77389;
Benzol;6;10.12.2016 06:00;2,11639;
Benzol;4;10.12.2016 06:00;1,82314;
Benzol;9;10.12.2016 06:00;0,895474;
Benzol;5;10.12.2016 06:00;0,880727;
Benzol;7;10.12.2016 06:00;0,479016;
Benzol;2;10.12.2016 06:00;0,413036;
Benzol;1;10.12.2016 06:00;0,21339;
Benzol;8;10.12.2016 06:00;0,0800931;
Anilin;4;10.12.2016 06:00;2,04603;
Anilin;7;10.12.2016 06:00;1,97551;
Anilin;3;10.12.2016 06:00;1,89438;
Anilin;5;10.12.2016 06:00;0,374279;
Anilin;9;10.12.2016 06:00;0,348731;
Anilin;2;10.12.2016 06:00;0,199251;
Anilin;6;10.12.2016 06:00;0,182908;
Anilin;8;10.12.2016 06:00;0,17545;
Anilin;1;10.12.2016 06:00;0,115909;
Natriumchlorid;4;10.12.2016 07:00;2,16596;
Natriumchlorid;3;10.12.2016 07:00;1,47857;
Natriumchlorid;7;10.12.2016 07:00;0,417367;
Natriumchlorid;6;10.12.2016 07:00;0,397284;
Natriumchlorid;8;10.12.2016 07:00;0,329767;
Natriumchlorid;1;10.12.2016 07:00;0,189461;
Natriumchlorid;5;10.12.2016 07:00;0,126108;
Natriumchlorid;2;10.12.2016 07:00;0,0917638;
Natriumchlorid;9;10.12.2016 07:00;0,0587832;
Arsen;4;10.12.2016 07:00;2,36991;
Arsen;7;10.12.2016 07:00;1,97164;
Arsen;5;10.12.2016 07:00;0,67412;
Arsen;2;10.12.2016 07:00;0,54206;
Arsen;8;10.12.2016 07:00;0,464925;
Arsen;3;10.12.2016 07:00;0,325461;
Arsen;6;10.12.2016 07:00;0,175215;
Arsen;9;10.12.2016 07:00;0,0775223;
Arsen;1;10.12.2016 07:00;0,0071703;
Benzol;6;10.12.2016 07:00;3,41048;
Benzol;4;10.12.2016 07:00;1,82432;
Benzol;2;10.12.2016 07:00;0,929531;
Benzol;1;10.12.2016 07:00;0,340517;
Benzol;8;10.12.2016 07:00;0,240338;
Benzol;5;10.12.2016 07:00;0,225212;
Benzol;7;10.12.2016 07:00;0,205644;
Benzol;3;10.12.2016 07:00;0,188169;
Benzol;9;10.12.2016 07:00;0,162556;
Anilin;3;10.12.2016 07:00;2,37344;
Anilin;4;10.12.2016 07:00;1,76894;
Anilin;5;10.12.2016 07:00;0,784891;
Anilin;6;10.12.2016 07:00;0,664918;
Anilin;2;10.12.2016 07:00;0,516007;
Anilin;9;10.12.2016 07:00;0,458101;
Anilin;8;10.12.2016 07:00;0,232119;
Anilin;7;10.12.2016 07:00;0,231365;
Anilin;1;10.12.2016 07:00;0,20795;
Natriumchlorid;4;10.12.2016 08:00;1,94396;
Natriumchlorid;7;10.12.2016 08:00;1,24087;
Natriumchlorid;5;10.12.2016 08:00;0,673433;
Natriumchlorid;3;10.12.2016 08:00;0,572077;
Natriumchlorid;6;10.12.2016 08:00;0,533819;
Natriumchlorid;1;10.12.2016 08:00;0,275607;
Natriumchlorid;9;10.12.2016 08:00;0,213365;
Natriumchlorid;2;10.12.2016 08:00;0,152228;
Natriumchlorid;8;10.12.2016 08:00;0,0796687;
Arsen;4;10.12.2016 08:00;2,13721;
Arsen;3;10.12.2016 08:00;1,93098;
Arsen;8;10.12.2016 08:00;1,18257;
Arsen;7;10.12.2016 08:00;0,57609;
Arsen;6;10.12.2016 08:00;0,566617;
Arsen;9;10.12.2016 08:00;0,242489;
Arsen;1;10.12.2016 08:00;0,22952;
Arsen;2;10.12.2016 08:00;0,147293;
Arsen;5;10.12.2016 08:00;0,0267964;
Benzol;4;10.12.2016 08:00;1,82473;
Benzol;3;10.12.2016 08:00;0,985817;
Benzol;5;10.12.2016 08:00;0,696603;
Benzol;2;10.12.2016 08:00;0,621656;
Benzol;1;10.12.2016 08:00;0,423176;
Benzol;9;10.12.2016 08:00;0,360118;
Benzol;6;10.12.2016 08:00;0,360072;
Benzol;7;10.12.2016 08:00;0,13272;
Benzol;8;10.12.2016 08:00;0,0700453;
Anilin;3;10.12.2016 08:00;3,68841;
Anilin;4;10.12.2016 08:00;1,92514;
Anilin;7;10.12.2016 08:00;1,21966;
Anilin;2;10.12.2016 08:00;0,55408;
Anilin;8;10.12.2016 08:00;0,324042;
Anilin;6;10.12.2016 08:00;0,279735;
Anilin;5;10.12.2016 08:00;0,209068;
Anilin;9;10.12.2016 08:00;0,207229;
Anilin;1;10.12.2016 08:00;0,164417;
Natriumchlorid;4;10.12.2016 09:00;1,83967;
Natriumchlorid;3;10.12.2016 09:00;1,53417;
Natriumchlorid;5;10.12.2016 09:00;1,51131;
Natriumchlorid;6;10.12.2016 09:00;0,705734;
Natriumchlorid;2;10.12.2016 09:00;0,60984;
Natriumchlorid;1;10.12.2016 09:00;0,483807;
Natriumchlorid;9;10.12.2016 09:00;0,316872;
Natriumchlorid;7;10.12.2016 09:00;0,110156;
Natriumchlorid;8;10.12.2016 09:00;0,0495605;
Arsen;4;10.12.2016 09:00;1,87321;
Arsen;3;10.12.2016 09:00;1,74426;
Arsen;9;10.12.2016 09:00;0,648668;
Arsen;5;10.12.2016 09:00;0,467296;
Arsen;6;10.12.2016 09:00;0,456885;
Arsen;1;10.12.2016 09:00;0,189599;
Arsen;7;10.12.2016 09:00;0,173648;
Arsen;2;10.12.2016 09:00;0,148187;
Arsen;8;10.12.2016 09:00;0,0501362;
Benzol;4;10.12.2016 09:00;2,01906;
Benzol;3;10.12.2016 09:00;1,2127;
Benzol;8;10.12.2016 09:00;0,539707;
Benzol;9;10.12.2016 09:00;0,533339;
Benzol;2;10.12.2016 09:00;0,500807;
Benzol;7;10.12.2016 09:00;0,410516;
Benzol;1;10.12.2016 09:00;0,199227;
Benzol;6;10.12.2016 09:00;0,149705;
Benzol;5;10.12.2016 09:00;0,131517;
Anilin;4;10.12.2016 09:00;1,83036;
Anilin;3;10.12.2016 09:00;1,46728;
Anilin;5;10.12.2016 09:00;1,43872;
Anilin;9;10.12.2016 09:00;0,939153;
Anilin;2;10.12.2016 09:00;0,501254;
Anilin;8;10.12.2016 09:00;0,430736;
Anilin;7;10.12.2016 09:00;0,301084;
Anilin;1;10.12.2016 09:00;0,189523;
Anilin;6;10.12.2016 09:00;0,0368369;
Natriumchlorid;4;10.12.2016 10:00;2,06456;
Natriumchlorid;7;10.12.2016 10:00;1,55316;
Natriumchlorid;5;10.12.2016 10:00;0,866121;
Natriumchlorid;9;10.12.2016 10:00;0,563658;
Natriumchlorid;6;10.12.2016 10:00;0,460559;
Natriumchlorid;3;10.12.2016 10:00;0,331647;
Natriumchlorid;1;10.12.2016 10:00;0,245391;
Natriumchlorid;8;10.12.2016 10:00;0,214917;
Natriumchlorid;2;10.12.2016 10:00;0,070632;
Arsen;3;10.12.2016 10:00;3,02928;
Arsen;4;10.12.2016 10:00;1,83575;
Arsen;8;10.12.2016 10:00;0,892393;
Arsen;7;10.12.2016 10:00;0,822995;
Arsen;5;10.12.2016 10:00;0,709509;
Arsen;2;10.12.2016 10:00;0,473563;
Arsen;6;10.12.2016 10:00;0,372998;
Arsen;9;10.12.2016 10:00;0,146054;
Arsen;1;10.12.2016 10:00;0,0591428;
Benzol;4;10.12.2016 10:00;1,93794;
Benzol;8;10.12.2016 10:00;0,692548;
Benzol;2;10.12.2016 10:00;0,68022;
Benzol;5;10.12.2016 10:00;0,620695;
Benzol;6;10.12.2016 10:00;0,468262;
Benzol;7;10.12.2016 10:00;0,334195;
Benzol;3;10.12.2016 10:00;0,237788;
Benzol;1;10.12.2016 10:00;0,231393;
Benzol;9;10.12.2016 10:00;0,0583527;
Anilin;4;10.12.2016 10:00;1,38786;
Anilin;3;10.12.2016 10:00;0,868684;
Anilin;8;10.12.2016 10:00;0,554374;
Anilin;2;10.12.2016 10:00;0,498619;
Anilin;6;10.12.2016 10:00;0,314838;
Anilin;7;10.12.2016 10:00;0,264256;
Anilin;9;10.12.2016 10:00;0,251677;
Anilin;1;10.12.2016 10:00;0,0179469;
Anilin;5;10.12.2016 10:00;0,0162776;
Natriumchlorid;4;10.12.2016 11:00;1,82185;
Natriumchlorid;5;10.12.2016 11:00;1,09234;
Natriumchlorid;3;10.12.2016 11:00;1,08574;
Natriumchlorid;9;10.12.2016 11:00;0,888156;
Natriumchlorid;1;10.12.2016 11:00;0,407393;
Natriumchlorid;2;10.12.2016 11:00;0,264368;
Natriumchlorid;7;10.12.2016 11:00;0,205608;
Natriumchlorid;6;10.12.2016 11:00;0,172231;
Natriumchlorid;8;10.12.2016 11:00;0,0146325;
Arsen;5;10.12.2016 11:00;1,65234;
Arsen;4;10.12.2016 11:00;1,58491;
Arsen;2;10.12.2016 11:00;0,842278;
Arsen;3;10.12.2016 11:00;0,617345;
Arsen;8;10.12.2016 11:00;0,406717;
Arsen;6;10.12.2016 11:00;0,399304;
Arsen;9;10.12.2016 11:00;0,20599;
Arsen;1;10.12.2016 11:00;0,0966981;
Arsen;7;10.12.2016 11:00;0,00476107;
Benzol;4;10.12.2016 11:00;1,89095;
Benzol;5;10.12.2016 11:00;1,13837;
Benzol;3;10.12.2016 11:00;0,650503;
Benzol;9;10.12.2016 11:00;0,571188;
Benzol;1;10.12.2016 11:00;0,390963;
Benzol;2;10.12.2016 11:00;0,320605;
Benzol;6;10.12.2016 11:00;0,308734;
Benzol;7;10.12.2016 11:00;0,189429;
Benzol;8;10.12.2016 11:00;0,00286886;
Anilin;4;10.12.2016 11:00;2,18951;
Anilin;9;10.12.2016 11:00;2,14041;
Anilin;5;10.12.2016 11:00;1,78673;
Anilin;3;10.12.2016 11:00;1,71033;
Anilin;6;10.12.2016 11:00;0,815974;
Anilin;8;10.12.2016 11:00;0,587436;
Anilin;7;10.12.2016 11:00;0,576356;
Anilin;1;10.12.2016 11:00;0,206787;
Anilin;2;10.12.2016 11:00;0,0780172;
Natriumchlorid;4;10.12.2016 12:00;1,97904;
Natriumchlorid;3;10.12.2016 12:00;1,86006;
Natriumchlorid;9;10.12.2016 12:00;1,11588;
Natriumchlorid;8;10.12.2016 12:00;0,681935;
Natriumchlorid;7;10.12.2016 12:00;0,384793;
Natriumchlorid;2;10.12.2016 12:00;0,345707;
Natriumchlorid;6;10.12.2016 12:00;0,269549;
Natriumchlorid;1;10.12.2016 12:00;0,150376;
Natriumchlorid;5;10.12.2016 12:00;0,0651486;
Arsen;4;10.12.2016 12:00;1,59021;
Arsen;8;10.12.2016 12:00;0,829362;
Arsen;1;10.12.2016 12:00;0,459426;
Arsen;2;10.12.2016 12:00;0,434729;
Arsen;3;10.12.2016 12:00;0,401341;
Arsen;9;10.12.2016 12:00;0,393775;
Arsen;6;10.12.2016 12:00;0,261006;
Arsen;5;10.12.2016 12:00;0,185496;
Arsen;7;10.12.2016 12:00;0,113181;
Benzol;4;10.12.2016 12:00;1,96895;
Benzol;3;10.12.2016 12:00;0,50467;
Benzol;6;10.12.2016 12:00;0,489758;
Benzol;7;10.12.2016 12:00;0,309199;
Benzol;5;10.12.2016 12:00;0,287317;
Benzol;1;10.12.2016 12:00;0,17807;
Benzol;2;10.12.2016 12:00;0,151281;
Benzol;8;10.12.2016 12:00;0,0604911;
Benzol;9;10.12.2016 12:00;0,033834;
Anilin;3;10.12.2016 12:00;2,086;
Anilin;4;10.12.2016 12:00;1,91436;
Anilin;8;10.12.2016 12:00;0,785709;
Anilin;9;10.12.2016 12:00;0,658389;
Anilin;7;10.12.2016 12:00;0,524304;
Anilin;5;10.12.2016 12:00;0,288292;
Anilin;6;10.12.2016 12:00;0,247456;
Anilin;1;10.12.2016 12:00;0,18279;
Anilin;2;10.12.2016 12:00;0,0919487;
Natriumchlorid;4;10.12.2016 13:00;1,9224;
Natriumchlorid;3;10.12.2016 13:00;1,36749;
Natriumchlorid;8;10.12.2016 13:00;0,71338;
Natriumchlorid;9;10.12.2016 13:00;0,448799;
Natriumchlorid;6;10.12.2016 13:00;0,421161;
Natriumchlorid;2;10.12.2016 13:00;0,257928;
Natriumchlorid;5;10.12.2016 13:00;0,186106;
Natriumchlorid;1;10.12.2016 13:00;0,156789;
Natriumchlorid;7;10.12.2016 13:00;0,151134;
Arsen;7;10.12.2016 13:00;1,7749;
Arsen;4;10.12.2016 13:00;1,77071;
Arsen;9;10.12.2016 13:00;1,07533;
Arsen;3;10.12.2016 13:00;0,599688;
Arsen;6;10.12.2016 13:00;0,52144;
Arsen;8;10.12.2016 13:00;0,325412;
Arsen;5;10.12.2016 13:00;0,0983579;
Arsen;2;10.12.2016 13:00;0,0664889;
Arsen;1;10.12.2016 13:00;0,0125313;
Benzol;4;10.12.2016 13:00;1,96333;
Benzol;1;10.12.2016 13:00;0,566967;
Benzol;5;10.12.2016 13:00;0,548854;
Benzol;9;10.12.2016 13:00;0,515447;
Benzol;2;10.12.2016 13:00;0,34091;
Benzol;3;10.12.2016 13:00;0,298015;
Benzol;8;10.12.2016 13:00;0,233121;
Benzol;6;10.12.2016 13:00;0,135816;
Benzol;7;10.12.2016 13:00;0,0951982;
Anilin;3;10.12.2016 13:00;2,08912;
Anilin;4;10.12.2016 13:00;1,97412;
Anilin;7;10.12.2016 13:00;1,34688;
Anilin;9;10.12.2016 13:00;1,08109;
Anilin;2;10.12.2016 13:00;0,520205;
Anilin;8;10.12.2016 13:00;0,504654;
Anilin;5;10.12.2016 13:00;0,486687;
Anilin;6;10.12.2016 13:00;0,484392;
Anilin;1;10.12.2016 13:00;0,0340104;
Natriumchlorid;4;10.12.2016 14:00;2,03006;
Natriumchlorid;3;10.12.2016 14:00;2,01043;
Natriumchlorid;8;10.12.2016 14:00;0,650951;
Natriumchlorid;9;10.12.2016 14:00;0,594823;
Natriumchlorid;2;10.12.2016 14:00;0,521133;
Natriumchlorid;5;10.12.2016 14:00;0,317857;
Natriumchlorid;1;10.12.2016 14:00;0,284325;
Natriumchlorid;7;10.12.2016 14:00;0,19736;
Natriumchlorid;6;10.12.2016 14:00;0,193522;
Arsen;7;10.12.2016 14:00;3,04588;
Arsen;4;10.12.2016 14:00;1,89276;
Arsen;5;10.12.2016 14:00;1,2644;
Arsen;9;10.12.2016 14:00;0,869956;
Arsen;3;10.12.2016 14:00;0,41752;
Arsen;2;10.12.2016 14:00;0,212379;
Arsen;8;10.12.2016 14:00;0,151763;
Arsen;6;10.12.2016 14:00;0,067513;
Arsen;1;10.12.2016 14:00;0,058836;
Benzol;4;10.12.2016 14:00;2,13235;
Benzol;7;10.12.2016 14:00;0,934133;
Benzol;1;10.12.2016 14:00;0,328583;
Benzol;5;10.12.2016 14:00;0,273696;
Benzol;6;10.12.2016 14:00;0,247681;
Benzol;3;10.12.2016 14:00;0,178847;
Benzol;8;10.12.2016 14:00;0,152059;
Benzol;9;10.12.2016 14:00;0,117229;
Benzol;2;10.12.2016 14:00;0,116738;
Anilin;4;10.12.2016 14:00;2,09826;
Anilin;8;10.12.2016 14:00;0,783474;
Anilin;2;10.12.2016 14:00;0,729173;
Anilin;6;10.12.2016 14:00;0,376499;
Anilin;7;10.12.2016 14:00;0,359367;
Anilin;1;10.12.2016 14:00;0,333131;
Anilin;9;10.12.2016 14:00;0,309781;
Anilin;3;10.12.2016 14:00;0,247499;
Anilin;5;10.12.2016 14:00;0,0834473;
Natriumchlorid;4;10.12.2016 15:00;1,83951;
Natriumchlorid;3;10.12.2016 15:00;1,15762;
Natriumchlorid;8;10.12.2016 15:00;0,853437;
Natriumchlorid;6;10.12.2016 15:00;0,699298;
Natriumchlorid;5;10.12.2016 15:00;0,570874;
Natriumchlorid;2;10.12.2016 15:00;0,555208;
Natriumchlorid;9;10.12.2016 15:00;0,437407;
Natriumchlorid;7;10.12.2016 15:00;0,0677053;
Natriumchlorid;1;10.12.2016 15:00;0,0394818;
Arsen;4;10.12.2016 15:00;2,09343;
Arsen;3;10.12.2016 15:00;1,42938;
Arsen;8;10.12.2016 15:00;0,720037;
Arsen;5;10.12.2016 15:00;0,522124;
Arsen;2;10.12.2016 15:00;0,495073;
Arsen;1;10.12.2016 15:00;0,255946;
Arsen;6;10.12.2016 15:00;0,186621;
Arsen;7;10.12.2016 15:00;0,184689;
Arsen;9;10.12.2016 15:00;0,0424969;
Benzol;4;10.12.2016 15:00;1,83431;
Benzol;7;10.12.2016 15:00;1,32988;
Benzol;3;10.12.2016 15:00;1,132;
Benzol;8;10.12.2016 15:00;0,6511;
Benzol;6;10.12.2016 15:00;0,446915;
Benzol;5;10.12.2016 15:00;0,407602;
Benzol;9;10.12.2016 15:00;0,381772;
Benzol;2;10.12.2016 15:00;0,347254;
Benzol;1;10.12.2016 15:00;0,207078;
Anilin;4;10.12.2016 15:00;1,85497;
Anilin;3;10.12.2016 15:00;1,28422;
Anilin;9;10.12.2016 15:00;0,8785;
Anilin;8;10.12.2016 15:00;0,859067;
Anilin;6;10.12.2016 15:00;0,360228;
Anilin;5;10.12.2016 15:00;0,344853;
Anilin;7;10.12.2016 15:00;0,299315;
Anilin;1;10.12.2016 15:00;0,239413;
Anilin;2;10.12.2016 15:00;0,151673;
Natriumchlorid;3;10.12.2016 16:00;2,46285;
Natriumchlorid;4;10.12.2016 16:00;2,07466;
Natriumchlorid;5;10.12.2016 16:00;1,19262;
Natriumchlorid;9;10.12.2016 16:00;0,827135;
Natriumchlorid;8;10.12.2016 16:00;0,746982;
Natriumchlorid;6;10.12.2016 16:00;0,474261;
Natriumchlorid;1;10.12.2016 16:00;0,329733;
Natriumchlorid;7;10.12.2016 16:00;0,324475;
Natriumchlorid;2;10.12.2016 16:00;0,231492;
Arsen;4;10.12.2016 16:00;1,96551;
Arsen;5;10.12.2016 16:00;1,85856;
Arsen;2;10.12.2016 16:00;0,597183;
Arsen;8;10.12.2016 16:00;0,484231;
Arsen;6;10.12.2016 16:00;0,462146;
Arsen;3;10.12.2016 16:00;0,410919;
Arsen;9;10.12.2016 16:00;0,349084;
Arsen;1;10.12.2016 16:00;0,268959;
Arsen;7;10.12.2016 16:00;0,11476;
Benzol;4;10.12.2016 16:00;2,02771;
Benzol;3;10.12.2016 16:00;1,90322;
Benzol;9;10.12.2016 16:00;1,60897;
Benzol;7;10.12.2016 16:00;1,53427;
Benzol;6;10.12.2016 16:00;0,683056;
Benzol;1;10.12.2016 16:00;0,531504;
Benzol;2;10.12.2016 16:00;0,312391;
Benzol;5;10.12.2016 16:00;0,242091;
Benzol;8;10.12.2016 16:00;0,0207513;
Anilin;4;10.12.2016 16:00;1,84659;
Anilin;7;10.12.2016 16:00;1,02593;
Anilin;9;10.12.2016 16:00;0,819044;
Anilin;3;10.12.2016 16:00;0,700821;
Anilin;5;10.12.2016 16:00;0,54622;
Anilin;8;10.12.2016 16:00;0,33743;
Anilin;6;10.12.2016 16:00;0,297167;
Anilin;2;10.12.2016 16:00;0,183763;
Anilin;1;10.12.2016 16:00;0,0942379;
Natriumchlorid;7;10.12.2016 17:00;2,12372;
Natriumchlorid;4;10.12.2016 17:00;1,75167;
Natriumchlorid;9;10.12.2016 17:00;0,772866;
Natriumchlorid;6;10.12.2016 17:00;0,648862;
Natriumchlorid;5;10.12.2016 17:00;0,400554;
Natriumchlorid;1;10.12.2016 17:00;0,39756;
Natriumchlorid;2;10.12.2016 17:00;0,319581;
Natriumchlorid;3;10.12.2016 17:00;0,151738;
Natriumchlorid;8;10.12.2016 17:00;0,00674968;
Arsen;4;10.12.2016 17:00;1,69639;
Arsen;3;10.12.2016 17:00;0,528824;
Arsen;6;10.12.2016 17:00;0,495463;
Arsen;9;10.12.2016 17:00;0,45112;
Arsen;5;10.12.2016 17:00;0,381032;
Arsen;7;10.12.2016 17:00;0,321798;
Arsen;1;10.12.2016 17:00;0,284292;
Arsen;2;10.12.2016 17:00;0,176686;
Arsen;8;10.12.2016 17:00;0,0446456;
Benzol;4;10.12.2016 17:00;1,8842;
Benzol;9;10.12.2016 17:00;1,43945;
Benzol;5;10.12.2016 17:00;1,03367;
Benzol;6;10.12.2016 17:00;0,593928;
Benzol;7;10.12.2016 17:00;0,552492;
Benzol;8;10.12.2016 17:00;0,506967;
Benzol;1;10.12.2016 17:00;0,359892;
Benzol;3;10.12.2016 17:00;0,158273;
Benzol;2;10.12.2016 17:00;0,0407496;
Anilin;4;10.12.2016 17:00;2,1636;
Anilin;7;10.12.2016 17:00;1,4856;
Anilin;5;10.12.2016 17:00;0,868381;
Anilin;3;10.12.2016 17:00;0,696366;
Anilin;2;10.12.2016 17:00;0,525247;
Anilin;6;10.12.2016 17:00;0,518929;
Anilin;9;10.12.2016 17:00;0,162637;
Anilin;8;10.12.2016 17:00;0,1579;
Anilin;1;10.12.2016 17:00;0,00422717;
Natriumchlorid;7;10.12.2016 18:00;2,80884;
Natriumchlorid;4;10.12.2016 18:00;1,84578;
Natriumchlorid;3;10.12.2016 18:00;0,951733;
Natriumchlorid;2;10.12.2016 18:00;0,741921;
Natriumchlorid;9;10.12.2016 18:00;0,740317;
Natriumchlorid;6;10.12.2016 18:00;0,581522;
Natriumchlorid;5;10.12.2016 18:00;0,422256;
Natriumchlorid;1;10.12.2016 18:00;0,272494;
Natriumchlorid;8;10.12.2016 18:00;0,0614394;
Arsen;3;10.12.2016 18:00;2,62816;
Arsen;4;10.12.2016 18:00;1,91257;
Arsen;5;10.12.2016 18:00;1,16327;
Arsen;7;10.12.2016 18:00;1,15359;
Arsen;2;10.12.2016 18:00;0,566195;
Arsen;8;10.12.2016 18:00;0,535745;
Arsen;6;10.12.2016 18:00;0,337613;
Arsen;1;10.12.2016 18:00;0,110767;
Arsen;9;10.12.2016 18:00;0,0173347;
Benzol;4;10.12.2016 18:00;2,05017;
Benzol;3;10.12.2016 18:00;1,97557;
Benzol;2;10.12.2016 18:00;0,72932;
Benzol;5;10.12.2016 18:00;0,561108;
Benzol;9;10.12.2016 18:00;0,452122;
Benzol;8;10.12.2016 18:00;0,446231;
Benzol;6;10.12.2016 18:00;0,278136;
Benzol;1;10.12.2016 18:00;0,253928;
Benzol;7;10.12.2016 18:00;0,107177;
Anilin;4;10.12.2016 18:00;1,92318;
Anilin;8;10.12.2016 18:00;1,03258;
Anilin;5;10.12.2016 18:00;0,851095;
Anilin;2;10.12.2016 18:00;0,640414;
Anilin;7;10.12.2016 18:00;0,340636;
Anilin;9;10.12.2016 18:00;0,3088;
Anilin;6;10.12.2016 18:00;0,120888;
Anilin;3;10.12.2016 18:00;0,118834;
Anilin;1;10.12.2016 18:00;0,0126027;
Natriumchlorid;4;10.12.2016 19:00;2,00426;
Natriumchlorid;3;10.12.2016 19:00;0,926258;
Natriumchlorid;2;10.12.2016 19:00;0,683062;
Natriumchlorid;7;10.12.2016 19:00;0,410409;
Natriumchlorid;8;10.12.2016 19:00;0,383885;
Natriumchlorid;9;10.12.2016 19:00;0,311928;
Natriumchlorid;1;10.12.2016 19:00;0,206144;
Natriumchlorid;5;10.12.2016 19:00;0,193241;
Natriumchlorid;6;10.12.2016 19:00;0,0745664;
Arsen;5;10.12.2016 19:00;1,86239;
Arsen;4;10.12.2016 19:00;1,69443;
Arsen;2;10.12.2016 19:00;1,09754;
Arsen;8;10.12.2016 19:00;0,656151;
Arsen;6;10.12.2016 19:00;0,577902;
Arsen;7;10.12.2016 19:00;0,44728;
Arsen;3;10.12.2016 19:00;0,208466;
Arsen;9;10.12.2016 19:00;0,122732;
Arsen;1;10.12.2016 19:00;0,0434454;
Benzol;4;10.12.2016 19:00;1,92365;
Benzol;5;10.12.2016 19:00;1,39973;
Benzol;3;10.12.2016 19:00;0,53703;
Benzol;8;10.12.2016 19:00;0,521887;
Benzol;9;10.12.2016 19:00;0,518602;
Benzol;6;10.12.2016 19:00;0,340178;
Benzol;1;10.12.2016 19:00;0,337963;
Benzol;7;10.12.2016 19:00;0,267594;
Benzol;2;10.12.2016 19:00;0,238232;
Anilin;4;10.12.2016 19:00;1,75751;
Anilin;9;10.12.2016 19:00;1,2438;
Anilin;2;10.12.2016 19:00;0,975231;
Anilin;5;10.12.2016 19:00;0,709631;
Anilin;8;10.12.2016 19:00;0,613495;
Anilin;3;10.12.2016 19:00;0,33272;
Anilin;7;10.12.2016 19:00;0,283328;
Anilin;1;10.12.2016 19:00;0,193426;
Anilin;6;10.12.2016 19:00;0,139767;
Natriumchlorid;4;10.12.2016 20:00;1,94334;
Natriumchlorid;6;10.12.2016 20:00;0,855671;
Natriumchlorid;8;10.12.2016 20:00;0,716048;
Natriumchlorid;3;10.12.2016 20:00;0,468467;
Natriumchlorid;7;10.12.2016 20:00;0,19903;
Natriumchlorid;1;10.12.2016 20:00;0,18796;
Natriumchlorid;2;10.12.2016 20:00;0,160969;
Natriumchlorid;5;10.12.2016 20:00;0,154853;
Natriumchlorid;9;10.12.2016 20:00;0,129168;
Arsen;4;10.12.2016 20:00;1,84592;
Arsen;9;10.12.2016 20:00;1,78525;
Arsen;3;10.12.2016 20:00;1,13841;
Arsen;1;10.12.2016 20:00;0,413975;
Arsen;8;10.12.2016 20:00;0,413451;
Arsen;6;10.12.2016 20:00;0,390947;
Arsen;5;10.12.2016 20:00;0,230262;
Arsen;2;10.12.2016 20:00;0,18101;
Arsen;7;10.12.2016 20:00;0,106202;
Benzol;4;10.12.2016 20:00;1,90593;
Benzol;8;10.12.2016 20:00;1,32902;
Benzol;3;10.12.2016 20:00;0,606095;
Benzol;7;10.12.2016 20:00;0,560673;
Benzol;2;10.12.2016 20:00;0,224418;
Benzol;9;10.12.2016 20:00;0,214064;
Benzol;6;10.12.2016 20:00;0,213124;
Benzol;5;10.12.2016 20:00;0,182944;
Benzol;1;10.12.2016 20:00;0,175606;
Anilin;4;10.12.2016 20:00;1,84868;
Anilin;9;10.12.2016 20:00;0,77572;
Anilin;5;10.12.2016 20:00;0,708291;
Anilin;3;10.12.2016 20:00;0,489778;
Anilin;6;10.12.2016 20:00;0,409727;
Anilin;1;10.12.2016 20:00;0,321753;
Anilin;2;10.12.2016 20:00;0,22727;
Anilin;8;10.12.2016 20:00;0,221127;
Anilin;7;10.12.2016 20:00;0,196266;
Natriumchlorid;4;10.12.2016 21:00;2,09189;
Natriumchlorid;7;10.12.2016 21:00;1,07532;
Natriumchlorid;3;10.12.2016 21:00;1,03531;
Natriumchlorid;6;10.12.2016 21:00;0,641754;
Natriumchlorid;2;10.12.2016 21:00;0,532498;
Natriumchlorid;5;10.12.2016 21:00;0,49456;
Natriumchlorid;8;10.12.2016 21:00;0,149496;
Natriumchlorid;1;10.12.2016 21:00;0,147467;
Natriumchlorid;9;10.12.2016 21:00;0,0929914;
Arsen;4;10.12.2016 21:00;1,59511;
Arsen;9;10.12.2016 21:00;1,05533;
Arsen;3;10.12.2016 21:00;0,743806;
Arsen;8;10.12.2016 21:00;0,239775;
Arsen;5;10.12.2016 21:00;0,190032;
Arsen;1;10.12.2016 21:00;0,133358;
Arsen;7;10.12.2016 21:00;0,115663;
Arsen;6;10.12.2016 21:00;0,105128;
Arsen;2;10.12.2016 21:00;0,088207;
Benzol;3;10.12.2016 21:00;5,45389;
Benzol;4;10.12.2016 21:00;2,02374;
Benzol;8;10.12.2016 21:00;0,599302;
Benzol;9;10.12.2016 21:00;0,553909;
Benzol;6;10.12.2016 21:00;0,508445;
Benzol;5;10.12.2016 21:00;0,282064;
Benzol;1;10.12.2016 21:00;0,250019;
Benzol;7;10.12.2016 21:00;0,136588;
Benzol;2;10.12.2016 21:00;0,124073;
Anilin;3;10.12.2016 21:00;2,54712;
Anilin;4;10.12.2016 21:00;2,24972;
Anilin;7;10.12.2016 21:00;0,593316;
Anilin;8;10.12.2016 21:00;0,515268;
Anilin;5;10.12.2016 21:00;0,505557;
Anilin;6;10.12.2016 21:00;0,456168;
Anilin;2;10.12.2016 21:00;0,324873;
Anilin;1;10.12.2016 21:00;0,324119;
Anilin;9;10.12.2016 21:00;0,19525;
Natriumchlorid;4;10.12.2016 22:00;2,44509;
Natriumchlorid;7;10.12.2016 22:00;1,23223;
Natriumchlorid;3;10.12.2016 22:00;0,714695;
Natriumchlorid;9;10.12.2016 22:00;0,615877;
Natriumchlorid;6;10.12.2016 22:00;0,601282;
Natriumchlorid;5;10.12.2016 22:00;0,579502;
Natriumchlorid;2;10.12.2016 22:00;0,320381;
Natriumchlorid;1;10.12.2016 22:00;0,232866;
Natriumchlorid;8;10.12.2016 22:00;0,222378;
Arsen;4;10.12.2016 22:00;2,10863;
Arsen;9;10.12.2016 22:00;0,66764;
Arsen;6;10.12.2016 22:00;0,483723;
Arsen;1;10.12.2016 22:00;0,346734;
Arsen;7;10.12.2016 22:00;0,287013;
Arsen;3;10.12.2016 22:00;0,222086;
Arsen;2;10.12.2016 22:00;0,122359;
Arsen;8;10.12.2016 22:00;0,0523336;
Arsen;5;10.12.2016 22:00;0,0250268;
Benzol;7;10.12.2016 22:00;3,37361;
Benzol;4;10.12.2016 22:00;2,06323;
Benzol;3;10.12.2016 22:00;0,812994;
Benzol;2;10.12.2016 22:00;0,2016;
Benzol;9;10.12.2016 22:00;0,197958;
Benzol;6;10.12.2016 22:00;0,139505;
Benzol;1;10.12.2016 22:00;0,11944;
Benzol;5;10.12.2016 22:00;0,0874341;
Benzol;8;10.12.2016 22:00;0,0740708;
Anilin;4;10.12.2016 22:00;2,13754;
Anilin;9;10.12.2016 22:00;0,813676;
Anilin;2;10.12.2016 22:00;0,678143;
Anilin;3;10.12.2016 22:00;0,675799;
Anilin;7;10.12.2016 22:00;0,592803;
Anilin;5;10.12.2016 22:00;0,418306;
Anilin;1;10.12.2016 22:00;0,304023;
Anilin;6;10.12.2016 22:00;0,291892;
Anilin;8;10.12.2016 22:00;0,168453;
Natriumchlorid;4;10.12.2016 23:00;2,16209;
Natriumchlorid;1;10.12.2016 23:00;0,664282;
Natriumchlorid;9;10.12.2016 23:00;0,576261;
Natriumchlorid;8;10.12.2016 23:00;0,511343;
Natriumchlorid;3;10.12.2016 23:00;0,411869;
Natriumchlorid;7;10.12.2016 23:00;0,323649;
Natriumchlorid;6;10.12.2016 23:00;0,207024;
Natriumchlorid;5;10.12.2016 23:00;0,15452;
Natriumchlorid;2;10.12.2016 23:00;0,0802117;
Arsen;4;10.12.2016 23:00;1,52756;
Arsen;2;10.12.2016 23:00;1,07577;
Arsen;6;10.12.2016 23:00;0,530508;
Arsen;8;10.12.2016 23:00;0,396007;
Arsen;9;10.12.2016 23:00;0,340179;
Arsen;1;10.12.2016 23:00;0,338585;
Arsen;5;10.12.2016 23:00;0,192041;
Arsen;7;10.12.2016 23:00;0,144429;
Arsen;3;10.12.2016 23:00;0,0120337;
Benzol;4;10.12.2016 23:00;1,81447;
Benzol;7;10.12.2016 23:00;1,09918;
Benzol;8;10.12.2016 23:00;0,99738;
Benzol;6;10.12.2016 23:00;0,893921;
Benzol;5;10.12.2016 23:00;0,863139;
Benzol;3;10.12.2016 23:00;0,802258;
Benzol;1;10.12.2016 23:00;0,471229;
Benzol;2;10.12.2016 23:00;0,219423;
Benzol;9;10.12.2016 23:00;0,14376;
Anilin;9;10.12.2016 23:00;2,06986;
Anilin;4;10.12.2016 23:00;1,94592;
Anilin;2;10.12.2016 23:00;1,05066;
Anilin;3;10.12.2016 23:00;0,820107;
Anilin;6;10.12.2016 23:00;0,652996;
Anilin;5;10.12.2016 23:00;0,613832;
Anilin;1;10.12.2016 23:00;0,177593;
Anilin;8;10.12.2016 23:00;0,077344;
Anilin;7;10.12.2016 23:00;0,0564042;
Natriumchlorid;3;11.12.2016 00:00;4,19452;
Natriumchlorid;4;11.12.2016 00:00;1,7682;
Natriumchlorid;5;11.12.2016 00:00;0,923507;
Natriumchlorid;9;11.12.2016 00:00;0,75483;
Natriumchlorid;2;11.12.2016 00:00;0,557625;
Natriumchlorid;8;11.12.2016 00:00;0,240901;
Natriumchlorid;6;11.12.2016 00:00;0,223209;
Natriumchlorid;7;11.12.2016 00:00;0,110233;
Natriumchlorid;1;11.12.2016 00:00;0,0670065;
Arsen;4;11.12.2016 00:00;2,03322;
Arsen;3;11.12.2016 00:00;1,64914;
Arsen;9;11.12.2016 00:00;1,09051;
Arsen;2;11.12.2016 00:00;0,713366;
Arsen;6;11.12.2016 00:00;0,662762;
Arsen;7;11.12.2016 00:00;0,591675;
Arsen;5;11.12.2016 00:00;0,248922;
Arsen;8;11.12.2016 00:00;0,246054;
Arsen;1;11.12.2016 00:00;0,170325;
Benzol;6;11.12.2016 00:00;6,93387;
Benzol;4;11.12.2016 00:00;2,03386;
Benzol;3;11.12.2016 00:00;0,701428;
Benzol;9;11.12.2016 00:00;0,584846;
Benzol;8;11.12.2016 00:00;0,558999;
Benzol;2;11.12.2016 00:00;0,367313;
Benzol;1;11.12.2016 00:00;0,336859;
Benzol;7;11.12.2016 00:00;0,142936;
Benzol;5;11.12.2016 00:00;0,0669399;
Anilin;4;11.12.2016 00:00;1,9886;
Anilin;9;11.12.2016 00:00;0,704802;
Anilin;8;11.12.2016 00:00;0,531474;
Anilin;5;11.12.2016 00:00;0,529648;
Anilin;6;11.12.2016 00:00;0,489352;
Anilin;1;11.12.2016 00:00;0,39283;
Anilin;7;11.12.2016 00:00;0,316927;
Anilin;2;11.12.2016 00:00;0,245862;
Anilin;3;11.12.2016 00:00;0,181744;
Natriumchlorid;4;11.12.2016 01:00;2,1738;
Natriumchlorid;9;11.12.2016 01:00;1,91436;
Natriumchlorid;7;11.12.2016 01:00;1,28912;
Natriumchlorid;3;11.12.2016 01:00;0,54622;
Natriumchlorid;8;11.12.2016 01:00;0,475101;
Natriumchlorid;5;11.12.2016 01:00;0,255654;
Natriumchlorid;1;11.12.2016 01:00;0,233564;
Natriumchlorid;2;11.12.2016 01:00;0,130686;
Natriumchlorid;6;11.12.2016 01:00;0,00362102;
Arsen;4;11.12.2016 01:00;1,57588;
Arsen;7;11.12.2016 01:00;1,10728;
Arsen;5;11.12.2016 01:00;0,500473;
Arsen;6;11.12.2016 01:00;0,488237;
Arsen;1;11.12.2016 01:00;0,445285;
Arsen;8;11.12.2016 01:00;0,421691;
Arsen;3;11.12.2016 01:00;0,210799;
Arsen;9;11.12.2016 01:00;0,187896;
Arsen;2;11.12.2016 01:00;0,0493777;
Benzol;4;11.12.2016 01:00;1,95477;
Benzol;2;11.12.2016 01:00;0,660073;
Benzol;8;11.12.2016 01:00;0,657316;
Benzol;7;11.12.2016 01:00;0,643774;
Benzol;6;11.12.2016 01:00;0,41037;
Benzol;5;11.12.2016 01:00;0,210247;
Benzol;1;11.12.2016 01:00;0,207032;
Benzol;9;11.12.2016 01:00;0,0939043;
Benzol;3;11.12.2016 01:00;0,0132558;
Anilin;4;11.12.2016 01:00;1,91853;
Anilin;9;11.12.2016 01:00;1,87254;
Anilin;7;11.12.2016 01:00;1,22495;
Anilin;2;11.12.2016 01:00;0,65771;
Anilin;1;11.12.2016 01:00;0,403529;
Anilin;6;11.12.2016 01:00;0,361101;
Anilin;5;11.12.2016 01:00;0,315486;
Anilin;3;11.12.2016 01:00;0,255697;
Anilin;8;11.12.2016 01:00;0,0163324;
Natriumchlorid;6;11.12.2016 02:00;7,17392;
Natriumchlorid;3;11.12.2016 02:00;2,28686;
Natriumchlorid;4;11.12.2016 02:00;1,83153;
Natriumchlorid;9;11.12.2016 02:00;0,560959;
Natriumchlorid;5;11.12.2016 02:00;0,473061;
Natriumchlorid;1;11.12.2016 02:00;0,356025;
Natriumchlorid;7;11.12.2016 02:00;0,113798;
Natriumchlorid;8;11.12.2016 02:00;0,0891092;
Natriumchlorid;2;11.12.2016 02:00;0,0389183;
Arsen;4;11.12.2016 02:00;1,80886;
Arsen;3;11.12.2016 02:00;1,23643;
Arsen;5;11.12.2016 02:00;0,777854;
Arsen;8;11.12.2016 02:00;0,734838;
Arsen;9;11.12.2016 02:00;0,569411;
Arsen;6;11.12.2016 02:00;0,307544;
Arsen;2;11.12.2016 02:00;0,292002;
Arsen;7;11.12.2016 02:00;0,265083;
Arsen;1;11.12.2016 02:00;0,128166;
Benzol;7;11.12.2016 02:00;1,90222;
Benzol;4;11.12.2016 02:00;1,87444;
Benzol;6;11.12.2016 02:00;0,813478;
Benzol;5;11.12.2016 02:00;0,660467;
Benzol;3;11.12.2016 02:00;0,482475;
Benzol;1;11.12.2016 02:00;0,448961;
Benzol;9;11.12.2016 02:00;0,338151;
Benzol;2;11.12.2016 02:00;0,0149427;
Benzol;8;11.12.2016 02:00;0,00419218;
Anilin;6;11.12.2016 02:00;68,88227;
Anilin;4;11.12.2016 02:00;1,75629;
Anilin;9;11.12.2016 02:00;0,687041;
Anilin;2;11.12.2016 02:00;0,480212;
Anilin;5;11.12.2016 02:00;0,456876;
Anilin;7;11.12.2016 02:00;0,337698;
Anilin;8;11.12.2016 02:00;0,329394;
Anilin;3;11.12.2016 02:00;0,126251;
Anilin;1;11.12.2016 02:00;0,0808516;
Natriumchlorid;7;11.12.2016 03:00;1,93626;
Natriumchlorid;4;11.12.2016 03:00;1,84072;
Natriumchlorid;3;11.12.2016 03:00;1,63764;
Natriumchlorid;5;11.12.2016 03:00;1,08916;
Natriumchlorid;6;11.12.2016 03:00;0,992711;
Natriumchlorid;2;11.12.2016 03:00;0,244753;
Natriumchlorid;9;11.12.2016 03:00;0,122329;
Natriumchlorid;1;11.12.2016 03:00;0,115324;
Natriumchlorid;8;11.12.2016 03:00;0,0148906;
Arsen;3;11.12.2016 03:00;2,89179;
Arsen;4;11.12.2016 03:00;2,02757;
Arsen;5;11.12.2016 03:00;0,566771;
Arsen;6;11.12.2016 03:00;0,207972;
Arsen;7;11.12.2016 03:00;0,201033;
Arsen;2;11.12.2016 03:00;0,148744;
Arsen;8;11.12.2016 03:00;0,0553622;
Arsen;9;11.12.2016 03:00;0,0480009;
Arsen;1;11.12.2016 03:00;0,03918;
Benzol;4;11.12.2016 03:00;1,97746;
Benzol;8;11.12.2016 03:00;1,62824;
Benzol;3;11.12.2016 03:00;1,38081;
Benzol;1;11.12.2016 03:00;0,443317;
Benzol;2;11.12.2016 03:00;0,348584;
Benzol;5;11.12.2016 03:00;0,342935;
Benzol;6;11.12.2016 03:00;0,315173;
Benzol;9;11.12.2016 03:00;0,265219;
Benzol;7;11.12.2016 03:00;0,178166;
Anilin;6;11.12.2016 03:00;5,5653;
Anilin;7;11.12.2016 03:00;2,20139;
Anilin;4;11.12.2016 03:00;2,14808;
Anilin;3;11.12.2016 03:00;1,05095;
Anilin;9;11.12.2016 03:00;1,03734;
Anilin;8;11.12.2016 03:00;0,770027;
Anilin;5;11.12.2016 03:00;0,159414;
Anilin;1;11.12.2016 03:00;0,135434;
Anilin;2;11.12.2016 03:00;0,125588;
Natriumchlorid;4;11.12.2016 04:00;2,05495;
Natriumchlorid;5;11.12.2016 04:00;1,49622;
Natriumchlorid;8;11.12.2016 04:00;1,26596;
Natriumchlorid;7;11.12.2016 04:00;0,858863;
Natriumchlorid;2;11.12.2016 04:00;0,768736;
Natriumchlorid;6;11.12.2016 04:00;0,133009;
Natriumchlorid;3;11.12.2016 04:00;0,13081;
Natriumchlorid;9;11.12.2016 04:00;0,0835638;
Natriumchlorid;1;11.12.2016 04:00;0,0403609;
Arsen;4;11.12.2016 04:00;1,88452;
Arsen;7;11.12.2016 04:00;1,34116;
Arsen;5;11.12.2016 04:00;0,607877;
Arsen;2;11.12.2016 04:00;0,566382;
Arsen;1;11.12.2016 04:00;0,275804;
Arsen;9;11.12.2016 04:00;0,26367;
Arsen;3;11.12.2016 04:00;0,242581;
Arsen;6;11.12.2016 04:00;0,177677;
Arsen;8;11.12.2016 04:00;0,140573;
Benzol;4;11.12.2016 04:00;2,2046;
Benzol;3;11.12.2016 04:00;1,38771;
Benzol;9;11.12.2016 04:00;1,07507;
Benzol;6;11.12.2016 04:00;0,618032;
Benzol;8;11.12.2016 04:00;0,584674;
Benzol;7;11.12.2016 04:00;0,429242;
Benzol;5;11.12.2016 04:00;0,331041;
Benzol;2;11.12.2016 04:00;0,317932;
Benzol;1;11.12.2016 04:00;0,187239;
Anilin;4;11.12.2016 04:00;1,83054;
Anilin;3;11.12.2016 04:00;1,38253;
Anilin;9;11.12.2016 04:00;1,05724;
Anilin;6;11.12.2016 04:00;0,856286;
Anilin;8;11.12.2016 04:00;0,539024;
Anilin;5;11.12.2016 04:00;0,43941;
Anilin;7;11.12.2016 04:00;0,323069;
Anilin;2;11.12.2016 04:00;0,268152;
Anilin;1;11.12.2016 04:00;0,0997598;
Natriumchlorid;4;11.12.2016 05:00;1,57194;
Natriumchlorid;3;11.12.2016 05:00;1,33172;
Natriumchlorid;9;11.12.2016 05:00;1,2557;
Natriumchlorid;8;11.12.2016 05:00;0,738063;
Natriumchlorid;6;11.12.2016 05:00;0,413666;
Natriumchlorid;7;11.12.2016 05:00;0,331783;
Natriumchlorid;5;11.12.2016 05:00;0,193947;
Natriumchlorid;2;11.12.2016 05:00;0,108748;
Natriumchlorid;1;11.12.2016 05:00;0,0505891;
Arsen;4;11.12.2016 05:00;1,87177;
Arsen;9;11.12.2016 05:00;0,609301;
Arsen;8;11.12.2016 05:00;0,523266;
Arsen;3;11.12.2016 05:00;0,430673;
Arsen;1;11.12.2016 05:00;0,261424;
Arsen;7;11.12.2016 05:00;0,247501;
Arsen;2;11.12.2016 05:00;0,217255;
Arsen;6;11.12.2016 05:00;0,119545;
Arsen;5;11.12.2016 05:00;0,0230849;
Benzol;4;11.12.2016 05:00;1,92349;
Benzol;3;11.12.2016 05:00;1,30101;
Benzol;6;11.12.2016 05:00;0,474212;
Benzol;8;11.12.2016 05:00;0,314892;
Benzol;5;11.12.2016 05:00;0,28468;
Benzol;2;11.12.2016 05:00;0,274899;
Benzol;7;11.12.2016 05:00;0,122804;
Benzol;1;11.12.2016 05:00;0,0665821;
Benzol;9;11.12.2016 05:00;0,0306362;
Anilin;4;11.12.2016 05:00;1,68117;
Anilin;3;11.12.2016 05:00;0,758646;
Anilin;7;11.12.2016 05:00;0,725533;
Anilin;9;11.12.2016 05:00;0,660891;
Anilin;6;11.12.2016 05:00;0,445768;
Anilin;5;11.12.2016 05:00;0,376939;
Anilin;1;11.12.2016 05:00;0,265608;
Anilin;2;11.12.2016 05:00;0,260588;
Anilin;8;11.12.2016 05:00;0,0100814;
Natriumchlorid;9;11.12.2016 06:00;5,48656;
Natriumchlorid;4;11.12.2016 06:00;1,9633;
Natriumchlorid;9;11.12.2016 06:00;0,692001;
Natriumchlorid;2;11.12.2016 06:00;0,463937;
Natriumchlorid;5;11.12.2016 06:00;0,45334;
Natriumchlorid;7;11.12.2016 06:00;0,44501;
Natriumchlorid;6;11.12.2016 06:00;0,353038;
Natriumchlorid;8;11.12.2016 06:00;0,217196;
Natriumchlorid;3;11.12.2016 06:00;0,101848;
Natriumchlorid;1;11.12.2016 06:00;0,0922216;
Arsen;4;11.12.2016 06:00;1,65403;
Arsen;9;11.12.2016 06:00;1,53462;
Arsen;5;11.12.2016 06:00;0,766089;
Arsen;8;11.12.2016 06:00;0,620941;
Arsen;6;11.12.2016 06:00;0,558213;
Arsen;3;11.12.2016 06:00;0,498696;
Arsen;7;11.12.2016 06:00;0,190859;
Arsen;2;11.12.2016 06:00;0,161769;
Arsen;1;11.12.2016 06:00;0,132014;
Benzol;9;11.12.2016 06:00;2,35941;
Benzol;4;11.12.2016 06:00;1,97199;
Benzol;2;11.12.2016 06:00;0,699587;
Benzol;7;11.12.2016 06:00;0,534446;
Benzol;3;11.12.2016 06:00;0,341371;
Benzol;6;11.12.2016 06:00;0,291414;
Benzol;5;11.12.2016 06:00;0,260331;
Benzol;8;11.12.2016 06:00;0,0900192;
Benzol;1;11.12.2016 06:00;0,0780625;
Anilin;4;11.12.2016 06:00;1,85347;
Anilin;3;11.12.2016 06:00;1,32111;
Anilin;6;11.12.2016 06:00;0,738342;
Anilin;8;11.12.2016 06:00;0,322888;
Anilin;7;11.12.2016 06:00;0,256138;
Anilin;5;11.12.2016 06:00;0,212896;
Anilin;2;11.12.2016 06:00;0,201904;
Anilin;1;11.12.2016 06:00;0,0372487;
Natriumchlorid;4;11.12.2016 07:00;1,90458;
Natriumchlorid;8;11.12.2016 07:00;0,935554;
Natriumchlorid;9;11.12.2016 07:00;0,574138;
Natriumchlorid;5;11.12.2016 07:00;0,530655;
Natriumchlorid;7;11.12.2016 07:00;0,462247;
Natriumchlorid;3;11.12.2016 07:00;0,436587;
Natriumchlorid;6;11.12.2016 07:00;0,436127;
Natriumchlorid;1;11.12.2016 07:00;0,0958374;
Natriumchlorid;2;11.12.2016 07:00;0,046644;
Arsen;3;11.12.2016 07:00;2,82205;
Arsen;4;11.12.2016 07:00;1,91467;
Arsen;2;11.12.2016 07:00;1,08262;
Arsen;6;11.12.2016 07:00;0,734439;
Arsen;8;11.12.2016 07:00;0,680603;
Arsen;7;11.12.2016 07:00;0,432141;
Arsen;9;11.12.2016 07:00;0,35751;
Arsen;5;11.12.2016 07:00;0,0767562;
Arsen;1;11.12.2016 07:00;0,0688859;
Benzol;4;11.12.2016 07:00;1,87836;
Benzol;5;11.12.2016 07:00;1,55395;
Benzol;8;11.12.2016 07:00;1,18782;
Benzol;2;11.12.2016 07:00;0,745853;
Benzol;6;11.12.2016 07:00;0,407537;
Benzol;7;11.12.2016 07:00;0,340892;
Benzol;3;11.12.2016 07:00;0,327608;
Benzol;9;11.12.2016 07:00;0,198649;
Benzol;1;11.12.2016 07:00;0,064453;
Anilin;4;11.12.2016 07:00;1,88803;
Anilin;9;11.12.2016 07:00;1,20183;
Anilin;7;11.12.2016 07:00;0,832748;
Anilin;5;11.12.2016 07:00;0,486806;
Anilin;2;11.12.2016 07:00;0,397329;
Anilin;8;11.12.2016 07:00;0,378739;
Anilin;3;11.12.2016 07:00;0,26585;
Anilin;1;11.12.2016 07:00;0,206144;
Anilin;6;11.12.2016 07:00;0,101219;
Natriumchlorid;9;11.12.2016 08:00;21,13987;
Natriumchlorid;9;11.12.2016 08:00;2,59404;
Natriumchlorid;4;11.12.2016 08:00;1,64924;
Natriumchlorid;5;11.12.2016 08:00;0,852258;
Natriumchlorid;3;11.12.2016 08:00;0,659026;
Natriumchlorid;8;11.12.2016 08:00;0,57742;
Natriumchlorid;7;11.12.2016 08:00;0,530844;
Natriumchlorid;2;11.12.2016 08:00;0,529482;
Natriumchlorid;6;11.12.2016 08:00;0,458815;
Natriumchlorid;1;11.12.2016 08:00;0,120751;
Arsen;4;11.12.2016 08:00;2,095;
Arsen;8;11.12.2016 08:00;1,33503;
Arsen;5;11.12.2016 08:00;0,871696;
Arsen;3;11.12.2016 08:00;0,612144;
Arsen;9;11.12.2016 08:00;0,575731;
Arsen;7;11.12.2016 08:00;0,408002;
Arsen;1;11.12.2016 08:00;0,339793;
Arsen;6;11.12.2016 08:00;0,223277;
Arsen;2;11.12.2016 08:00;0,0644494;
Benzol;4;11.12.2016 08:00;2,20882;
Benzol;3;11.12.2016 08:00;1,94009;
Benzol;8;11.12.2016 08:00;0,787564;
Benzol;2;11.12.2016 08:00;0,776118;
Benzol;5;11.12.2016 08:00;0,716784;
Benzol;6;11.12.2016 08:00;0,580278;
Benzol;7;11.12.2016 08:00;0,367844;
Benzol;9;11.12.2016 08:00;0,189537;
Benzol;1;11.12.2016 08:00;0,018132;
Anilin;4;11.12.2016 08:00;2,06308;
Anilin;3;11.12.2016 08:00;1,78332;
Anilin;8;11.12.2016 08:00;1,00057;
Anilin;7;11.12.2016 08:00;0,801278;
Anilin;6;11.12.2016 08:00;0,530546;
Anilin;2;11.12.2016 08:00;0,330497;
Anilin;5;11.12.2016 08:00;0,30244;
Anilin;1;11.12.2016 08:00;0,0585022;
Natriumchlorid;9;11.12.2016 09:00;21,80804;
Natriumchlorid;3;11.12.2016 09:00;3,12511;
Natriumchlorid;9;11.12.2016 09:00;2,43988;
Natriumchlorid;4;11.12.2016 09:00;1,86691;
Natriumchlorid;5;11.12.2016 09:00;0,838902;
Natriumchlorid;6;11.12.2016 09:00;0,392325;
Natriumchlorid;7;11.12.2016 09:00;0,365429;
Natriumchlorid;1;11.12.2016 09:00;0,35642;
Natriumchlorid;2;11.12.2016 09:00;0,273032;
Natriumchlorid;8;11.12.2016 09:00;0,0104622;
Arsen;4;11.12.2016 09:00;2,00602;
Arsen;3;11.12.2016 09:00;0,940555;
Arsen;5;11.12.2016 09:00;0,909945;
Arsen;7;11.12.2016 09:00;0,627853;
Arsen;9;11.12.2016 09:00;0,420916;
Arsen;6;11.12.2016 09:00;0,315307;
Arsen;2;11.12.2016 09:00;0,171909;
Arsen;1;11.12.2016 09:00;0,139537;
Arsen;8;11.12.2016 09:00;0,0880733;
Benzol;3;11.12.2016 09:00;4,1875;
Benzol;4;11.12.2016 09:00;2,18084;
Benzol;9;11.12.2016 09:00;1,03011;
Benzol;5;11.12.2016 09:00;0,779531;
Benzol;7;11.12.2016 09:00;0,675393;
Benzol;2;11.12.2016 09:00;0,487296;
Benzol;8;11.12.2016 09:00;0,423866;
Benzol;6;11.12.2016 09:00;0,171909;
Benzol;1;11.12.2016 09:00;0,0718495;
Anilin;4;11.12.2016 09:00;2,11084;
Anilin;5;11.12.2016 09:00;0,657147;
Anilin;3;11.12.2016 09:00;0,538129;
Anilin;8;11.12.2016 09:00;0,492289;
Anilin;2;11.12.2016 09:00;0,424156;
Anilin;6;11.12.2016 09:00;0,399013;
Anilin;1;11.12.2016 09:00;0,204445;
Anilin;7;11.12.2016 09:00;0,124639;
Natriumchlorid;9;11.12.2016 10:00;21,18712;
Natriumchlorid;9;11.12.2016 10:00;2,40941;
Natriumchlorid;4;11.12.2016 10:00;1,98652;
Natriumchlorid;3;11.12.2016 10:00;1,86687;
Natriumchlorid;8;11.12.2016 10:00;0,35691;
Natriumchlorid;1;11.12.2016 10:00;0,347979;
Natriumchlorid;6;11.12.2016 10:00;0,304331;
Natriumchlorid;7;11.12.2016 10:00;0,225001;
Natriumchlorid;2;11.12.2016 10:00;0,210206;
Natriumchlorid;5;11.12.2016 10:00;0,129794;
Arsen;3;11.12.2016 10:00;2,35644;
Arsen;4;11.12.2016 10:00;1,77461;
Arsen;9;11.12.2016 10:00;0,431127;
Arsen;7;11.12.2016 10:00;0,343503;
Arsen;5;11.12.2016 10:00;0,319003;
Arsen;8;11.12.2016 10:00;0,161648;
Arsen;6;11.12.2016 10:00;0,115689;
Arsen;1;11.12.2016 10:00;0,0596397;
Arsen;2;11.12.2016 10:00;0,0508547;
Benzol;4;11.12.2016 10:00;1,85628;
Benzol;5;11.12.2016 10:00;1,11131;
Benzol;9;11.12.2016 10:00;0,995858;
Benzol;8;11.12.2016 10:00;0,699671;
Benzol;7;11.12.2016 10:00;0,593862;
Benzol;3;11.12.2016 10:00;0,5882;
Benzol;6;11.12.2016 10:00;0,459918;
Benzol;1;11.12.2016 10:00;0,332559;
Benzol;2;11.12.2016 10:00;0,314204;
Anilin;4;11.12.2016 10:00;2,1407;
Anilin;3;11.12.2016 10:00;1,04484;
Anilin;5;11.12.2016 10:00;0,859692;
Anilin;8;11.12.2016 10:00;0,790707;
Anilin;7;11.12.2016 10:00;0,577553;
Anilin;6;11.12.2016 10:00;0,454721;
Anilin;1;11.12.2016 10:00;0,346254;
Anilin;2;11.12.2016 10:00;0,256351;
Natriumchlorid;9;11.12.2016 11:00;22,10577;
Natriumchlorid;9;11.12.2016 11:00;2,79466;
Natriumchlorid;4;11.12.2016 11:00;1,98158;
Natriumchlorid;5;11.12.2016 11:00;0,81399;
Natriumchlorid;3;11.12.2016 11:00;0,602155;
Natriumchlorid;2;11.12.2016 11:00;0,50524;
Natriumchlorid;1;11.12.2016 11:00;0,318947;
Natriumchlorid;8;11.12.2016 11:00;0,118535;
Natriumchlorid;6;11.12.2016 11:00;0,0811712;
Natriumchlorid;7;11.12.2016 11:00;0,00568532;
Arsen;7;11.12.2016 11:00;2,7232;
Arsen;4;11.12.2016 11:00;1,78075;
Arsen;3;11.12.2016 11:00;1,68198;
Arsen;8;11.12.2016 11:00;0,604864;
Arsen;2;11.12.2016 11:00;0,476431;
Arsen;6;11.12.2016 11:00;0,239074;
Arsen;5;11.12.2016 11:00;0,233983;
Arsen;1;11.12.2016 11:00;0,153431;
Arsen;9;11.12.2016 11:00;0,0304737;
Benzol;4;11.12.2016 11:00;1,90613;
Benzol;9;11.12.2016 11:00;1,10772;
Benzol;7;11.12.2016 11:00;1,04806;
Benzol;3;11.12.2016 11:00;0,94815;
Benzol;5;11.12.2016 11:00;0,934913;
Benzol;6;11.12.2016 11:00;0,398355;
Benzol;8;11.12.2016 11:00;0,373435;
Benzol;2;11.12.2016 11:00;0,13839;
Benzol;1;11.12.2016 11:00;0,124672;
Anilin;4;11.12.2016 11:00;1,55074;
Anilin;3;11.12.2016 11:00;1,32627;
Anilin;8;11.12.2016 11:00;0,671479;
Anilin;7;11.12.2016 11:00;0,652161;
Anilin;5;11.12.2016 11:00;0,214337;
Anilin;6;11.12.2016 11:00;0,190341;
Anilin;1;11.12.2016 11:00;0,113386;
Anilin;2;11.12.2016 11:00;0,107051;
Natriumchlorid;9;11.12.2016 12:00;6,26749;
Natriumchlorid;3;11.12.2016 12:00;1,80969;
Natriumchlorid;4;11.12.2016 12:00;1,65809;
Natriumchlorid;6;11.12.2016 12:00;0,633873;
Natriumchlorid;9;11.12.2016 12:00;0,559582;
Natriumchlorid;8;11.12.2016 12:00;0,368557;
Natriumchlorid;7;11.12.2016 12:00;0,242729;
Natriumchlorid;2;11.12.2016 12:00;0,0870267;
Natriumchlorid;5;11.12.2016 12:00;0,0545251;
Natriumchlorid;1;11.12.2016 12:00;0,0460817;
Arsen;3;11.12.2016 12:00;2,33073;
Arsen;5;11.12.2016 12:00;2,32237;
Arsen;4;11.12.2016 12:00;2,17921;
Arsen;8;11.12.2016 12:00;0,510113;
Arsen;6;11.12.2016 12:00;0,401599;
Arsen;1;11.12.2016 12:00;0,301404;
Arsen;7;11.12.2016 12:00;0,173517;
Arsen;2;11.12.2016 12:00;0,133958;
Arsen;9;11.12.2016 12:00;0,0921321;
Benzol;5;11.12.2016 12:00;3,32673;
Benzol;4;11.12.2016 12:00;1,88;
Benzol;7;11.12.2016 12:00;0,84333;
Benzol;8;11.12.2016 12:00;0,678962;
Benzol;2;11.12.2016 12:00;0,656534;
Benzol;1;11.12.2016 12:00;0,206098;
Benzol;3;11.12.2016 12:00;0,174535;
Benzol;9;11.12.2016 12:00;0,117757;
Benzol;6;11.12.2016 12:00;0,0999968;
Anilin;7;11.12.2016 12:00;2,47335;
Anilin;4;11.12.2016 12:00;1,9404;
Anilin;3;11.12.2016 12:00;1,79903;
Anilin;6;11.12.2016 12:00;0,639075;
Anilin;2;11.12.2016 12:00;0,426954;
Anilin;8;11.12.2016 12:00;0,422089;
Anilin;5;11.12.2016 12:00;0,291287;
Anilin;1;11.12.2016 12:00;0,197192;
Natriumchlorid;4;11.12.2016 13:00;1,64877;
Natriumchlorid;3;11.12.2016 13:00;1,43541;
Natriumchlorid;6;11.12.2016 13:00;0,73815;
Natriumchlorid;7;11.12.2016 13:00;0,384549;
Natriumchlorid;2;11.12.2016 13:00;0,264274;
Natriumchlorid;8;11.12.2016 13:00;0,243349;
Natriumchlorid;9;11.12.2016 13:00;0,141639;
Natriumchlorid;1;11.12.2016 13:00;0,0875637;
Natriumchlorid;5;11.12.2016 13:00;0,037829;
Arsen;5;11.12.2016 13:00;2,578;
Arsen;4;11.12.2016 13:00;2,22766;
Arsen;3;11.12.2016 13:00;1,90759;
Arsen;9;11.12.2016 13:00;1,22535;
Arsen;7;11.12.2016 13:00;0,899142;
Arsen;2;11.12.2016 13:00;0,619954;
Arsen;8;11.12.2016 13:00;0,534029;
Arsen;6;11.12.2016 13:00;0,418747;
Arsen;1;11.12.2016 13:00;0,14955;
Benzol;5;11.12.2016 13:00;7,83611;
Benzol;3;11.12.2016 13:00;2,17882;
Benzol;4;11.12.2016 13:00;2,10312;
Benzol;7;11.12.2016 13:00;0,969754;
Benzol;6;11.12.2016 13:00;0,585554;
Benzol;8;11.12.2016 13:00;0,540455;
Benzol;1;11.12.2016 13:00;0,39891;
Benzol;9;11.12.2016 13:00;0,350246;
Benzol;2;11.12.2016 13:00;0,312113;
Anilin;4;11.12.2016 13:00;2,08127;
Anilin;5;11.12.2016 13:00;0,839721;
Anilin;7;11.12.2016 13:00;0,644961;
Anilin;9;11.12.2016 13:00;0,455094;
Anilin;2;11.12.2016 13:00;0,34391;
Anilin;3;11.12.2016 13:00;0,327608;
Anilin;6;11.12.2016 13:00;0,154942;
Anilin;1;11.12.2016 13:00;0,151527;
Anilin;8;11.12.2016 13:00;0,0417625;
Natriumchlorid;4;11.12.2016 14:00;1,85906;
Natriumchlorid;3;11.12.2016 14:00;1,44926;
Natriumchlorid;5;11.12.2016 14:00;0,766764;
Natriumchlorid;9;11.12.2016 14:00;0,664436;
Natriumchlorid;7;11.12.2016 14:00;0,653133;
Natriumchlorid;2;11.12.2016 14:00;0,530127;
Natriumchlorid;1;11.12.2016 14:00;0,450496;
Natriumchlorid;6;11.12.2016 14:00;0,436594;
Natriumchlorid;8;11.12.2016 14:00;0,234155;
Arsen;4;11.12.2016 14:00;1,83262;
Arsen;3;11.12.2016 14:00;1,5312;
Arsen;5;11.12.2016 14:00;0,538071;
Arsen;6;11.12.2016 14:00;0,3715;
Arsen;2;11.12.2016 14:00;0,345445;
Arsen;7;11.12.2016 14:00;0,324916;
Arsen;8;11.12.2016 14:00;0,302707;
Arsen;9;11.12.2016 14:00;0,213715;
Arsen;1;11.12.2016 14:00;0,00541211;
Benzol;5;11.12.2016 14:00;2,07604;
Benzol;4;11.12.2016 14:00;1,91656;
Benzol;3;11.12.2016 14:00;1,23216;
Benzol;6;11.12.2016 14:00;0,628737;
Benzol;2;11.12.2016 14:00;0,475034;
Benzol;1;11.12.2016 14:00;0,41292;
Benzol;8;11.12.2016 14:00;0,265292;
Benzol;7;11.12.2016 14:00;0,147011;
Benzol;9;11.12.2016 14:00;0,0147876;
Anilin;3;11.12.2016 14:00;2,10169;
Anilin;4;11.12.2016 14:00;1,70338;
Anilin;7;11.12.2016 14:00;1,21286;
Anilin;9;11.12.2016 14:00;1,0263;
Anilin;8;11.12.2016 14:00;0,967028;
Anilin;6;11.12.2016 14:00;0,403726;
Anilin;1;11.12.2016 14:00;0,385695;
Anilin;5;11.12.2016 14:00;0,277697;
Anilin;2;11.12.2016 14:00;0,128494;
Natriumchlorid;9;11.12.2016 15:00;15,8998;
Natriumchlorid;9;11.12.2016 15:00;2,11752;
Natriumchlorid;4;11.12.2016 15:00;1,99566;
Natriumchlorid;7;11.12.2016 15:00;0,905788;
Natriumchlorid;5;11.12.2016 15:00;0,771099;
Natriumchlorid;8;11.12.2016 15:00;0,562317;
Natriumchlorid;2;11.12.2016 15:00;0,476275;
Natriumchlorid;3;11.12.2016 15:00;0,292339;
Natriumchlorid;1;11.12.2016 15:00;0,280063;
Natriumchlorid;6;11.12.2016 15:00;0,213337;
Arsen;3;11.12.2016 15:00;2,07702;
Arsen;4;11.12.2016 15:00;1,86912;
Arsen;9;11.12.2016 15:00;1,16828;
Arsen;6;11.12.2016 15:00;0,700902;
Arsen;8;11.12.2016 15:00;0,452768;
Arsen;2;11.12.2016 15:00;0,343302;
Arsen;1;11.12.2016 15:00;0,221976;
Arsen;7;11.12.2016 15:00;0,187765;
Arsen;5;11.12.2016 15:00;0,0684837;
Benzol;4;11.12.2016 15:00;2,14773;
Benzol;3;11.12.2016 15:00;1,38005;
Benzol;9;11.12.2016 15:00;0,81267;
Benzol;6;11.12.2016 15:00;0,3807;
Benzol;7;11.12.2016 15:00;0,331248;
Benzol;2;11.12.2016 15:00;0,272534;
Benzol;5;11.12.2016 15:00;0,224716;
Benzol;1;11.12.2016 15:00;0,187515;
Benzol;8;11.12.2016 15:00;0,0400411;
Anilin;3;11.12.2016 15:00;2,18702;
Anilin;4;11.12.2016 15:00;1,97773;
Anilin;8;11.12.2016 15:00;1,1668;
Anilin;2;11.12.2016 15:00;0,73751;
Anilin;5;11.12.2016 15:00;0,694292;
Anilin;6;11.12.2016 15:00;0,505339;
Anilin;7;11.12.2016 15:00;0,109995;
Anilin;1;11.12.2016 15:00;0,0121396;
Natriumchlorid;9;11.12.2016 16:00;22,17834;
Natriumchlorid;9;11.12.2016 16:00;2,50765;
Natriumchlorid;4;11.12.2016 16:00;2,20893;
Natriumchlorid;5;11.12.2016 16:00;1,11318;
Natriumchlorid;2;11.12.2016 16:00;0,455953;
Natriumchlorid;3;11.12.2016 16:00;0,397728;
Natriumchlorid;6;11.12.2016 16:00;0,306111;
Natriumchlorid;7;11.12.2016 16:00;0,287589;
Natriumchlorid;1;11.12.2016 16:00;0,195907;
Natriumchlorid;8;11.12.2016 16:00;0,00408331;
Arsen;4;11.12.2016 16:00;1,97489;
Arsen;3;11.12.2016 16:00;1,28691;
Arsen;2;11.12.2016 16:00;1,20315;
Arsen;8;11.12.2016 16:00;0,527508;
Arsen;6;11.12.2016 16:00;0,421268;
Arsen;1;11.12.2016 16:00;0,275246;
Arsen;7;11.12.2016 16:00;0,22355;
Arsen;9;11.12.2016 16:00;0,0696288;
Arsen;5;11.12.2016 16:00;0,00170711;
Benzol;4;11.12.2016 16:00;1,95217;
Benzol;3;11.12.2016 16:00;1,59627;
Benzol;9;11.12.2016 16:00;0,846909;
Benzol;5;11.12.2016 16:00;0,760643;
Benzol;6;11.12.2016 16:00;0,630066;
Benzol;8;11.12.2016 16:00;0,470513;
Benzol;7;11.12.2016 16:00;0,399185;
Benzol;2;11.12.2016 16:00;0,129767;
Benzol;1;11.12.2016 16:00;0,0959775;
Anilin;4;11.12.2016 16:00;1,9818;
Anilin;8;11.12.2016 16:00;1,0343;
Anilin;3;11.12.2016 16:00;0,808076;
Anilin;6;11.12.2016 16:00;0,482006;
Anilin;2;11.12.2016 16:00;0,470209;
Anilin;7;11.12.2016 16:00;0,457383;
Anilin;5;11.12.2016 16:00;0,276373;
Anilin;1;11.12.2016 16:00;0,12184;
Natriumchlorid;4;11.12.2016 17:00;1,83249;
Natriumchlorid;3;11.12.2016 17:00;1,73647;
Natriumchlorid;9;11.12.2016 17:00;1,13704;
Natriumchlorid;7;11.12.2016 17:00;0,686014;
Natriumchlorid;2;11.12.2016 17:00;0,327854;
Natriumchlorid;8;11.12.2016 17:00;0,288226;
Natriumchlorid;1;11.12.2016 17:00;0,234992;
Natriumchlorid;5;11.12.2016 17:00;0,154531;
Natriumchlorid;6;11.12.2016 17:00;0,144325;
Arsen;7;11.12.2016 17:00;2,34236;
Arsen;4;11.12.2016 17:00;2,33302;
Arsen;5;11.12.2016 17:00;0,778616;
Arsen;3;11.12.2016 17:00;0,769967;
Arsen;9;11.12.2016 17:00;0,49899;
Arsen;6;11.12.2016 17:00;0,38707;
Arsen;2;11.12.2016 17:00;0,357415;
Arsen;8;11.12.2016 17:00;0,258338;
Arsen;1;11.12.2016 17:00;0,0159099;
Benzol;3;11.12.2016 17:00;2,93651;
Benzol;4;11.12.2016 17:00;1,86011;
Benzol;9;11.12.2016 17:00;0,696804;
Benzol;8;11.12.2016 17:00;0,635307;
Benzol;2;11.12.2016 17:00;0,511512;
Benzol;7;11.12.2016 17:00;0,502526;
Benzol;5;11.12.2016 17:00;0,468484;
Benzol;6;11.12.2016 17:00;0,410217;
Benzol;1;11.12.2016 17:00;0,0767889;
Anilin;4;11.12.2016 17:00;1,99691;
Anilin;9;11.12.2016 17:00;1,1236;
Anilin;5;11.12.2016 17:00;0,81171;
Anilin;7;11.12.2016 17:00;0,782136;
Anilin;2;11.12.2016 17:00;0,542501;
Anilin;6;11.12.2016 17:00;0,44912;
Anilin;3;11.12.2016 17:00;0,322054;
Anilin;8;11.12.2016 17:00;0,195275;
Anilin;1;11.12.2016 17:00;0,0458964;
Natriumchlorid;9;11.12.2016 18:00;22,3683;
Natriumchlorid;9;11.12.2016 18:00;2,81628;
Natriumchlorid;4;11.12.2016 18:00;1,89845;
Natriumchlorid;5;11.12.2016 18:00;1,27403;
Natriumchlorid;3;11.12.2016 18:00;0,427811;
Natriumchlorid;2;11.12.2016 18:00;0,404829;
Natriumchlorid;7;11.12.2016 18:00;0,188491;
Natriumchlorid;6;11.12.2016 18:00;0,109327;
Natriumchlorid;8;11.12.2016 18:00;0,0967513;
Natriumchlorid;1;11.12.2016 18:00;0,0772696;
Arsen;3;11.12.2016 18:00;3,26488;
Arsen;4;11.12.2016 18:00;2,20117;
Arsen;5;11.12.2016 18:00;1,163;
Arsen;6;11.12.2016 18:00;0,788016;
Arsen;1;11.12.2016 18:00;0,699105;
Arsen;8;11.12.2016 18:00;0,475709;
Arsen;2;11.12.2016 18:00;0,27129;
Arsen;7;11.12.2016 18:00;0,108442;
Arsen;9;11.12.2016 18:00;0,0224043;
Benzol;4;11.12.2016 18:00;2,38046;
Benzol;5;11.12.2016 18:00;1,06179;
Benzol;3;11.12.2016 18:00;0,882977;
Benzol;9;11.12.2016 18:00;0,595963;
Benzol;6;11.12.2016 18:00;0,372072;
Benzol;1;11.12.2016 18:00;0,273622;
Benzol;8;11.12.2016 18:00;0,24941;
Benzol;2;11.12.2016 18:00;0,223928;
Benzol;7;11.12.2016 18:00;0,124526;
Anilin;4;11.12.2016 18:00;1,95575;
Anilin;7;11.12.2016 18:00;1,09466;
Anilin;2;11.12.2016 18:00;0,695081;
Anilin;3;11.12.2016 18:00;0,66933;
Anilin;5;11.12.2016 18:00;0,604273;
Anilin;8;11.12.2016 18:00;0,441491;
Anilin;6;11.12.2016 18:00;0,417471;
Anilin;1;11.12.2016 18:00;0,181976;
Natriumchlorid;4;11.12.2016 19:00;1,92206;
Natriumchlorid;5;11.12.2016 19:00;0,994744;
Natriumchlorid;8;11.12.2016 19:00;0,838734;
Natriumchlorid;3;11.12.2016 19:00;0,794567;
Natriumchlorid;7;11.12.2016 19:00;0,745787;
Natriumchlorid;2;11.12.2016 19:00;0,430197;
Natriumchlorid;9;11.12.2016 19:00;0,376156;
Natriumchlorid;6;11.12.2016 19:00;0,227132;
Natriumchlorid;1;11.12.2016 19:00;0,192494;
Arsen;4;11.12.2016 19:00;2,22343;
Arsen;3;11.12.2016 19:00;1,01208;
Arsen;5;11.12.2016 19:00;0,839556;
Arsen;7;11.12.2016 19:00;0,658462;
Arsen;6;11.12.2016 19:00;0,459103;
Arsen;2;11.12.2016 19:00;0,285355;
Arsen;9;11.12.2016 19:00;0,283032;
Arsen;8;11.12.2016 19:00;0,271171;
Arsen;1;11.12.2016 19:00;0,213589;
Benzol;4;11.12.2016 19:00;2,09311;
Benzol;5;11.12.2016 19:00;1,39024;
Benzol;9;11.12.2016 19:00;0,99863;
Benzol;2;11.12.2016 19:00;0,579663;
Benzol;1;11.12.2016 19:00;0,494872;
Benzol;8;11.12.2016 19:00;0,403748;
Benzol;3;11.12.2016 19:00;0,362158;
Benzol;6;11.12.2016 19:00;0,124765;
Benzol;7;11.12.2016 19:00;0,107069;
Anilin;4;11.12.2016 19:00;2,0857;
Anilin;3;11.12.2016 19:00;1,20156;
Anilin;7;11.12.2016 19:00;1,19302;
Anilin;2;11.12.2016 19:00;0,793949;
Anilin;8;11.12.2016 19:00;0,255568;
Anilin;5;11.12.2016 19:00;0,220107;
Anilin;6;11.12.2016 19:00;0,21189;
Anilin;1;11.12.2016 19:00;0,0503621;
Anilin;9;11.12.2016 19:00;0,0406429;
Natriumchlorid;4;11.12.2016 20:00;2,09032;
Natriumchlorid;8;11.12.2016 20:00;0,867565;
Natriumchlorid;6;11.12.2016 20:00;0,585554;
Natriumchlorid;5;11.12.2016 20:00;0,497333;
Natriumchlorid;7;11.12.2016 20:00;0,490442;
Natriumchlorid;3;11.12.2016 20:00;0,409142;
Natriumchlorid;9;11.12.2016 20:00;0,253059;
Natriumchlorid;1;11.12.2016 20:00;0,223875;
Natriumchlorid;2;11.12.2016 20:00;0,206564;
Arsen;3;11.12.2016 20:00;2,46309;
Arsen;4;11.12.2016 20:00;1,99658;
Arsen;5;11.12.2016 20:00;1,2614;
Arsen;9;11.12.2016 20:00;0,670819;
Arsen;2;11.12.2016 20:00;0,437238;
Arsen;6;11.12.2016 20:00;0,364277;
Arsen;1;11.12.2016 20:00;0,30418;
Arsen;8;11.12.2016 20:00;0,119065;
Arsen;7;11.12.2016 20:00;0,0942119;
Benzol;4;11.12.2016 20:00;2,05868;
Benzol;5;11.12.2016 20:00;2,0042;
Benzol;2;11.12.2016 20:00;0,952498;
Benzol;9;11.12.2016 20:00;0,497004;
Benzol;6;11.12.2016 20:00;0,413788;
Benzol;8;11.12.2016 20:00;0,404728;
Benzol;1;11.12.2016 20:00;0,308977;
Benzol;7;11.12.2016 20:00;0,0586235;
Benzol;3;11.12.2016 20:00;0,0218424;
Anilin;4;11.12.2016 20:00;1,93712;
Anilin;5;11.12.2016 20:00;0,800696;
Anilin;2;11.12.2016 20:00;0,632808;
Anilin;9;11.12.2016 20:00;0,624995;
Anilin;8;11.12.2016 20:00;0,304754;
Anilin;6;11.12.2016 20:00;0,258502;
Anilin;3;11.12.2016 20:00;0,181744;
Anilin;7;11.12.2016 20:00;0,13821;
Anilin;1;11.12.2016 20:00;0,0463271;
Natriumchlorid;4;11.12.2016 21:00;1,93383;
Natriumchlorid;8;11.12.2016 21:00;0,901999;
Natriumchlorid;7;11.12.2016 21:00;0,713491;
Natriumchlorid;9;11.12.2016 21:00;0,701993;
Natriumchlorid;3;11.12.2016 21:00;0,640544;
Natriumchlorid;2;11.12.2016 21:00;0,587661;
Natriumchlorid;5;11.12.2016 21:00;0,469493;
Natriumchlorid;6;11.12.2016 21:00;0,303765;
Natriumchlorid;1;11.12.2016 21:00;0,12842;
Arsen;4;11.12.2016 21:00;1,78599;
Arsen;7;11.12.2016 21:00;0,873845;
Arsen;5;11.12.2016 21:00;0,851938;
Arsen;2;11.12.2016 21:00;0,662573;
Arsen;8;11.12.2016 21:00;0,561154;
Arsen;9;11.12.2016 21:00;0,361354;
Arsen;6;11.12.2016 21:00;0,265587;
Arsen;1;11.12.2016 21:00;0,211121;
Arsen;3;11.12.2016 21:00;0,155093;
Benzol;5;11.12.2016 21:00;9,84643;
Benzol;7;11.12.2016 21:00;2,1161;
Benzol;4;11.12.2016 21:00;1,95418;
Benzol;3;11.12.2016 21:00;1,73708;
Benzol;8;11.12.2016 21:00;0,683585;
Benzol;9;11.12.2016 21:00;0,643091;
Benzol;1;11.12.2016 21:00;0,495508;
Benzol;2;11.12.2016 21:00;0,379075;
Benzol;6;11.12.2016 21:00;0,0927818;
Anilin;4;11.12.2016 21:00;1,96518;
Anilin;5;11.12.2016 21:00;1,02344;
Anilin;6;11.12.2016 21:00;0,74601;
Anilin;9;11.12.2016 21:00;0,543726;
Anilin;7;11.12.2016 21:00;0,534878;
Anilin;3;11.12.2016 21:00;0,484716;
Anilin;8;11.12.2016 21:00;0,456877;
Anilin;2;11.12.2016 21:00;0,275802;
Anilin;1;11.12.2016 21:00;0,25266;
Natriumchlorid;5;11.12.2016 22:00;3,12938;
Natriumchlorid;4;11.12.2016 22:00;2,07779;
Natriumchlorid;3;11.12.2016 22:00;0,673991;
Natriumchlorid;9;11.12.2016 22:00;0,517177;
Natriumchlorid;8;11.12.2016 22:00;0,424387;
Natriumchlorid;1;11.12.2016 22:00;0,277616;
Natriumchlorid;6;11.12.2016 22:00;0,248335;
Natriumchlorid;7;11.12.2016 22:00;0,21405;
Natriumchlorid;2;11.12.2016 22:00;0,0097986;
Arsen;3;11.12.2016 22:00;2,05478;
Arsen;4;11.12.2016 22:00;2,00647;
Arsen;5;11.12.2016 22:00;0,870249;
Arsen;8;11.12.2016 22:00;0,491203;
Arsen;7;11.12.2016 22:00;0,379057;
Arsen;6;11.12.2016 22:00;0,252624;
Arsen;1;11.12.2016 22:00;0,210968;
Arsen;2;11.12.2016 22:00;0,104502;
Arsen;9;11.12.2016 22:00;0,0291395;
Benzol;4;11.12.2016 22:00;1,60275;
Benzol;3;11.12.2016 22:00;0,941299;
Benzol;9;11.12.2016 22:00;0,822414;
Benzol;2;11.12.2016 22:00;0,61271;
Benzol;7;11.12.2016 22:00;0,569024;
Benzol;8;11.12.2016 22:00;0,401392;
Benzol;1;11.12.2016 22:00;0,318455;
Benzol;6;11.12.2016 22:00;0,296012;
Benzol;5;11.12.2016 22:00;0,0744924;
Anilin;5;11.12.2016 22:00;21,1652;
Anilin;4;11.12.2016 22:00;1,9428;
Anilin;3;11.12.2016 22:00;1,00279;
Anilin;6;11.12.2016 22:00;0,573759;
Anilin;9;11.12.2016 22:00;0,558159;
Anilin;7;11.12.2016 22:00;0,40724;
Anilin;1;11.12.2016 22:00;0,263448;
Anilin;2;11.12.2016 22:00;0,258824;
Anilin;8;11.12.2016 22:00;0,1689;
Natriumchlorid;4;11.12.2016 23:00;3,71188;
Natriumchlorid;3;11.12.2016 23:00;1,39889;
Natriumchlorid;6;11.12.2016 23:00;0,484726;
Natriumchlorid;2;11.12.2016 23:00;0,472211;
Natriumchlorid;7;11.12.2016 23:00;0,39172;
Natriumchlorid;8;11.12.2016 23:00;0,274936;
Natriumchlorid;5;11.12.2016 23:00;0,197552;
Natriumchlorid;1;11.12.2016 23:00;0,103489;
Natriumchlorid;9;11.12.2016 23:00;0,0501679;
Arsen;4;11.12.2016 23:00;2,08802;
Arsen;5;11.12.2016 23:00;0,795707;
Arsen;8;11.12.2016 23:00;0,683782;
Arsen;6;11.12.2016 23:00;0,633631;
Arsen;7;11.12.2016 23:00;0,616361;
Arsen;1;11.12.2016 23:00;0,39322;
Arsen;9;11.12.2016 23:00;0,238283;
Arsen;3;11.12.2016 23:00;0,18609;
Arsen;2;11.12.2016 23:00;0,0832959;
Benzol;4;11.12.2016 23:00;5,42729;
Benzol;3;11.12.2016 23:00;1,87194;
Benzol;7;11.12.2016 23:00;0,667721;
Benzol;6;11.12.2016 23:00;0,482023;
Benzol;8;11.12.2016 23:00;0,269803;
Benzol;9;11.12.2016 23:00;0,206265;
Benzol;2;11.12.2016 23:00;0,152783;
Benzol;5;11.12.2016 23:00;0,0367671;
Benzol;1;11.12.2016 23:00;0,0305962;
Anilin;4;11.12.2016 23:00;17,79345;
Anilin;3;11.12.2016 23:00;1,20429;
Anilin;9;11.12.2016 23:00;0,816626;
Anilin;2;11.12.2016 23:00;0,623868;
Anilin;1;11.12.2016 23:00;0,353692;
Anilin;6;11.12.2016 23:00;0,241913;
Anilin;5;11.12.2016 23:00;0,22821;
Anilin;8;11.12.2016 23:00;0,0355652;
Anilin;7;11.12.2016 23:00;0,00106009;
Natriumchlorid;5;12.12.2016 00:00;4,93835;
Natriumchlorid;4;12.12.2016 00:00;1,94282;
Natriumchlorid;3;12.12.2016 00:00;0,733136;
Natriumchlorid;9;12.12.2016 00:00;0,658737;
Natriumchlorid;8;12.12.2016 00:00;0,635926;
Natriumchlorid;6;12.12.2016 00:00;0,606166;
Natriumchlorid;2;12.12.2016 00:00;0,189427;
Natriumchlorid;1;12.12.2016 00:00;0,169783;
Natriumchlorid;7;12.12.2016 00:00;0,0109623;
Arsen;4;12.12.2016 00:00;2,17927;
Arsen;5;12.12.2016 00:00;0,994396;
Arsen;3;12.12.2016 00:00;0,911468;
Arsen;7;12.12.2016 00:00;0,897842;
Arsen;8;12.12.2016 00:00;0,711595;
Arsen;6;12.12.2016 00:00;0,435241;
Arsen;2;12.12.2016 00:00;0,333543;
Arsen;1;12.12.2016 00:00;0,175297;
Arsen;9;12.12.2016 00:00;0,125441;
Benzol;5;12.12.2016 00:00;1,73498;
Benzol;4;12.12.2016 00:00;1,72861;
Benzol;3;12.12.2016 00:00;1,25538;
Benzol;2;12.12.2016 00:00;0,660726;
Benzol;9;12.12.2016 00:00;0,628807;
Benzol;7;12.12.2016 00:00;0,609075;
Benzol;8;12.12.2016 00:00;0,430706;
Benzol;6;12.12.2016 00:00;0,380593;
Benzol;1;12.12.2016 00:00;0,114067;
Anilin;3;12.12.2016 00:00;3,85762;
Anilin;4;12.12.2016 00:00;1,88779;
Anilin;9;12.12.2016 00:00;1,30793;
Anilin;8;12.12.2016 00:00;0,930867;
Anilin;7;12.12.2016 00:00;0,546376;
Anilin;2;12.12.2016 00:00;0,383586;
Anilin;5;12.12.2016 00:00;0,357322;
Anilin;1;12.12.2016 00:00;0,331551;
Anilin;6;12.12.2016 00:00;0,320616;
Natriumchlorid;4;12.12.2016 01:00;1,76272;
Natriumchlorid;3;12.12.2016 01:00;0,872502;
Natriumchlorid;9;12.12.2016 01:00;0,556953;
Natriumchlorid;5;12.12.2016 01:00;0,537006;
Natriumchlorid;6;12.12.2016 01:00;0,319838;
Natriumchlorid;2;12.12.2016 01:00;0,245184;
Natriumchlorid;1;12.12.2016 01:00;0,15693;
Natriumchlorid;7;12.12.2016 01:00;0,122223;
Natriumchlorid;8;12.12.2016 01:00;0,0491688;
Arsen;3;12.12.2016 01:00;3,01504;
Arsen;4;12.12.2016 01:00;2,21085;
Arsen;2;12.12.2016 01:00;1,09011;
Arsen;5;12.12.2016 01:00;0,901307;
Arsen;8;12.12.2016 01:00;0,673215;
Arsen;6;12.12.2016 01:00;0,668944;
Arsen;1;12.12.2016 01:00;0,531564;
Arsen;9;12.12.2016 01:00;0,24721;
Arsen;7;12.12.2016 01:00;0,0350767;
Benzol;4;12.12.2016 01:00;2,08478;
Benzol;7;12.12.2016 01:00;1,01038;
Benzol;3;12.12.2016 01:00;0,82739;
Benzol;9;12.12.2016 01:00;0,719404;
Benzol;5;12.12.2016 01:00;0,553319;
Benzol;6;12.12.2016 01:00;0,387132;
Benzol;8;12.12.2016 01:00;0,277985;
Benzol;1;12.12.2016 01:00;0,167274;
Benzol;2;12.12.2016 01:00;0,127342;
Anilin;4;12.12.2016 01:00;1,91665;
Anilin;7;12.12.2016 01:00;0,998571;
Anilin;3;12.12.2016 01:00;0,815879;
Anilin;5;12.12.2016 01:00;0,634097;
Anilin;6;12.12.2016 01:00;0,476413;
Anilin;9;12.12.2016 01:00;0,422046;
Anilin;1;12.12.2016 01:00;0,373302;
Anilin;8;12.12.2016 01:00;0,318989;
Anilin;2;12.12.2016 01:00;0,287801;
Natriumchlorid;3;12.12.2016 02:00;3,82404;
Natriumchlorid;4;12.12.2016 02:00;1,81244;
Natriumchlorid;7;12.12.2016 02:00;1,25091;
Natriumchlorid;5;12.12.2016 02:00;0,574283;
Natriumchlorid;2;12.12.2016 02:00;0,560509;
Natriumchlorid;1;12.12.2016 02:00;0,408285;
Natriumchlorid;8;12.12.2016 02:00;0,334548;
Natriumchlorid;6;12.12.2016 02:00;0,100514;
Natriumchlorid;9;12.12.2016 02:00;0,00815824;
Arsen;4;12.12.2016 02:00;1,72588;
Arsen;3;12.12.2016 02:00;1,02041;
Arsen;7;12.12.2016 02:00;0,795358;
Arsen;8;12.12.2016 02:00;0,719194;
Arsen;6;12.12.2016 02:00;0,626428;
Arsen;2;12.12.2016 02:00;0,443615;
Arsen;5;12.12.2016 02:00;0,39658;
Arsen;9;12.12.2016 02:00;0,200311;
Arsen;1;12.12.2016 02:00;0,116394;
Benzol;3;12.12.2016 02:00;3,45691;
Benzol;7;12.12.2016 02:00;1,92643;
Benzol;4;12.12.2016 02:00;1,82727;
Benzol;2;12.12.2016 02:00;0,792387;
Benzol;5;12.12.2016 02:00;0,693054;
Benzol;8;12.12.2016 02:00;0,53714;
Benzol;9;12.12.2016 02:00;0,22794;
Benzol;6;12.12.2016 02:00;0,173717;
Benzol;1;12.12.2016 02:00;0,0458552;
Anilin;3;12.12.2016 02:00;17,773;
Anilin;4;12.12.2016 02:00;2,05033;
Anilin;5;12.12.2016 02:00;0,823367;
Anilin;2;12.12.2016 02:00;0,795242;
Anilin;8;12.12.2016 02:00;0,485139;
Anilin;1;12.12.2016 02:00;0,310631;
Anilin;6;12.12.2016 02:00;0,297673;
Anilin;9;12.12.2016 02:00;0,291199;
Anilin;7;12.12.2016 02:00;0,148188;
Natriumchlorid;7;12.12.2016 03:00;2,85973;
Natriumchlorid;3;12.12.2016 03:00;2,24613;
Natriumchlorid;4;12.12.2016 03:00;2,08206;
Natriumchlorid;5;12.12.2016 03:00;0,712503;
Natriumchlorid;6;12.12.2016 03:00;0,428175;
Natriumchlorid;9;12.12.2016 03:00;0,395372;
Natriumchlorid;1;12.12.2016 03:00;0,394198;
Natriumchlorid;2;12.12.2016 03:00;0,0288722;
Natriumchlorid;8;12.12.2016 03:00;0,00419218;
Arsen;4;12.12.2016 03:00;2,01309;
Arsen;8;12.12.2016 03:00;1,52748;
Arsen;9;12.12.2016 03:00;0,31319;
Arsen;2;12.12.2016 03:00;0,2084;
Arsen;3;12.12.2016 03:00;0,175069;
Arsen;6;12.12.2016 03:00;0,136365;
Arsen;7;12.12.2016 03:00;0,100624;
Arsen;5;12.12.2016 03:00;0,0211523;
Arsen;1;12.12.2016 03:00;0,0113412;
Benzol;4;12.12.2016 03:00;1,88592;
Benzol;3;12.12.2016 03:00;1,02436;
Benzol;8;12.12.2016 03:00;0,78328;
Benzol;7;12.12.2016 03:00;0,765349;
Benzol;5;12.12.2016 03:00;0,620639;
Benzol;9;12.12.2016 03:00;0,359594;
Benzol;6;12.12.2016 03:00;0,248233;
Benzol;2;12.12.2016 03:00;0,242475;
Benzol;1;12.12.2016 03:00;0,12231;
Anilin;3;12.12.2016 03:00;22,46316;
Anilin;4;12.12.2016 03:00;2,30415;
Anilin;7;12.12.2016 03:00;1,48876;
Anilin;5;12.12.2016 03:00;1,08141;
Anilin;9;12.12.2016 03:00;0,93498;
Anilin;8;12.12.2016 03:00;0,577318;
Anilin;6;12.12.2016 03:00;0,259503;
Anilin;2;12.12.2016 03:00;0,189624;
Anilin;1;12.12.2016 03:00;0,0256743;
Natriumchlorid;3;12.12.2016 04:00;5,42327;
Natriumchlorid;4;12.12.2016 04:00;1,77868;
Natriumchlorid;7;12.12.2016 04:00;1,72437;
Natriumchlorid;5;12.12.2016 04:00;0,740587;
Natriumchlorid;6;12.12.2016 04:00;0,425782;
Natriumchlorid;8;12.12.2016 04:00;0,286421;
Natriumchlorid;1;12.12.2016 04:00;0,197926;
Natriumchlorid;2;12.12.2016 04:00;0,146861;
Natriumchlorid;9;12.12.2016 04:00;0,110928;
Arsen;5;12.12.2016 04:00;2,60054;
Arsen;3;12.12.2016 04:00;2,2439;
Arsen;4;12.12.2016 04:00;1,93259;
Arsen;7;12.12.2016 04:00;1,38492;
Arsen;2;12.12.2016 04:00;0,385594;
Arsen;6;12.12.2016 04:00;0,283055;
Arsen;1;12.12.2016 04:00;0,274868;
Arsen;9;12.12.2016 04:00;0,166269;
Arsen;8;12.12.2016 04:00;0,125586;
Benzol;4;12.12.2016 04:00;1,87806;
Benzol;8;12.12.2016 04:00;1,20654;
Benzol;5;12.12.2016 04:00;1,00881;
Benzol;9;12.12.2016 04:00;0,671491;
Benzol;2;12.12.2016 04:00;0,369386;
Benzol;6;12.12.2016 04:00;0,343609;
Benzol;3;12.12.2016 04:00;0,336293;
Benzol;7;12.12.2016 04:00;0,31942;
Benzol;1;12.12.2016 04:00;0,127474;
Anilin;3;12.12.2016 04:00;47,74763;
Anilin;4;12.12.2016 04:00;1,79068;
Anilin;7;12.12.2016 04:00;1,51099;
Anilin;6;12.12.2016 04:00;0,626544;
Anilin;8;12.12.2016 04:00;0,260879;
Anilin;5;12.12.2016 04:00;0,217888;
Anilin;1;12.12.2016 04:00;0,20244;
Anilin;2;12.12.2016 04:00;0,126938;
Anilin;9;12.12.2016 04:00;0,048067;
Natriumchlorid;4;12.12.2016 05:00;2,00738;
Natriumchlorid;3;12.12.2016 05:00;1,94943;
Natriumchlorid;5;12.12.2016 05:00;0,476042;
Natriumchlorid;8;12.12.2016 05:00;0,364258;
Natriumchlorid;6;12.12.2016 05:00;0,355629;
Natriumchlorid;1;12.12.2016 05:00;0,271058;
Natriumchlorid;2;12.12.2016 05:00;0,136274;
Natriumchlorid;7;12.12.2016 05:00;0,118468;
Natriumchlorid;9;12.12.2016 05:00;0,00414464;
Arsen;3;12.12.2016 05:00;5,39306;
Arsen;5;12.12.2016 05:00;3,14269;
Arsen;4;12.12.2016 05:00;1,86158;
Arsen;8;12.12.2016 05:00;0,879215;
Arsen;1;12.12.2016 05:00;0,329563;
Arsen;2;12.12.2016 05:00;0,225736;
Arsen;7;12.12.2016 05:00;0,14656;
Arsen;9;12.12.2016 05:00;0,106877;
Arsen;6;12.12.2016 05:00;0,0920324;
Benzol;4;12.12.2016 05:00;1,97099;
Benzol;3;12.12.2016 05:00;1,59882;
Benzol;7;12.12.2016 05:00;1,24706;
Benzol;5;12.12.2016 05:00;0,811488;
Benzol;8;12.12.2016 05:00;0,37319;
Benzol;1;12.12.2016 05:00;0,333571;
Benzol;2;12.12.2016 05:00;0,320509;
Benzol;6;12.12.2016 05:00;0,130147;
Benzol;9;12.12.2016 05:00;0,0416809;
Anilin;3;12.12.2016 05:00;12,46012;
Anilin;4;12.12.2016 05:00;2,39506;
Anilin;5;12.12.2016 05:00;0,613767;
Anilin;8;12.12.2016 05:00;0,522111;
Anilin;1;12.12.2016 05:00;0,370282;
Anilin;7;12.12.2016 05:00;0,367699;
Anilin;2;12.12.2016 05:00;0,337951;
Anilin;6;12.12.2016 05:00;0,234441;
Anilin;9;12.12.2016 05:00;0,111439;
Natriumchlorid;3;12.12.2016 06:00;4,71906;
Natriumchlorid;7;12.12.2016 06:00;2,63838;
Natriumchlorid;4;12.12.2016 06:00;1,89952;
Natriumchlorid;5;12.12.2016 06:00;0,836534;
Natriumchlorid;9;12.12.2016 06:00;0,774702;
Natriumchlorid;8;12.12.2016 06:00;0,460371;
Natriumchlorid;1;12.12.2016 06:00;0,420039;
Natriumchlorid;2;12.12.2016 06:00;0,406086;
Natriumchlorid;6;12.12.2016 06:00;0,350944;
Arsen;4;12.12.2016 06:00;1,91002;
Arsen;5;12.12.2016 06:00;1,74741;
Arsen;3;12.12.2016 06:00;1,01895;
Arsen;8;12.12.2016 06:00;0,662304;
Arsen;9;12.12.2016 06:00;0,474686;
Arsen;2;12.12.2016 06:00;0,398228;
Arsen;6;12.12.2016 06:00;0,279588;
Arsen;7;12.12.2016 06:00;0,213679;
Arsen;1;12.12.2016 06:00;0,00314383;
Benzol;4;12.12.2016 06:00;1,97793;
Benzol;7;12.12.2016 06:00;1,54657;
Benzol;3;12.12.2016 06:00;1,40223;
Benzol;9;12.12.2016 06:00;0,654934;
Benzol;1;12.12.2016 06:00;0,451235;
Benzol;6;12.12.2016 06:00;0,374218;
Benzol;2;12.12.2016 06:00;0,241762;
Benzol;5;12.12.2016 06:00;0,230126;
Benzol;8;12.12.2016 06:00;0,126514;
Anilin;3;12.12.2016 06:00;2,48068;
Anilin;7;12.12.2016 06:00;2,33359;
Anilin;4;12.12.2016 06:00;1,72389;
Anilin;5;12.12.2016 06:00;1,56163;
Anilin;9;12.12.2016 06:00;0,852187;
Anilin;8;12.12.2016 06:00;0,848067;
Anilin;6;12.12.2016 06:00;0,395417;
Anilin;2;12.12.2016 06:00;0,220591;
Anilin;1;12.12.2016 06:00;0,0466365;
Natriumchlorid;4;12.12.2016 07:00;1,83169;
Natriumchlorid;7;12.12.2016 07:00;0,732489;
Natriumchlorid;9;12.12.2016 07:00;0,652932;
Natriumchlorid;1;12.12.2016 07:00;0,522816;
Natriumchlorid;3;12.12.2016 07:00;0,512453;
Natriumchlorid;5;12.12.2016 07:00;0,450332;
Natriumchlorid;2;12.12.2016 07:00;0,428934;
Natriumchlorid;6;12.12.2016 07:00;0,338897;
Natriumchlorid;8;12.12.2016 07:00;0,0943397;
Arsen;5;12.12.2016 07:00;2,08731;
Arsen;4;12.12.2016 07:00;1,85662;
Arsen;7;12.12.2016 07:00;1,4637;
Arsen;9;12.12.2016 07:00;0,950786;
Arsen;2;12.12.2016 07:00;0,480799;
Arsen;3;12.12.2016 07:00;0,284518;
Arsen;6;12.12.2016 07:00;0,0567009;
Arsen;1;12.12.2016 07:00;0,0358552;
Arsen;8;12.12.2016 07:00;0,023541;
Benzol;3;12.12.2016 07:00;4,85845;
Benzol;4;12.12.2016 07:00;2,27811;
Benzol;9;12.12.2016 07:00;0,951187;
Benzol;5;12.12.2016 07:00;0,942893;
Benzol;8;12.12.2016 07:00;0,711346;
Benzol;7;12.12.2016 07:00;0,649261;
Benzol;6;12.12.2016 07:00;0,496975;
Benzol;1;12.12.2016 07:00;0,295292;
Benzol;2;12.12.2016 07:00;0,177748;
Anilin;4;12.12.2016 07:00;2,01343;
Anilin;3;12.12.2016 07:00;1,66786;
Anilin;7;12.12.2016 07:00;1,11924;
Anilin;8;12.12.2016 07:00;0,480512;
Anilin;1;12.12.2016 07:00;0,429032;
Anilin;9;12.12.2016 07:00;0,199151;
Anilin;2;12.12.2016 07:00;0,119675;
Anilin;6;12.12.2016 07:00;0,0933275;
Anilin;5;12.12.2016 07:00;0,0184527;
Natriumchlorid;4;12.12.2016 08:00;2,19949;
Natriumchlorid;8;12.12.2016 08:00;0,727595;
Natriumchlorid;6;12.12.2016 08:00;0,666768;
Natriumchlorid;7;12.12.2016 08:00;0,519498;
Natriumchlorid;1;12.12.2016 08:00;0,350424;
Natriumchlorid;9;12.12.2016 08:00;0,191806;
Natriumchlorid;3;12.12.2016 08:00;0,189997;
Natriumchlorid;2;12.12.2016 08:00;0,0733288;
Natriumchlorid;5;12.12.2016 08:00;0,0218848;
Arsen;4;12.12.2016 08:00;2,08966;
Arsen;5;12.12.2016 08:00;0,991252;
Arsen;9;12.12.2016 08:00;0,528263;
Arsen;3;12.12.2016 08:00;0,413837;
Arsen;1;12.12.2016 08:00;0,364526;
Arsen;6;12.12.2016 08:00;0,352062;
Arsen;8;12.12.2016 08:00;0,293509;
Arsen;7;12.12.2016 08:00;0,152477;
Arsen;2;12.12.2016 08:00;0,108999;
Benzol;4;12.12.2016 08:00;2,40344;
Benzol;3;12.12.2016 08:00;1,66832;
Benzol;9;12.12.2016 08:00;0,594974;
Benzol;6;12.12.2016 08:00;0,361288;
Benzol;7;12.12.2016 08:00;0,310227;
Benzol;2;12.12.2016 08:00;0,282682;
Benzol;1;12.12.2016 08:00;0,280063;
Benzol;5;12.12.2016 08:00;0,149795;
Benzol;8;12.12.2016 08:00;0,00874993;
Anilin;3;12.12.2016 08:00;2,68156;
Anilin;4;12.12.2016 08:00;2,13205;
Anilin;8;12.12.2016 08:00;0,645645;
Anilin;6;12.12.2016 08:00;0,404598;
Anilin;2;12.12.2016 08:00;0,261176;
Anilin;1;12.12.2016 08:00;0,224163;
Anilin;9;12.12.2016 08:00;0,203695;
Anilin;5;12.12.2016 08:00;0,143818;
Anilin;7;12.12.2016 08:00;0,0506672;
Natriumchlorid;3;12.12.2016 09:00;6,39925;
Natriumchlorid;3;12.12.2016 09:00;2,75776;
Natriumchlorid;4;12.12.2016 09:00;1,84281;
Natriumchlorid;7;12.12.2016 09:00;0,773197;
Natriumchlorid;9;12.12.2016 09:00;0,382153;
Natriumchlorid;6;12.12.2016 09:00;0,321261;
Natriumchlorid;2;12.12.2016 09:00;0,289145;
Natriumchlorid;5;12.12.2016 09:00;0,1078;
Natriumchlorid;8;12.12.2016 09:00;0,0478379;
Natriumchlorid;1;12.12.2016 09:00;0,0412009;
Arsen;3;12.12.2016 09:00;3,74791;
Arsen;5;12.12.2016 09:00;3,01632;
Arsen;4;12.12.2016 09:00;2,15637;
Arsen;8;12.12.2016 09:00;1,13559;
Arsen;6;12.12.2016 09:00;0,400926;
Arsen;2;12.12.2016 09:00;0,29141;
Arsen;9;12.12.2016 09:00;0,223727;
Arsen;1;12.12.2016 09:00;0,139041;
Arsen;7;12.12.2016 09:00;0,0667738;
Benzol;3;12.12.2016 09:00;3,33173;
Benzol;4;12.12.2016 09:00;1,64666;
Benzol;7;12.12.2016 09:00;1,21512;
Benzol;8;12.12.2016 09:00;0,775792;
Benzol;2;12.12.2016 09:00;0,625463;
Benzol;9;12.12.2016 09:00;0,593651;
Benzol;6;12.12.2016 09:00;0,487378;
Benzol;5;12.12.2016 09:00;0,437361;
Benzol;1;12.12.2016 09:00;0,101974;
Anilin;4;12.12.2016 09:00;2,12194;
Anilin;5;12.12.2016 09:00;1,73187;
Anilin;9;12.12.2016 09:00;1,57382;
Anilin;7;12.12.2016 09:00;0,691618;
Anilin;6;12.12.2016 09:00;0,619367;
Anilin;1;12.12.2016 09:00;0,544382;
Anilin;2;12.12.2016 09:00;0,190904;
Anilin;8;12.12.2016 09:00;0,0706474;
Natriumchlorid;3;12.12.2016 10:00;5,88448;
Natriumchlorid;4;12.12.2016 10:00;2,1929;
Natriumchlorid;3;12.12.2016 10:00;1,48592;
Natriumchlorid;6;12.12.2016 10:00;0,678184;
Natriumchlorid;1;12.12.2016 10:00;0,676692;
Natriumchlorid;2;12.12.2016 10:00;0,486227;
Natriumchlorid;8;12.12.2016 10:00;0,436233;
Natriumchlorid;7;12.12.2016 10:00;0,29496;
Natriumchlorid;9;12.12.2016 10:00;0,123581;
Natriumchlorid;5;12.12.2016 10:00;0,00309017;
Arsen;4;12.12.2016 10:00;2,14058;
Arsen;3;12.12.2016 10:00;1,2716;
Arsen;5;12.12.2016 10:00;1,2427;
Arsen;8;12.12.2016 10:00;0,530667;
Arsen;9;12.12.2016 10:00;0,342113;
Arsen;1;12.12.2016 10:00;0,251409;
Arsen;6;12.12.2016 10:00;0,202415;
Arsen;7;12.12.2016 10:00;0,159551;
Arsen;2;12.12.2016 10:00;0,0791068;
Benzol;3;12.12.2016 10:00;2,78548;
Benzol;4;12.12.2016 10:00;2,01653;
Benzol;9;12.12.2016 10:00;1,21178;
Benzol;5;12.12.2016 10:00;0,844681;
Benzol;2;12.12.2016 10:00;0,593875;
Benzol;6;12.12.2016 10:00;0,532216;
Benzol;7;12.12.2016 10:00;0,176535;
Benzol;1;12.12.2016 10:00;0,0762337;
Benzol;8;12.12.2016 10:00;0,0420999;
Anilin;4;12.12.2016 10:00;1,82036;
Anilin;5;12.12.2016 10:00;0,773689;
Anilin;6;12.12.2016 10:00;0,716666;
Anilin;8;12.12.2016 10:00;0,562948;
Anilin;7;12.12.2016 10:00;0,38538;
Anilin;9;12.12.2016 10:00;0,253894;
Anilin;1;12.12.2016 10:00;0,139617;
Anilin;2;12.12.2016 10:00;0,068558;
Natriumchlorid;4;12.12.2016 11:00;1,63008;
Natriumchlorid;5;12.12.2016 11:00;1,45133;
Natriumchlorid;3;12.12.2016 11:00;1,1441;
Natriumchlorid;7;12.12.2016 11:00;0,605427;
Natriumchlorid;2;12.12.2016 11:00;0,458101;
Natriumchlorid;6;12.12.2016 11:00;0,302285;
Natriumchlorid;9;12.12.2016 11:00;0,183772;
Natriumchlorid;8;12.12.2016 11:00;0,175808;
Natriumchlorid;1;12.12.2016 11:00;0,145628;
Arsen;4;12.12.2016 11:00;2,12569;
Arsen;3;12.12.2016 11:00;0,635111;
Arsen;7;12.12.2016 11:00;0,546376;
Arsen;5;12.12.2016 11:00;0,523886;
Arsen;2;12.12.2016 11:00;0,423297;
Arsen;6;12.12.2016 11:00;0,340306;
Arsen;1;12.12.2016 11:00;0,323211;
Arsen;9;12.12.2016 11:00;0,305723;
Arsen;8;12.12.2016 11:00;0,201391;
Benzol;4;12.12.2016 11:00;1,62036;
Benzol;9;12.12.2016 11:00;0,954212;
Benzol;6;12.12.2016 11:00;0,723267;
Benzol;7;12.12.2016 11:00;0,658298;
Benzol;3;12.12.2016 11:00;0,590621;
Benzol;1;12.12.2016 11:00;0,380461;
Benzol;8;12.12.2016 11:00;0,377973;
Benzol;2;12.12.2016 11:00;0,223161;
Benzol;5;12.12.2016 11:00;0,0574662;
Anilin;4;12.12.2016 11:00;1,94907;
Anilin;8;12.12.2016 11:00;0,850252;
Anilin;7;12.12.2016 11:00;0,736133;
Anilin;5;12.12.2016 11:00;0,613311;
Anilin;9;12.12.2016 11:00;0,441842;
Anilin;6;12.12.2016 11:00;0,402976;
Anilin;3;12.12.2016 11:00;0,267427;
Anilin;2;12.12.2016 11:00;0,228865;
Anilin;1;12.12.2016 11:00;0,050463;
Natriumchlorid;4;12.12.2016 12:00;1,69608;
Natriumchlorid;3;12.12.2016 12:00;0,690843;
Natriumchlorid;8;12.12.2016 12:00;0,61131;
Natriumchlorid;5;12.12.2016 12:00;0,604789;
Natriumchlorid;6;12.12.2016 12:00;0,604301;
Natriumchlorid;7;12.12.2016 12:00;0,353684;
Natriumchlorid;1;12.12.2016 12:00;0,234247;
Natriumchlorid;2;12.12.2016 12:00;0,132368;
Natriumchlorid;9;12.12.2016 12:00;0,122931;
Arsen;4;12.12.2016 12:00;1,99541;
Arsen;3;12.12.2016 12:00;1,98156;
Arsen;5;12.12.2016 12:00;1,26017;
Arsen;6;12.12.2016 12:00;0,736249;
Arsen;9;12.12.2016 12:00;0,575366;
Arsen;8;12.12.2016 12:00;0,497009;
Arsen;1;12.12.2016 12:00;0,368464;
Arsen;2;12.12.2016 12:00;0,273373;
Arsen;7;12.12.2016 12:00;0,105675;
Benzol;4;12.12.2016 12:00;1,83595;
Benzol;7;12.12.2016 12:00;0,805923;
Benzol;9;12.12.2016 12:00;0,564265;
Benzol;3;12.12.2016 12:00;0,561719;
Benzol;5;12.12.2016 12:00;0,52709;
Benzol;1;12.12.2016 12:00;0,483098;
Benzol;8;12.12.2016 12:00;0,452728;
Benzol;6;12.12.2016 12:00;0,233361;
Benzol;2;12.12.2016 12:00;0,0851467;
Anilin;3;12.12.2016 12:00;3,34547;
Anilin;4;12.12.2016 12:00;1,63899;
Anilin;5;12.12.2016 12:00;1,11994;
Anilin;7;12.12.2016 12:00;0,713213;
Anilin;6;12.12.2016 12:00;0,336761;
Anilin;1;12.12.2016 12:00;0,23316;
Anilin;9;12.12.2016 12:00;0,108029;
Anilin;2;12.12.2016 12:00;0,0679764;
Anilin;8;12.12.2016 12:00;0,0526228;
Natriumchlorid;4;12.12.2016 13:00;2,03291;
Natriumchlorid;3;12.12.2016 13:00;1,93444;
Natriumchlorid;9;12.12.2016 13:00;0,628793;
Natriumchlorid;5;12.12.2016 13:00;0,574418;
Natriumchlorid;7;12.12.2016 13:00;0,55294;
Natriumchlorid;6;12.12.2016 13:00;0,507666;
Natriumchlorid;2;12.12.2016 13:00;0,456921;
Natriumchlorid;1;12.12.2016 13:00;0,316999;
Natriumchlorid;8;12.12.2016 13:00;0,0967969;
Arsen;4;12.12.2016 13:00;1,63661;
Arsen;5;12.12.2016 13:00;1,12332;
Arsen;3;12.12.2016 13:00;1,0308;
Arsen;2;12.12.2016 13:00;0,691741;
Arsen;6;12.12.2016 13:00;0,601155;
Arsen;9;12.12.2016 13:00;0,336232;
Arsen;8;12.12.2016 13:00;0,308339;
Arsen;7;12.12.2016 13:00;0,249522;
Arsen;1;12.12.2016 13:00;0,00363132;
Benzol;4;12.12.2016 13:00;2,12797;
Benzol;5;12.12.2016 13:00;1,47278;
Benzol;2;12.12.2016 13:00;0,761075;
Benzol;3;12.12.2016 13:00;0,693603;
Benzol;8;12.12.2016 13:00;0,660599;
Benzol;6;12.12.2016 13:00;0,417779;
Benzol;9;12.12.2016 13:00;0,377833;
Benzol;7;12.12.2016 13:00;0,122727;
Benzol;1;12.12.2016 13:00;0,0123653;
Anilin;4;12.12.2016 13:00;1,98011;
Anilin;9;12.12.2016 13:00;1,06015;
Anilin;7;12.12.2016 13:00;0,925117;
Anilin;8;12.12.2016 13:00;0,576913;
Anilin;5;12.12.2016 13:00;0,327579;
Anilin;2;12.12.2016 13:00;0,266476;
Anilin;1;12.12.2016 13:00;0,25461;
Anilin;6;12.12.2016 13:00;0,230377;
Anilin;3;12.12.2016 13:00;0,0937476;
Natriumchlorid;3;12.12.2016 14:00;2,50882;
Natriumchlorid;4;12.12.2016 14:00;1,7978;
Natriumchlorid;8;12.12.2016 14:00;0,563247;
Natriumchlorid;1;12.12.2016 14:00;0,561819;
Natriumchlorid;7;12.12.2016 14:00;0,373376;
Natriumchlorid;9;12.12.2016 14:00;0,343152;
Natriumchlorid;6;12.12.2016 14:00;0,299117;
Natriumchlorid;5;12.12.2016 14:00;0,162464;
Natriumchlorid;2;12.12.2016 14:00;0,0238964;
Arsen;4;12.12.2016 14:00;1,79389;
Arsen;5;12.12.2016 14:00;0,729616;
Arsen;2;12.12.2016 14:00;0,424514;
Arsen;1;12.12.2016 14:00;0,254853;
Arsen;6;12.12.2016 14:00;0,252042;
Arsen;3;12.12.2016 14:00;0,249507;
Arsen;7;12.12.2016 14:00;0,235136;
Arsen;9;12.12.2016 14:00;0,10856;
Arsen;8;12.12.2016 14:00;0,0782753;
Benzol;4;12.12.2016 14:00;2,05278;
Benzol;7;12.12.2016 14:00;0,847448;
Benzol;9;12.12.2016 14:00;0,742558;
Benzol;3;12.12.2016 14:00;0,506728;
Benzol;8;12.12.2016 14:00;0,471783;
Benzol;6;12.12.2016 14:00;0,446931;
Benzol;2;12.12.2016 14:00;0,399475;
Benzol;1;12.12.2016 14:00;0,330356;
Benzol;5;12.12.2016 14:00;0,0988159;
Anilin;3;12.12.2016 14:00;1,99272;
Anilin;4;12.12.2016 14:00;1,72407;
Anilin;6;12.12.2016 14:00;0,791075;
Anilin;8;12.12.2016 14:00;0,614872;
Anilin;1;12.12.2016 14:00;0,33915;
Anilin;9;12.12.2016 14:00;0,254626;
Anilin;5;12.12.2016 14:00;0,23749;
Anilin;2;12.12.2016 14:00;0,1316;
Anilin;7;12.12.2016 14:00;0,0945992;
Natriumchlorid;3;12.12.2016 15:00;18,59767;
Natriumchlorid;3;12.12.2016 15:00;3,62474;
Natriumchlorid;4;12.12.2016 15:00;2,30489;
Natriumchlorid;7;12.12.2016 15:00;0,400734;
Natriumchlorid;6;12.12.2016 15:00;0,307186;
Natriumchlorid;8;12.12.2016 15:00;0,275418;
Natriumchlorid;5;12.12.2016 15:00;0,275013;
Natriumchlorid;9;12.12.2016 15:00;0,272999;
Natriumchlorid;2;12.12.2016 15:00;0,212257;
Natriumchlorid;1;12.12.2016 15:00;0,0287961;
Arsen;4;12.12.2016 15:00;1,87286;
Arsen;5;12.12.2016 15:00;1,68554;
Arsen;2;12.12.2016 15:00;0,644588;
Arsen;6;12.12.2016 15:00;0,443807;
Arsen;8;12.12.2016 15:00;0,384987;
Arsen;3;12.12.2016 15:00;0,279851;
Arsen;7;12.12.2016 15:00;0,101448;
Arsen;9;12.12.2016 15:00;0,0728818;
Arsen;1;12.12.2016 15:00;0,0160397;
Benzol;4;12.12.2016 15:00;1,77148;
Benzol;3;12.12.2016 15:00;1,3881;
Benzol;5;12.12.2016 15:00;1,34308;
Benzol;2;12.12.2016 15:00;0,946604;
Benzol;7;12.12.2016 15:00;0,80628;
Benzol;9;12.12.2016 15:00;0,595304;
Benzol;1;12.12.2016 15:00;0,406504;
Benzol;8;12.12.2016 15:00;0,0862043;
Benzol;6;12.12.2016 15:00;0,0148563;
Anilin;4;12.12.2016 15:00;1,78517;
Anilin;1;12.12.2016 15:00;0,479681;
Anilin;5;12.12.2016 15:00;0,405163;
Anilin;7;12.12.2016 15:00;0,392165;
Anilin;2;12.12.2016 15:00;0,247587;
Anilin;8;12.12.2016 15:00;0,230986;
Anilin;6;12.12.2016 15:00;0,0517126;
Anilin;9;12.12.2016 15:00;0,0404055;
Natriumchlorid;4;12.12.2016 16:00;1,94275;
Natriumchlorid;5;12.12.2016 16:00;0,908246;
Natriumchlorid;2;12.12.2016 16:00;0,744768;
Natriumchlorid;3;12.12.2016 16:00;0,534702;
Natriumchlorid;6;12.12.2016 16:00;0,329105;
Natriumchlorid;8;12.12.2016 16:00;0,240371;
Natriumchlorid;9;12.12.2016 16:00;0,170774;
Natriumchlorid;7;12.12.2016 16:00;0,124478;
Natriumchlorid;1;12.12.2016 16:00;0,080687;
Arsen;4;12.12.2016 16:00;1,88554;
Arsen;3;12.12.2016 16:00;1,47561;
Arsen;5;12.12.2016 16:00;1,04461;
Arsen;8;12.12.2016 16:00;0,742766;
Arsen;7;12.12.2016 16:00;0,640253;
Arsen;6;12.12.2016 16:00;0,512831;
Arsen;2;12.12.2016 16:00;0,463519;
Arsen;1;12.12.2016 16:00;0,242147;
Arsen;9;12.12.2016 16:00;0,100408;
Benzol;4;12.12.2016 16:00;2,11442;
Benzol;7;12.12.2016 16:00;1,22248;
Benzol;5;12.12.2016 16:00;1,06281;
Benzol;9;12.12.2016 16:00;0,908118;
Benzol;8;12.12.2016 16:00;0,609799;
Benzol;1;12.12.2016 16:00;0,368551;
Benzol;2;12.12.2016 16:00;0,204753;
Benzol;3;12.12.2016 16:00;0,149792;
Benzol;6;12.12.2016 16:00;0,0345857;
Anilin;4;12.12.2016 16:00;2,28315;
Anilin;8;12.12.2016 16:00;1,16661;
Anilin;5;12.12.2016 16:00;0,794166;
Anilin;3;12.12.2016 16:00;0,638555;
Anilin;6;12.12.2016 16:00;0,470097;
Anilin;2;12.12.2016 16:00;0,324325;
Anilin;9;12.12.2016 16:00;0,307214;
Anilin;7;12.12.2016 16:00;0,287959;
Anilin;1;12.12.2016 16:00;0,153431;
Natriumchlorid;4;12.12.2016 17:00;2,05081;
Natriumchlorid;3;12.12.2016 17:00;1,76427;
Natriumchlorid;5;12.12.2016 17:00;1,32323;
Natriumchlorid;9;12.12.2016 17:00;0,786797;
Natriumchlorid;6;12.12.2016 17:00;0,651674;
Natriumchlorid;8;12.12.2016 17:00;0,333555;
Natriumchlorid;7;12.12.2016 17:00;0,23573;
Natriumchlorid;2;12.12.2016 17:00;0,0786579;
Natriumchlorid;1;12.12.2016 17:00;0,0756589;
Arsen;4;12.12.2016 17:00;2,21466;
Arsen;5;12.12.2016 17:00;0,720364;
Arsen;3;12.12.2016 17:00;0,636833;
Arsen;7;12.12.2016 17:00;0,507337;
Arsen;9;12.12.2016 17:00;0,427864;
Arsen;1;12.12.2016 17:00;0,350404;
Arsen;6;12.12.2016 17:00;0,180158;
Arsen;8;12.12.2016 17:00;0,117436;
Arsen;2;12.12.2016 17:00;0,0691069;
Benzol;4;12.12.2016 17:00;1,79668;
Benzol;7;12.12.2016 17:00;0,894091;
Benzol;2;12.12.2016 17:00;0,66539;
Benzol;3;12.12.2016 17:00;0,612603;
Benzol;8;12.12.2016 17:00;0,574487;
Benzol;6;12.12.2016 17:00;0,499287;
Benzol;9;12.12.2016 17:00;0,29197;
Benzol;5;12.12.2016 17:00;0,0865357;
Benzol;1;12.12.2016 17:00;0,0460988;
Anilin;3;12.12.2016 17:00;3,39545;
Anilin;4;12.12.2016 17:00;1,6993;
Anilin;6;12.12.2016 17:00;0,524341;
Anilin;7;12.12.2016 17:00;0,444269;
Anilin;9;12.12.2016 17:00;0,362592;
Anilin;1;12.12.2016 17:00;0,310025;
Anilin;5;12.12.2016 17:00;0,297713;
Anilin;2;12.12.2016 17:00;0,28223;
Anilin;8;12.12.2016 17:00;0,149761;
Natriumchlorid;4;12.12.2016 18:00;16,03198;
Natriumchlorid;3;12.12.2016 18:00;4,51678;
Natriumchlorid;4;12.12.2016 18:00;3,29581;
Natriumchlorid;7;12.12.2016 18:00;1,17261;
Natriumchlorid;8;12.12.2016 18:00;0,405248;
Natriumchlorid;6;12.12.2016 18:00;0,34976;
Natriumchlorid;9;12.12.2016 18:00;0,139623;
Natriumchlorid;1;12.12.2016 18:00;0,0900147;
Natriumchlorid;2;12.12.2016 18:00;0,0267908;
Natriumchlorid;5;12.12.2016 18:00;0,0183648;
Arsen;9;12.12.2016 18:00;2,26107;
Arsen;4;12.12.2016 18:00;1,66736;
Arsen;3;12.12.2016 18:00;1,55643;
Arsen;5;12.12.2016 18:00;0,739777;
Arsen;6;12.12.2016 18:00;0,546534;
Arsen;8;12.12.2016 18:00;0,31223;
Arsen;7;12.12.2016 18:00;0,304557;
Arsen;1;12.12.2016 18:00;0,130901;
Arsen;2;12.12.2016 18:00;0,110694;
Benzol;4;12.12.2016 18:00;2,68011;
Benzol;7;12.12.2016 18:00;0,979343;
Benzol;2;12.12.2016 18:00;0,758712;
Benzol;6;12.12.2016 18:00;0,5514;
Benzol;5;12.12.2016 18:00;0,522736;
Benzol;9;12.12.2016 18:00;0,48917;
Benzol;1;12.12.2016 18:00;0,324936;
Benzol;3;12.12.2016 18:00;0,260805;
Benzol;8;12.12.2016 18:00;0,00695522;
Anilin;3;12.12.2016 18:00;1,08199;
Anilin;1;12.12.2016 18:00;0,440992;
Anilin;7;12.12.2016 18:00;0,37089;
Anilin;6;12.12.2016 18:00;0,27089;
Anilin;5;12.12.2016 18:00;0,14388;
Anilin;2;12.12.2016 18:00;0,138266;
Anilin;8;12.12.2016 18:00;0,0847798;
Anilin;9;12.12.2016 18:00;0,00478501;
Natriumchlorid;3;12.12.2016 19:00;3,60365;
Natriumchlorid;4;12.12.2016 19:00;2,08055;
Natriumchlorid;9;12.12.2016 19:00;1,19108;
Natriumchlorid;5;12.12.2016 19:00;0,493993;
Natriumchlorid;8;12.12.2016 19:00;0,358171;
Natriumchlorid;6;12.12.2016 19:00;0,289191;
Natriumchlorid;7;12.12.2016 19:00;0,209914;
Natriumchlorid;2;12.12.2016 19:00;0,130357;
Natriumchlorid;1;12.12.2016 19:00;0,0233898;
Arsen;3;12.12.2016 19:00;2,22172;
Arsen;4;12.12.2016 19:00;2,007;
Arsen;8;12.12.2016 19:00;1,0956;
Arsen;5;12.12.2016 19:00;0,927958;
Arsen;9;12.12.2016 19:00;0,830169;
Arsen;7;12.12.2016 19:00;0,56249;
Arsen;6;12.12.2016 19:00;0,267441;
Arsen;1;12.12.2016 19:00;0,133164;
Arsen;2;12.12.2016 19:00;0,0422548;
Benzol;3;12.12.2016 19:00;2,54118;
Benzol;4;12.12.2016 19:00;2,01218;
Benzol;9;12.12.2016 19:00;0,742203;
Benzol;5;12.12.2016 19:00;0,668349;
Benzol;8;12.12.2016 19:00;0,66829;
Benzol;1;12.12.2016 19:00;0,56796;
Benzol;6;12.12.2016 19:00;0,225235;
Benzol;2;12.12.2016 19:00;0,0682997;
Benzol;7;12.12.2016 19:00;0,0567179;
Anilin;3;12.12.2016 19:00;1,75799;
Anilin;4;12.12.2016 19:00;1,70572;
Anilin;5;12.12.2016 19:00;0,849719;
Anilin;7;12.12.2016 19:00;0,59073;
Anilin;6;12.12.2016 19:00;0,351637;
Anilin;9;12.12.2016 19:00;0,306701;
Anilin;8;12.12.2016 19:00;0,182117;
Anilin;2;12.12.2016 19:00;0,172792;
Anilin;1;12.12.2016 19:00;0,156299;
Natriumchlorid;4;12.12.2016 20:00;1,9383;
Natriumchlorid;3;12.12.2016 20:00;1,5714;
Natriumchlorid;7;12.12.2016 20:00;0,885195;
Natriumchlorid;6;12.12.2016 20:00;0,476248;
Natriumchlorid;1;12.12.2016 20:00;0,440709;
Natriumchlorid;2;12.12.2016 20:00;0,379143;
Natriumchlorid;9;12.12.2016 20:00;0,286335;
Natriumchlorid;8;12.12.2016 20:00;0,244062;
Natriumchlorid;5;12.12.2016 20:00;0,0145014;
Arsen;4;12.12.2016 20:00;1,79397;
Arsen;7;12.12.2016 20:00;0,962831;
Arsen;2;12.12.2016 20:00;0,89924;
Arsen;9;12.12.2016 20:00;0,723891;
Arsen;6;12.12.2016 20:00;0,637829;
Arsen;8;12.12.2016 20:00;0,596984;
Arsen;5;12.12.2016 20:00;0,376515;
Arsen;1;12.12.2016 20:00;0,309385;
Arsen;3;12.12.2016 20:00;0,275121;
Benzol;4;12.12.2016 20:00;2,33913;
Benzol;7;12.12.2016 20:00;1,12682;
Benzol;3;12.12.2016 20:00;0,932543;
Benzol;6;12.12.2016 20:00;0,687713;
Benzol;5;12.12.2016 20:00;0,514307;
Benzol;2;12.12.2016 20:00;0,44163;
Benzol;9;12.12.2016 20:00;0,308847;
Benzol;1;12.12.2016 20:00;0,282381;
Benzol;8;12.12.2016 20:00;0,117907;
Anilin;4;12.12.2016 20:00;2,10819;
Anilin;3;12.12.2016 20:00;1,58389;
Anilin;9;12.12.2016 20:00;0,649811;
Anilin;1;12.12.2016 20:00;0,309101;
Anilin;7;12.12.2016 20:00;0,299147;
Anilin;6;12.12.2016 20:00;0,17631;
Anilin;2;12.12.2016 20:00;0,173326;
Anilin;8;12.12.2016 20:00;0,137284;
Anilin;5;12.12.2016 20:00;0,0552043;
Natriumchlorid;9;12.12.2016 21:00;5,99816;
Natriumchlorid;4;12.12.2016 21:00;1,97614;
Natriumchlorid;5;12.12.2016 21:00;1,08412;
Natriumchlorid;8;12.12.2016 21:00;0,928367;
Natriumchlorid;6;12.12.2016 21:00;0,299968;
Natriumchlorid;1;12.12.2016 21:00;0,255898;
Natriumchlorid;3;12.12.2016 21:00;0,231103;
Natriumchlorid;7;12.12.2016 21:00;0,192158;
Natriumchlorid;2;12.12.2016 21:00;0,170685;
Arsen;4;12.12.2016 21:00;2,13471;
Arsen;5;12.12.2016 21:00;1,18126;
Arsen;9;12.12.2016 21:00;1,02358;
Arsen;1;12.12.2016 21:00;0,79008;
Arsen;3;12.12.2016 21:00;0,679352;
Arsen;2;12.12.2016 21:00;0,59973;
Arsen;6;12.12.2016 21:00;0,398539;
Arsen;7;12.12.2016 21:00;0,323153;
Arsen;8;12.12.2016 21:00;0,10609;
Benzol;4;12.12.2016 21:00;1,83855;
Benzol;3;12.12.2016 21:00;1,48533;
Benzol;8;12.12.2016 21:00;0,76332;
Benzol;7;12.12.2016 21:00;0,746304;
Benzol;6;12.12.2016 21:00;0,714172;
Benzol;1;12.12.2016 21:00;0,332521;
Benzol;5;12.12.2016 21:00;0,323814;
Benzol;9;12.12.2016 21:00;0,19502;
Benzol;2;12.12.2016 21:00;0,115004;
Anilin;4;12.12.2016 21:00;2,00105;
Anilin;9;12.12.2016 21:00;1,10285;
Anilin;3;12.12.2016 21:00;0,880733;
Anilin;6;12.12.2016 21:00;0,436905;
Anilin;5;12.12.2016 21:00;0,32195;
Anilin;1;12.12.2016 21:00;0,28056;
Anilin;8;12.12.2016 21:00;0,0795423;
Anilin;2;12.12.2016 21:00;0,0662306;
Anilin;7;12.12.2016 21:00;0,0183003;
Natriumchlorid;3;12.12.2016 22:00;2,56088;
Natriumchlorid;4;12.12.2016 22:00;1,90042;
Natriumchlorid;9;12.12.2016 22:00;1,365;
Natriumchlorid;5;12.12.2016 22:00;0,994657;
Natriumchlorid;8;12.12.2016 22:00;0,463468;
Natriumchlorid;6;12.12.2016 22:00;0,289048;
Natriumchlorid;7;12.12.2016 22:00;0,173681;
Natriumchlorid;2;12.12.2016 22:00;0,149176;
Natriumchlorid;1;12.12.2016 22:00;0,088405;
Arsen;4;12.12.2016 22:00;2,03669;
Arsen;2;12.12.2016 22:00;0,972448;
Arsen;7;12.12.2016 22:00;0,953206;
Arsen;5;12.12.2016 22:00;0,781258;
Arsen;9;12.12.2016 22:00;0,381639;
Arsen;8;12.12.2016 22:00;0,332034;
Arsen;6;12.12.2016 22:00;0,287993;
Arsen;1;12.12.2016 22:00;0,113731;
Arsen;3;12.12.2016 22:00;0,110385;
Benzol;3;12.12.2016 22:00;2,77459;
Benzol;4;12.12.2016 22:00;2,06355;
Benzol;5;12.12.2016 22:00;1,74663;
Benzol;8;12.12.2016 22:00;1,42521;
Benzol;7;12.12.2016 22:00;0,70653;
Benzol;1;12.12.2016 22:00;0,361731;
Benzol;6;12.12.2016 22:00;0,358306;
Benzol;9;12.12.2016 22:00;0,290697;
Benzol;2;12.12.2016 22:00;0,141701;
Anilin;5;12.12.2016 22:00;4,21419;
Anilin;4;12.12.2016 22:00;2,37187;
Anilin;3;12.12.2016 22:00;1,8969;
Anilin;1;12.12.2016 22:00;0,459568;
Anilin;6;12.12.2016 22:00;0,378686;
Anilin;8;12.12.2016 22:00;0,366838;
Anilin;9;12.12.2016 22:00;0,222785;
Anilin;7;12.12.2016 22:00;0,156105;
Anilin;2;12.12.2016 22:00;0,107585;
Natriumchlorid;3;12.12.2016 23:00;2,27461;
Natriumchlorid;4;12.12.2016 23:00;2,01575;
Natriumchlorid;7;12.12.2016 23:00;0,879753;
Natriumchlorid;5;12.12.2016 23:00;0,857533;
Natriumchlorid;1;12.12.2016 23:00;0,394149;
Natriumchlorid;9;12.12.2016 23:00;0,239892;
Natriumchlorid;8;12.12.2016 23:00;0,224073;
Natriumchlorid;6;12.12.2016 23:00;0,186242;
Natriumchlorid;2;12.12.2016 23:00;0,107962;
Arsen;4;12.12.2016 23:00;2,12609;
Arsen;6;12.12.2016 23:00;0,646785;
Arsen;7;12.12.2016 23:00;0,496285;
Arsen;3;12.12.2016 23:00;0,431371;
Arsen;1;12.12.2016 23:00;0,235241;
Arsen;2;12.12.2016 23:00;0,213844;
Arsen;8;12.12.2016 23:00;0,187916;
Arsen;9;12.12.2016 23:00;0,118254;
Arsen;5;12.12.2016 23:00;0,0909497;
Benzol;5;12.12.2016 23:00;4,73819;
Benzol;4;12.12.2016 23:00;2,52518;
Benzol;3;12.12.2016 23:00;2,26556;
Benzol;8;12.12.2016 23:00;0,929393;
Benzol;2;12.12.2016 23:00;0,650194;
Benzol;9;12.12.2016 23:00;0,318521;
Benzol;7;12.12.2016 23:00;0,11977;
Benzol;6;12.12.2016 23:00;0,109107;
Benzol;1;12.12.2016 23:00;0,0791482;
Anilin;4;12.12.2016 23:00;1,92573;
Anilin;7;12.12.2016 23:00;1,11488;
Anilin;2;12.12.2016 23:00;0,644135;
Anilin;5;12.12.2016 23:00;0,507739;
Anilin;3;12.12.2016 23:00;0,40819;
Anilin;8;12.12.2016 23:00;0,387131;
Anilin;6;12.12.2016 23:00;0,250023;
Anilin;1;12.12.2016 23:00;0,167212;
Anilin;9;12.12.2016 23:00;0,0426768;
Natriumchlorid;7;13.12.2016 00:00;2,26237;
Natriumchlorid;4;13.12.2016 00:00;2,20703;
Natriumchlorid;2;13.12.2016 00:00;0,874772;
Natriumchlorid;8;13.12.2016 00:00;0,86515;
Natriumchlorid;3;13.12.2016 00:00;0,445182;
Natriumchlorid;9;13.12.2016 00:00;0,294088;
Natriumchlorid;1;13.12.2016 00:00;0,267419;
Natriumchlorid;6;13.12.2016 00:00;0,248498;
Natriumchlorid;5;13.12.2016 00:00;0,0683057;
Arsen;3;13.12.2016 00:00;2,63651;
Arsen;5;13.12.2016 00:00;1,80358;
Arsen;4;13.12.2016 00:00;1,62645;
Arsen;7;13.12.2016 00:00;1,08127;
Arsen;9;13.12.2016 00:00;0,864335;
Arsen;8;13.12.2016 00:00;0,677286;
Arsen;6;13.12.2016 00:00;0,500101;
Arsen;1;13.12.2016 00:00;0,328416;
Arsen;2;13.12.2016 00:00;0,0243343;
Benzol;4;13.12.2016 00:00;2,12686;
Benzol;3;13.12.2016 00:00;1,21442;
Benzol;9;13.12.2016 00:00;0,705562;
Benzol;6;13.12.2016 00:00;0,65252;
Benzol;7;13.12.2016 00:00;0,30959;
Benzol;2;13.12.2016 00:00;0,185514;
Benzol;1;13.12.2016 00:00;0,178793;
Benzol;5;13.12.2016 00:00;0,0217326;
Benzol;8;13.12.2016 00:00;0,0153098;
Anilin;4;13.12.2016 00:00;1,81582;
Anilin;6;13.12.2016 00:00;0,978118;
Anilin;8;13.12.2016 00:00;0,815625;
Anilin;5;13.12.2016 00:00;0,464805;
Anilin;9;13.12.2016 00:00;0,428202;
Anilin;2;13.12.2016 00:00;0,31361;
Anilin;1;13.12.2016 00:00;0,202563;
Anilin;3;13.12.2016 00:00;0,152178;
Anilin;7;13.12.2016 00:00;0,103179;
Natriumchlorid;3;13.12.2016 01:00;4,18331;
Natriumchlorid;4;13.12.2016 01:00;1,77915;
Natriumchlorid;5;13.12.2016 01:00;0,63238;
Natriumchlorid;8;13.12.2016 01:00;0,606051;
Natriumchlorid;6;13.12.2016 01:00;0,367103;
Natriumchlorid;7;13.12.2016 01:00;0,104913;
Natriumchlorid;9;13.12.2016 01:00;0,0875222;
Natriumchlorid;1;13.12.2016 01:00;0,0848475;
Natriumchlorid;2;13.12.2016 01:00;0,0476023;
Arsen;4;13.12.2016 01:00;2,14452;
Arsen;3;13.12.2016 01:00;1,91028;
Arsen;7;13.12.2016 01:00;0,795101;
Arsen;6;13.12.2016 01:00;0,523655;
Arsen;9;13.12.2016 01:00;0,48948;
Arsen;8;13.12.2016 01:00;0,38465;
Arsen;5;13.12.2016 01:00;0,321444;
Arsen;2;13.12.2016 01:00;0,29317;
Arsen;1;13.12.2016 01:00;0,0716992;
Benzol;4;13.12.2016 01:00;1,78338;
Benzol;5;13.12.2016 01:00;1,52228;
Benzol;2;13.12.2016 01:00;0,896855;
Benzol;8;13.12.2016 01:00;0,732887;
Benzol;7;13.12.2016 01:00;0,600726;
Benzol;9;13.12.2016 01:00;0,557358;
Benzol;3;13.12.2016 01:00;0,524629;
Benzol;1;13.12.2016 01:00;0,300396;
Benzol;6;13.12.2016 01:00;0,0258848;
Anilin;4;13.12.2016 01:00;2,02104;
Anilin;5;13.12.2016 01:00;1,2383;
Anilin;7;13.12.2016 01:00;0,928282;
Anilin;9;13.12.2016 01:00;0,792155;
Anilin;8;13.12.2016 01:00;0,541888;
Anilin;1;13.12.2016 01:00;0,468077;
Anilin;2;13.12.2016 01:00;0,395328;
Anilin;3;13.12.2016 01:00;0,296691;
Anilin;6;13.12.2016 01:00;0,0221231;
Natriumchlorid;4;13.12.2016 02:00;1,62422;
Natriumchlorid;8;13.12.2016 02:00;0,81715;
Natriumchlorid;5;13.12.2016 02:00;0,688806;
Natriumchlorid;3;13.12.2016 02:00;0,594288;
Natriumchlorid;6;13.12.2016 02:00;0,373832;
Natriumchlorid;9;13.12.2016 02:00;0,143622;
Natriumchlorid;1;13.12.2016 02:00;0,142494;
Natriumchlorid;2;13.12.2016 02:00;0,0973675;
Natriumchlorid;7;13.12.2016 02:00;0,0859242;
Arsen;7;13.12.2016 02:00;2,12581;
Arsen;4;13.12.2016 02:00;1,718;
Arsen;3;13.12.2016 02:00;1,41103;
Arsen;8;13.12.2016 02:00;0,842834;
Arsen;9;13.12.2016 02:00;0,274638;
Arsen;5;13.12.2016 02:00;0,213572;
Arsen;6;13.12.2016 02:00;0,188477;
Arsen;1;13.12.2016 02:00;0,106276;
Arsen;2;13.12.2016 02:00;0,0272063;
Benzol;4;13.12.2016 02:00;1,62207;
Benzol;2;13.12.2016 02:00;0,849004;
Benzol;8;13.12.2016 02:00;0,702556;
Benzol;3;13.12.2016 02:00;0,665365;
Benzol;1;13.12.2016 02:00;0,317635;
Benzol;9;13.12.2016 02:00;0,203355;
Benzol;6;13.12.2016 02:00;0,149403;
Benzol;7;13.12.2016 02:00;0,133431;
Benzol;5;13.12.2016 02:00;0,132256;
Anilin;3;13.12.2016 02:00;2,77491;
Anilin;4;13.12.2016 02:00;1,72282;
Anilin;8;13.12.2016 02:00;1,07515;
Anilin;2;13.12.2016 02:00;0,696995;
Anilin;5;13.12.2016 02:00;0,674877;
Anilin;6;13.12.2016 02:00;0,600117;
Anilin;7;13.12.2016 02:00;0,193478;
Anilin;9;13.12.2016 02:00;0,178832;
Anilin;1;13.12.2016 02:00;0,00288885;
Natriumchlorid;6;13.12.2016 03:00;4,15424;
Natriumchlorid;4;13.12.2016 03:00;2,30386;
Natriumchlorid;3;13.12.2016 03:00;1,13537;
Natriumchlorid;8;13.12.2016 03:00;0,913088;
Natriumchlorid;5;13.12.2016 03:00;0,584978;
Natriumchlorid;1;13.12.2016 03:00;0,279914;
Natriumchlorid;7;13.12.2016 03:00;0,265753;
Natriumchlorid;2;13.12.2016 03:00;0,149793;
Natriumchlorid;9;13.12.2016 03:00;0,00570997;
Arsen;4;13.12.2016 03:00;2,13699;
Arsen;5;13.12.2016 03:00;0,49998;
Arsen;6;13.12.2016 03:00;0,404491;
Arsen;8;13.12.2016 03:00;0,400138;
Arsen;9;13.12.2016 03:00;0,372902;
Arsen;3;13.12.2016 03:00;0,302241;
Arsen;7;13.12.2016 03:00;0,269595;
Arsen;2;13.12.2016 03:00;0,221966;
Arsen;1;13.12.2016 03:00;0,161113;
Benzol;4;13.12.2016 03:00;2,29132;
Benzol;3;13.12.2016 03:00;1,62001;
Benzol;9;13.12.2016 03:00;0,656159;
Benzol;6;13.12.2016 03:00;0,568639;
Benzol;1;13.12.2016 03:00;0,467777;
Benzol;5;13.12.2016 03:00;0,28274;
Benzol;8;13.12.2016 03:00;0,102431;
Benzol;7;13.12.2016 03:00;0,0728747;
Benzol;2;13.12.2016 03:00;0,037285;
Anilin;6;13.12.2016 03:00;34,24968;
Anilin;4;13.12.2016 03:00;1,92822;
Anilin;1;13.12.2016 03:00;0,556225;
Anilin;3;13.12.2016 03:00;0,498408;
Anilin;8;13.12.2016 03:00;0,33461;
Anilin;5;13.12.2016 03:00;0,292566;
Anilin;7;13.12.2016 03:00;0,207389;
Anilin;2;13.12.2016 03:00;0,178984;
Anilin;9;13.12.2016 03:00;0,00525718;
Natriumchlorid;4;13.12.2016 04:00;2,00068;
Natriumchlorid;6;13.12.2016 04:00;0,49934;
Natriumchlorid;2;13.12.2016 04:00;0,366745;
Natriumchlorid;3;13.12.2016 04:00;0,325083;
Natriumchlorid;5;13.12.2016 04:00;0,209734;
Natriumchlorid;7;13.12.2016 04:00;0,18333;
Natriumchlorid;8;13.12.2016 04:00;0,0804272;
Natriumchlorid;9;13.12.2016 04:00;0,079607;
Natriumchlorid;1;13.12.2016 04:00;0,0379224;
Arsen;3;13.12.2016 04:00;2,14244;
Arsen;4;13.12.2016 04:00;2,0896;
Arsen;9;13.12.2016 04:00;1,54348;
Arsen;5;13.12.2016 04:00;0,951818;
Arsen;2;13.12.2016 04:00;0,38131;
Arsen;8;13.12.2016 04:00;0,374723;
Arsen;7;13.12.2016 04:00;0,263352;
Arsen;1;13.12.2016 04:00;0,0288376;
Arsen;6;13.12.2016 04:00;0,0208389;
Benzol;4;13.12.2016 04:00;1,92679;
Benzol;9;13.12.2016 04:00;1,77929;
Benzol;3;13.12.2016 04:00;1,00624;
Benzol;5;13.12.2016 04:00;0,758551;
Benzol;6;13.12.2016 04:00;0,681029;
Benzol;7;13.12.2016 04:00;0,595639;
Benzol;8;13.12.2016 04:00;0,253525;
Benzol;1;13.12.2016 04:00;0,141776;
Benzol;2;13.12.2016 04:00;0,128151;
Anilin;6;13.12.2016 04:00;4,51498;
Anilin;4;13.12.2016 04:00;1,98293;
Anilin;9;13.12.2016 04:00;0,761552;
Anilin;2;13.12.2016 04:00;0,629199;
Anilin;5;13.12.2016 04:00;0,628212;
Anilin;3;13.12.2016 04:00;0,51973;
Anilin;1;13.12.2016 04:00;0,430809;
Anilin;8;13.12.2016 04:00;0,180056;
Anilin;7;13.12.2016 04:00;0,0576742;
Natriumchlorid;4;13.12.2016 05:00;1,47331;
Natriumchlorid;8;13.12.2016 05:00;1,20329;
Natriumchlorid;6;13.12.2016 05:00;0,914257;
Natriumchlorid;3;13.12.2016 05:00;0,792891;
Natriumchlorid;5;13.12.2016 05:00;0,72607;
Natriumchlorid;2;13.12.2016 05:00;0,508908;
Natriumchlorid;1;13.12.2016 05:00;0,314936;
Natriumchlorid;9;13.12.2016 05:00;0,0691718;
Natriumchlorid;7;13.12.2016 05:00;0,0126966;
Arsen;4;13.12.2016 05:00;2,05726;
Arsen;5;13.12.2016 05:00;1,25898;
Arsen;6;13.12.2016 05:00;0,74955;
Arsen;2;13.12.2016 05:00;0,55722;
Arsen;9;13.12.2016 05:00;0,495683;
Arsen;3;13.12.2016 05:00;0,391392;
Arsen;7;13.12.2016 05:00;0,238077;
Arsen;8;13.12.2016 05:00;0,13853;
Arsen;1;13.12.2016 05:00;0,0907392;
Benzol;4;13.12.2016 05:00;2,31364;
Benzol;3;13.12.2016 05:00;2,08044;
Benzol;9;13.12.2016 05:00;1,61334;
Benzol;7;13.12.2016 05:00;1,28157;
Benzol;2;13.12.2016 05:00;0,538238;
Benzol;6;13.12.2016 05:00;0,537168;
Benzol;1;13.12.2016 05:00;0,281308;
Benzol;5;13.12.2016 05:00;0,161862;
Benzol;8;13.12.2016 05:00;0,104847;
Anilin;4;13.12.2016 05:00;1,88239;
Anilin;3;13.12.2016 05:00;1,61336;
Anilin;7;13.12.2016 05:00;1,03332;
Anilin;8;13.12.2016 05:00;0,913505;
Anilin;5;13.12.2016 05:00;0,680181;
Anilin;2;13.12.2016 05:00;0,458748;
Anilin;1;13.12.2016 05:00;0,260254;
Anilin;6;13.12.2016 05:00;0,260129;
Anilin;9;13.12.2016 05:00;0,136564;
Natriumchlorid;4;13.12.2016 06:00;1,90577;
Natriumchlorid;9;13.12.2016 06:00;0,768991;
Natriumchlorid;3;13.12.2016 06:00;0,76651;
Natriumchlorid;6;13.12.2016 06:00;0,616733;
Natriumchlorid;7;13.12.2016 06:00;0,582765;
Natriumchlorid;5;13.12.2016 06:00;0,563559;
Natriumchlorid;8;13.12.2016 06:00;0,448697;
Natriumchlorid;2;13.12.2016 06:00;0,119826;
Natriumchlorid;1;13.12.2016 06:00;0,0840588;
Arsen;4;13.12.2016 06:00;1,99739;
Arsen;3;13.12.2016 06:00;1,65388;
Arsen;7;13.12.2016 06:00;1,0279;
Arsen;8;13.12.2016 06:00;0,790954;
Arsen;5;13.12.2016 06:00;0,362607;
Arsen;1;13.12.2016 06:00;0,273017;
Arsen;9;13.12.2016 06:00;0,243454;
Arsen;6;13.12.2016 06:00;0,207243;
Arsen;2;13.12.2016 06:00;0,0671031;
Benzol;4;13.12.2016 06:00;1,89606;
Benzol;3;13.12.2016 06:00;0,898891;
Benzol;7;13.12.2016 06:00;0,691755;
Benzol;5;13.12.2016 06:00;0,526046;
Benzol;1;13.12.2016 06:00;0,317181;
Benzol;6;13.12.2016 06:00;0,221869;
Benzol;9;13.12.2016 06:00;0,195846;
Benzol;2;13.12.2016 06:00;0,0139177;
Benzol;8;13.12.2016 06:00;0,00127661;
Anilin;3;13.12.2016 06:00;4,33989;
Anilin;4;13.12.2016 06:00;1,99621;
Anilin;6;13.12.2016 06:00;0,679925;
Anilin;9;13.12.2016 06:00;0,59905;
Anilin;5;13.12.2016 06:00;0,498299;
Anilin;7;13.12.2016 06:00;0,432352;
Anilin;1;13.12.2016 06:00;0,42001;
Anilin;8;13.12.2016 06:00;0,390468;
Anilin;2;13.12.2016 06:00;0,302123;
Natriumchlorid;4;13.12.2016 07:00;2,13291;
Natriumchlorid;9;13.12.2016 07:00;1,15209;
Natriumchlorid;5;13.12.2016 07:00;0,76484;
Natriumchlorid;7;13.12.2016 07:00;0,611785;
Natriumchlorid;8;13.12.2016 07:00;0,414676;
Natriumchlorid;3;13.12.2016 07:00;0,358302;
Natriumchlorid;2;13.12.2016 07:00;0,354441;
Natriumchlorid;1;13.12.2016 07:00;0,309012;
Natriumchlorid;6;13.12.2016 07:00;0,196651;
Arsen;4;13.12.2016 07:00;1,85982;
Arsen;3;13.12.2016 07:00;0,822576;
Arsen;2;13.12.2016 07:00;0,583959;
Arsen;9;13.12.2016 07:00;0,536342;
Arsen;1;13.12.2016 07:00;0,267176;
Arsen;6;13.12.2016 07:00;0,260617;
Arsen;5;13.12.2016 07:00;0,252825;
Arsen;7;13.12.2016 07:00;0,201068;
Arsen;8;13.12.2016 07:00;0,0696922;
Benzol;6;13.12.2016 07:00;5,96973;
Benzol;4;13.12.2016 07:00;2,0948;
Benzol;3;13.12.2016 07:00;1,50579;
Benzol;8;13.12.2016 07:00;0,480637;
Benzol;7;13.12.2016 07:00;0,333077;
Benzol;9;13.12.2016 07:00;0,225674;
Benzol;5;13.12.2016 07:00;0,16363;
Benzol;2;13.12.2016 07:00;0,0564817;
Benzol;1;13.12.2016 07:00;0,022212;
Anilin;4;13.12.2016 07:00;1,93716;
Anilin;9;13.12.2016 07:00;1,09426;
Anilin;8;13.12.2016 07:00;1,02772;
Anilin;6;13.12.2016 07:00;0,806115;
Anilin;2;13.12.2016 07:00;0,661023;
Anilin;1;13.12.2016 07:00;0,587316;
Anilin;5;13.12.2016 07:00;0,53781;
Anilin;7;13.12.2016 07:00;0,372897;
Anilin;3;13.12.2016 07:00;0,023423;
Natriumchlorid;3;13.12.2016 08:00;2,70556;
Natriumchlorid;7;13.12.2016 08:00;2,01082;
Natriumchlorid;4;13.12.2016 08:00;1,6393;
Natriumchlorid;6;13.12.2016 08:00;0,488895;
Natriumchlorid;8;13.12.2016 08:00;0,323231;
Natriumchlorid;5;13.12.2016 08:00;0,273473;
Natriumchlorid;9;13.12.2016 08:00;0,258552;
Natriumchlorid;1;13.12.2016 08:00;0,168622;
Natriumchlorid;2;13.12.2016 08:00;0,0620764;
Arsen;4;13.12.2016 08:00;1,83449;
Arsen;3;13.12.2016 08:00;0,930545;
Arsen;5;13.12.2016 08:00;0,602328;
Arsen;7;13.12.2016 08:00;0,360066;
Arsen;9;13.12.2016 08:00;0,343249;
Arsen;8;13.12.2016 08:00;0,301414;
Arsen;2;13.12.2016 08:00;0,22909;
Arsen;1;13.12.2016 08:00;0,212378;
Arsen;6;13.12.2016 08:00;0,100185;
Benzol;6;13.12.2016 08:00;7,39048;
Benzol;4;13.12.2016 08:00;2,14108;
Benzol;3;13.12.2016 08:00;1,70358;
Benzol;5;13.12.2016 08:00;0,498299;
Benzol;7;13.12.2016 08:00;0,422235;
Benzol;8;13.12.2016 08:00;0,195868;
Benzol;1;13.12.2016 08:00;0,186902;
Benzol;9;13.12.2016 08:00;0,185472;
Benzol;2;13.12.2016 08:00;0,171565;
Anilin;7;13.12.2016 08:00;3,243;
Anilin;4;13.12.2016 08:00;1,99806;
Anilin;3;13.12.2016 08:00;1,45558;
Anilin;2;13.12.2016 08:00;0,555031;
Anilin;5;13.12.2016 08:00;0,550944;
Anilin;6;13.12.2016 08:00;0,472935;
Anilin;1;13.12.2016 08:00;0,226029;
Anilin;9;13.12.2016 08:00;0,127926;
Anilin;8;13.12.2016 08:00;0,11547;
Natriumchlorid;4;13.12.2016 09:00;1,90929;
Natriumchlorid;5;13.12.2016 09:00;1,37187;
Natriumchlorid;3;13.12.2016 09:00;0,834323;
Natriumchlorid;9;13.12.2016 09:00;0,735024;
Natriumchlorid;8;13.12.2016 09:00;0,450115;
Natriumchlorid;7;13.12.2016 09:00;0,278212;
Natriumchlorid;1;13.12.2016 09:00;0,135279;
Natriumchlorid;2;13.12.2016 09:00;0,125069;
Natriumchlorid;6;13.12.2016 09:00;0,0943643;
Arsen;3;13.12.2016 09:00;2,74985;
Arsen;4;13.12.2016 09:00;1,60815;
Arsen;9;13.12.2016 09:00;0,737603;
Arsen;8;13.12.2016 09:00;0,588735;
Arsen;1;13.12.2016 09:00;0,334643;
Arsen;6;13.12.2016 09:00;0,258836;
Arsen;5;13.12.2016 09:00;0,178543;
Arsen;7;13.12.2016 09:00;0,105048;
Arsen;2;13.12.2016 09:00;0,0172083;
Benzol;6;13.12.2016 09:00;9,62872;
Benzol;4;13.12.2016 09:00;1,5387;
Benzol;5;13.12.2016 09:00;0,443866;
Benzol;9;13.12.2016 09:00;0,426041;
Benzol;3;13.12.2016 09:00;0,2895;
Benzol;8;13.12.2016 09:00;0,281411;
Benzol;1;13.12.2016 09:00;0,241631;
Benzol;7;13.12.2016 09:00;0,127898;
Benzol;2;13.12.2016 09:00;0,103208;
Anilin;4;13.12.2016 09:00;2,00976;
Anilin;3;13.12.2016 09:00;1,25299;
Anilin;9;13.12.2016 09:00;0,83497;
Anilin;5;13.12.2016 09:00;0,789781;
Anilin;6;13.12.2016 09:00;0,573447;
Anilin;8;13.12.2016 09:00;0,505034;
Anilin;7;13.12.2016 09:00;0,118302;
Anilin;1;13.12.2016 09:00;0,0621922;
Anilin;2;13.12.2016 09:00;0,0588291;
Natriumchlorid;4;13.12.2016 10:00;1,96276;
Natriumchlorid;5;13.12.2016 10:00;0,944619;
Natriumchlorid;8;13.12.2016 10:00;0,517055;
Natriumchlorid;2;13.12.2016 10:00;0,41926;
Natriumchlorid;7;13.12.2016 10:00;0,374527;
Natriumchlorid;9;13.12.2016 10:00;0,347784;
Natriumchlorid;3;13.12.2016 10:00;0,313472;
Natriumchlorid;6;13.12.2016 10:00;0,190394;
Natriumchlorid;1;13.12.2016 10:00;0,0282377;
Arsen;4;13.12.2016 10:00;1,8799;
Arsen;3;13.12.2016 10:00;1,78153;
Arsen;7;13.12.2016 10:00;0,839925;
Arsen;6;13.12.2016 10:00;0,282346;
Arsen;5;13.12.2016 10:00;0,203366;
Arsen;2;13.12.2016 10:00;0,121672;
Arsen;1;13.12.2016 10:00;0,0986827;
Arsen;8;13.12.2016 10:00;0,0795911;
Arsen;9;13.12.2016 10:00;0,060015;
Benzol;6;13.12.2016 10:00;5,18856;
Benzol;3;13.12.2016 10:00;2,72776;
Benzol;4;13.12.2016 10:00;2,04084;
Benzol;5;13.12.2016 10:00;1,74773;
Benzol;8;13.12.2016 10:00;0,831272;
Benzol;9;13.12.2016 10:00;0,580734;
Benzol;7;13.12.2016 10:00;0,542205;
Benzol;2;13.12.2016 10:00;0,359117;
Benzol;1;13.12.2016 10:00;0,195846;
Anilin;3;13.12.2016 10:00;2,2814;
Anilin;4;13.12.2016 10:00;1,80637;
Anilin;8;13.12.2016 10:00;0,806083;
Anilin;9;13.12.2016 10:00;0,773324;
Anilin;5;13.12.2016 10:00;0,700467;
Anilin;2;13.12.2016 10:00;0,588456;
Anilin;1;13.12.2016 10:00;0,293701;
Anilin;6;13.12.2016 10:00;0,0893512;
Anilin;7;13.12.2016 10:00;0,0502239;
Natriumchlorid;4;13.12.2016 11:00;2,02347;
Natriumchlorid;3;13.12.2016 11:00;1,19959;
Natriumchlorid;8;13.12.2016 11:00;0,862154;
Natriumchlorid;7;13.12.2016 11:00;0,734777;
Natriumchlorid;5;13.12.2016 11:00;0,471635;
Natriumchlorid;6;13.12.2016 11:00;0,396565;
Natriumchlorid;1;13.12.2016 11:00;0,267905;
Natriumchlorid;9;13.12.2016 11:00;0,214762;
Natriumchlorid;2;13.12.2016 11:00;0,18661;
Arsen;3;13.12.2016 11:00;2,43319;
Arsen;4;13.12.2016 11:00;2,20661;
Arsen;6;13.12.2016 11:00;0,817584;
Arsen;9;13.12.2016 11:00;0,306422;
Arsen;8;13.12.2016 11:00;0,292874;
Arsen;5;13.12.2016 11:00;0,28039;
Arsen;2;13.12.2016 11:00;0,27328;
Arsen;7;13.12.2016 11:00;0,187487;
Arsen;1;13.12.2016 11:00;0,17987;
Benzol;4;13.12.2016 11:00;2,274;
Benzol;3;13.12.2016 11:00;1,24614;
Benzol;5;13.12.2016 11:00;0,844213;
Benzol;8;13.12.2016 11:00;0,713671;
Benzol;9;13.12.2016 11:00;0,44699;
Benzol;6;13.12.2016 11:00;0,412608;
Benzol;7;13.12.2016 11:00;0,408764;
Benzol;1;13.12.2016 11:00;0,307878;
Benzol;2;13.12.2016 11:00;0,0444719;
Anilin;3;13.12.2016 11:00;4,15188;
Anilin;4;13.12.2016 11:00;1,69121;
Anilin;8;13.12.2016 11:00;1,04563;
Anilin;1;13.12.2016 11:00;0,525491;
Anilin;2;13.12.2016 11:00;0,421196;
Anilin;6;13.12.2016 11:00;0,269;
Anilin;9;13.12.2016 11:00;0,243159;
Anilin;5;13.12.2016 11:00;0,182889;
Anilin;7;13.12.2016 11:00;0,0140727;
Natriumchlorid;4;13.12.2016 12:00;1,58467;
Natriumchlorid;3;13.12.2016 12:00;1,0932;
Natriumchlorid;7;13.12.2016 12:00;0,834714;
Natriumchlorid;2;13.12.2016 12:00;0,670914;
Natriumchlorid;5;13.12.2016 12:00;0,519982;
Natriumchlorid;8;13.12.2016 12:00;0,374754;
Natriumchlorid;6;13.12.2016 12:00;0,30256;
Natriumchlorid;1;13.12.2016 12:00;0,100574;
Natriumchlorid;9;13.12.2016 12:00;0,0319566;
Arsen;5;13.12.2016 12:00;2,24952;
Arsen;4;13.12.2016 12:00;2,10022;
Arsen;6;13.12.2016 12:00;0,640803;
Arsen;2;13.12.2016 12:00;0,588642;
Arsen;9;13.12.2016 12:00;0,333396;
Arsen;8;13.12.2016 12:00;0,201114;
Arsen;7;13.12.2016 12:00;0,183367;
Arsen;1;13.12.2016 12:00;0,13557;
Arsen;3;13.12.2016 12:00;0,12008;
Benzol;3;13.12.2016 12:00;2,02591;
Benzol;4;13.12.2016 12:00;1,83296;
Benzol;7;13.12.2016 12:00;0,763757;
Benzol;6;13.12.2016 12:00;0,744652;
Benzol;1;13.12.2016 12:00;0,603621;
Benzol;8;13.12.2016 12:00;0,534741;
Benzol;5;13.12.2016 12:00;0,14835;
Benzol;9;13.12.2016 12:00;0,120665;
Benzol;2;13.12.2016 12:00;0,0908434;
Anilin;4;13.12.2016 12:00;2,36922;
Anilin;5;13.12.2016 12:00;1,36838;
Anilin;3;13.12.2016 12:00;1,02917;
Anilin;2;13.12.2016 12:00;0,940114;
Anilin;9;13.12.2016 12:00;0,746298;
Anilin;6;13.12.2016 12:00;0,579704;
Anilin;7;13.12.2016 12:00;0,339006;
Anilin;8;13.12.2016 12:00;0,334734;
Anilin;1;13.12.2016 12:00;0,22461;
Natriumchlorid;5;13.12.2016 13:00;1,97854;
Natriumchlorid;4;13.12.2016 13:00;1,96692;
Natriumchlorid;3;13.12.2016 13:00;0,906926;
Natriumchlorid;9;13.12.2016 13:00;0,78432;
Natriumchlorid;1;13.12.2016 13:00;0,415117;
Natriumchlorid;8;13.12.2016 13:00;0,365579;
Natriumchlorid;7;13.12.2016 13:00;0,329559;
Natriumchlorid;6;13.12.2016 13:00;0,225974;
Natriumchlorid;2;13.12.2016 13:00;0,164781;
Arsen;4;13.12.2016 13:00;1,92235;
Arsen;3;13.12.2016 13:00;1,56302;
Arsen;2;13.12.2016 13:00;0,685355;
Arsen;1;13.12.2016 13:00;0,39607;
Arsen;5;13.12.2016 13:00;0,364615;
Arsen;9;13.12.2016 13:00;0,233263;
Arsen;6;13.12.2016 13:00;0,229322;
Arsen;8;13.12.2016 13:00;0,188338;
Arsen;7;13.12.2016 13:00;0,0107846;
Benzol;4;13.12.2016 13:00;2,17736;
Benzol;8;13.12.2016 13:00;0,723844;
Benzol;9;13.12.2016 13:00;0,543563;
Benzol;3;13.12.2016 13:00;0,520567;
Benzol;5;13.12.2016 13:00;0,41529;
Benzol;1;13.12.2016 13:00;0,340478;
Benzol;2;13.12.2016 13:00;0,330506;
Benzol;6;13.12.2016 13:00;0,307782;
Benzol;7;13.12.2016 13:00;0,00947346;
Anilin;4;13.12.2016 13:00;1,55778;
Anilin;7;13.12.2016 13:00;1,50475;
Anilin;3;13.12.2016 13:00;1,13808;
Anilin;5;13.12.2016 13:00;0,969598;
Anilin;8;13.12.2016 13:00;0,452398;
Anilin;9;13.12.2016 13:00;0,415522;
Anilin;6;13.12.2016 13:00;0,349207;
Anilin;2;13.12.2016 13:00;0,336815;
Anilin;1;13.12.2016 13:00;0,0273101;
Natriumchlorid;4;13.12.2016 14:00;1,49555;
Natriumchlorid;7;13.12.2016 14:00;0,903536;
Natriumchlorid;9;13.12.2016 14:00;0,803693;
Natriumchlorid;5;13.12.2016 14:00;0,761465;
Natriumchlorid;3;13.12.2016 14:00;0,655428;
Natriumchlorid;6;13.12.2016 14:00;0,497422;
Natriumchlorid;2;13.12.2016 14:00;0,387402;
Natriumchlorid;8;13.12.2016 14:00;0,319894;
Natriumchlorid;1;13.12.2016 14:00;0,190717;
Arsen;4;13.12.2016 14:00;2,33964;
Arsen;7;13.12.2016 14:00;1,47934;
Arsen;3;13.12.2016 14:00;0,770104;
Arsen;5;13.12.2016 14:00;0,457931;
Arsen;1;13.12.2016 14:00;0,330849;
Arsen;9;13.12.2016 14:00;0,322735;
Arsen;2;13.12.2016 14:00;0,312877;
Arsen;6;13.12.2016 14:00;0,16552;
Arsen;8;13.12.2016 14:00;0,133546;
Benzol;3;13.12.2016 14:00;1,74936;
Benzol;4;13.12.2016 14:00;1,61388;
Benzol;9;13.12.2016 14:00;0,953385;
Benzol;6;13.12.2016 14:00;0,630511;
Benzol;5;13.12.2016 14:00;0,466287;
Benzol;8;13.12.2016 14:00;0,14475;
Benzol;1;13.12.2016 14:00;0,134715;
Benzol;7;13.12.2016 14:00;0,0130744;
Benzol;2;13.12.2016 14:00;0,0114708;
Anilin;4;13.12.2016 14:00;1,82419;
Anilin;7;13.12.2016 14:00;0,728963;
Anilin;8;13.12.2016 14:00;0,689717;
Anilin;9;13.12.2016 14:00;0,537318;
Anilin;3;13.12.2016 14:00;0,442507;
Anilin;2;13.12.2016 14:00;0,407657;
Anilin;5;13.12.2016 14:00;0,230374;
Anilin;6;13.12.2016 14:00;0,165459;
Anilin;1;13.12.2016 14:00;0,137227;
Natriumchlorid;6;13.12.2016 15:00;42,91628;
Natriumchlorid;6;13.12.2016 15:00;4,52997;
Natriumchlorid;4;13.12.2016 15:00;2,1646;
Natriumchlorid;3;13.12.2016 15:00;1,42622;
Natriumchlorid;5;13.12.2016 15:00;0,999776;
Natriumchlorid;9;13.12.2016 15:00;0,930336;
Natriumchlorid;8;13.12.2016 15:00;0,405376;
Natriumchlorid;1;13.12.2016 15:00;0,36025;
Natriumchlorid;2;13.12.2016 15:00;0,318014;
Natriumchlorid;7;13.12.2016 15:00;0,0179537;
Arsen;4;13.12.2016 15:00;1,76341;
Arsen;3;13.12.2016 15:00;1,42494;
Arsen;6;13.12.2016 15:00;0,867044;
Arsen;2;13.12.2016 15:00;0,743765;
Arsen;7;13.12.2016 15:00;0,714177;
Arsen;9;13.12.2016 15:00;0,535466;
Arsen;5;13.12.2016 15:00;0,422386;
Arsen;8;13.12.2016 15:00;0,262925;
Arsen;1;13.12.2016 15:00;0,191958;
Benzol;4;13.12.2016 15:00;2,2062;
Benzol;3;13.12.2016 15:00;1,18405;
Benzol;5;13.12.2016 15:00;0,658298;
Benzol;2;13.12.2016 15:00;0,42455;
Benzol;6;13.12.2016 15:00;0,335715;
Benzol;7;13.12.2016 15:00;0,277404;
Benzol;1;13.12.2016 15:00;0,190242;
Benzol;8;13.12.2016 15:00;0,119632;
Benzol;9;13.12.2016 15:00;0,00245147;
Anilin;4;13.12.2016 15:00;1,83869;
Anilin;5;13.12.2016 15:00;1,03682;
Anilin;8;13.12.2016 15:00;0,553781;
Anilin;7;13.12.2016 15:00;0,331689;
Anilin;2;13.12.2016 15:00;0,307084;
Anilin;9;13.12.2016 15:00;0,24896;
Anilin;1;13.12.2016 15:00;0,0366542;
Anilin;3;13.12.2016 15:00;0,0164823;
Natriumchlorid;6;13.12.2016 16:00;42,5599;
Natriumchlorid;6;13.12.2016 16:00;4,25477;
Natriumchlorid;4;13.12.2016 16:00;1,75649;
Natriumchlorid;3;13.12.2016 16:00;1,49531;
Natriumchlorid;7;13.12.2016 16:00;0,486096;
Natriumchlorid;8;13.12.2016 16:00;0,447988;
Natriumchlorid;9;13.12.2016 16:00;0,351477;
Natriumchlorid;5;13.12.2016 16:00;0,292823;
Natriumchlorid;2;13.12.2016 16:00;0,18364;
Natriumchlorid;1;13.12.2016 16:00;0,026442;
Arsen;5;13.12.2016 16:00;2,07814;
Arsen;4;13.12.2016 16:00;2,05671;
Arsen;3;13.12.2016 16:00;0,667836;
Arsen;9;13.12.2016 16:00;0,597964;
Arsen;7;13.12.2016 16:00;0,595182;
Arsen;1;13.12.2016 16:00;0,449994;
Arsen;8;13.12.2016 16:00;0,194054;
Arsen;6;13.12.2016 16:00;0,142127;
Arsen;2;13.12.2016 16:00;0,135912;
Benzol;3;13.12.2016 16:00;3,06542;
Benzol;7;13.12.2016 16:00;1,80832;
Benzol;4;13.12.2016 16:00;1,76058;
Benzol;5;13.12.2016 16:00;1,39259;
Benzol;9;13.12.2016 16:00;0,988069;
Benzol;8;13.12.2016 16:00;0,656714;
Benzol;1;13.12.2016 16:00;0,408022;
Benzol;2;13.12.2016 16:00;0,247032;
Benzol;6;13.12.2016 16:00;0,23401;
Anilin;4;13.12.2016 16:00;1,82677;
Anilin;9;13.12.2016 16:00;1,46308;
Anilin;7;13.12.2016 16:00;0,616433;
Anilin;8;13.12.2016 16:00;0,570927;
Anilin;2;13.12.2016 16:00;0,509184;
Anilin;5;13.12.2016 16:00;0,478455;
Anilin;1;13.12.2016 16:00;0,362198;
Anilin;3;13.12.2016 16:00;0,141388;
Natriumchlorid;3;13.12.2016 17:00;5,51301;
Natriumchlorid;4;13.12.2016 17:00;2,08827;
Natriumchlorid;5;13.12.2016 17:00;0,595877;
Natriumchlorid;8;13.12.2016 17:00;0,559132;
Natriumchlorid;6;13.12.2016 17:00;0,4189;
Natriumchlorid;9;13.12.2016 17:00;0,250019;
Natriumchlorid;7;13.12.2016 17:00;0,113888;
Natriumchlorid;1;13.12.2016 17:00;0,11271;
Natriumchlorid;2;13.12.2016 17:00;0,110913;
Arsen;4;13.12.2016 17:00;2,00228;
Arsen;7;13.12.2016 17:00;1,04833;
Arsen;9;13.12.2016 17:00;0,929019;
Arsen;1;13.12.2016 17:00;0,497575;
Arsen;3;13.12.2016 17:00;0,475755;
Arsen;6;13.12.2016 17:00;0,473082;
Arsen;8;13.12.2016 17:00;0,375459;
Arsen;5;13.12.2016 17:00;0,320938;
Arsen;2;13.12.2016 17:00;0,0101151;
Benzol;4;13.12.2016 17:00;2,06555;
Benzol;3;13.12.2016 17:00;1,34464;
Benzol;5;13.12.2016 17:00;1,07291;
Benzol;8;13.12.2016 17:00;0,868718;
Benzol;7;13.12.2016 17:00;0,680224;
Benzol;1;13.12.2016 17:00;0,545806;
Benzol;9;13.12.2016 17:00;0,533524;
Benzol;6;13.12.2016 17:00;0,209374;
Benzol;2;13.12.2016 17:00;0,151981;
Anilin;4;13.12.2016 17:00;1,74986;
Anilin;5;13.12.2016 17:00;1,32021;
Anilin;3;13.12.2016 17:00;1,12169;
Anilin;8;13.12.2016 17:00;0,855011;
Anilin;6;13.12.2016 17:00;0,349871;
Anilin;9;13.12.2016 17:00;0,349157;
Anilin;7;13.12.2016 17:00;0,30553;
Anilin;2;13.12.2016 17:00;0,217095;
Anilin;1;13.12.2016 17:00;0,165443;
Natriumchlorid;4;13.12.2016 18:00;2,0531;
Natriumchlorid;3;13.12.2016 18:00;1,8955;
Natriumchlorid;7;13.12.2016 18:00;1,11999;
Natriumchlorid;5;13.12.2016 18:00;0,555608;
Natriumchlorid;6;13.12.2016 18:00;0,530773;
Natriumchlorid;9;13.12.2016 18:00;0,511908;
Natriumchlorid;8;13.12.2016 18:00;0,264709;
Natriumchlorid;1;13.12.2016 18:00;0,146992;
Natriumchlorid;2;13.12.2016 18:00;0,0403714;
Arsen;4;13.12.2016 18:00;1,87594;
Arsen;3;13.12.2016 18:00;1,52064;
Arsen;7;13.12.2016 18:00;0,921968;
Arsen;8;13.12.2016 18:00;0,606051;
Arsen;5;13.12.2016 18:00;0,58007;
Arsen;6;13.12.2016 18:00;0,495858;
Arsen;9;13.12.2016 18:00;0,35143;
Arsen;1;13.12.2016 18:00;0,318801;
Arsen;2;13.12.2016 18:00;0,226288;
Benzol;4;13.12.2016 18:00;1,95239;
Benzol;9;13.12.2016 18:00;1,72082;
Benzol;7;13.12.2016 18:00;0,871142;
Benzol;3;13.12.2016 18:00;0,846442;
Benzol;5;13.12.2016 18:00;0,589261;
Benzol;6;13.12.2016 18:00;0,260909;
Benzol;8;13.12.2016 18:00;0,254341;
Benzol;1;13.12.2016 18:00;0,179885;
Benzol;2;13.12.2016 18:00;0,0193392;
Anilin;4;13.12.2016 18:00;1,86799;
Anilin;3;13.12.2016 18:00;0,758283;
Anilin;5;13.12.2016 18:00;0,568714;
Anilin;7;13.12.2016 18:00;0,429873;
Anilin;2;13.12.2016 18:00;0,358966;
Anilin;9;13.12.2016 18:00;0,185297;
Anilin;1;13.12.2016 18:00;0,170511;
Anilin;8;13.12.2016 18:00;0,104701;
Anilin;6;13.12.2016 18:00;0,100467;
Natriumchlorid;4;13.12.2016 19:00;1,95122;
Natriumchlorid;5;13.12.2016 19:00;1,01985;
Natriumchlorid;7;13.12.2016 19:00;0,90941;
Natriumchlorid;3;13.12.2016 19:00;0,587743;
Natriumchlorid;8;13.12.2016 19:00;0,587095;
Natriumchlorid;6;13.12.2016 19:00;0,478887;
Natriumchlorid;9;13.12.2016 19:00;0,198192;
Natriumchlorid;1;13.12.2016 19:00;0,1325;
Natriumchlorid;2;13.12.2016 19:00;0,0196381;
Arsen;4;13.12.2016 19:00;2,27025;
Arsen;7;13.12.2016 19:00;1,56105;
Arsen;9;13.12.2016 19:00;1,38109;
Arsen;5;13.12.2016 19:00;0,89128;
Arsen;8;13.12.2016 19:00;0,542229;
Arsen;3;13.12.2016 19:00;0,505313;
Arsen;6;13.12.2016 19:00;0,418117;
Arsen;2;13.12.2016 19:00;0,0112994;
Arsen;1;13.12.2016 19:00;0,00448124;
Benzol;5;13.12.2016 19:00;2,95487;
Benzol;4;13.12.2016 19:00;1,96155;
Benzol;3;13.12.2016 19:00;1,31057;
Benzol;2;13.12.2016 19:00;0,898114;
Benzol;8;13.12.2016 19:00;0,462105;
Benzol;9;13.12.2016 19:00;0,425638;
Benzol;7;13.12.2016 19:00;0,277808;
Benzol;1;13.12.2016 19:00;0,0943289;
Benzol;6;13.12.2016 19:00;0,00397208;
Anilin;4;13.12.2016 19:00;1,95183;
Anilin;3;13.12.2016 19:00;1,05858;
Anilin;7;13.12.2016 19:00;0,799611;
Anilin;9;13.12.2016 19:00;0,703561;
Anilin;5;13.12.2016 19:00;0,572226;
Anilin;8;13.12.2016 19:00;0,537854;
Anilin;2;13.12.2016 19:00;0,48331;
Anilin;6;13.12.2016 19:00;0,394621;
Anilin;1;13.12.2016 19:00;0,0642564;
Natriumchlorid;3;13.12.2016 20:00;2,83608;
Natriumchlorid;4;13.12.2016 20:00;2,01181;
Natriumchlorid;9;13.12.2016 20:00;1,85416;
Natriumchlorid;2;13.12.2016 20:00;0,845858;
Natriumchlorid;6;13.12.2016 20:00;0,595847;
Natriumchlorid;8;13.12.2016 20:00;0,57715;
Natriumchlorid;7;13.12.2016 20:00;0,299105;
Natriumchlorid;1;13.12.2016 20:00;0,157775;
Natriumchlorid;5;13.12.2016 20:00;0,00468479;
Arsen;4;13.12.2016 20:00;2,39839;
Arsen;9;13.12.2016 20:00;1,2457;
Arsen;8;13.12.2016 20:00;1,07797;
Arsen;3;13.12.2016 20:00;0,701293;
Arsen;2;13.12.2016 20:00;0,591546;
Arsen;5;13.12.2016 20:00;0,483023;
Arsen;6;13.12.2016 20:00;0,38871;
Arsen;1;13.12.2016 20:00;0,266642;
Arsen;7;13.12.2016 20:00;0,156353;
Benzol;4;13.12.2016 20:00;1,96884;
Benzol;3;13.12.2016 20:00;1,38493;
Benzol;8;13.12.2016 20:00;1,04496;
Benzol;5;13.12.2016 20:00;0,660875;
Benzol;9;13.12.2016 20:00;0,476705;
Benzol;1;13.12.2016 20:00;0,421982;
Benzol;2;13.12.2016 20:00;0,381786;
Benzol;7;13.12.2016 20:00;0,349991;
Benzol;6;13.12.2016 20:00;0,241201;
Anilin;3;13.12.2016 20:00;2,07377;
Anilin;4;13.12.2016 20:00;1,55339;
Anilin;8;13.12.2016 20:00;0,868353;
Anilin;6;13.12.2016 20:00;0,35255;
Anilin;1;13.12.2016 20:00;0,326203;
Anilin;2;13.12.2016 20:00;0,284012;
Anilin;7;13.12.2016 20:00;0,114624;
Anilin;5;13.12.2016 20:00;0,0667619;
Anilin;9;13.12.2016 20:00;0,0374553;
Natriumchlorid;4;13.12.2016 21:00;1,90539;
Natriumchlorid;5;13.12.2016 21:00;1,62868;
Natriumchlorid;6;13.12.2016 21:00;0,830617;
Natriumchlorid;7;13.12.2016 21:00;0,612136;
Natriumchlorid;8;13.12.2016 21:00;0,44808;
Natriumchlorid;3;13.12.2016 21:00;0,366267;
Natriumchlorid;9;13.12.2016 21:00;0,296272;
Natriumchlorid;2;13.12.2016 21:00;0,0777924;
Natriumchlorid;1;13.12.2016 21:00;0,0700973;
Arsen;4;13.12.2016 21:00;1,9206;
Arsen;7;13.12.2016 21:00;0,793678;
Arsen;9;13.12.2016 21:00;0,73282;
Arsen;5;13.12.2016 21:00;0,601943;
Arsen;3;13.12.2016 21:00;0,436842;
Arsen;2;13.12.2016 21:00;0,332929;
Arsen;6;13.12.2016 21:00;0,235474;
Arsen;8;13.12.2016 21:00;0,174912;
Arsen;1;13.12.2016 21:00;0,0400663;
Benzol;3;13.12.2016 21:00;2,46263;
Benzol;4;13.12.2016 21:00;1,6527;
Benzol;6;13.12.2016 21:00;0,663635;
Benzol;8;13.12.2016 21:00;0,494082;
Benzol;5;13.12.2016 21:00;0,430525;
Benzol;9;13.12.2016 21:00;0,429613;
Benzol;1;13.12.2016 21:00;0,227758;
Benzol;7;13.12.2016 21:00;0,205469;
Benzol;2;13.12.2016 21:00;0,0057368;
Anilin;3;13.12.2016 21:00;2,96861;
Anilin;4;13.12.2016 21:00;2,02339;
Anilin;7;13.12.2016 21:00;1,42672;
Anilin;6;13.12.2016 21:00;0,410922;
Anilin;2;13.12.2016 21:00;0,17411;
Anilin;5;13.12.2016 21:00;0,0984791;
Anilin;9;13.12.2016 21:00;0,09387;
Anilin;1;13.12.2016 21:00;0,0403303;
Anilin;8;13.12.2016 21:00;0,0362855;
Natriumchlorid;4;13.12.2016 22:00;1,80718;
Natriumchlorid;2;13.12.2016 22:00;0,571202;
Natriumchlorid;5;13.12.2016 22:00;0,559477;
Natriumchlorid;6;13.12.2016 22:00;0,445768;
Natriumchlorid;8;13.12.2016 22:00;0,416758;
Natriumchlorid;9;13.12.2016 22:00;0,318053;
Natriumchlorid;3;13.12.2016 22:00;0,313282;
Natriumchlorid;1;13.12.2016 22:00;0,227403;
Natriumchlorid;7;13.12.2016 22:00;0,167979;
Arsen;4;13.12.2016 22:00;2,26894;
Arsen;5;13.12.2016 22:00;1,12081;
Arsen;8;13.12.2016 22:00;0,966695;
Arsen;6;13.12.2016 22:00;0,693742;
Arsen;1;13.12.2016 22:00;0,317435;
Arsen;9;13.12.2016 22:00;0,302257;
Arsen;7;13.12.2016 22:00;0,239433;
Arsen;3;13.12.2016 22:00;0,134335;
Arsen;2;13.12.2016 22:00;0,0915732;
Benzol;4;13.12.2016 22:00;1,95908;
Benzol;8;13.12.2016 22:00;0,791397;
Benzol;6;13.12.2016 22:00;0,665322;
Benzol;3;13.12.2016 22:00;0,637628;
Benzol;5;13.12.2016 22:00;0,527766;
Benzol;2;13.12.2016 22:00;0,445054;
Benzol;1;13.12.2016 22:00;0,327513;
Benzol;9;13.12.2016 22:00;0,132455;
Benzol;7;13.12.2016 22:00;0,104702;
Anilin;4;13.12.2016 22:00;2,0651;
Anilin;8;13.12.2016 22:00;1,01795;
Anilin;5;13.12.2016 22:00;0,531086;
Anilin;7;13.12.2016 22:00;0,505313;
Anilin;9;13.12.2016 22:00;0,453276;
Anilin;6;13.12.2016 22:00;0,452596;
Anilin;3;13.12.2016 22:00;0,449711;
Anilin;1;13.12.2016 22:00;0,309012;
Anilin;2;13.12.2016 22:00;0,0847643;
Natriumchlorid;3;13.12.2016 23:00;3,69887;
Natriumchlorid;4;13.12.2016 23:00;2,15671;
Natriumchlorid;8;13.12.2016 23:00;0,893766;
Natriumchlorid;9;13.12.2016 23:00;0,358834;
Natriumchlorid;5;13.12.2016 23:00;0,350458;
Natriumchlorid;6;13.12.2016 23:00;0,280724;
Natriumchlorid;7;13.12.2016 23:00;0,228502;
Natriumchlorid;1;13.12.2016 23:00;0,213911;
Natriumchlorid;2;13.12.2016 23:00;0,197047;
Arsen;3;13.12.2016 23:00;1,84815;
Arsen;4;13.12.2016 23:00;1,84205;
Arsen;9;13.12.2016 23:00;0,407206;
Arsen;6;13.12.2016 23:00;0,40671;
Arsen;5;13.12.2016 23:00;0,381318;
Arsen;7;13.12.2016 23:00;0,374947;
Arsen;8;13.12.2016 23:00;0,2521;
Arsen;1;13.12.2016 23:00;0,179532;
Arsen;2;13.12.2016 23:00;0,16694;
Benzol;4;13.12.2016 23:00;2,1521;
Benzol;6;13.12.2016 23:00;0,714593;
Benzol;2;13.12.2016 23:00;0,574083;
Benzol;9;13.12.2016 23:00;0,454681;
Benzol;3;13.12.2016 23:00;0,431498;
Benzol;1;13.12.2016 23:00;0,304093;
Benzol;7;13.12.2016 23:00;0,171842;
Benzol;5;13.12.2016 23:00;0,0891741;
Benzol;8;13.12.2016 23:00;0,0352444;
Anilin;4;13.12.2016 23:00;2,13104;
Anilin;8;13.12.2016 23:00;1,46721;
Anilin;3;13.12.2016 23:00;0,615171;
Anilin;2;13.12.2016 23:00;0,295937;
Anilin;7;13.12.2016 23:00;0,254253;
Anilin;1;13.12.2016 23:00;0,191835;
Anilin;6;13.12.2016 23:00;0,175215;
Anilin;5;13.12.2016 23:00;0,130205;
Anilin;9;13.12.2016 23:00;0,121089;
Natriumchlorid;7;14.12.2016 00:00;4,424;
Natriumchlorid;4;14.12.2016 00:00;2,05698;
Natriumchlorid;3;14.12.2016 00:00;1,06878;
Natriumchlorid;6;14.12.2016 00:00;0,56599;
Natriumchlorid;5;14.12.2016 00:00;0,42057;
Natriumchlorid;8;14.12.2016 00:00;0,239377;
Natriumchlorid;9;14.12.2016 00:00;0,184002;
Natriumchlorid;2;14.12.2016 00:00;0,126356;
Natriumchlorid;1;14.12.2016 00:00;0,0972539;
Arsen;3;14.12.2016 00:00;2,83182;
Arsen;4;14.12.2016 00:00;1,71111;
Arsen;2;14.12.2016 00:00;0,472983;
Arsen;6;14.12.2016 00:00;0,438867;
Arsen;8;14.12.2016 00:00;0,322327;
Arsen;9;14.12.2016 00:00;0,136426;
Arsen;7;14.12.2016 00:00;0,120426;
Arsen;5;14.12.2016 00:00;0,0158193;
Arsen;1;14.12.2016 00:00;0,012839;
Benzol;4;14.12.2016 00:00;2,0486;
Benzol;5;14.12.2016 00:00;1,4855;
Benzol;9;14.12.2016 00:00;1,30739;
Benzol;6;14.12.2016 00:00;0,811934;
Benzol;8;14.12.2016 00:00;0,748366;
Benzol;3;14.12.2016 00:00;0,657893;
Benzol;2;14.12.2016 00:00;0,564503;
Benzol;7;14.12.2016 00:00;0,493807;
Benzol;1;14.12.2016 00:00;0,333055;
Anilin;4;14.12.2016 00:00;2,3115;
Anilin;1;14.12.2016 00:00;0,79008;
Anilin;6;14.12.2016 00:00;0,642135;
Anilin;7;14.12.2016 00:00;0,601551;
Anilin;5;14.12.2016 00:00;0,557534;
Anilin;3;14.12.2016 00:00;0,378223;
Anilin;2;14.12.2016 00:00;0,336329;
Anilin;9;14.12.2016 00:00;0,228675;
Anilin;8;14.12.2016 00:00;0,209965;
Natriumchlorid;4;14.12.2016 01:00;1,88858;
Natriumchlorid;3;14.12.2016 01:00;1,30519;
Natriumchlorid;8;14.12.2016 01:00;0,614024;
Natriumchlorid;9;14.12.2016 01:00;0,434168;
Natriumchlorid;7;14.12.2016 01:00;0,394693;
Natriumchlorid;6;14.12.2016 01:00;0,277602;
Natriumchlorid;5;14.12.2016 01:00;0,26172;
Natriumchlorid;2;14.12.2016 01:00;0,225369;
Natriumchlorid;1;14.12.2016 01:00;0,075027;
Arsen;4;14.12.2016 01:00;1,80716;
Arsen;7;14.12.2016 01:00;1,5323;
Arsen;6;14.12.2016 01:00;0,733084;
Arsen;3;14.12.2016 01:00;0,56056;
Arsen;8;14.12.2016 01:00;0,47995;
Arsen;5;14.12.2016 01:00;0,419468;
Arsen;2;14.12.2016 01:00;0,115338;
Arsen;1;14.12.2016 01:00;0,0825829;
Arsen;9;14.12.2016 01:00;0,0228817;
Benzol;4;14.12.2016 01:00;1,88521;
Benzol;3;14.12.2016 01:00;1,11981;
Benzol;8;14.12.2016 01:00;0,433013;
Benzol;6;14.12.2016 01:00;0,392693;
Benzol;5;14.12.2016 01:00;0,385813;
Benzol;9;14.12.2016 01:00;0,380612;
Benzol;2;14.12.2016 01:00;0,364864;
Benzol;1;14.12.2016 01:00;0,278887;
Benzol;7;14.12.2016 01:00;0,109683;
Anilin;4;14.12.2016 01:00;1,83674;
Anilin;3;14.12.2016 01:00;1,1279;
Anilin;9;14.12.2016 01:00;0,682714;
Anilin;8;14.12.2016 01:00;0,393987;
Anilin;6;14.12.2016 01:00;0,363624;
Anilin;2;14.12.2016 01:00;0,324656;
Anilin;7;14.12.2016 01:00;0,280804;
Anilin;5;14.12.2016 01:00;0,207517;
Anilin;1;14.12.2016 01:00;0,0423309;
Natriumchlorid;4;14.12.2016 02:00;2,08176;
Natriumchlorid;3;14.12.2016 02:00;2,01135;
Natriumchlorid;5;14.12.2016 02:00;0,944995;
Natriumchlorid;9;14.12.2016 02:00;0,541831;
Natriumchlorid;7;14.12.2016 02:00;0,52579;
Natriumchlorid;6;14.12.2016 02:00;0,469951;
Natriumchlorid;2;14.12.2016 02:00;0,203106;
Natriumchlorid;8;14.12.2016 02:00;0,0799215;
Natriumchlorid;1;14.12.2016 02:00;0,0321464;
Arsen;4;14.12.2016 02:00;2,12849;
Arsen;9;14.12.2016 02:00;1,12604;
Arsen;3;14.12.2016 02:00;1,07609;
Arsen;7;14.12.2016 02:00;0,817041;
Arsen;8;14.12.2016 02:00;0,452305;
Arsen;6;14.12.2016 02:00;0,355049;
Arsen;2;14.12.2016 02:00;0,280855;
Arsen;5;14.12.2016 02:00;0,263184;
Arsen;1;14.12.2016 02:00;0,220715;
Benzol;4;14.12.2016 02:00;2,02709;
Benzol;3;14.12.2016 02:00;1,38915;
Benzol;9;14.12.2016 02:00;1,14632;
Benzol;7;14.12.2016 02:00;0,963015;
Benzol;5;14.12.2016 02:00;0,820383;
Benzol;2;14.12.2016 02:00;0,806688;
Benzol;8;14.12.2016 02:00;0,701701;
Benzol;6;14.12.2016 02:00;0,613514;
Benzol;1;14.12.2016 02:00;0,0309463;
Anilin;4;14.12.2016 02:00;1,87824;
Anilin;3;14.12.2016 02:00;1,52433;
Anilin;9;14.12.2016 02:00;0,929827;
Anilin;5;14.12.2016 02:00;0,682374;
Anilin;8;14.12.2016 02:00;0,615226;
Anilin;1;14.12.2016 02:00;0,602688;
Anilin;6;14.12.2016 02:00;0,564848;
Anilin;7;14.12.2016 02:00;0,390783;
Anilin;2;14.12.2016 02:00;0,239349;
Natriumchlorid;4;14.12.2016 03:00;1,58556;
Natriumchlorid;5;14.12.2016 03:00;1,17985;
Natriumchlorid;6;14.12.2016 03:00;0,659107;
Natriumchlorid;8;14.12.2016 03:00;0,540813;
Natriumchlorid;7;14.12.2016 03:00;0,331962;
Natriumchlorid;9;14.12.2016 03:00;0,274136;
Natriumchlorid;1;14.12.2016 03:00;0,206404;
Natriumchlorid;2;14.12.2016 03:00;0,19802;
Natriumchlorid;3;14.12.2016 03:00;0,137692;
Arsen;4;14.12.2016 03:00;2,06913;
Arsen;3;14.12.2016 03:00;1,66762;
Arsen;8;14.12.2016 03:00;0,520477;
Arsen;9;14.12.2016 03:00;0,369364;
Arsen;7;14.12.2016 03:00;0,358289;
Arsen;1;14.12.2016 03:00;0,153447;
Arsen;5;14.12.2016 03:00;0,140532;
Arsen;2;14.12.2016 03:00;0,134144;
Arsen;6;14.12.2016 03:00;0,102193;
Benzol;4;14.12.2016 03:00;2,02238;
Benzol;8;14.12.2016 03:00;1,36143;
Benzol;6;14.12.2016 03:00;0,609844;
Benzol;5;14.12.2016 03:00;0,58916;
Benzol;7;14.12.2016 03:00;0,532035;
Benzol;9;14.12.2016 03:00;0,310712;
Benzol;3;14.12.2016 03:00;0,194723;
Benzol;1;14.12.2016 03:00;0,138464;
Benzol;2;14.12.2016 03:00;0,0979406;
Anilin;3;14.12.2016 03:00;2,37471;
Anilin;4;14.12.2016 03:00;1,61958;
Anilin;7;14.12.2016 03:00;1,30729;
Anilin;6;14.12.2016 03:00;0,675275;
Anilin;9;14.12.2016 03:00;0,562115;
Anilin;5;14.12.2016 03:00;0,510533;
Anilin;8;14.12.2016 03:00;0,362353;
Anilin;1;14.12.2016 03:00;0,213942;
Anilin;2;14.12.2016 03:00;0,205111;
Natriumchlorid;4;14.12.2016 04:00;1,94331;
Natriumchlorid;9;14.12.2016 04:00;1,08244;
Natriumchlorid;3;14.12.2016 04:00;0,438498;
Natriumchlorid;6;14.12.2016 04:00;0,22262;
Natriumchlorid;5;14.12.2016 04:00;0,119332;
Natriumchlorid;7;14.12.2016 04:00;0,0968072;
Natriumchlorid;1;14.12.2016 04:00;0,093482;
Natriumchlorid;2;14.12.2016 04:00;0,0823378;
Natriumchlorid;8;14.12.2016 04:00;0,00458172;
Arsen;3;14.12.2016 04:00;5,56927;
Arsen;7;14.12.2016 04:00;2,02742;
Arsen;4;14.12.2016 04:00;1,83103;
Arsen;8;14.12.2016 04:00;0,47995;
Arsen;6;14.12.2016 04:00;0,328486;
Arsen;1;14.12.2016 04:00;0,270472;
Arsen;5;14.12.2016 04:00;0,183388;
Arsen;9;14.12.2016 04:00;0,172152;
Arsen;2;14.12.2016 04:00;0,0556987;
Benzol;4;14.12.2016 04:00;2,15482;
Benzol;5;14.12.2016 04:00;0,721822;
Benzol;8;14.12.2016 04:00;0,658069;
Benzol;3;14.12.2016 04:00;0,55075;
Benzol;7;14.12.2016 04:00;0,466645;
Benzol;6;14.12.2016 04:00;0,277657;
Benzol;9;14.12.2016 04:00;0,207103;
Benzol;2;14.12.2016 04:00;0,190131;
Benzol;1;14.12.2016 04:00;0,0874741;
Anilin;4;14.12.2016 04:00;1,6761;
Anilin;5;14.12.2016 04:00;0,881209;
Anilin;1;14.12.2016 04:00;0,599486;
Anilin;8;14.12.2016 04:00;0,54026;
Anilin;3;14.12.2016 04:00;0,51316;
Anilin;6;14.12.2016 04:00;0,436936;
Anilin;7;14.12.2016 04:00;0,336424;
Anilin;9;14.12.2016 04:00;0,155;
Anilin;2;14.12.2016 04:00;0,0071853;
Natriumchlorid;4;14.12.2016 05:00;2,05976;
Natriumchlorid;7;14.12.2016 05:00;1,6956;
Natriumchlorid;3;14.12.2016 05:00;1,33598;
Natriumchlorid;8;14.12.2016 05:00;0,331848;
Natriumchlorid;2;14.12.2016 05:00;0,234697;
Natriumchlorid;1;14.12.2016 05:00;0,221915;
Natriumchlorid;6;14.12.2016 05:00;0,156811;
Natriumchlorid;5;14.12.2016 05:00;0,0570525;
Natriumchlorid;9;14.12.2016 05:00;0,0259335;
Arsen;4;14.12.2016 05:00;2,08284;
Arsen;5;14.12.2016 05:00;1,86162;
Arsen;7;14.12.2016 05:00;0,723309;
Arsen;3;14.12.2016 05:00;0,53884;
Arsen;1;14.12.2016 05:00;0,3553;
Arsen;9;14.12.2016 05:00;0,279676;
Arsen;8;14.12.2016 05:00;0,0813103;
Arsen;2;14.12.2016 05:00;0,0665683;
Arsen;6;14.12.2016 05:00;0,0382237;
Benzol;4;14.12.2016 05:00;2,0248;
Benzol;3;14.12.2016 05:00;1,32028;
Benzol;5;14.12.2016 05:00;0,892328;
Benzol;8;14.12.2016 05:00;0,519739;
Benzol;6;14.12.2016 05:00;0,487749;
Benzol;9;14.12.2016 05:00;0,393576;
Benzol;2;14.12.2016 05:00;0,331754;
Benzol;7;14.12.2016 05:00;0,319278;
Benzol;1;14.12.2016 05:00;0,0383114;
Anilin;3;14.12.2016 05:00;2,8095;
Anilin;4;14.12.2016 05:00;1,78101;
Anilin;8;14.12.2016 05:00;0,714754;
Anilin;7;14.12.2016 05:00;0,653955;
Anilin;9;14.12.2016 05:00;0,619129;
Anilin;2;14.12.2016 05:00;0,433599;
Anilin;6;14.12.2016 05:00;0,331122;
Anilin;5;14.12.2016 05:00;0,050213;
Anilin;1;14.12.2016 05:00;0,0127313;
Natriumchlorid;3;14.12.2016 06:00;2,69377;
Natriumchlorid;4;14.12.2016 06:00;1,90462;
Natriumchlorid;8;14.12.2016 06:00;0,615615;
Natriumchlorid;6;14.12.2016 06:00;0,425289;
Natriumchlorid;7;14.12.2016 06:00;0,24564;
Natriumchlorid;2;14.12.2016 06:00;0,216299;
Natriumchlorid;9;14.12.2016 06:00;0,119088;
Natriumchlorid;1;14.12.2016 06:00;0,0700596;
Natriumchlorid;5;14.12.2016 06:00;0,00836333;
Arsen;3;14.12.2016 06:00;2,84731;
Arsen;4;14.12.2016 06:00;2,11536;
Arsen;7;14.12.2016 06:00;0,891457;
Arsen;6;14.12.2016 06:00;0,664256;
Arsen;9;14.12.2016 06:00;0,557052;
Arsen;1;14.12.2016 06:00;0,515653;
Arsen;8;14.12.2016 06:00;0,387621;
Arsen;5;14.12.2016 06:00;0,141397;
Arsen;2;14.12.2016 06:00;0,105415;
Benzol;4;14.12.2016 06:00;1,77064;
Benzol;9;14.12.2016 06:00;1,64629;
Benzol;3;14.12.2016 06:00;1,38311;
Benzol;5;14.12.2016 06:00;0,997342;
Benzol;2;14.12.2016 06:00;0,729614;
Benzol;1;14.12.2016 06:00;0,575623;
Benzol;6;14.12.2016 06:00;0,358822;
Benzol;8;14.12.2016 06:00;0,0607103;
Benzol;7;14.12.2016 06:00;0,0517885;
Anilin;4;14.12.2016 06:00;1,65666;
Anilin;3;14.12.2016 06:00;1,10755;
Anilin;9;14.12.2016 06:00;0,973226;
Anilin;6;14.12.2016 06:00;0,500553;
Anilin;7;14.12.2016 06:00;0,483216;
Anilin;2;14.12.2016 06:00;0,393812;
Anilin;1;14.12.2016 06:00;0,278904;
Anilin;5;14.12.2016 06:00;0,273195;
Anilin;8;14.12.2016 06:00;0,205327;
Natriumchlorid;3;14.12.2016 07:00;5,04112;
Natriumchlorid;4;14.12.2016 07:00;2,04276;
Natriumchlorid;5;14.12.2016 07:00;1,63219;
Natriumchlorid;7;14.12.2016 07:00;0,468156;
Natriumchlorid;8;14.12.2016 07:00;0,363798;
Natriumchlorid;1;14.12.2016 07:00;0,354784;
Natriumchlorid;2;14.12.2016 07:00;0,322913;
Natriumchlorid;6;14.12.2016 07:00;0,287581;
Natriumchlorid;9;14.12.2016 07:00;0,189236;
Arsen;4;14.12.2016 07:00;1,83096;
Arsen;3;14.12.2016 07:00;1,04022;
Arsen;9;14.12.2016 07:00;0,960115;
Arsen;1;14.12.2016 07:00;0,527404;
Arsen;5;14.12.2016 07:00;0,383035;
Arsen;6;14.12.2016 07:00;0,24809;
Arsen;7;14.12.2016 07:00;0,235767;
Arsen;8;14.12.2016 07:00;0,209073;
Arsen;2;14.12.2016 07:00;0,141487;
Benzol;7;14.12.2016 07:00;3,84528;
Benzol;4;14.12.2016 07:00;1,65666;
Benzol;3;14.12.2016 07:00;1,6054;
Benzol;8;14.12.2016 07:00;1,13608;
Benzol;6;14.12.2016 07:00;0,59984;
Benzol;9;14.12.2016 07:00;0,235053;
Benzol;1;14.12.2016 07:00;0,14418;
Benzol;5;14.12.2016 07:00;0,143233;
Benzol;2;14.12.2016 07:00;0,0696706;
Anilin;4;14.12.2016 07:00;2,19319;
Anilin;7;14.12.2016 07:00;0,692094;
Anilin;8;14.12.2016 07:00;0,422456;
Anilin;9;14.12.2016 07:00;0,406441;
Anilin;6;14.12.2016 07:00;0,36887;
Anilin;3;14.12.2016 07:00;0,363233;
Anilin;1;14.12.2016 07:00;0,313837;
Anilin;5;14.12.2016 07:00;0,276373;
Anilin;2;14.12.2016 07:00;0,181588;
Natriumchlorid;5;14.12.2016 08:00;35,16737;
Natriumchlorid;9;14.12.2016 08:00;4,79273;
Natriumchlorid;5;14.12.2016 08:00;4,27427;
Natriumchlorid;3;14.12.2016 08:00;3,50679;
Natriumchlorid;4;14.12.2016 08:00;1,91782;
Natriumchlorid;7;14.12.2016 08:00;1,62813;
Natriumchlorid;2;14.12.2016 08:00;0,721275;
Natriumchlorid;6;14.12.2016 08:00;0,452691;
Natriumchlorid;8;14.12.2016 08:00;0,338545;
Natriumchlorid;1;14.12.2016 08:00;0,0766619;
Arsen;3;14.12.2016 08:00;2,80503;
Arsen;4;14.12.2016 08:00;1,93797;
Arsen;2;14.12.2016 08:00;0,735929;
Arsen;7;14.12.2016 08:00;0,657709;
Arsen;6;14.12.2016 08:00;0,58586;
Arsen;9;14.12.2016 08:00;0,357369;
Arsen;1;14.12.2016 08:00;0,242601;
Arsen;5;14.12.2016 08:00;0,110108;
Arsen;8;14.12.2016 08:00;0,0448721;
Benzol;3;14.12.2016 08:00;2,99674;
Benzol;4;14.12.2016 08:00;2,09506;
Benzol;5;14.12.2016 08:00;0,616394;
Benzol;8;14.12.2016 08:00;0,550557;
Benzol;6;14.12.2016 08:00;0,535817;
Benzol;7;14.12.2016 08:00;0,526834;
Benzol;2;14.12.2016 08:00;0,417315;
Benzol;9;14.12.2016 08:00;0,225438;
Benzol;1;14.12.2016 08:00;0,188603;
Anilin;4;14.12.2016 08:00;2,10452;
Anilin;3;14.12.2016 08:00;0,835955;
Anilin;7;14.12.2016 08:00;0,569031;
Anilin;6;14.12.2016 08:00;0,396871;
Anilin;9;14.12.2016 08:00;0,389862;
Anilin;8;14.12.2016 08:00;0,318203;
Anilin;1;14.12.2016 08:00;0,189431;
Anilin;2;14.12.2016 08:00;0,174448;
Natriumchlorid;5;14.12.2016 09:00;6,20453;
Natriumchlorid;4;14.12.2016 09:00;1,81376;
Natriumchlorid;5;14.12.2016 09:00;0,924669;
Natriumchlorid;3;14.12.2016 09:00;0,427366;
Natriumchlorid;8;14.12.2016 09:00;0,320237;
Natriumchlorid;6;14.12.2016 09:00;0,311847;
Natriumchlorid;9;14.12.2016 09:00;0,14044;
Natriumchlorid;1;14.12.2016 09:00;0,110124;
Natriumchlorid;2;14.12.2016 09:00;0,0854018;
Natriumchlorid;7;14.12.2016 09:00;0,0117166;
Arsen;4;14.12.2016 09:00;1,86104;
Arsen;3;14.12.2016 09:00;0,714085;
Arsen;7;14.12.2016 09:00;0,439424;
Arsen;6;14.12.2016 09:00;0,240634;
Arsen;8;14.12.2016 09:00;0,187755;
Arsen;1;14.12.2016 09:00;0,141981;
Arsen;2;14.12.2016 09:00;0,125537;
Arsen;5;14.12.2016 09:00;0,0382386;
Arsen;9;14.12.2016 09:00;0,0370589;
Benzol;4;14.12.2016 09:00;1,68275;
Benzol;9;14.12.2016 09:00;0,962785;
Benzol;5;14.12.2016 09:00;0,929641;
Benzol;8;14.12.2016 09:00;0,760556;
Benzol;7;14.12.2016 09:00;0,274146;
Benzol;3;14.12.2016 09:00;0,202666;
Benzol;6;14.12.2016 09:00;0,194432;
Benzol;2;14.12.2016 09:00;0,141664;
Benzol;1;14.12.2016 09:00;0,0339474;
Anilin;4;14.12.2016 09:00;2,24316;
Anilin;7;14.12.2016 09:00;1,59575;
Anilin;9;14.12.2016 09:00;1,09481;
Anilin;8;14.12.2016 09:00;0,580294;
Anilin;6;14.12.2016 09:00;0,557941;
Anilin;3;14.12.2016 09:00;0,475883;
Anilin;2;14.12.2016 09:00;0,392387;
Anilin;1;14.12.2016 09:00;0,13652;
Natriumchlorid;4;14.12.2016 10:00;1,72464;
Natriumchlorid;3;14.12.2016 10:00;1,03259;
Natriumchlorid;5;14.12.2016 10:00;0,915476;
Natriumchlorid;8;14.12.2016 10:00;0,711263;
Natriumchlorid;2;14.12.2016 10:00;0,638902;
Natriumchlorid;6;14.12.2016 10:00;0,341137;
Natriumchlorid;1;14.12.2016 10:00;0,178285;
Natriumchlorid;7;14.12.2016 10:00;0,154656;
Natriumchlorid;9;14.12.2016 10:00;0,0990562;
Arsen;4;14.12.2016 10:00;2,00452;
Arsen;3;14.12.2016 10:00;1,99652;
Arsen;5;14.12.2016 10:00;1,03131;
Arsen;2;14.12.2016 10:00;0,612748;
Arsen;8;14.12.2016 10:00;0,358879;
Arsen;9;14.12.2016 10:00;0,356173;
Arsen;7;14.12.2016 10:00;0,352163;
Arsen;1;14.12.2016 10:00;0,0748594;
Arsen;6;14.12.2016 10:00;0,0460692;
Benzol;4;14.12.2016 10:00;2,08667;
Benzol;7;14.12.2016 10:00;1,3027;
Benzol;3;14.12.2016 10:00;1,18017;
Benzol;6;14.12.2016 10:00;0,339521;
Benzol;5;14.12.2016 10:00;0,252652;
Benzol;1;14.12.2016 10:00;0,168591;
Benzol;2;14.12.2016 10:00;0,167114;
Benzol;8;14.12.2016 10:00;0,113456;
Benzol;9;14.12.2016 10:00;0,00687844;
Anilin;3;14.12.2016 10:00;2,33623;
Anilin;4;14.12.2016 10:00;2,00992;
Anilin;9;14.12.2016 10:00;0,954819;
Anilin;7;14.12.2016 10:00;0,832061;
Anilin;6;14.12.2016 10:00;0,746079;
Anilin;5;14.12.2016 10:00;0,26067;
Anilin;8;14.12.2016 10:00;0,166545;
Anilin;1;14.12.2016 10:00;0,124935;
Anilin;2;14.12.2016 10:00;0,0491803;
Natriumchlorid;4;14.12.2016 11:00;1,95769;
Natriumchlorid;9;14.12.2016 11:00;0,545195;
Natriumchlorid;3;14.12.2016 11:00;0,493691;
Natriumchlorid;6;14.12.2016 11:00;0,32184;
Natriumchlorid;5;14.12.2016 11:00;0,294188;
Natriumchlorid;2;14.12.2016 11:00;0,286986;
Natriumchlorid;8;14.12.2016 11:00;0,100389;
Natriumchlorid;1;14.12.2016 11:00;0,0287079;
Natriumchlorid;7;14.12.2016 11:00;0,0100872;
Arsen;4;14.12.2016 11:00;2,03099;
Arsen;5;14.12.2016 11:00;1,50453;
Arsen;3;14.12.2016 11:00;0,733752;
Arsen;9;14.12.2016 11:00;0,686021;
Arsen;6;14.12.2016 11:00;0,402532;
Arsen;8;14.12.2016 11:00;0,300341;
Arsen;1;14.12.2016 11:00;0,0936055;
Arsen;2;14.12.2016 11:00;0,0747435;
Arsen;7;14.12.2016 11:00;0,0127809;
Benzol;3;14.12.2016 11:00;1,94838;
Benzol;4;14.12.2016 11:00;1,84026;
Benzol;7;14.12.2016 11:00;1,3025;
Benzol;8;14.12.2016 11:00;0,714712;
Benzol;5;14.12.2016 11:00;0,584464;
Benzol;9;14.12.2016 11:00;0,563299;
Benzol;6;14.12.2016 11:00;0,393887;
Benzol;1;14.12.2016 11:00;0,282772;
Benzol;2;14.12.2016 11:00;0,249467;
Anilin;4;14.12.2016 11:00;1,52184;
Anilin;5;14.12.2016 11:00;0,650213;
Anilin;2;14.12.2016 11:00;0,617889;
Anilin;3;14.12.2016 11:00;0,594025;
Anilin;8;14.12.2016 11:00;0,449406;
Anilin;9;14.12.2016 11:00;0,406976;
Anilin;6;14.12.2016 11:00;0,338062;
Anilin;1;14.12.2016 11:00;0,156178;
Anilin;7;14.12.2016 11:00;0,0979162;
Natriumchlorid;6;14.12.2016 12:00;13,6412;
Natriumchlorid;4;14.12.2016 12:00;1,58826;
Natriumchlorid;6;14.12.2016 12:00;1,44831;
Natriumchlorid;5;14.12.2016 12:00;1,20914;
Natriumchlorid;8;14.12.2016 12:00;0,794222;
Natriumchlorid;7;14.12.2016 12:00;0,729719;
Natriumchlorid;3;14.12.2016 12:00;0,383286;
Natriumchlorid;2;14.12.2016 12:00;0,325353;
Natriumchlorid;1;14.12.2016 12:00;0,315261;
Natriumchlorid;9;14.12.2016 12:00;0,174266;
Arsen;4;14.12.2016 12:00;2,03945;
Arsen;5;14.12.2016 12:00;1,36099;
Arsen;8;14.12.2016 12:00;0,678494;
Arsen;3;14.12.2016 12:00;0,649573;
Arsen;6;14.12.2016 12:00;0,461809;
Arsen;9;14.12.2016 12:00;0,299575;
Arsen;7;14.12.2016 12:00;0,185886;
Arsen;1;14.12.2016 12:00;0,121675;
Arsen;2;14.12.2016 12:00;0,0603589;
Benzol;3;14.12.2016 12:00;2,75864;
Benzol;4;14.12.2016 12:00;1,87702;
Benzol;9;14.12.2016 12:00;0,96891;
Benzol;8;14.12.2016 12:00;0,440722;
Benzol;5;14.12.2016 12:00;0,422256;
Benzol;7;14.12.2016 12:00;0,318176;
Benzol;1;14.12.2016 12:00;0,2675;
Benzol;6;14.12.2016 12:00;0,161331;
Benzol;2;14.12.2016 12:00;0,127253;
Anilin;4;14.12.2016 12:00;2,32091;
Anilin;3;14.12.2016 12:00;1,56357;
Anilin;7;14.12.2016 12:00;0,791752;
Anilin;8;14.12.2016 12:00;0,276831;
Anilin;5;14.12.2016 12:00;0,212673;
Anilin;9;14.12.2016 12:00;0,201573;
Anilin;1;14.12.2016 12:00;0,119605;
Anilin;2;14.12.2016 12:00;0,00420157;
Natriumchlorid;6;14.12.2016 13:00;21,8822;
Natriumchlorid;6;14.12.2016 13:00;2,89297;
Natriumchlorid;4;14.12.2016 13:00;1,8278;
Natriumchlorid;3;14.12.2016 13:00;1,47531;
Natriumchlorid;7;14.12.2016 13:00;1,09538;
Natriumchlorid;5;14.12.2016 13:00;0,909713;
Natriumchlorid;9;14.12.2016 13:00;0,723753;
Natriumchlorid;1;14.12.2016 13:00;0,335643;
Natriumchlorid;8;14.12.2016 13:00;0,255208;
Natriumchlorid;2;14.12.2016 13:00;0,194522;
Arsen;4;14.12.2016 13:00;1,65445;
Arsen;9;14.12.2016 13:00;0,613249;
Arsen;6;14.12.2016 13:00;0,495292;
Arsen;7;14.12.2016 13:00;0,302351;
Arsen;1;14.12.2016 13:00;0,298164;
Arsen;2;14.12.2016 13:00;0,231443;
Arsen;3;14.12.2016 13:00;0,215969;
Arsen;5;14.12.2016 13:00;0,191507;
Arsen;8;14.12.2016 13:00;0,120413;
Benzol;3;14.12.2016 13:00;2,35728;
Benzol;4;14.12.2016 13:00;2,07021;
Benzol;9;14.12.2016 13:00;0,818887;
Benzol;2;14.12.2016 13:00;0,744304;
Benzol;5;14.12.2016 13:00;0,715925;
Benzol;8;14.12.2016 13:00;0,609518;
Benzol;6;14.12.2016 13:00;0,495138;
Benzol;7;14.12.2016 13:00;0,285413;
Benzol;1;14.12.2016 13:00;0,22013;
Anilin;4;14.12.2016 13:00;1,98824;
Anilin;3;14.12.2016 13:00;1,81113;
Anilin;5;14.12.2016 13:00;0,789202;
Anilin;8;14.12.2016 13:00;0,702678;
Anilin;2;14.12.2016 13:00;0,635732;
Anilin;7;14.12.2016 13:00;0,549745;
Anilin;1;14.12.2016 13:00;0,0877132;
Anilin;9;14.12.2016 13:00;0,0215543;
Natriumchlorid;4;14.12.2016 14:00;1,72505;
Natriumchlorid;7;14.12.2016 14:00;0,927038;
Natriumchlorid;5;14.12.2016 14:00;0,535839;
Natriumchlorid;6;14.12.2016 14:00;0,505655;
Natriumchlorid;8;14.12.2016 14:00;0,283456;
Natriumchlorid;3;14.12.2016 14:00;0,282046;
Natriumchlorid;2;14.12.2016 14:00;0,240875;
Natriumchlorid;9;14.12.2016 14:00;0,224861;
Natriumchlorid;1;14.12.2016 14:00;0,179562;
Arsen;4;14.12.2016 14:00;2,3437;
Arsen;3;14.12.2016 14:00;1,7198;
Arsen;5;14.12.2016 14:00;1,48168;
Arsen;2;14.12.2016 14:00;0,833608;
Arsen;8;14.12.2016 14:00;0,784992;
Arsen;6;14.12.2016 14:00;0,65495;
Arsen;1;14.12.2016 14:00;0,119485;
Arsen;9;14.12.2016 14:00;0,0606712;
Arsen;7;14.12.2016 14:00;0,0111482;
Benzol;4;14.12.2016 14:00;2,28777;
Benzol;3;14.12.2016 14:00;1,8962;
Benzol;9;14.12.2016 14:00;0,614762;
Benzol;7;14.12.2016 14:00;0,580087;
Benzol;5;14.12.2016 14:00;0,349722;
Benzol;8;14.12.2016 14:00;0,344638;
Benzol;6;14.12.2016 14:00;0,167786;
Benzol;1;14.12.2016 14:00;0,135779;
Benzol;2;14.12.2016 14:00;0,082114;
Anilin;4;14.12.2016 14:00;2,1603;
Anilin;5;14.12.2016 14:00;1,20944;
Anilin;3;14.12.2016 14:00;0,998127;
Anilin;8;14.12.2016 14:00;0,811395;
Anilin;9;14.12.2016 14:00;0,595194;
Anilin;7;14.12.2016 14:00;0,468604;
Anilin;6;14.12.2016 14:00;0,395632;
Anilin;2;14.12.2016 14:00;0,313897;
Anilin;1;14.12.2016 14:00;0,222561;
Natriumchlorid;7;14.12.2016 15:00;2,02923;
Natriumchlorid;4;14.12.2016 15:00;1,50763;
Natriumchlorid;3;14.12.2016 15:00;1,25114;
Natriumchlorid;5;14.12.2016 15:00;1,01514;
Natriumchlorid;9;14.12.2016 15:00;0,534397;
Natriumchlorid;1;14.12.2016 15:00;0,37472;
Natriumchlorid;6;14.12.2016 15:00;0,292246;
Natriumchlorid;8;14.12.2016 15:00;0,0868907;
Natriumchlorid;2;14.12.2016 15:00;0,0237266;
Arsen;4;14.12.2016 15:00;1,88216;
Arsen;5;14.12.2016 15:00;1,65473;
Arsen;3;14.12.2016 15:00;1,16547;
Arsen;9;14.12.2016 15:00;1,02076;
Arsen;7;14.12.2016 15:00;0,66627;
Arsen;6;14.12.2016 15:00;0,432246;
Arsen;1;14.12.2016 15:00;0,310025;
Arsen;8;14.12.2016 15:00;0,279235;
Arsen;2;14.12.2016 15:00;0,00318898;
Benzol;4;14.12.2016 15:00;1,67835;
Benzol;6;14.12.2016 15:00;0,89315;
Benzol;5;14.12.2016 15:00;0,658298;
Benzol;3;14.12.2016 15:00;0,380438;
Benzol;8;14.12.2016 15:00;0,350872;
Benzol;9;14.12.2016 15:00;0,335466;
Benzol;7;14.12.2016 15:00;0,196846;
Benzol;2;14.12.2016 15:00;0,141267;
Benzol;1;14.12.2016 15:00;0,133762;
Anilin;4;14.12.2016 15:00;1,80586;
Anilin;8;14.12.2016 15:00;0,978284;
Anilin;5;14.12.2016 15:00;0,812185;
Anilin;9;14.12.2016 15:00;0,763189;
Anilin;3;14.12.2016 15:00;0,649757;
Anilin;2;14.12.2016 15:00;0,609686;
Anilin;6;14.12.2016 15:00;0,486269;
Anilin;7;14.12.2016 15:00;0,374239;
Anilin;1;14.12.2016 15:00;0,195172;
Natriumchlorid;3;14.12.2016 16:00;5,14258;
Natriumchlorid;4;14.12.2016 16:00;1,90455;
Natriumchlorid;8;14.12.2016 16:00;1,33131;
Natriumchlorid;2;14.12.2016 16:00;0,883172;
Natriumchlorid;7;14.12.2016 16:00;0,649034;
Natriumchlorid;1;14.12.2016 16:00;0,3352;
Natriumchlorid;6;14.12.2016 16:00;0,267765;
Natriumchlorid;9;14.12.2016 16:00;0,17141;
Natriumchlorid;5;14.12.2016 16:00;0,144439;
Arsen;4;14.12.2016 16:00;2,20006;
Arsen;5;14.12.2016 16:00;1,34021;
Arsen;3;14.12.2016 16:00;1,06569;
Arsen;2;14.12.2016 16:00;0,744696;
Arsen;6;14.12.2016 16:00;0,499859;
Arsen;1;14.12.2016 16:00;0,375191;
Arsen;9;14.12.2016 16:00;0,361267;
Arsen;7;14.12.2016 16:00;0,328627;
Arsen;8;14.12.2016 16:00;0,0787819;
Benzol;4;14.12.2016 16:00;1,85519;
Benzol;3;14.12.2016 16:00;0,720807;
Benzol;5;14.12.2016 16:00;0,611291;
Benzol;9;14.12.2016 16:00;0,328003;
Benzol;6;14.12.2016 16:00;0,237653;
Benzol;2;14.12.2016 16:00;0,23;
Benzol;1;14.12.2016 16:00;0,20622;
Benzol;7;14.12.2016 16:00;0,0434047;
Benzol;8;14.12.2016 16:00;0,0222523;
Anilin;3;14.12.2016 16:00;2,14848;
Anilin;4;14.12.2016 16:00;1,79515;
Anilin;2;14.12.2016 16:00;0,947179;
Anilin;7;14.12.2016 16:00;0,840645;
Anilin;5;14.12.2016 16:00;0,68904;
Anilin;9;14.12.2016 16:00;0,44658;
Anilin;6;14.12.2016 16:00;0,347483;
Anilin;8;14.12.2016 16:00;0,213452;
Anilin;1;14.12.2016 16:00;0,0950537;
Natriumchlorid;3;14.12.2016 17:00;2,60587;
Natriumchlorid;4;14.12.2016 17:00;1,69174;
Natriumchlorid;7;14.12.2016 17:00;0,908268;
Natriumchlorid;5;14.12.2016 17:00;0,864995;
Natriumchlorid;1;14.12.2016 17:00;0,607203;
Natriumchlorid;2;14.12.2016 17:00;0,581944;
Natriumchlorid;8;14.12.2016 17:00;0,462013;
Natriumchlorid;6;14.12.2016 17:00;0,370201;
Natriumchlorid;9;14.12.2016 17:00;0,305588;
Arsen;4;14.12.2016 17:00;2,22123;
Arsen;3;14.12.2016 17:00;1,73684;
Arsen;8;14.12.2016 17:00;1,00601;
Arsen;5;14.12.2016 17:00;0,771349;
Arsen;9;14.12.2016 17:00;0,601534;
Arsen;6;14.12.2016 17:00;0,400069;
Arsen;2;14.12.2016 17:00;0,313296;
Arsen;7;14.12.2016 17:00;0,188893;
Arsen;1;14.12.2016 17:00;0,0721123;
Benzol;3;14.12.2016 17:00;2,43812;
Benzol;4;14.12.2016 17:00;1,48082;
Benzol;7;14.12.2016 17:00;1,28292;
Benzol;5;14.12.2016 17:00;0,551704;
Benzol;8;14.12.2016 17:00;0,468928;
Benzol;1;14.12.2016 17:00;0,261569;
Benzol;2;14.12.2016 17:00;0,253478;
Benzol;6;14.12.2016 17:00;0,227132;
Benzol;9;14.12.2016 17:00;0,125069;
Anilin;4;14.12.2016 17:00;2,2363;
Anilin;3;14.12.2016 17:00;1,06135;
Anilin;7;14.12.2016 17:00;0,84753;
Anilin;8;14.12.2016 17:00;0,70032;
Anilin;6;14.12.2016 17:00;0,478094;
Anilin;5;14.12.2016 17:00;0,358028;
Anilin;1;14.12.2016 17:00;0,317708;
Anilin;2;14.12.2016 17:00;0,145348;
Anilin;9;14.12.2016 17:00;0,0968236;
Natriumchlorid;6;14.12.2016 18:00;25,40451;
Natriumchlorid;6;14.12.2016 18:00;3,03736;
Natriumchlorid;4;14.12.2016 18:00;1,99715;
Natriumchlorid;3;14.12.2016 18:00;1,59316;
Natriumchlorid;1;14.12.2016 18:00;0,630617;
Natriumchlorid;9;14.12.2016 18:00;0,513395;
Natriumchlorid;7;14.12.2016 18:00;0,459364;
Natriumchlorid;5;14.12.2016 18:00;0,440295;
Natriumchlorid;2;14.12.2016 18:00;0,366545;
Natriumchlorid;8;14.12.2016 18:00;0,12096;
Arsen;4;14.12.2016 18:00;2,09232;
Arsen;7;14.12.2016 18:00;1,50018;
Arsen;8;14.12.2016 18:00;0,873308;
Arsen;3;14.12.2016 18:00;0,716732;
Arsen;2;14.12.2016 18:00;0,667808;
Arsen;6;14.12.2016 18:00;0,491674;
Arsen;5;14.12.2016 18:00;0,374402;
Arsen;1;14.12.2016 18:00;0,296717;
Arsen;9;14.12.2016 18:00;0,0893791;
Benzol;4;14.12.2016 18:00;2,3901;
Benzol;9;14.12.2016 18:00;1,01415;
Benzol;3;14.12.2016 18:00;0,617543;
Benzol;6;14.12.2016 18:00;0,524824;
Benzol;8;14.12.2016 18:00;0,324603;
Benzol;2;14.12.2016 18:00;0,199005;
Benzol;1;14.12.2016 18:00;0,109681;
Benzol;7;14.12.2016 18:00;0,06564;
Benzol;5;14.12.2016 18:00;0,00244041;
Anilin;4;14.12.2016 18:00;2,15327;
Anilin;9;14.12.2016 18:00;0,95746;
Anilin;7;14.12.2016 18:00;0,891916;
Anilin;2;14.12.2016 18:00;0,434217;
Anilin;5;14.12.2016 18:00;0,400209;
Anilin;3;14.12.2016 18:00;0,223725;
Anilin;8;14.12.2016 18:00;0,0783997;
Anilin;1;14.12.2016 18:00;0,00405391;
Natriumchlorid;6;14.12.2016 19:00;40,2833;
Natriumchlorid;6;14.12.2016 19:00;4,5474;
Natriumchlorid;4;14.12.2016 19:00;1,41253;
Natriumchlorid;9;14.12.2016 19:00;0,704847;
Natriumchlorid;5;14.12.2016 19:00;0,488186;
Natriumchlorid;8;14.12.2016 19:00;0,371534;
Natriumchlorid;3;14.12.2016 19:00;0,368291;
Natriumchlorid;2;14.12.2016 19:00;0,31046;
Natriumchlorid;1;14.12.2016 19:00;0,290147;
Natriumchlorid;7;14.12.2016 19:00;0,130898;
Arsen;4;14.12.2016 19:00;2,13359;
Arsen;3;14.12.2016 19:00;0,746343;
Arsen;6;14.12.2016 19:00;0,571737;
Arsen;8;14.12.2016 19:00;0,344916;
Arsen;7;14.12.2016 19:00;0,303917;
Arsen;1;14.12.2016 19:00;0,291453;
Arsen;2;14.12.2016 19:00;0,0815706;
Arsen;5;14.12.2016 19:00;0,0374778;
Arsen;9;14.12.2016 19:00;0,0147876;
Benzol;4;14.12.2016 19:00;1,94739;
Benzol;8;14.12.2016 19:00;0,991655;
Benzol;3;14.12.2016 19:00;0,991412;
Benzol;7;14.12.2016 19:00;0,986845;
Benzol;2;14.12.2016 19:00;0,84507;
Benzol;9;14.12.2016 19:00;0,665472;
Benzol;6;14.12.2016 19:00;0,295995;
Benzol;1;14.12.2016 19:00;0,250872;
Benzol;5;14.12.2016 19:00;0,0862665;
Anilin;4;14.12.2016 19:00;1,9966;
Anilin;3;14.12.2016 19:00;0,759059;
Anilin;1;14.12.2016 19:00;0,514963;
Anilin;7;14.12.2016 19:00;0,454464;
Anilin;9;14.12.2016 19:00;0,396194;
Anilin;2;14.12.2016 19:00;0,187437;
Anilin;5;14.12.2016 19:00;0,157131;
Anilin;8;14.12.2016 19:00;0,0189417;
Natriumchlorid;4;14.12.2016 20:00;2,28707;
Natriumchlorid;2;14.12.2016 20:00;1,43167;
Natriumchlorid;9;14.12.2016 20:00;0,996742;
Natriumchlorid;5;14.12.2016 20:00;0,638629;
Natriumchlorid;6;14.12.2016 20:00;0,356851;
Natriumchlorid;3;14.12.2016 20:00;0,341939;
Natriumchlorid;7;14.12.2016 20:00;0,229381;
Natriumchlorid;1;14.12.2016 20:00;0,123126;
Natriumchlorid;8;14.12.2016 20:00;0,0635294;
Arsen;4;14.12.2016 20:00;1,88211;
Arsen;5;14.12.2016 20:00;1,54765;
Arsen;1;14.12.2016 20:00;0,703009;
Arsen;6;14.12.2016 20:00;0,633995;
Arsen;7;14.12.2016 20:00;0,622689;
Arsen;3;14.12.2016 20:00;0,562444;
Arsen;9;14.12.2016 20:00;0,439642;
Arsen;8;14.12.2016 20:00;0,368465;
Arsen;2;14.12.2016 20:00;0,334581;
Benzol;4;14.12.2016 20:00;2,08487;
Benzol;3;14.12.2016 20:00;1,93343;
Benzol;7;14.12.2016 20:00;1,27487;
Benzol;9;14.12.2016 20:00;1,08831;
Benzol;5;14.12.2016 20:00;1,05375;
Benzol;8;14.12.2016 20:00;0,558834;
Benzol;6;14.12.2016 20:00;0,189624;
Benzol;1;14.12.2016 20:00;0,175575;
Benzol;2;14.12.2016 20:00;0,0462195;
Anilin;4;14.12.2016 20:00;2,18415;
Anilin;5;14.12.2016 20:00;1,07808;
Anilin;3;14.12.2016 20:00;0,860353;
Anilin;6;14.12.2016 20:00;0,427774;
Anilin;8;14.12.2016 20:00;0,331072;
Anilin;9;14.12.2016 20:00;0,260091;
Anilin;1;14.12.2016 20:00;0,169303;
Anilin;7;14.12.2016 20:00;0,123653;
Anilin;2;14.12.2016 20:00;0,100563;
Natriumchlorid;4;14.12.2016 21:00;2,07047;
Natriumchlorid;5;14.12.2016 21:00;1,10768;
Natriumchlorid;7;14.12.2016 21:00;0,989428;
Natriumchlorid;3;14.12.2016 21:00;0,671648;
Natriumchlorid;8;14.12.2016 21:00;0,498933;
Natriumchlorid;6;14.12.2016 21:00;0,459518;
Natriumchlorid;9;14.12.2016 21:00;0,182809;
Natriumchlorid;1;14.12.2016 21:00;0,107765;
Natriumchlorid;2;14.12.2016 21:00;0,0530502;
Arsen;3;14.12.2016 21:00;5,15125;
Arsen;4;14.12.2016 21:00;2,10181;
Arsen;2;14.12.2016 21:00;0,589099;
Arsen;8;14.12.2016 21:00;0,502913;
Arsen;1;14.12.2016 21:00;0,414219;
Arsen;7;14.12.2016 21:00;0,338013;
Arsen;6;14.12.2016 21:00;0,296905;
Arsen;5;14.12.2016 21:00;0,243257;
Arsen;9;14.12.2016 21:00;0,126824;
Benzol;4;14.12.2016 21:00;1,93145;
Benzol;5;14.12.2016 21:00;1,67347;
Benzol;9;14.12.2016 21:00;1,23964;
Benzol;7;14.12.2016 21:00;0,764552;
Benzol;6;14.12.2016 21:00;0,685027;
Benzol;8;14.12.2016 21:00;0,498081;
Benzol;3;14.12.2016 21:00;0,358113;
Benzol;1;14.12.2016 21:00;0,202804;
Benzol;2;14.12.2016 21:00;0,0391777;
Anilin;3;14.12.2016 21:00;2,3527;
Anilin;4;14.12.2016 21:00;1,98152;
Anilin;6;14.12.2016 21:00;0,477781;
Anilin;8;14.12.2016 21:00;0,450917;
Anilin;5;14.12.2016 21:00;0,433198;
Anilin;1;14.12.2016 21:00;0,325233;
Anilin;7;14.12.2016 21:00;0,252742;
Anilin;9;14.12.2016 21:00;0,120295;
Anilin;2;14.12.2016 21:00;0,118926;
Natriumchlorid;4;14.12.2016 22:00;1,8334;
Natriumchlorid;3;14.12.2016 22:00;1,10367;
Natriumchlorid;1;14.12.2016 22:00;0,498597;
Natriumchlorid;8;14.12.2016 22:00;0,388569;
Natriumchlorid;6;14.12.2016 22:00;0,314688;
Natriumchlorid;2;14.12.2016 22:00;0,285201;
Natriumchlorid;9;14.12.2016 22:00;0,220084;
Natriumchlorid;5;14.12.2016 22:00;0,211287;
Natriumchlorid;7;14.12.2016 22:00;0,0109077;
Arsen;4;14.12.2016 22:00;1,67846;
Arsen;9;14.12.2016 22:00;1,26555;
Arsen;3;14.12.2016 22:00;1,26351;
Arsen;8;14.12.2016 22:00;0,96387;
Arsen;2;14.12.2016 22:00;0,781171;
Arsen;1;14.12.2016 22:00;0,648013;
Arsen;5;14.12.2016 22:00;0,550754;
Arsen;6;14.12.2016 22:00;0,284179;
Arsen;7;14.12.2016 22:00;0,136267;
Benzol;4;14.12.2016 22:00;1,82449;
Benzol;3;14.12.2016 22:00;1,54783;
Benzol;9;14.12.2016 22:00;0,640684;
Benzol;2;14.12.2016 22:00;0,614995;
Benzol;5;14.12.2016 22:00;0,415407;
Benzol;8;14.12.2016 22:00;0,354354;
Benzol;7;14.12.2016 22:00;0,259329;
Benzol;6;14.12.2016 22:00;0,185835;
Benzol;1;14.12.2016 22:00;0,156538;
Anilin;4;14.12.2016 22:00;2,52615;
Anilin;7;14.12.2016 22:00;1,48929;
Anilin;5;14.12.2016 22:00;1,22485;
Anilin;9;14.12.2016 22:00;0,822202;
Anilin;3;14.12.2016 22:00;0,721283;
Anilin;6;14.12.2016 22:00;0,641468;
Anilin;8;14.12.2016 22:00;0,420779;
Anilin;1;14.12.2016 22:00;0,060187;
Anilin;2;14.12.2016 22:00;0,0412986;
Natriumchlorid;4;14.12.2016 23:00;1,84652;
Natriumchlorid;9;14.12.2016 23:00;1,58544;
Natriumchlorid;3;14.12.2016 23:00;1,46708;
Natriumchlorid;5;14.12.2016 23:00;1,00953;
Natriumchlorid;6;14.12.2016 23:00;0,646916;
Natriumchlorid;7;14.12.2016 23:00;0,141908;
Natriumchlorid;2;14.12.2016 23:00;0,127895;
Natriumchlorid;8;14.12.2016 23:00;0,115548;
Natriumchlorid;1;14.12.2016 23:00;0,0839253;
Arsen;4;14.12.2016 23:00;1,93663;
Arsen;3;14.12.2016 23:00;0,922717;
Arsen;5;14.12.2016 23:00;0,49654;
Arsen;8;14.12.2016 23:00;0,490437;
Arsen;2;14.12.2016 23:00;0,356089;
Arsen;1;14.12.2016 23:00;0,226863;
Arsen;7;14.12.2016 23:00;0,224353;
Arsen;9;14.12.2016 23:00;0,0853101;
Arsen;6;14.12.2016 23:00;0,0812682;
Benzol;4;14.12.2016 23:00;1,91376;
Benzol;8;14.12.2016 23:00;0,689081;
Benzol;3;14.12.2016 23:00;0,680493;
Benzol;5;14.12.2016 23:00;0,451179;
Benzol;9;14.12.2016 23:00;0,427807;
Benzol;7;14.12.2016 23:00;0,345589;
Benzol;6;14.12.2016 23:00;0,249901;
Benzol;2;14.12.2016 23:00;0,230829;
Benzol;1;14.12.2016 23:00;0,0283515;
Anilin;9;14.12.2016 23:00;12,84821;
Anilin;4;14.12.2016 23:00;1,95045;
Anilin;3;14.12.2016 23:00;0,906487;
Anilin;2;14.12.2016 23:00;0,627786;
Anilin;5;14.12.2016 23:00;0,499385;
Anilin;6;14.12.2016 23:00;0,386886;
Anilin;7;14.12.2016 23:00;0,343857;
Anilin;8;14.12.2016 23:00;0,220787;
Anilin;1;14.12.2016 23:00;0,208486;
Natriumchlorid;4;15.12.2016 00:00;2,28519;
Natriumchlorid;9;15.12.2016 00:00;0,943071;
Natriumchlorid;7;15.12.2016 00:00;0,756895;
Natriumchlorid;8;15.12.2016 00:00;0,593778;
Natriumchlorid;6;15.12.2016 00:00;0,506641;
Natriumchlorid;2;15.12.2016 00:00;0,358238;
Natriumchlorid;3;15.12.2016 00:00;0,309496;
Natriumchlorid;1;15.12.2016 00:00;0,164992;
Natriumchlorid;5;15.12.2016 00:00;0,118822;
Arsen;4;15.12.2016 00:00;2,02117;
Arsen;8;15.12.2016 00:00;0,798924;
Arsen;3;15.12.2016 00:00;0,628563;
Arsen;7;15.12.2016 00:00;0,447443;
Arsen;6;15.12.2016 00:00;0,432122;
Arsen;1;15.12.2016 00:00;0,301039;
Arsen;5;15.12.2016 00:00;0,239647;
Arsen;2;15.12.2016 00:00;0,13191;
Arsen;9;15.12.2016 00:00;0,0650519;
Benzol;4;15.12.2016 00:00;2,11209;
Benzol;7;15.12.2016 00:00;1,87554;
Benzol;6;15.12.2016 00:00;0,374511;
Benzol;3;15.12.2016 00:00;0,367596;
Benzol;9;15.12.2016 00:00;0,318804;
Benzol;2;15.12.2016 00:00;0,303229;
Benzol;1;15.12.2016 00:00;0,189798;
Benzol;8;15.12.2016 00:00;0,151339;
Benzol;5;15.12.2016 00:00;0,0456855;
Anilin;5;15.12.2016 00:00;2,01183;
Anilin;4;15.12.2016 00:00;1,77658;
Anilin;7;15.12.2016 00:00;0,846528;
Anilin;2;15.12.2016 00:00;0,436461;
Anilin;6;15.12.2016 00:00;0,425829;
Anilin;9;15.12.2016 00:00;0,320741;
Anilin;8;15.12.2016 00:00;0,217909;
Anilin;3;15.12.2016 00:00;0,207016;
Anilin;1;15.12.2016 00:00;0,0158549;
Natriumchlorid;4;15.12.2016 01:00;1,92463;
Natriumchlorid;3;15.12.2016 01:00;1,20866;
Natriumchlorid;5;15.12.2016 01:00;0,949619;
Natriumchlorid;8;15.12.2016 01:00;0,941078;
Natriumchlorid;6;15.12.2016 01:00;0,832185;
Natriumchlorid;2;15.12.2016 01:00;0,657004;
Natriumchlorid;7;15.12.2016 01:00;0,463413;
Natriumchlorid;9;15.12.2016 01:00;0,223373;
Natriumchlorid;1;15.12.2016 01:00;0,132775;
Arsen;4;15.12.2016 01:00;2,04569;
Arsen;5;15.12.2016 01:00;1,15172;
Arsen;3;15.12.2016 01:00;1,12856;
Arsen;6;15.12.2016 01:00;0,682143;
Arsen;1;15.12.2016 01:00;0,333112;
Arsen;9;15.12.2016 01:00;0,290494;
Arsen;8;15.12.2016 01:00;0,212652;
Arsen;2;15.12.2016 01:00;0,159591;
Arsen;7;15.12.2016 01:00;0,106407;
Benzol;4;15.12.2016 01:00;1,84419;
Benzol;5;15.12.2016 01:00;1,07417;
Benzol;3;15.12.2016 01:00;1,00993;
Benzol;8;15.12.2016 01:00;0,818681;
Benzol;9;15.12.2016 01:00;0,602492;
Benzol;6;15.12.2016 01:00;0,420314;
Benzol;1;15.12.2016 01:00;0,401257;
Benzol;2;15.12.2016 01:00;0,253756;
Benzol;7;15.12.2016 01:00;0,199828;
Anilin;9;15.12.2016 01:00;1,60043;
Anilin;4;15.12.2016 01:00;1,50834;
Anilin;5;15.12.2016 01:00;1,37472;
Anilin;3;15.12.2016 01:00;0,539746;
Anilin;6;15.12.2016 01:00;0,394147;
Anilin;7;15.12.2016 01:00;0,302562;
Anilin;8;15.12.2016 01:00;0,202671;
Anilin;1;15.12.2016 01:00;0,0613906;
Anilin;2;15.12.2016 01:00;0,0570532;
Natriumchlorid;4;15.12.2016 02:00;1,749;
Natriumchlorid;3;15.12.2016 02:00;1,50028;
Natriumchlorid;5;15.12.2016 02:00;1,15753;
Natriumchlorid;2;15.12.2016 02:00;0,514703;
Natriumchlorid;6;15.12.2016 02:00;0,375189;
Natriumchlorid;9;15.12.2016 02:00;0,329634;
Natriumchlorid;7;15.12.2016 02:00;0,269007;
Natriumchlorid;1;15.12.2016 02:00;0,205088;
Natriumchlorid;8;15.12.2016 02:00;0,180021;
Arsen;4;15.12.2016 02:00;1,92918;
Arsen;3;15.12.2016 02:00;1,24167;
Arsen;6;15.12.2016 02:00;0,76955;
Arsen;5;15.12.2016 02:00;0,45422;
Arsen;1;15.12.2016 02:00;0,42579;
Arsen;9;15.12.2016 02:00;0,316742;
Arsen;2;15.12.2016 02:00;0,197353;
Arsen;7;15.12.2016 02:00;0,15705;
Arsen;8;15.12.2016 02:00;0,155499;
Benzol;5;15.12.2016 02:00;2,91077;
Benzol;4;15.12.2016 02:00;1,62914;
Benzol;2;15.12.2016 02:00;0,53449;
Benzol;3;15.12.2016 02:00;0,460165;
Benzol;9;15.12.2016 02:00;0,293391;
Benzol;6;15.12.2016 02:00;0,258247;
Benzol;7;15.12.2016 02:00;0,252588;
Benzol;8;15.12.2016 02:00;0,093832;
Benzol;1;15.12.2016 02:00;0,0455454;
Anilin;3;15.12.2016 02:00;2,20379;
Anilin;4;15.12.2016 02:00;1,76641;
Anilin;5;15.12.2016 02:00;0,325439;
Anilin;6;15.12.2016 02:00;0,324327;
Anilin;1;15.12.2016 02:00;0,217026;
Anilin;2;15.12.2016 02:00;0,157032;
Anilin;9;15.12.2016 02:00;0,0283005;
Anilin;8;15.12.2016 02:00;0,00322448;
Anilin;7;15.12.2016 02:00;0,00120994;
Natriumchlorid;4;15.12.2016 03:00;1,86651;
Natriumchlorid;7;15.12.2016 03:00;1,77531;
Natriumchlorid;9;15.12.2016 03:00;1,49767;
Natriumchlorid;5;15.12.2016 03:00;1,17018;
Natriumchlorid;3;15.12.2016 03:00;0,61952;
Natriumchlorid;6;15.12.2016 03:00;0,42033;
Natriumchlorid;2;15.12.2016 03:00;0,341659;
Natriumchlorid;1;15.12.2016 03:00;0,186719;
Natriumchlorid;8;15.12.2016 03:00;0,00577561;
Arsen;4;15.12.2016 03:00;2,27361;
Arsen;3;15.12.2016 03:00;1,79954;
Arsen;7;15.12.2016 03:00;1,02488;
Arsen;5;15.12.2016 03:00;0,826001;
Arsen;6;15.12.2016 03:00;0,743109;
Arsen;8;15.12.2016 03:00;0,65939;
Arsen;9;15.12.2016 03:00;0,505675;
Arsen;2;15.12.2016 03:00;0,172761;
Arsen;1;15.12.2016 03:00;0,0173671;
Benzol;4;15.12.2016 03:00;1,84675;
Benzol;3;15.12.2016 03:00;0,918373;
Benzol;8;15.12.2016 03:00;0,613212;
Benzol;2;15.12.2016 03:00;0,515673;
Benzol;6;15.12.2016 03:00;0,438151;
Benzol;5;15.12.2016 03:00;0,367172;
Benzol;9;15.12.2016 03:00;0,228689;
Benzol;1;15.12.2016 03:00;0,220499;
Benzol;7;15.12.2016 03:00;0,0137724;
Anilin;5;15.12.2016 03:00;10,96044;
Anilin;4;15.12.2016 03:00;2,17634;
Anilin;3;15.12.2016 03:00;1,70081;
Anilin;8;15.12.2016 03:00;0,680094;
Anilin;2;15.12.2016 03:00;0,44694;
Anilin;9;15.12.2016 03:00;0,340415;
Anilin;6;15.12.2016 03:00;0,225414;
Anilin;7;15.12.2016 03:00;0,188927;
Anilin;1;15.12.2016 03:00;0,116844;
Natriumchlorid;9;15.12.2016 04:00;2,59719;
Natriumchlorid;4;15.12.2016 04:00;1,78935;
Natriumchlorid;8;15.12.2016 04:00;1,16546;
Natriumchlorid;3;15.12.2016 04:00;0,583886;
Natriumchlorid;5;15.12.2016 04:00;0,574164;
Natriumchlorid;2;15.12.2016 04:00;0,475732;
Natriumchlorid;7;15.12.2016 04:00;0,473816;
Natriumchlorid;1;15.12.2016 04:00;0,349917;
Natriumchlorid;6;15.12.2016 04:00;0,232364;
Arsen;4;15.12.2016 04:00;2,05802;
Arsen;5;15.12.2016 04:00;0,636425;
Arsen;7;15.12.2016 04:00;0,594408;
Arsen;2;15.12.2016 04:00;0,410584;
Arsen;6;15.12.2016 04:00;0,285136;
Arsen;9;15.12.2016 04:00;0,256833;
Arsen;3;15.12.2016 04:00;0,254184;
Arsen;8;15.12.2016 04:00;0,109692;
Arsen;1;15.12.2016 04:00;0,0660991;
Benzol;5;15.12.2016 04:00;2,20353;
Benzol;4;15.12.2016 04:00;1,80637;
Benzol;3;15.12.2016 04:00;0,961821;
Benzol;9;15.12.2016 04:00;0,687807;
Benzol;7;15.12.2016 04:00;0,617897;
Benzol;2;15.12.2016 04:00;0,304495;
Benzol;6;15.12.2016 04:00;0,202341;
Benzol;1;15.12.2016 04:00;0,174865;
Benzol;8;15.12.2016 04:00;0,0199522;
Anilin;4;15.12.2016 04:00;1,91569;
Anilin;3;15.12.2016 04:00;1,28628;
Anilin;5;15.12.2016 04:00;0,987659;
Anilin;8;15.12.2016 04:00;0,70521;
Anilin;9;15.12.2016 04:00;0,435534;
Anilin;6;15.12.2016 04:00;0,285064;
Anilin;7;15.12.2016 04:00;0,16587;
Anilin;1;15.12.2016 04:00;0,147578;
Anilin;2;15.12.2016 04:00;0,0293309;
Natriumchlorid;4;15.12.2016 05:00;1,94275;
Natriumchlorid;3;15.12.2016 05:00;1,7692;
Natriumchlorid;6;15.12.2016 05:00;0,538994;
Natriumchlorid;2;15.12.2016 05:00;0,476897;
Natriumchlorid;7;15.12.2016 05:00;0,383622;
Natriumchlorid;8;15.12.2016 05:00;0,350995;
Natriumchlorid;9;15.12.2016 05:00;0,334572;
Natriumchlorid;5;15.12.2016 05:00;0,0580883;
Natriumchlorid;1;15.12.2016 05:00;0,0507313;
Arsen;3;15.12.2016 05:00;3,80883;
Arsen;4;15.12.2016 05:00;2,19265;
Arsen;6;15.12.2016 05:00;0,939767;
Arsen;1;15.12.2016 05:00;0,742743;
Arsen;8;15.12.2016 05:00;0,537529;
Arsen;2;15.12.2016 05:00;0,388747;
Arsen;5;15.12.2016 05:00;0,336788;
Arsen;9;15.12.2016 05:00;0,280813;
Arsen;7;15.12.2016 05:00;0,0304364;
Benzol;4;15.12.2016 05:00;1,6033;
Benzol;3;15.12.2016 05:00;1,1961;
Benzol;8;15.12.2016 05:00;0,961812;
Benzol;5;15.12.2016 05:00;0,85385;
Benzol;1;15.12.2016 05:00;0,358736;
Benzol;9;15.12.2016 05:00;0,339943;
Benzol;2;15.12.2016 05:00;0,318494;
Benzol;6;15.12.2016 05:00;0,279148;
Benzol;7;15.12.2016 05:00;0,151664;
Anilin;4;15.12.2016 05:00;2,16168;
Anilin;3;15.12.2016 05:00;1,89382;
Anilin;5;15.12.2016 05:00;1,0684;
Anilin;9;15.12.2016 05:00;0,861125;
Anilin;2;15.12.2016 05:00;0,84117;
Anilin;7;15.12.2016 05:00;0,64224;
Anilin;8;15.12.2016 05:00;0,616748;
Anilin;1;15.12.2016 05:00;0,603386;
Anilin;6;15.12.2016 05:00;0,0378853;
Natriumchlorid;4;15.12.2016 06:00;1,5487;
Natriumchlorid;9;15.12.2016 06:00;0,744565;
Natriumchlorid;6;15.12.2016 06:00;0,654433;
Natriumchlorid;8;15.12.2016 06:00;0,376747;
Natriumchlorid;5;15.12.2016 06:00;0,246908;
Natriumchlorid;1;15.12.2016 06:00;0,126558;
Natriumchlorid;3;15.12.2016 06:00;0,12282;
Natriumchlorid;7;15.12.2016 06:00;0,122727;
Natriumchlorid;2;15.12.2016 06:00;0,0810339;
Arsen;4;15.12.2016 06:00;2,19672;
Arsen;5;15.12.2016 06:00;0,878713;
Arsen;6;15.12.2016 06:00;0,754077;
Arsen;9;15.12.2016 06:00;0,566922;
Arsen;1;15.12.2016 06:00;0,529051;
Arsen;7;15.12.2016 06:00;0,187788;
Arsen;2;15.12.2016 06:00;0,156294;
Arsen;8;15.12.2016 06:00;0,0937665;
Arsen;3;15.12.2016 06:00;0,0173876;
Benzol;4;15.12.2016 06:00;1,67839;
Benzol;9;15.12.2016 06:00;1,26533;
Benzol;5;15.12.2016 06:00;1,15809;
Benzol;8;15.12.2016 06:00;0,883253;
Benzol;7;15.12.2016 06:00;0,799102;
Benzol;1;15.12.2016 06:00;0,310079;
Benzol;2;15.12.2016 06:00;0,211915;
Benzol;6;15.12.2016 06:00;0,130446;
Benzol;3;15.12.2016 06:00;0,10834;
Anilin;4;15.12.2016 06:00;2,15299;
Anilin;3;15.12.2016 06:00;0,536383;
Anilin;6;15.12.2016 06:00;0,422484;
Anilin;8;15.12.2016 06:00;0,41737;
Anilin;2;15.12.2016 06:00;0,300606;
Anilin;5;15.12.2016 06:00;0,16624;
Anilin;7;15.12.2016 06:00;0,120409;
Anilin;9;15.12.2016 06:00;0,0464681;
Anilin;1;15.12.2016 06:00;0,0184761;
Natriumchlorid;4;15.12.2016 07:00;2,10124;
Natriumchlorid;7;15.12.2016 07:00;0,64128;
Natriumchlorid;6;15.12.2016 07:00;0,30909;
Natriumchlorid;9;15.12.2016 07:00;0,263482;
Natriumchlorid;3;15.12.2016 07:00;0,191635;
Natriumchlorid;2;15.12.2016 07:00;0,188845;
Natriumchlorid;8;15.12.2016 07:00;0,165674;
Natriumchlorid;1;15.12.2016 07:00;0,0780813;
Natriumchlorid;5;15.12.2016 07:00;0,065753;
Arsen;4;15.12.2016 07:00;1,74691;
Arsen;3;15.12.2016 07:00;1,59693;
Arsen;7;15.12.2016 07:00;1,46066;
Arsen;8;15.12.2016 07:00;0,882935;
Arsen;9;15.12.2016 07:00;0,600769;
Arsen;5;15.12.2016 07:00;0,257553;
Arsen;2;15.12.2016 07:00;0,255479;
Arsen;1;15.12.2016 07:00;0,20469;
Arsen;6;15.12.2016 07:00;0,0906226;
Benzol;3;15.12.2016 07:00;3,78273;
Benzol;4;15.12.2016 07:00;2,03336;
Benzol;5;15.12.2016 07:00;0,777854;
Benzol;9;15.12.2016 07:00;0,575812;
Benzol;2;15.12.2016 07:00;0,50032;
Benzol;7;15.12.2016 07:00;0,461526;
Benzol;1;15.12.2016 07:00;0,298164;
Benzol;6;15.12.2016 07:00;0,280906;
Benzol;8;15.12.2016 07:00;0,215393;
Anilin;4;15.12.2016 07:00;1,80297;
Anilin;8;15.12.2016 07:00;1,00843;
Anilin;6;15.12.2016 07:00;0,662364;
Anilin;1;15.12.2016 07:00;0,217349;
Anilin;3;15.12.2016 07:00;0,161038;
Anilin;2;15.12.2016 07:00;0,13986;
Anilin;7;15.12.2016 07:00;0,12944;
Anilin;5;15.12.2016 07:00;0,106315;
Anilin;9;15.12.2016 07:00;0,0165502;
Natriumchlorid;5;15.12.2016 08:00;5,41427;
Natriumchlorid;4;15.12.2016 08:00;2,04005;
Natriumchlorid;9;15.12.2016 08:00;1,87684;
Natriumchlorid;3;15.12.2016 08:00;1,34679;
Natriumchlorid;8;15.12.2016 08:00;0,665652;
Natriumchlorid;5;15.12.2016 08:00;0,553022;
Natriumchlorid;7;15.12.2016 08:00;0,240386;
Natriumchlorid;2;15.12.2016 08:00;0,147874;
Natriumchlorid;6;15.12.2016 08:00;0,0921824;
Natriumchlorid;1;15.12.2016 08:00;0,00311836;
Arsen;4;15.12.2016 08:00;1,72844;
Arsen;9;15.12.2016 08:00;0,889221;
Arsen;3;15.12.2016 08:00;0,631206;
Arsen;2;15.12.2016 08:00;0,60292;
Arsen;8;15.12.2016 08:00;0,514088;
Arsen;7;15.12.2016 08:00;0,491906;
Arsen;6;15.12.2016 08:00;0,326541;
Arsen;5;15.12.2016 08:00;0,252484;
Arsen;1;15.12.2016 08:00;0,144818;
Benzol;4;15.12.2016 08:00;1,75425;
Benzol;3;15.12.2016 08:00;1,64937;
Benzol;8;15.12.2016 08:00;0,834018;
Benzol;6;15.12.2016 08:00;0,802921;
Benzol;5;15.12.2016 08:00;0,625637;
Benzol;9;15.12.2016 08:00;0,249881;
Benzol;2;15.12.2016 08:00;0,162581;
Benzol;7;15.12.2016 08:00;0,0813144;
Benzol;1;15.12.2016 08:00;0,00313714;
Anilin;3;15.12.2016 08:00;1,87386;
Anilin;4;15.12.2016 08:00;1,52785;
Anilin;7;15.12.2016 08:00;1,22743;
Anilin;8;15.12.2016 08:00;0,830507;
Anilin;6;15.12.2016 08:00;0,502624;
Anilin;9;15.12.2016 08:00;0,335616;
Anilin;1;15.12.2016 08:00;0,245045;
Anilin;2;15.12.2016 08:00;0,130169;
Natriumchlorid;4;15.12.2016 09:00;2,00149;
Natriumchlorid;7;15.12.2016 09:00;1,15169;
Natriumchlorid;6;15.12.2016 09:00;0,998957;
Natriumchlorid;3;15.12.2016 09:00;0,69448;
Natriumchlorid;5;15.12.2016 09:00;0,55104;
Natriumchlorid;2;15.12.2016 09:00;0,497528;
Natriumchlorid;9;15.12.2016 09:00;0,37611;
Natriumchlorid;8;15.12.2016 09:00;0,178096;
Natriumchlorid;1;15.12.2016 09:00;0,13815;
Arsen;3;15.12.2016 09:00;2,56163;
Arsen;4;15.12.2016 09:00;2,43408;
Arsen;9;15.12.2016 09:00;0,806977;
Arsen;5;15.12.2016 09:00;0,792525;
Arsen;6;15.12.2016 09:00;0,457347;
Arsen;7;15.12.2016 09:00;0,245826;
Arsen;8;15.12.2016 09:00;0,131634;
Arsen;2;15.12.2016 09:00;0,10881;
Arsen;1;15.12.2016 09:00;0,0584711;
Benzol;4;15.12.2016 09:00;1,74938;
Benzol;5;15.12.2016 09:00;1,27687;
Benzol;3;15.12.2016 09:00;0,848061;
Benzol;9;15.12.2016 09:00;0,714552;
Benzol;7;15.12.2016 09:00;0,539481;
Benzol;8;15.12.2016 09:00;0,426963;
Benzol;1;15.12.2016 09:00;0,0856952;
Benzol;2;15.12.2016 09:00;0,0595784;
Benzol;6;15.12.2016 09:00;0,0189763;
Anilin;7;15.12.2016 09:00;2,69535;
Anilin;4;15.12.2016 09:00;2,15446;
Anilin;3;15.12.2016 09:00;1,68198;
Anilin;8;15.12.2016 09:00;1,09995;
Anilin;9;15.12.2016 09:00;0,745397;
Anilin;2;15.12.2016 09:00;0,281418;
Anilin;1;15.12.2016 09:00;0,133051;
Anilin;5;15.12.2016 09:00;0,112129;
Anilin;6;15.12.2016 09:00;0,0398201;
Natriumchlorid;9;15.12.2016 10:00;21,96426;
Natriumchlorid;9;15.12.2016 10:00;2,19487;
Natriumchlorid;4;15.12.2016 10:00;1,72156;
Natriumchlorid;7;15.12.2016 10:00;0,576126;
Natriumchlorid;2;15.12.2016 10:00;0,511552;
Natriumchlorid;3;15.12.2016 10:00;0,498953;
Natriumchlorid;6;15.12.2016 10:00;0,484978;
Natriumchlorid;5;15.12.2016 10:00;0,473402;
Natriumchlorid;1;15.12.2016 10:00;0,286504;
Natriumchlorid;8;15.12.2016 10:00;0,00608302;
Arsen;4;15.12.2016 10:00;1,59075;
Arsen;7;15.12.2016 10:00;0,828348;
Arsen;8;15.12.2016 10:00;0,685517;
Arsen;2;15.12.2016 10:00;0,555576;
Arsen;9;15.12.2016 10:00;0,358925;
Arsen;3;15.12.2016 10:00;0,218365;
Arsen;6;15.12.2016 10:00;0,125041;
Arsen;5;15.12.2016 10:00;0,0411086;
Arsen;1;15.12.2016 10:00;0,010072;
Benzol;4;15.12.2016 10:00;1,77666;
Benzol;3;15.12.2016 10:00;0,879866;
Benzol;8;15.12.2016 10:00;0,792486;
Benzol;6;15.12.2016 10:00;0,465527;
Benzol;7;15.12.2016 10:00;0,386387;
Benzol;1;15.12.2016 10:00;0,355901;
Benzol;9;15.12.2016 10:00;0,313752;
Benzol;5;15.12.2016 10:00;0,217167;
Benzol;2;15.12.2016 10:00;0,0216902;
Anilin;3;15.12.2016 10:00;2,33052;
Anilin;4;15.12.2016 10:00;1,75373;
Anilin;5;15.12.2016 10:00;1,52966;
Anilin;8;15.12.2016 10:00;0,741132;
Anilin;6;15.12.2016 10:00;0,678788;
Anilin;7;15.12.2016 10:00;0,273108;
Anilin;2;15.12.2016 10:00;0,100482;
Anilin;1;15.12.2016 10:00;0,0329662;
Natriumchlorid;4;15.12.2016 11:00;1,73338;
Natriumchlorid;7;15.12.2016 11:00;1,23816;
Natriumchlorid;3;15.12.2016 11:00;0,814044;
Natriumchlorid;6;15.12.2016 11:00;0,557169;
Natriumchlorid;8;15.12.2016 11:00;0,508236;
Natriumchlorid;9;15.12.2016 11:00;0,204521;
Natriumchlorid;2;15.12.2016 11:00;0,191539;
Natriumchlorid;1;15.12.2016 11:00;0,180946;
Natriumchlorid;5;15.12.2016 11:00;0,0561673;
Arsen;4;15.12.2016 11:00;1,9125;
Arsen;6;15.12.2016 11:00;0,82005;
Arsen;3;15.12.2016 11:00;0,737852;
Arsen;9;15.12.2016 11:00;0,518656;
Arsen;7;15.12.2016 11:00;0,497979;
Arsen;5;15.12.2016 11:00;0,443249;
Arsen;2;15.12.2016 11:00;0,144669;
Arsen;1;15.12.2016 11:00;0,0506501;
Arsen;8;15.12.2016 11:00;0,0481338;
Benzol;4;15.12.2016 11:00;2,11759;
Benzol;2;15.12.2016 11:00;0,747254;
Benzol;8;15.12.2016 11:00;0,56049;
Benzol;9;15.12.2016 11:00;0,511351;
Benzol;6;15.12.2016 11:00;0,398906;
Benzol;5;15.12.2016 11:00;0,310368;
Benzol;3;15.12.2016 11:00;0,29423;
Benzol;1;15.12.2016 11:00;0,190028;
Benzol;7;15.12.2016 11:00;0,114869;
Anilin;4;15.12.2016 11:00;2,16024;
Anilin;8;15.12.2016 11:00;0,913715;
Anilin;6;15.12.2016 11:00;0,468424;
Anilin;1;15.12.2016 11:00;0,414083;
Anilin;7;15.12.2016 11:00;0,337019;
Anilin;9;15.12.2016 11:00;0,315145;
Anilin;5;15.12.2016 11:00;0,181406;
Anilin;3;15.12.2016 11:00;0,155004;
Anilin;2;15.12.2016 11:00;0,0279612;
Natriumchlorid;4;15.12.2016 12:00;1,63073;
Natriumchlorid;8;15.12.2016 12:00;0,850713;
Natriumchlorid;3;15.12.2016 12:00;0,813275;
Natriumchlorid;2;15.12.2016 12:00;0,505966;
Natriumchlorid;6;15.12.2016 12:00;0,469951;
Natriumchlorid;5;15.12.2016 12:00;0,279552;
Natriumchlorid;1;15.12.2016 12:00;0,185491;
Natriumchlorid;7;15.12.2016 12:00;0,120426;
Natriumchlorid;9;15.12.2016 12:00;0,0426395;
Arsen;4;15.12.2016 12:00;1,77418;
Arsen;3;15.12.2016 12:00;1,26112;
Arsen;7;15.12.2016 12:00;1,25238;
Arsen;5;15.12.2016 12:00;0,871952;
Arsen;9;15.12.2016 12:00;0,653529;
Arsen;6;15.12.2016 12:00;0,406986;
Arsen;8;15.12.2016 12:00;0,348003;
Arsen;2;15.12.2016 12:00;0,347097;
Arsen;1;15.12.2016 12:00;0,168188;
Benzol;3;15.12.2016 12:00;4,39137;
Benzol;4;15.12.2016 12:00;1,98026;
Benzol;8;15.12.2016 12:00;1,10524;
Benzol;2;15.12.2016 12:00;0,540915;
Benzol;5;15.12.2016 12:00;0,440523;
Benzol;6;15.12.2016 12:00;0,333067;
Benzol;1;15.12.2016 12:00;0,194729;
Benzol;7;15.12.2016 12:00;0,18839;
Benzol;9;15.12.2016 12:00;0,0407355;
Anilin;3;15.12.2016 12:00;2,75712;
Anilin;4;15.12.2016 12:00;2,02505;
Anilin;9;15.12.2016 12:00;0,697614;
Anilin;5;15.12.2016 12:00;0,64617;
Anilin;1;15.12.2016 12:00;0,436962;
Anilin;6;15.12.2016 12:00;0,355425;
Anilin;8;15.12.2016 12:00;0,239078;
Anilin;2;15.12.2016 12:00;0,120416;
Anilin;7;15.12.2016 12:00;0,0138614;
Natriumchlorid;6;15.12.2016 13:00;26,04034;
Natriumchlorid;6;15.12.2016 13:00;3,07158;
Natriumchlorid;3;15.12.2016 13:00;2,69836;
Natriumchlorid;4;15.12.2016 13:00;2,0777;
Natriumchlorid;5;15.12.2016 13:00;1,98194;
Natriumchlorid;7;15.12.2016 13:00;0,180568;
Natriumchlorid;9;15.12.2016 13:00;0,160751;
Natriumchlorid;8;15.12.2016 13:00;0,133546;
Natriumchlorid;1;15.12.2016 13:00;0,124722;
Natriumchlorid;2;15.12.2016 13:00;0,10072;
Arsen;4;15.12.2016 13:00;1,67149;
Arsen;6;15.12.2016 13:00;0,676901;
Arsen;2;15.12.2016 13:00;0,523292;
Arsen;8;15.12.2016 13:00;0,492541;
Arsen;5;15.12.2016 13:00;0,423651;
Arsen;1;15.12.2016 13:00;0,246537;
Arsen;3;15.12.2016 13:00;0,123132;
Arsen;9;15.12.2016 13:00;0,0869507;
Arsen;7;15.12.2016 13:00;0,0183175;
Benzol;4;15.12.2016 13:00;2,04215;
Benzol;7;15.12.2016 13:00;1,25608;
Benzol;9;15.12.2016 13:00;0,843472;
Benzol;5;15.12.2016 13:00;0,51175;
Benzol;6;15.12.2016 13:00;0,410998;
Benzol;2;15.12.2016 13:00;0,322239;
Benzol;1;15.12.2016 13:00;0,261264;
Benzol;3;15.12.2016 13:00;0,184137;
Benzol;8;15.12.2016 13:00;0,0156048;
Anilin;4;15.12.2016 13:00;1,63024;
Anilin;8;15.12.2016 13:00;1,39895;
Anilin;9;15.12.2016 13:00;0,69972;
Anilin;5;15.12.2016 13:00;0,625769;
Anilin;2;15.12.2016 13:00;0,600326;
Anilin;7;15.12.2016 13:00;0,474462;
Anilin;3;15.12.2016 13:00;0,375249;
Anilin;1;15.12.2016 13:00;0,301648;
Natriumchlorid;6;15.12.2016 14:00;18,96457;
Natriumchlorid;6;15.12.2016 14:00;2,75256;
Natriumchlorid;4;15.12.2016 14:00;2,11995;
Natriumchlorid;3;15.12.2016 14:00;1,92968;
Natriumchlorid;2;15.12.2016 14:00;0,710113;
Natriumchlorid;5;15.12.2016 14:00;0,279552;
Natriumchlorid;8;15.12.2016 14:00;0,238813;
Natriumchlorid;9;15.12.2016 14:00;0,151317;
Natriumchlorid;1;15.12.2016 14:00;0,105838;
Natriumchlorid;7;15.12.2016 14:00;0,0675524;
Arsen;3;15.12.2016 14:00;2,91852;
Arsen;4;15.12.2016 14:00;1,84729;
Arsen;5;15.12.2016 14:00;1,29474;
Arsen;9;15.12.2016 14:00;0,921368;
Arsen;8;15.12.2016 14:00;0,789526;
Arsen;7;15.12.2016 14:00;0,430927;
Arsen;6;15.12.2016 14:00;0,338207;
Arsen;1;15.12.2016 14:00;0,166886;
Arsen;2;15.12.2016 14:00;0,0383482;
Benzol;4;15.12.2016 14:00;2,23356;
Benzol;3;15.12.2016 14:00;0,944647;
Benzol;6;15.12.2016 14:00;0,472902;
Benzol;9;15.12.2016 14:00;0,368488;
Benzol;5;15.12.2016 14:00;0,334529;
Benzol;1;15.12.2016 14:00;0,163321;
Benzol;7;15.12.2016 14:00;0,162682;
Benzol;8;15.12.2016 14:00;0,0358938;
Benzol;2;15.12.2016 14:00;0,0210127;
Anilin;4;15.12.2016 14:00;1,73447;
Anilin;8;15.12.2016 14:00;0,816887;
Anilin;9;15.12.2016 14:00;0,55531;
Anilin;3;15.12.2016 14:00;0,486066;
Anilin;2;15.12.2016 14:00;0,317981;
Anilin;5;15.12.2016 14:00;0,147484;
Anilin;7;15.12.2016 14:00;0,116375;
Anilin;1;15.12.2016 14:00;0,00453263;
Natriumchlorid;3;15.12.2016 15:00;3,36277;
Natriumchlorid;4;15.12.2016 15:00;1,92122;
Natriumchlorid;8;15.12.2016 15:00;0,608992;
Natriumchlorid;6;15.12.2016 15:00;0,399625;
Natriumchlorid;2;15.12.2016 15:00;0,360358;
Natriumchlorid;5;15.12.2016 15:00;0,207182;
Natriumchlorid;9;15.12.2016 15:00;0,202607;
Natriumchlorid;1;15.12.2016 15:00;0,0714734;
Natriumchlorid;7;15.12.2016 15:00;0,0105332;
Arsen;4;15.12.2016 15:00;2,01591;
Arsen;5;15.12.2016 15:00;1,41864;
Arsen;3;15.12.2016 15:00;1,37747;
Arsen;6;15.12.2016 15:00;0,270758;
Arsen;1;15.12.2016 15:00;0,141313;
Arsen;2;15.12.2016 15:00;0,128306;
Arsen;8;15.12.2016 15:00;0,0622743;
Arsen;9;15.12.2016 15:00;0,0158717;
Arsen;7;15.12.2016 15:00;0,00217757;
Benzol;4;15.12.2016 15:00;1,8923;
Benzol;8;15.12.2016 15:00;0,761843;
Benzol;6;15.12.2016 15:00;0,555715;
Benzol;9;15.12.2016 15:00;0,320674;
Benzol;2;15.12.2016 15:00;0,304905;
Benzol;1;15.12.2016 15:00;0,290842;
Benzol;5;15.12.2016 15:00;0,290554;
Benzol;3;15.12.2016 15:00;0,270076;
Benzol;7;15.12.2016 15:00;0,244465;
Anilin;3;15.12.2016 15:00;2,755;
Anilin;4;15.12.2016 15:00;2,1846;
Anilin;7;15.12.2016 15:00;0,764375;
Anilin;8;15.12.2016 15:00;0,631534;
Anilin;6;15.12.2016 15:00;0,288351;
Anilin;9;15.12.2016 15:00;0,2855;
Anilin;2;15.12.2016 15:00;0,284638;
Anilin;1;15.12.2016 15:00;0,103094;
Anilin;5;15.12.2016 15:00;0,0174801;
Natriumchlorid;3;15.12.2016 16:00;2,99674;
Natriumchlorid;4;15.12.2016 16:00;1,62339;
Natriumchlorid;8;15.12.2016 16:00;0,971579;
Natriumchlorid;5;15.12.2016 16:00;0,711109;
Natriumchlorid;6;15.12.2016 16:00;0,44994;
Natriumchlorid;1;15.12.2016 16:00;0,417368;
Natriumchlorid;2;15.12.2016 16:00;0,379617;
Natriumchlorid;7;15.12.2016 16:00;0,085675;
Natriumchlorid;9;15.12.2016 16:00;0,036265;
Arsen;3;15.12.2016 16:00;2,94856;
Arsen;7;15.12.2016 16:00;2,67359;
Arsen;4;15.12.2016 16:00;1,94356;
Arsen;8;15.12.2016 16:00;0,422089;
Arsen;6;15.12.2016 16:00;0,408241;
Arsen;9;15.12.2016 16:00;0,331044;
Arsen;5;15.12.2016 16:00;0,254513;
Arsen;2;15.12.2016 16:00;0,157488;
Arsen;1;15.12.2016 16:00;0,117694;
Benzol;3;15.12.2016 16:00;3,25177;
Benzol;4;15.12.2016 16:00;1,85055;
Benzol;7;15.12.2016 16:00;1,03504;
Benzol;5;15.12.2016 16:00;0,812998;
Benzol;8;15.12.2016 16:00;0,688287;
Benzol;6;15.12.2016 16:00;0,50779;
Benzol;2;15.12.2016 16:00;0,39581;
Benzol;1;15.12.2016 16:00;0,200283;
Benzol;9;15.12.2016 16:00;0,0414041;
Anilin;4;15.12.2016 16:00;1,97323;
Anilin;3;15.12.2016 16:00;1,88699;
Anilin;5;15.12.2016 16:00;1,0128;
Anilin;7;15.12.2016 16:00;0,791014;
Anilin;9;15.12.2016 16:00;0,720674;
Anilin;1;15.12.2016 16:00;0,405205;
Anilin;6;15.12.2016 16:00;0,322582;
Anilin;8;15.12.2016 16:00;0,289667;
Anilin;2;15.12.2016 16:00;0,1158;
Natriumchlorid;4;15.12.2016 17:00;2,07062;
Natriumchlorid;2;15.12.2016 17:00;0,930015;
Natriumchlorid;3;15.12.2016 17:00;0,659159;
Natriumchlorid;1;15.12.2016 17:00;0,569298;
Natriumchlorid;8;15.12.2016 17:00;0,443614;
Natriumchlorid;9;15.12.2016 17:00;0,222657;
Natriumchlorid;6;15.12.2016 17:00;0,214092;
Natriumchlorid;5;15.12.2016 17:00;0,0827555;
Natriumchlorid;7;15.12.2016 17:00;0,0205725;
Arsen;4;15.12.2016 17:00;2,21102;
Arsen;3;15.12.2016 17:00;1,6709;
Arsen;5;15.12.2016 17:00;0,65458;
Arsen;6;15.12.2016 17:00;0,53195;
Arsen;9;15.12.2016 17:00;0,486647;
Arsen;7;15.12.2016 17:00;0,444149;
Arsen;1;15.12.2016 17:00;0,30057;
Arsen;8;15.12.2016 17:00;0,0681499;
Arsen;2;15.12.2016 17:00;0,0246934;
Benzol;3;15.12.2016 17:00;2,80567;
Benzol;4;15.12.2016 17:00;1,90831;
Benzol;7;15.12.2016 17:00;1,18948;
Benzol;5;15.12.2016 17:00;0,754519;
Benzol;8;15.12.2016 17:00;0,647236;
Benzol;6;15.12.2016 17:00;0,349318;
Benzol;9;15.12.2016 17:00;0,118485;
Benzol;1;15.12.2016 17:00;0,112191;
Benzol;2;15.12.2016 17:00;0,0824014;
Anilin;4;15.12.2016 17:00;2,05014;
Anilin;5;15.12.2016 17:00;1,10492;
Anilin;8;15.12.2016 17:00;0,451195;
Anilin;6;15.12.2016 17:00;0,304914;
Anilin;2;15.12.2016 17:00;0,205799;
Anilin;1;15.12.2016 17:00;0,172504;
Anilin;7;15.12.2016 17:00;0,125345;
Anilin;3;15.12.2016 17:00;0,114667;
Anilin;9;15.12.2016 17:00;0,0833982;
Natriumchlorid;3;15.12.2016 18:00;2,61245;
Natriumchlorid;9;15.12.2016 18:00;1,78525;
Natriumchlorid;4;15.12.2016 18:00;1,75875;
Natriumchlorid;1;15.12.2016 18:00;0,716804;
Natriumchlorid;8;15.12.2016 18:00;0,494302;
Natriumchlorid;6;15.12.2016 18:00;0,411351;
Natriumchlorid;7;15.12.2016 18:00;0,399917;
Natriumchlorid;2;15.12.2016 18:00;0,318717;
Natriumchlorid;5;15.12.2016 18:00;0,0353055;
Arsen;4;15.12.2016 18:00;2,22815;
Arsen;5;15.12.2016 18:00;1,24362;
Arsen;6;15.12.2016 18:00;0,523618;
Arsen;7;15.12.2016 18:00;0,458485;
Arsen;3;15.12.2016 18:00;0,252103;
Arsen;8;15.12.2016 18:00;0,223829;
Arsen;2;15.12.2016 18:00;0,114838;
Arsen;1;15.12.2016 18:00;0,04534;
Arsen;9;15.12.2016 18:00;0,011103;
Benzol;3;15.12.2016 18:00;1,97976;
Benzol;4;15.12.2016 18:00;1,82851;
Benzol;8;15.12.2016 18:00;1,02604;
Benzol;2;15.12.2016 18:00;0,446534;
Benzol;9;15.12.2016 18:00;0,358549;
Benzol;7;15.12.2016 18:00;0,265402;
Benzol;1;15.12.2016 18:00;0,165552;
Benzol;6;15.12.2016 18:00;0,0457027;
Benzol;5;15.12.2016 18:00;0,0253712;
Anilin;3;15.12.2016 18:00;2,01074;
Anilin;4;15.12.2016 18:00;1,94633;
Anilin;5;15.12.2016 18:00;1,12572;
Anilin;8;15.12.2016 18:00;0,932273;
Anilin;2;15.12.2016 18:00;0,615625;
Anilin;6;15.12.2016 18:00;0,444559;
Anilin;7;15.12.2016 18:00;0,146499;
Anilin;9;15.12.2016 18:00;0,0975501;
Anilin;1;15.12.2016 18:00;0,038264;
Natriumchlorid;3;15.12.2016 19:00;2,82954;
Natriumchlorid;4;15.12.2016 19:00;2,25647;
Natriumchlorid;9;15.12.2016 19:00;0,904376;
Natriumchlorid;5;15.12.2016 19:00;0,425905;
Natriumchlorid;1;15.12.2016 19:00;0,28476;
Natriumchlorid;6;15.12.2016 19:00;0,243663;
Natriumchlorid;8;15.12.2016 19:00;0,198999;
Natriumchlorid;7;15.12.2016 19:00;0,0979091;
Natriumchlorid;2;15.12.2016 19:00;0,0895082;
Arsen;4;15.12.2016 19:00;2,15044;
Arsen;9;15.12.2016 19:00;0,752721;
Arsen;6;15.12.2016 19:00;0,699017;
Arsen;2;15.12.2016 19:00;0,67257;
Arsen;8;15.12.2016 19:00;0,494931;
Arsen;7;15.12.2016 19:00;0,28491;
Arsen;1;15.12.2016 19:00;0,229842;
Arsen;3;15.12.2016 19:00;0,19088;
Arsen;5;15.12.2016 19:00;0,188777;
Benzol;4;15.12.2016 19:00;1,94254;
Benzol;3;15.12.2016 19:00;0,765611;
Benzol;2;15.12.2016 19:00;0,598975;
Benzol;8;15.12.2016 19:00;0,526768;
Benzol;7;15.12.2016 19:00;0,443394;
Benzol;9;15.12.2016 19:00;0,430721;
Benzol;5;15.12.2016 19:00;0,387866;
Benzol;6;15.12.2016 19:00;0,202864;
Benzol;1;15.12.2016 19:00;0,0910256;
Anilin;4;15.12.2016 19:00;1,76017;
Anilin;7;15.12.2016 19:00;1,22725;
Anilin;3;15.12.2016 19:00;1,01571;
Anilin;9;15.12.2016 19:00;0,92014;
Anilin;2;15.12.2016 19:00;0,665752;
Anilin;1;15.12.2016 19:00;0,358317;
Anilin;6;15.12.2016 19:00;0,29357;
Anilin;5;15.12.2016 19:00;0,29277;
Anilin;8;15.12.2016 19:00;0,236986;
Natriumchlorid;3;15.12.2016 20:00;2,6734;
Natriumchlorid;4;15.12.2016 20:00;2,27607;
Natriumchlorid;5;15.12.2016 20:00;2,1665;
Natriumchlorid;7;15.12.2016 20:00;1,68951;
Natriumchlorid;8;15.12.2016 20:00;0,787809;
Natriumchlorid;2;15.12.2016 20:00;0,727343;
Natriumchlorid;1;15.12.2016 20:00;0,394615;
Natriumchlorid;9;15.12.2016 20:00;0,372375;
Natriumchlorid;6;15.12.2016 20:00;0,101589;
Arsen;4;15.12.2016 20:00;2,51059;
Arsen;3;15.12.2016 20:00;1,65191;
Arsen;7;15.12.2016 20:00;0,885195;
Arsen;9;15.12.2016 20:00;0,814993;
Arsen;5;15.12.2016 20:00;0,641796;
Arsen;8;15.12.2016 20:00;0,620158;
Arsen;6;15.12.2016 20:00;0,557377;
Arsen;2;15.12.2016 20:00;0,0790789;
Arsen;1;15.12.2016 20:00;0,0488287;
Benzol;4;15.12.2016 20:00;1,99914;
Benzol;3;15.12.2016 20:00;0,865449;
Benzol;2;15.12.2016 20:00;0,837439;
Benzol;8;15.12.2016 20:00;0,582567;
Benzol;7;15.12.2016 20:00;0,484915;
Benzol;6;15.12.2016 20:00;0,340082;
Benzol;5;15.12.2016 20:00;0,269988;
Benzol;9;15.12.2016 20:00;0,246959;
Benzol;1;15.12.2016 20:00;0,244308;
Anilin;5;15.12.2016 20:00;2,83697;
Anilin;4;15.12.2016 20:00;2,11749;
Anilin;3;15.12.2016 20:00;1,69256;
Anilin;7;15.12.2016 20:00;0,875395;
Anilin;8;15.12.2016 20:00;0,460495;
Anilin;6;15.12.2016 20:00;0,323916;
Anilin;9;15.12.2016 20:00;0,0861839;
Anilin;1;15.12.2016 20:00;0,0662846;
Anilin;2;15.12.2016 20:00;0,0354891;
Natriumchlorid;3;15.12.2016 21:00;3,0389;
Natriumchlorid;4;15.12.2016 21:00;1,99866;
Natriumchlorid;5;15.12.2016 21:00;0,624528;
Natriumchlorid;6;15.12.2016 21:00;0,469983;
Natriumchlorid;2;15.12.2016 21:00;0,463899;
Natriumchlorid;1;15.12.2016 21:00;0,321164;
Natriumchlorid;8;15.12.2016 21:00;0,263509;
Natriumchlorid;7;15.12.2016 21:00;0,141835;
Natriumchlorid;9;15.12.2016 21:00;0,066511;
Arsen;4;15.12.2016 21:00;1,94383;
Arsen;3;15.12.2016 21:00;0,546868;
Arsen;8;15.12.2016 21:00;0,531603;
Arsen;1;15.12.2016 21:00;0,471497;
Arsen;7;15.12.2016 21:00;0,443394;
Arsen;2;15.12.2016 21:00;0,34702;
Arsen;6;15.12.2016 21:00;0,264511;
Arsen;5;15.12.2016 21:00;0,112126;
Arsen;9;15.12.2016 21:00;0,0181315;
Benzol;4;15.12.2016 21:00;2,24134;
Benzol;2;15.12.2016 21:00;0,711905;
Benzol;3;15.12.2016 21:00;0,605504;
Benzol;1;15.12.2016 21:00;0,56955;
Benzol;6;15.12.2016 21:00;0,331349;
Benzol;9;15.12.2016 21:00;0,310185;
Benzol;7;15.12.2016 21:00;0,181448;
Benzol;8;15.12.2016 21:00;0,0651502;
Benzol;5;15.12.2016 21:00;0,0503594;
Anilin;4;15.12.2016 21:00;2,23696;
Anilin;5;15.12.2016 21:00;0,855695;
Anilin;3;15.12.2016 21:00;0,533408;
Anilin;6;15.12.2016 21:00;0,445799;
Anilin;9;15.12.2016 21:00;0,373716;
Anilin;1;15.12.2016 21:00;0,369908;
Anilin;8;15.12.2016 21:00;0,21536;
Anilin;7;15.12.2016 21:00;0,193783;
Anilin;2;15.12.2016 21:00;0,0502438;
Natriumchlorid;4;15.12.2016 22:00;2,28173;
Natriumchlorid;7;15.12.2016 22:00;0,875812;
Natriumchlorid;5;15.12.2016 22:00;0,553849;
Natriumchlorid;8;15.12.2016 22:00;0,515108;
Natriumchlorid;3;15.12.2016 22:00;0,411299;
Natriumchlorid;9;15.12.2016 22:00;0,406441;
Natriumchlorid;6;15.12.2016 22:00;0,34235;
Natriumchlorid;1;15.12.2016 22:00;0,101508;
Natriumchlorid;2;15.12.2016 22:00;0,00787002;
Arsen;4;15.12.2016 22:00;2,15167;
Arsen;3;15.12.2016 22:00;1,33933;
Arsen;7;15.12.2016 22:00;1,29598;
Arsen;8;15.12.2016 22:00;0,703289;
Arsen;5;15.12.2016 22:00;0,664122;
Arsen;6;15.12.2016 22:00;0,401171;
Arsen;2;15.12.2016 22:00;0,319133;
Arsen;9;15.12.2016 22:00;0,178354;
Arsen;1;15.12.2016 22:00;0,040697;
Benzol;4;15.12.2016 22:00;2,07788;
Benzol;7;15.12.2016 22:00;0,514655;
Benzol;5;15.12.2016 22:00;0,488949;
Benzol;8;15.12.2016 22:00;0,461455;
Benzol;9;15.12.2016 22:00;0,448306;
Benzol;6;15.12.2016 22:00;0,347752;
Benzol;3;15.12.2016 22:00;0,184956;
Benzol;2;15.12.2016 22:00;0,124229;
Benzol;1;15.12.2016 22:00;0,108088;
Anilin;3;15.12.2016 22:00;3,08632;
Anilin;4;15.12.2016 22:00;1,77892;
Anilin;8;15.12.2016 22:00;0,663785;
Anilin;5;15.12.2016 22:00;0,616739;
Anilin;1;15.12.2016 22:00;0,331323;
Anilin;9;15.12.2016 22:00;0,274575;
Anilin;6;15.12.2016 22:00;0,250245;
Anilin;2;15.12.2016 22:00;0,180817;
Anilin;7;15.12.2016 22:00;0,0276356;
Natriumchlorid;4;15.12.2016 23:00;2,02546;
Natriumchlorid;8;15.12.2016 23:00;1,48918;
Natriumchlorid;7;15.12.2016 23:00;0,897734;
Natriumchlorid;6;15.12.2016 23:00;0,794979;
Natriumchlorid;5;15.12.2016 23:00;0,573388;
Natriumchlorid;2;15.12.2016 23:00;0,33581;
Natriumchlorid;9;15.12.2016 23:00;0,168936;
Natriumchlorid;3;15.12.2016 23:00;0,167516;
Natriumchlorid;1;15.12.2016 23:00;0,0204033;
Arsen;4;15.12.2016 23:00;2,06239;
Arsen;7;15.12.2016 23:00;1,46674;
Arsen;3;15.12.2016 23:00;1,14138;
Arsen;9;15.12.2016 23:00;1,02832;
Arsen;5;15.12.2016 23:00;0,644166;
Arsen;2;15.12.2016 23:00;0,563746;
Arsen;1;15.12.2016 23:00;0,346594;
Arsen;8;15.12.2016 23:00;0,221298;
Arsen;6;15.12.2016 23:00;0,209254;
Benzol;6;15.12.2016 23:00;5,18646;
Benzol;4;15.12.2016 23:00;1,83147;
Benzol;3;15.12.2016 23:00;0,678145;
Benzol;5;15.12.2016 23:00;0,446696;
Benzol;1;15.12.2016 23:00;0,271074;
Benzol;7;15.12.2016 23:00;0,245943;
Benzol;8;15.12.2016 23:00;0,0988272;
Benzol;9;15.12.2016 23:00;0,0796696;
Benzol;2;15.12.2016 23:00;0,0506578;
Anilin;3;15.12.2016 23:00;2,42984;
Anilin;4;15.12.2016 23:00;1,91173;
Anilin;7;15.12.2016 23:00;1,50826;
Anilin;5;15.12.2016 23:00;1,16547;
Anilin;8;15.12.2016 23:00;0,646607;
Anilin;2;15.12.2016 23:00;0,486306;
Anilin;1;15.12.2016 23:00;0,281025;
Anilin;6;15.12.2016 23:00;0,253486;
Anilin;9;15.12.2016 23:00;0,236785;
Natriumchlorid;4;16.12.2016 00:00;1,78052;
Natriumchlorid;5;16.12.2016 00:00;1,09132;
Natriumchlorid;9;16.12.2016 00:00;0,716141;
Natriumchlorid;6;16.12.2016 00:00;0,52695;
Natriumchlorid;3;16.12.2016 00:00;0,426413;
Natriumchlorid;8;16.12.2016 00:00;0,398791;
Natriumchlorid;2;16.12.2016 00:00;0,301463;
Natriumchlorid;1;16.12.2016 00:00;0,146215;
Natriumchlorid;7;16.12.2016 00:00;0,0284406;
Arsen;3;16.12.2016 00:00;2,6151;
Arsen;4;16.12.2016 00:00;1,88676;
Arsen;8;16.12.2016 00:00;1,16815;
Arsen;7;16.12.2016 00:00;0,465194;
Arsen;2;16.12.2016 00:00;0,393984;
Arsen;9;16.12.2016 00:00;0,349536;
Arsen;1;16.12.2016 00:00;0,0703051;
Arsen;5;16.12.2016 00:00;0,0606878;
Arsen;6;16.12.2016 00:00;0,0075664;
Benzol;3;16.12.2016 00:00;1,80812;
Benzol;4;16.12.2016 00:00;1,79727;
Benzol;9;16.12.2016 00:00;0,891713;
Benzol;8;16.12.2016 00:00;0,79214;
Benzol;6;16.12.2016 00:00;0,723324;
Benzol;5;16.12.2016 00:00;0,483335;
Benzol;2;16.12.2016 00:00;0,398955;
Benzol;1;16.12.2016 00:00;0,245454;
Benzol;7;16.12.2016 00:00;0,102159;
Anilin;3;16.12.2016 00:00;2,34382;
Anilin;4;16.12.2016 00:00;1,54716;
Anilin;9;16.12.2016 00:00;0,982683;
Anilin;6;16.12.2016 00:00;0,57652;
Anilin;1;16.12.2016 00:00;0,432756;
Anilin;8;16.12.2016 00:00;0,280295;
Anilin;5;16.12.2016 00:00;0,191575;
Anilin;7;16.12.2016 00:00;0,149015;
Anilin;2;16.12.2016 00:00;0,1028;
Natriumchlorid;4;16.12.2016 01:00;1,88769;
Natriumchlorid;3;16.12.2016 01:00;1,43195;
Natriumchlorid;5;16.12.2016 01:00;0,898744;
Natriumchlorid;7;16.12.2016 01:00;0,868111;
Natriumchlorid;6;16.12.2016 01:00;0,623005;
Natriumchlorid;8;16.12.2016 01:00;0,453911;
Natriumchlorid;2;16.12.2016 01:00;0,291741;
Natriumchlorid;1;16.12.2016 01:00;0,199151;
Natriumchlorid;9;16.12.2016 01:00;0,140755;
Arsen;3;16.12.2016 01:00;3,15684;
Arsen;4;16.12.2016 01:00;2,10592;
Arsen;5;16.12.2016 01:00;2,06245;
Arsen;9;16.12.2016 01:00;1,11972;
Arsen;8;16.12.2016 01:00;0,429325;
Arsen;6;16.12.2016 01:00;0,409375;
Arsen;1;16.12.2016 01:00;0,298907;
Arsen;2;16.12.2016 01:00;0,293766;
Arsen;7;16.12.2016 01:00;0,210653;
Benzol;4;16.12.2016 01:00;2,26925;
Benzol;7;16.12.2016 01:00;1,74349;
Benzol;3;16.12.2016 01:00;1,28323;
Benzol;8;16.12.2016 01:00;0,886763;
Benzol;1;16.12.2016 01:00;0,512658;
Benzol;6;16.12.2016 01:00;0,297341;
Benzol;9;16.12.2016 01:00;0,213656;
Benzol;5;16.12.2016 01:00;0,119542;
Benzol;2;16.12.2016 01:00;0,00364405;
Anilin;3;16.12.2016 01:00;2,32606;
Anilin;4;16.12.2016 01:00;2,25536;
Anilin;5;16.12.2016 01:00;1,54954;
Anilin;6;16.12.2016 01:00;0,469772;
Anilin;9;16.12.2016 01:00;0,276523;
Anilin;8;16.12.2016 01:00;0,188838;
Anilin;2;16.12.2016 01:00;0,188445;
Anilin;7;16.12.2016 01:00;0,114979;
Anilin;1;16.12.2016 01:00;0,0711537;
Natriumchlorid;4;16.12.2016 02:00;2,08545;
Natriumchlorid;8;16.12.2016 02:00;0,903685;
Natriumchlorid;3;16.12.2016 02:00;0,805691;
Natriumchlorid;1;16.12.2016 02:00;0,509427;
Natriumchlorid;2;16.12.2016 02:00;0,336751;
Natriumchlorid;6;16.12.2016 02:00;0,329952;
Natriumchlorid;5;16.12.2016 02:00;0,289804;
Natriumchlorid;9;16.12.2016 02:00;0,0721185;
Natriumchlorid;7;16.12.2016 02:00;0,0192559;
Arsen;4;16.12.2016 02:00;2,31214;
Arsen;7;16.12.2016 02:00;1,65233;
Arsen;5;16.12.2016 02:00;0,797933;
Arsen;1;16.12.2016 02:00;0,494238;
Arsen;3;16.12.2016 02:00;0,267238;
Arsen;8;16.12.2016 02:00;0,248293;
Arsen;6;16.12.2016 02:00;0,188129;
Arsen;2;16.12.2016 02:00;0,0740686;
Arsen;9;16.12.2016 02:00;0,00882794;
Benzol;3;16.12.2016 02:00;3,35324;
Benzol;4;16.12.2016 02:00;2,04633;
Benzol;7;16.12.2016 02:00;0,928059;
Benzol;5;16.12.2016 02:00;0,461528;
Benzol;8;16.12.2016 02:00;0,434605;
Benzol;1;16.12.2016 02:00;0,234371;
Benzol;9;16.12.2016 02:00;0,173163;
Benzol;6;16.12.2016 02:00;0,0520552;
Benzol;2;16.12.2016 02:00;0,0185194;
Anilin;3;16.12.2016 02:00;2,85031;
Anilin;4;16.12.2016 02:00;1,75697;
Anilin;7;16.12.2016 02:00;1,0557;
Anilin;9;16.12.2016 02:00;0,84388;
Anilin;6;16.12.2016 02:00;0,821449;
Anilin;8;16.12.2016 02:00;0,719152;
Anilin;2;16.12.2016 02:00;0,300669;
Anilin;1;16.12.2016 02:00;0,0574785;
Anilin;5;16.12.2016 02:00;0,0342606;
Natriumchlorid;4;16.12.2016 03:00;2,27993;
Natriumchlorid;2;16.12.2016 03:00;0,932292;
Natriumchlorid;8;16.12.2016 03:00;0,697085;
Natriumchlorid;3;16.12.2016 03:00;0,656294;
Natriumchlorid;9;16.12.2016 03:00;0,570355;
Natriumchlorid;7;16.12.2016 03:00;0,461681;
Natriumchlorid;1;16.12.2016 03:00;0,318309;
Natriumchlorid;6;16.12.2016 03:00;0,251558;
Natriumchlorid;5;16.12.2016 03:00;0,250278;
Arsen;4;16.12.2016 03:00;2,01316;
Arsen;3;16.12.2016 03:00;1,63204;
Arsen;9;16.12.2016 03:00;1,00494;
Arsen;6;16.12.2016 03:00;0,646785;
Arsen;8;16.12.2016 03:00;0,571195;
Arsen;7;16.12.2016 03:00;0,437558;
Arsen;5;16.12.2016 03:00;0,370336;
Arsen;2;16.12.2016 03:00;0,224601;
Arsen;1;16.12.2016 03:00;0,212516;
Benzol;4;16.12.2016 03:00;2,11535;
Benzol;8;16.12.2016 03:00;0,638918;
Benzol;2;16.12.2016 03:00;0,44086;
Benzol;6;16.12.2016 03:00;0,434666;
Benzol;9;16.12.2016 03:00;0,365547;
Benzol;7;16.12.2016 03:00;0,297888;
Benzol;3;16.12.2016 03:00;0,286978;
Benzol;1;16.12.2016 03:00;0,266238;
Benzol;5;16.12.2016 03:00;0,158059;
Anilin;4;16.12.2016 03:00;1,90232;
Anilin;8;16.12.2016 03:00;1,2466;
Anilin;9;16.12.2016 03:00;0,939864;
Anilin;5;16.12.2016 03:00;0,87729;
Anilin;6;16.12.2016 03:00;0,365225;
Anilin;1;16.12.2016 03:00;0,169892;
Anilin;7;16.12.2016 03:00;0,15223;
Anilin;2;16.12.2016 03:00;0,0393208;
Anilin;3;16.12.2016 03:00;0,036961;
Natriumchlorid;4;16.12.2016 04:00;2,24933;
Natriumchlorid;3;16.12.2016 04:00;1,4592;
Natriumchlorid;9;16.12.2016 04:00;1,28528;
Natriumchlorid;6;16.12.2016 04:00;0,939767;
Natriumchlorid;7;16.12.2016 04:00;0,610103;
Natriumchlorid;5;16.12.2016 04:00;0,346291;
Natriumchlorid;8;16.12.2016 04:00;0,310631;
Natriumchlorid;2;16.12.2016 04:00;0,0110261;
Natriumchlorid;1;16.12.2016 04:00;0,00219127;
Arsen;4;16.12.2016 04:00;2,29725;
Arsen;9;16.12.2016 04:00;1,26456;
Arsen;5;16.12.2016 04:00;0,916507;
Arsen;2;16.12.2016 04:00;0,714483;
Arsen;7;16.12.2016 04:00;0,597737;
Arsen;6;16.12.2016 04:00;0,596788;
Arsen;8;16.12.2016 04:00;0,38906;
Arsen;1;16.12.2016 04:00;0,179977;
Arsen;3;16.12.2016 04:00;0,0335133;
Benzol;4;16.12.2016 04:00;1,9209;
Benzol;9;16.12.2016 04:00;1,62385;
Benzol;8;16.12.2016 04:00;0,66806;
Benzol;7;16.12.2016 04:00;0,612416;
Benzol;1;16.12.2016 04:00;0,479193;
Benzol;3;16.12.2016 04:00;0,331016;
Benzol;6;16.12.2016 04:00;0,246349;
Benzol;2;16.12.2016 04:00;0,168949;
Benzol;5;16.12.2016 04:00;0,115213;
Anilin;4;16.12.2016 04:00;1,95261;
Anilin;5;16.12.2016 04:00;0,88143;
Anilin;1;16.12.2016 04:00;0,336917;
Anilin;6;16.12.2016 04:00;0,291325;
Anilin;9;16.12.2016 04:00;0,202226;
Anilin;7;16.12.2016 04:00;0,136793;
Anilin;3;16.12.2016 04:00;0,133374;
Anilin;8;16.12.2016 04:00;0,122363;
Anilin;2;16.12.2016 04:00;0,032294;
Natriumchlorid;3;16.12.2016 05:00;3,94249;
Natriumchlorid;4;16.12.2016 05:00;1,79061;
Natriumchlorid;9;16.12.2016 05:00;0,765332;
Natriumchlorid;7;16.12.2016 05:00;0,626976;
Natriumchlorid;2;16.12.2016 05:00;0,344661;
Natriumchlorid;6;16.12.2016 05:00;0,115395;
Natriumchlorid;1;16.12.2016 05:00;0,0920689;
Natriumchlorid;5;16.12.2016 05:00;0,0562917;
Natriumchlorid;8;16.12.2016 05:00;0,046463;
Arsen;4;16.12.2016 05:00;1,79516;
Arsen;7;16.12.2016 05:00;0,889028;
Arsen;3;16.12.2016 05:00;0,808147;
Arsen;9;16.12.2016 05:00;0,752743;
Arsen;8;16.12.2016 05:00;0,750607;
Arsen;2;16.12.2016 05:00;0,342441;
Arsen;5;16.12.2016 05:00;0,333496;
Arsen;1;16.12.2016 05:00;0,275131;
Arsen;6;16.12.2016 05:00;0,238078;
Benzol;3;16.12.2016 05:00;2,91355;
Benzol;4;16.12.2016 05:00;2,37368;
Benzol;9;16.12.2016 05:00;1,07176;
Benzol;8;16.12.2016 05:00;0,804804;
Benzol;7;16.12.2016 05:00;0,684791;
Benzol;1;16.12.2016 05:00;0,492533;
Benzol;5;16.12.2016 05:00;0,453828;
Benzol;2;16.12.2016 05:00;0,361553;
Benzol;6;16.12.2016 05:00;0,352424;
Anilin;4;16.12.2016 05:00;2,36639;
Anilin;8;16.12.2016 05:00;0,677559;
Anilin;3;16.12.2016 05:00;0,604321;
Anilin;7;16.12.2016 05:00;0,488931;
Anilin;9;16.12.2016 05:00;0,373667;
Anilin;6;16.12.2016 05:00;0,355378;
Anilin;5;16.12.2016 05:00;0,15334;
Anilin;1;16.12.2016 05:00;0,0664484;
Anilin;2;16.12.2016 05:00;0,0135199;
Natriumchlorid;4;16.12.2016 06:00;1,89927;
Natriumchlorid;3;16.12.2016 06:00;1,37319;
Natriumchlorid;6;16.12.2016 06:00;0,848959;
Natriumchlorid;7;16.12.2016 06:00;0,474349;
Natriumchlorid;1;16.12.2016 06:00;0,32397;
Natriumchlorid;9;16.12.2016 06:00;0,237204;
Natriumchlorid;8;16.12.2016 06:00;0,237185;
Natriumchlorid;2;16.12.2016 06:00;0,123917;
Natriumchlorid;5;16.12.2016 06:00;0,00275625;
Arsen;3;16.12.2016 06:00;2,35353;
Arsen;4;16.12.2016 06:00;2,14935;
Arsen;7;16.12.2016 06:00;1,349;
Arsen;5;16.12.2016 06:00;0,858835;
Arsen;6;16.12.2016 06:00;0,593904;
Arsen;9;16.12.2016 06:00;0,562887;
Arsen;8;16.12.2016 06:00;0,483672;
Arsen;2;16.12.2016 06:00;0,291347;
Arsen;1;16.12.2016 06:00;0,117394;
Benzol;4;16.12.2016 06:00;2,34405;
Benzol;5;16.12.2016 06:00;1,17115;
Benzol;2;16.12.2016 06:00;0,65054;
Benzol;8;16.12.2016 06:00;0,359435;
Benzol;1;16.12.2016 06:00;0,28354;
Benzol;9;16.12.2016 06:00;0,223391;
Benzol;3;16.12.2016 06:00;0,121698;
Benzol;6;16.12.2016 06:00;0,0368849;
Benzol;7;16.12.2016 06:00;0,0351335;
Anilin;7;16.12.2016 06:00;2,76741;
Anilin;4;16.12.2016 06:00;1,6354;
Anilin;9;16.12.2016 06:00;0,509224;
Anilin;1;16.12.2016 06:00;0,45191;
Anilin;6;16.12.2016 06:00;0,395769;
Anilin;8;16.12.2016 06:00;0,338978;
Anilin;2;16.12.2016 06:00;0,269394;
Anilin;3;16.12.2016 06:00;0,2434;
Anilin;5;16.12.2016 06:00;0,0720232;
Natriumchlorid;4;16.12.2016 07:00;1,89001;
Natriumchlorid;3;16.12.2016 07:00;1,42415;
Natriumchlorid;7;16.12.2016 07:00;0,99175;
Natriumchlorid;6;16.12.2016 07:00;0,780929;
Natriumchlorid;8;16.12.2016 07:00;0,609623;
Natriumchlorid;2;16.12.2016 07:00;0,47306;
Natriumchlorid;9;16.12.2016 07:00;0,298086;
Natriumchlorid;5;16.12.2016 07:00;0,0440565;
Natriumchlorid;1;16.12.2016 07:00;0,0239314;
Arsen;4;16.12.2016 07:00;1,95469;
Arsen;3;16.12.2016 07:00;1,4048;
Arsen;7;16.12.2016 07:00;0,752373;
Arsen;6;16.12.2016 07:00;0,345628;
Arsen;9;16.12.2016 07:00;0,342538;
Arsen;8;16.12.2016 07:00;0,256058;
Arsen;1;16.12.2016 07:00;0,174468;
Arsen;2;16.12.2016 07:00;0,168808;
Arsen;5;16.12.2016 07:00;0,129045;
Benzol;4;16.12.2016 07:00;2,18537;
Benzol;8;16.12.2016 07:00;0,743961;
Benzol;5;16.12.2016 07:00;0,700455;
Benzol;2;16.12.2016 07:00;0,64746;
Benzol;3;16.12.2016 07:00;0,414916;
Benzol;1;16.12.2016 07:00;0,315514;
Benzol;7;16.12.2016 07:00;0,296505;
Benzol;6;16.12.2016 07:00;0,270909;
Benzol;9;16.12.2016 07:00;0,200482;
Anilin;4;16.12.2016 07:00;1,97579;
Anilin;9;16.12.2016 07:00;1,20897;
Anilin;5;16.12.2016 07:00;0,903356;
Anilin;6;16.12.2016 07:00;0,464157;
Anilin;7;16.12.2016 07:00;0,405391;
Anilin;8;16.12.2016 07:00;0,352105;
Anilin;3;16.12.2016 07:00;0,314859;
Anilin;2;16.12.2016 07:00;0,213849;
Anilin;1;16.12.2016 07:00;0,148116;
Natriumchlorid;4;16.12.2016 08:00;2,30066;
Natriumchlorid;7;16.12.2016 08:00;0,919058;
Natriumchlorid;9;16.12.2016 08:00;0,466332;
Natriumchlorid;3;16.12.2016 08:00;0,447348;
Natriumchlorid;5;16.12.2016 08:00;0,396306;
Natriumchlorid;1;16.12.2016 08:00;0,201461;
Natriumchlorid;8;16.12.2016 08:00;0,174338;
Natriumchlorid;2;16.12.2016 08:00;0,100404;
Natriumchlorid;6;16.12.2016 08:00;0,0856695;
Arsen;4;16.12.2016 08:00;2,4048;
Arsen;9;16.12.2016 08:00;1,69944;
Arsen;3;16.12.2016 08:00;0,87683;
Arsen;8;16.12.2016 08:00;0,699146;
Arsen;2;16.12.2016 08:00;0,616992;
Arsen;7;16.12.2016 08:00;0,483928;
Arsen;5;16.12.2016 08:00;0,398483;
Arsen;6;16.12.2016 08:00;0,338287;
Arsen;1;16.12.2016 08:00;0,0119787;
Benzol;3;16.12.2016 08:00;1,87386;
Benzol;4;16.12.2016 08:00;1,7287;
Benzol;9;16.12.2016 08:00;1,35251;
Benzol;7;16.12.2016 08:00;1,22265;
Benzol;8;16.12.2016 08:00;0,914483;
Benzol;2;16.12.2016 08:00;0,760502;
Benzol;5;16.12.2016 08:00;0,40218;
Benzol;6;16.12.2016 08:00;0,363126;
Benzol;1;16.12.2016 08:00;0,295001;
Anilin;4;16.12.2016 08:00;1,94232;
Anilin;3;16.12.2016 08:00;0,728839;
Anilin;9;16.12.2016 08:00;0,616688;
Anilin;8;16.12.2016 08:00;0,49947;
Anilin;2;16.12.2016 08:00;0,40048;
Anilin;6;16.12.2016 08:00;0,203608;
Anilin;7;16.12.2016 08:00;0,133473;
Anilin;5;16.12.2016 08:00;0,11282;
Anilin;1;16.12.2016 08:00;0,01158;
Natriumchlorid;4;16.12.2016 09:00;1,65108;
Natriumchlorid;3;16.12.2016 09:00;0,81208;
Natriumchlorid;7;16.12.2016 09:00;0,295419;
Natriumchlorid;1;16.12.2016 09:00;0,153164;
Natriumchlorid;5;16.12.2016 09:00;0,120567;
Natriumchlorid;6;16.12.2016 09:00;0,116944;
Natriumchlorid;8;16.12.2016 09:00;0,106411;
Natriumchlorid;9;16.12.2016 09:00;0,0904991;
Natriumchlorid;2;16.12.2016 09:00;0,0563761;
Arsen;4;16.12.2016 09:00;2,07028;
Arsen;7;16.12.2016 09:00;1,31494;
Arsen;2;16.12.2016 09:00;0,84835;
Arsen;8;16.12.2016 09:00;0,662949;
Arsen;3;16.12.2016 09:00;0,611485;
Arsen;6;16.12.2016 09:00;0,204917;
Arsen;1;16.12.2016 09:00;0,176249;
Arsen;5;16.12.2016 09:00;0,108788;
Arsen;9;16.12.2016 09:00;0,0330453;
Benzol;4;16.12.2016 09:00;1,63279;
Benzol;8;16.12.2016 09:00;0,608045;
Benzol;5;16.12.2016 09:00;0,487508;
Benzol;2;16.12.2016 09:00;0,455626;
Benzol;7;16.12.2016 09:00;0,411516;
Benzol;6;16.12.2016 09:00;0,292264;
Benzol;9;16.12.2016 09:00;0,162666;
Benzol;3;16.12.2016 09:00;0,154657;
Benzol;1;16.12.2016 09:00;0,12664;
Anilin;4;16.12.2016 09:00;1,83068;
Anilin;3;16.12.2016 09:00;1,29313;
Anilin;7;16.12.2016 09:00;0,587925;
Anilin;8;16.12.2016 09:00;0,566645;
Anilin;6;16.12.2016 09:00;0,439632;
Anilin;2;16.12.2016 09:00;0,435489;
Anilin;1;16.12.2016 09:00;0,353199;
Anilin;5;16.12.2016 09:00;0,338407;
Anilin;9;16.12.2016 09:00;0,0178914;
Natriumchlorid;4;16.12.2016 10:00;1,95368;
Natriumchlorid;7;16.12.2016 10:00;1,21721;
Natriumchlorid;8;16.12.2016 10:00;0,880157;
Natriumchlorid;5;16.12.2016 10:00;0,829146;
Natriumchlorid;2;16.12.2016 10:00;0,622832;
Natriumchlorid;9;16.12.2016 10:00;0,608534;
Natriumchlorid;3;16.12.2016 10:00;0,545249;
Natriumchlorid;6;16.12.2016 10:00;0,493701;
Natriumchlorid;1;16.12.2016 10:00;0,408207;
Arsen;4;16.12.2016 10:00;2,22097;
Arsen;5;16.12.2016 10:00;1,4697;
Arsen;8;16.12.2016 10:00;0,516927;
Arsen;7;16.12.2016 10:00;0,505729;
Arsen;1;16.12.2016 10:00;0,197422;
Arsen;6;16.12.2016 10:00;0,132298;
Arsen;3;16.12.2016 10:00;0,12725;
Arsen;2;16.12.2016 10:00;0,0725201;
Arsen;9;16.12.2016 10:00;0,0244069;
Benzol;4;16.12.2016 10:00;1,7667;
Benzol;3;16.12.2016 10:00;0,713271;
Benzol;7;16.12.2016 10:00;0,695354;
Benzol;5;16.12.2016 10:00;0,642134;
Benzol;1;16.12.2016 10:00;0,414436;
Benzol;8;16.12.2016 10:00;0,41039;
Benzol;6;16.12.2016 10:00;0,399457;
Benzol;2;16.12.2016 10:00;0,198485;
Benzol;9;16.12.2016 10:00;0,0966546;
Anilin;4;16.12.2016 10:00;1,90223;
Anilin;9;16.12.2016 10:00;1,19907;
Anilin;5;16.12.2016 10:00;0,788644;
Anilin;7;16.12.2016 10:00;0,639374;
Anilin;6;16.12.2016 10:00;0,401415;
Anilin;1;16.12.2016 10:00;0,326876;
Anilin;2;16.12.2016 10:00;0,244261;
Anilin;3;16.12.2016 10:00;0,149856;
Anilin;8;16.12.2016 10:00;0,0751785;
Natriumchlorid;3;16.12.2016 11:00;2,9925;
Natriumchlorid;4;16.12.2016 11:00;2,19632;
Natriumchlorid;5;16.12.2016 11:00;0,88143;
Natriumchlorid;6;16.12.2016 11:00;0,620179;
Natriumchlorid;8;16.12.2016 11:00;0,441521;
Natriumchlorid;9;16.12.2016 11:00;0,222702;
Natriumchlorid;2;16.12.2016 11:00;0,066492;
Natriumchlorid;1;16.12.2016 11:00;0,0208812;
Natriumchlorid;7;16.12.2016 11:00;0,00320879;
Arsen;4;16.12.2016 11:00;2,02285;
Arsen;3;16.12.2016 11:00;1,88117;
Arsen;5;16.12.2016 11:00;0,787454;
Arsen;6;16.12.2016 11:00;0,785829;
Arsen;9;16.12.2016 11:00;0,717936;
Arsen;7;16.12.2016 11:00;0,62152;
Arsen;8;16.12.2016 11:00;0,401694;
Arsen;1;16.12.2016 11:00;0,208027;
Arsen;2;16.12.2016 11:00;0,075386;
Benzol;3;16.12.2016 11:00;2,20143;
Benzol;4;16.12.2016 11:00;1,92783;
Benzol;6;16.12.2016 11:00;0,463368;
Benzol;5;16.12.2016 11:00;0,307624;
Benzol;7;16.12.2016 11:00;0,268538;
Benzol;8;16.12.2016 11:00;0,251314;
Benzol;9;16.12.2016 11:00;0,100333;
Benzol;2;16.12.2016 11:00;0,0884591;
Benzol;1;16.12.2016 11:00;0,0371171;
Anilin;3;16.12.2016 11:00;2,94672;
Anilin;4;16.12.2016 11:00;1,86223;
Anilin;7;16.12.2016 11:00;1,16497;
Anilin;8;16.12.2016 11:00;0,870731;
Anilin;5;16.12.2016 11:00;0,470284;
Anilin;6;16.12.2016 11:00;0,432928;
Anilin;9;16.12.2016 11:00;0,25304;
Anilin;2;16.12.2016 11:00;0,0457191;
Anilin;1;16.12.2016 11:00;0,00920575;
Natriumchlorid;4;16.12.2016 12:00;2,08622;
Natriumchlorid;7;16.12.2016 12:00;0,800801;
Natriumchlorid;9;16.12.2016 12:00;0,693063;
Natriumchlorid;8;16.12.2016 12:00;0,590104;
Natriumchlorid;1;16.12.2016 12:00;0,279334;
Natriumchlorid;3;16.12.2016 12:00;0,249833;
Natriumchlorid;2;16.12.2016 12:00;0,228057;
Natriumchlorid;5;16.12.2016 12:00;0,195216;
Natriumchlorid;6;16.12.2016 12:00;0,120563;
Arsen;4;16.12.2016 12:00;1,98767;
Arsen;7;16.12.2016 12:00;1,13743;
Arsen;9;16.12.2016 12:00;0,832645;
Arsen;3;16.12.2016 12:00;0,814331;
Arsen;8;16.12.2016 12:00;0,737495;
Arsen;6;16.12.2016 12:00;0,725032;
Arsen;2;16.12.2016 12:00;0,418771;
Arsen;5;16.12.2016 12:00;0,0390172;
Arsen;1;16.12.2016 12:00;0,0188654;
Benzol;6;16.12.2016 12:00;3,04582;
Benzol;4;16.12.2016 12:00;1,94407;
Benzol;3;16.12.2016 12:00;1,85044;
Benzol;7;16.12.2016 12:00;0,704857;
Benzol;9;16.12.2016 12:00;0,617732;
Benzol;2;16.12.2016 12:00;0,552678;
Benzol;1;16.12.2016 12:00;0,377607;
Benzol;8;16.12.2016 12:00;0,291542;
Benzol;5;16.12.2016 12:00;0,195161;
Anilin;4;16.12.2016 12:00;1,97551;
Anilin;3;16.12.2016 12:00;1,69686;
Anilin;7;16.12.2016 12:00;1,52642;
Anilin;5;16.12.2016 12:00;1,25472;
Anilin;8;16.12.2016 12:00;0,625877;
Anilin;2;16.12.2016 12:00;0,249251;
Anilin;6;16.12.2016 12:00;0,237759;
Anilin;9;16.12.2016 12:00;0,217421;
Anilin;1;16.12.2016 12:00;0,0292086;
Natriumchlorid;4;16.12.2016 13:00;2,23072;
Natriumchlorid;7;16.12.2016 13:00;0,444402;
Natriumchlorid;6;16.12.2016 13:00;0,35541;
Natriumchlorid;3;16.12.2016 13:00;0,340676;
Natriumchlorid;1;16.12.2016 13:00;0,213727;
Natriumchlorid;9;16.12.2016 13:00;0,116068;
Natriumchlorid;2;16.12.2016 13:00;0,0476678;
Natriumchlorid;8;16.12.2016 13:00;0,0225112;
Natriumchlorid;5;16.12.2016 13:00;0,0012348;
Arsen;4;16.12.2016 13:00;1,83738;
Arsen;9;16.12.2016 13:00;1,25119;
Arsen;5;16.12.2016 13:00;0,79902;
Arsen;2;16.12.2016 13:00;0,748349;
Arsen;3;16.12.2016 13:00;0,326661;
Arsen;1;16.12.2016 13:00;0,311613;
Arsen;7;16.12.2016 13:00;0,114219;
Arsen;8;16.12.2016 13:00;0,106948;
Arsen;6;16.12.2016 13:00;0,0593961;
Benzol;6;16.12.2016 13:00;7,58042;
Benzol;3;16.12.2016 13:00;2,98791;
Benzol;4;16.12.2016 13:00;2,051;
Benzol;5;16.12.2016 13:00;0,656291;
Benzol;9;16.12.2016 13:00;0,641405;
Benzol;8;16.12.2016 13:00;0,583246;
Benzol;7;16.12.2016 13:00;0,54898;
Benzol;2;16.12.2016 13:00;0,46875;
Benzol;1;16.12.2016 13:00;0,0701164;
Anilin;4;16.12.2016 13:00;1,77844;
Anilin;9;16.12.2016 13:00;0,901439;
Anilin;2;16.12.2016 13:00;0,639181;
Anilin;5;16.12.2016 13:00;0,6368;
Anilin;8;16.12.2016 13:00;0,416482;
Anilin;7;16.12.2016 13:00;0,363046;
Anilin;3;16.12.2016 13:00;0,333983;
Anilin;1;16.12.2016 13:00;0,189127;
Anilin;6;16.12.2016 13:00;0,173717;
Natriumchlorid;4;16.12.2016 14:00;1,87113;
Natriumchlorid;3;16.12.2016 14:00;1,52148;
Natriumchlorid;6;16.12.2016 14:00;0,62634;
Natriumchlorid;5;16.12.2016 14:00;0,524178;
Natriumchlorid;9;16.12.2016 14:00;0,522944;
Natriumchlorid;1;16.12.2016 14:00;0,442326;
Natriumchlorid;7;16.12.2016 14:00;0,43649;
Natriumchlorid;2;16.12.2016 14:00;0,300448;
Natriumchlorid;8;16.12.2016 14:00;0,0762178;
Arsen;4;16.12.2016 14:00;2,06556;
Arsen;3;16.12.2016 14:00;1,83196;
Arsen;7;16.12.2016 14:00;1,56992;
Arsen;9;16.12.2016 14:00;1,2914;
Arsen;2;16.12.2016 14:00;0,624656;
Arsen;6;16.12.2016 14:00;0,352251;
Arsen;5;16.12.2016 14:00;0,338966;
Arsen;8;16.12.2016 14:00;0,316065;
Arsen;1;16.12.2016 14:00;0,00705238;
Benzol;6;16.12.2016 14:00;2,37566;
Benzol;4;16.12.2016 14:00;1,56345;
Benzol;9;16.12.2016 14:00;0,830727;
Benzol;5;16.12.2016 14:00;0,584495;
Benzol;3;16.12.2016 14:00;0,386072;
Benzol;2;16.12.2016 14:00;0,32056;
Benzol;7;16.12.2016 14:00;0,297398;
Benzol;8;16.12.2016 14:00;0,266262;
Benzol;1;16.12.2016 14:00;0,0927938;
Anilin;4;16.12.2016 14:00;2,09875;
Anilin;7;16.12.2016 14:00;1,15726;
Anilin;9;16.12.2016 14:00;1,0238;
Anilin;5;16.12.2016 14:00;0,841481;
Anilin;8;16.12.2016 14:00;0,782651;
Anilin;3;16.12.2016 14:00;0,766302;
Anilin;6;16.12.2016 14:00;0,400482;
Anilin;2;16.12.2016 14:00;0,352102;
Anilin;1;16.12.2016 14:00;0,0296219;
Natriumchlorid;4;16.12.2016 15:00;2,12628;
Natriumchlorid;9;16.12.2016 15:00;1,50904;
Natriumchlorid;3;16.12.2016 15:00;1,2684;
Natriumchlorid;7;16.12.2016 15:00;0,813982;
Natriumchlorid;5;16.12.2016 15:00;0,625664;
Natriumchlorid;2;16.12.2016 15:00;0,47395;
Natriumchlorid;6;16.12.2016 15:00;0,328159;
Natriumchlorid;8;16.12.2016 15:00;0,265648;
Natriumchlorid;1;16.12.2016 15:00;0,0330266;
Arsen;4;16.12.2016 15:00;1,81151;
Arsen;5;16.12.2016 15:00;0,927566;
Arsen;2;16.12.2016 15:00;0,745775;
Arsen;3;16.12.2016 15:00;0,695762;
Arsen;8;16.12.2016 15:00;0,493421;
Arsen;7;16.12.2016 15:00;0,473501;
Arsen;6;16.12.2016 15:00;0,428948;
Arsen;9;16.12.2016 15:00;0,35111;
Arsen;1;16.12.2016 15:00;0,108326;
Benzol;4;16.12.2016 15:00;1,8704;
Benzol;3;16.12.2016 15:00;1,85409;
Benzol;9;16.12.2016 15:00;0,693003;
Benzol;5;16.12.2016 15:00;0,68379;
Benzol;1;16.12.2016 15:00;0,309794;
Benzol;7;16.12.2016 15:00;0,165577;
Benzol;8;16.12.2016 15:00;0,128002;
Benzol;2;16.12.2016 15:00;0,0850034;
Benzol;6;16.12.2016 15:00;0,0580191;
Anilin;4;16.12.2016 15:00;2,29276;
Anilin;6;16.12.2016 15:00;0,472314;
Anilin;5;16.12.2016 15:00;0,453828;
Anilin;8;16.12.2016 15:00;0,417095;
Anilin;3;16.12.2016 15:00;0,373288;
Anilin;2;16.12.2016 15:00;0,349998;
Anilin;1;16.12.2016 15:00;0,149128;
Anilin;9;16.12.2016 15:00;0,137954;
Anilin;7;16.12.2016 15:00;0,103196;
Natriumchlorid;4;16.12.2016 16:00;1,89239;
Natriumchlorid;9;16.12.2016 16:00;0,876155;
Natriumchlorid;8;16.12.2016 16:00;0,533899;
Natriumchlorid;1;16.12.2016 16:00;0,402785;
Natriumchlorid;6;16.12.2016 16:00;0,293799;
Natriumchlorid;3;16.12.2016 16:00;0,274364;
Natriumchlorid;7;16.12.2016 16:00;0,231108;
Natriumchlorid;2;16.12.2016 16:00;0,0818903;
Natriumchlorid;5;16.12.2016 16:00;0,0442298;
Arsen;4;16.12.2016 16:00;1,74093;
Arsen;9;16.12.2016 16:00;0,9265;
Arsen;6;16.12.2016 16:00;0,466788;
Arsen;3;16.12.2016 16:00;0,359503;
Arsen;7;16.12.2016 16:00;0,273584;
Arsen;2;16.12.2016 16:00;0,169754;
Arsen;1;16.12.2016 16:00;0,0832366;
Arsen;5;16.12.2016 16:00;0,0728868;
Arsen;8;16.12.2016 16:00;0,0365074;
Benzol;4;16.12.2016 16:00;1,94067;
Benzol;3;16.12.2016 16:00;0,763333;
Benzol;7;16.12.2016 16:00;0,590391;
Benzol;8;16.12.2016 16:00;0,462353;
Benzol;5;16.12.2016 16:00;0,367369;
Benzol;9;16.12.2016 16:00;0,342019;
Benzol;6;16.12.2016 16:00;0,279698;
Benzol;2;16.12.2016 16:00;0,0579941;
Benzol;1;16.12.2016 16:00;0,0223252;
Anilin;4;16.12.2016 16:00;2,12996;
Anilin;3;16.12.2016 16:00;0,721351;
Anilin;7;16.12.2016 16:00;0,396812;
Anilin;8;16.12.2016 16:00;0,38808;
Anilin;1;16.12.2016 16:00;0,340125;
Anilin;6;16.12.2016 16:00;0,275844;
Anilin;9;16.12.2016 16:00;0,237409;
Anilin;2;16.12.2016 16:00;0,112825;
Anilin;5;16.12.2016 16:00;0,0877973;
Natriumchlorid;3;16.12.2016 17:00;2,26882;
Natriumchlorid;4;16.12.2016 17:00;2,06881;
Natriumchlorid;2;16.12.2016 17:00;0,68022;
Natriumchlorid;1;16.12.2016 17:00;0,426138;
Natriumchlorid;8;16.12.2016 17:00;0,419791;
Natriumchlorid;6;16.12.2016 17:00;0,38569;
Natriumchlorid;9;16.12.2016 17:00;0,353801;
Natriumchlorid;7;16.12.2016 17:00;0,320288;
Natriumchlorid;5;16.12.2016 17:00;0,318536;
Arsen;4;16.12.2016 17:00;2,10557;
Arsen;3;16.12.2016 17:00;1,24377;
Arsen;6;16.12.2016 17:00;0,721863;
Arsen;7;16.12.2016 17:00;0,711006;
Arsen;2;16.12.2016 17:00;0,363546;
Arsen;9;16.12.2016 17:00;0,320674;
Arsen;5;16.12.2016 17:00;0,259719;
Arsen;1;16.12.2016 17:00;0,167677;
Arsen;8;16.12.2016 17:00;0,156494;
Benzol;4;16.12.2016 17:00;2,18261;
Benzol;5;16.12.2016 17:00;2,12523;
Benzol;7;16.12.2016 17:00;0,840347;
Benzol;3;16.12.2016 17:00;0,71904;
Benzol;6;16.12.2016 17:00;0,594566;
Benzol;9;16.12.2016 17:00;0,388951;
Benzol;1;16.12.2016 17:00;0,14477;
Benzol;8;16.12.2016 17:00;0,0207513;
Benzol;2;16.12.2016 17:00;0,00291282;
Anilin;4;16.12.2016 17:00;1,92827;
Anilin;9;16.12.2016 17:00;0,957154;
Anilin;1;16.12.2016 17:00;0,773302;
Anilin;7;16.12.2016 17:00;0,670326;
Anilin;8;16.12.2016 17:00;0,525321;
Anilin;5;16.12.2016 17:00;0,387173;
Anilin;3;16.12.2016 17:00;0,165314;
Anilin;6;16.12.2016 17:00;0,0645117;
Anilin;2;16.12.2016 17:00;0,0640924;
Natriumchlorid;4;16.12.2016 18:00;1,48981;
Natriumchlorid;3;16.12.2016 18:00;1,0147;
Natriumchlorid;8;16.12.2016 18:00;0,94361;
Natriumchlorid;2;16.12.2016 18:00;0,864826;
Natriumchlorid;1;16.12.2016 18:00;0,6588;
Natriumchlorid;9;16.12.2016 18:00;0,385717;
Natriumchlorid;7;16.12.2016 18:00;0,365522;
Natriumchlorid;6;16.12.2016 18:00;0,169756;
Natriumchlorid;5;16.12.2016 18:00;0,162504;
Arsen;4;16.12.2016 18:00;2,26811;
Arsen;6;16.12.2016 18:00;0,622266;
Arsen;3;16.12.2016 18:00;0,536189;
Arsen;2;16.12.2016 18:00;0,410584;
Arsen;9;16.12.2016 18:00;0,343719;
Arsen;8;16.12.2016 18:00;0,201253;
Arsen;7;16.12.2016 18:00;0,158244;
Arsen;1;16.12.2016 18:00;0,145152;
Arsen;5;16.12.2016 18:00;0,0538827;
Benzol;4;16.12.2016 18:00;1,8633;
Benzol;9;16.12.2016 18:00;1,25505;
Benzol;7;16.12.2016 18:00;1,05091;
Benzol;6;16.12.2016 18:00;0,611577;
Benzol;3;16.12.2016 18:00;0,545249;
Benzol;8;16.12.2016 18:00;0,444076;
Benzol;2;16.12.2016 18:00;0,265029;
Benzol;1;16.12.2016 18:00;0,0310476;
Benzol;5;16.12.2016 18:00;0,0218159;
Anilin;3;16.12.2016 18:00;3,19956;
Anilin;4;16.12.2016 18:00;2,21753;
Anilin;5;16.12.2016 18:00;1,04319;
Anilin;7;16.12.2016 18:00;0,76237;
Anilin;6;16.12.2016 18:00;0,313177;
Anilin;8;16.12.2016 18:00;0,294238;
Anilin;1;16.12.2016 18:00;0,147436;
Anilin;9;16.12.2016 18:00;0,0861327;
Anilin;2;16.12.2016 18:00;0,0243351;
Natriumchlorid;6;16.12.2016 19:00;74,27616;
Natriumchlorid;6;16.12.2016 19:00;7,97407;
Natriumchlorid;4;16.12.2016 19:00;1,89725;
Natriumchlorid;7;16.12.2016 19:00;1,35221;
Natriumchlorid;5;16.12.2016 19:00;0,537873;
Natriumchlorid;2;16.12.2016 19:00;0,400099;
Natriumchlorid;1;16.12.2016 19:00;0,369864;
Natriumchlorid;3;16.12.2016 19:00;0,353373;
Natriumchlorid;9;16.12.2016 19:00;0,134072;
Natriumchlorid;8;16.12.2016 19:00;0,0541756;
Arsen;3;16.12.2016 19:00;2,36817;
Arsen;4;16.12.2016 19:00;1,77461;
Arsen;5;16.12.2016 19:00;0,469678;
Arsen;6;16.12.2016 19:00;0,308428;
Arsen;9;16.12.2016 19:00;0,29448;
Arsen;1;16.12.2016 19:00;0,215645;
Arsen;7;16.12.2016 19:00;0,210794;
Arsen;2;16.12.2016 19:00;0,206717;
Arsen;8;16.12.2016 19:00;0,046011;
Benzol;3;16.12.2016 19:00;4,11764;
Benzol;4;16.12.2016 19:00;2,08588;
Benzol;9;16.12.2016 19:00;0,32954;
Benzol;5;16.12.2016 19:00;0,223411;
Benzol;7;16.12.2016 19:00;0,203835;
Benzol;6;16.12.2016 19:00;0,185183;
Benzol;8;16.12.2016 19:00;0,0545757;
Benzol;2;16.12.2016 19:00;0,0020779;
Benzol;1;16.12.2016 19:00;0,00159146;
Anilin;4;16.12.2016 19:00;1,73979;
Anilin;3;16.12.2016 19:00;1,39146;
Anilin;5;16.12.2016 19:00;0,774506;
Anilin;9;16.12.2016 19:00;0,478698;
Anilin;2;16.12.2016 19:00;0,395362;
Anilin;7;16.12.2016 19:00;0,232446;
Anilin;8;16.12.2016 19:00;0,127055;
Anilin;1;16.12.2016 19:00;0,125903;
Natriumchlorid;4;16.12.2016 20:00;2,30593;
Natriumchlorid;9;16.12.2016 20:00;0,820686;
Natriumchlorid;5;16.12.2016 20:00;0,756643;
Natriumchlorid;3;16.12.2016 20:00;0,69064;
Natriumchlorid;7;16.12.2016 20:00;0,251322;
Natriumchlorid;2;16.12.2016 20:00;0,211292;
Natriumchlorid;6;16.12.2016 20:00;0,1808;
Natriumchlorid;1;16.12.2016 20:00;0,161148;
Natriumchlorid;8;16.12.2016 20:00;0,139779;
Arsen;4;16.12.2016 20:00;2,14941;
Arsen;5;16.12.2016 20:00;1,47123;
Arsen;9;16.12.2016 20:00;1,06099;
Arsen;6;16.12.2016 20:00;0,683348;
Arsen;7;16.12.2016 20:00;0,509907;
Arsen;3;16.12.2016 20:00;0,413837;
Arsen;2;16.12.2016 20:00;0,293704;
Arsen;8;16.12.2016 20:00;0,216435;
Arsen;1;16.12.2016 20:00;0,114068;
Benzol;4;16.12.2016 20:00;1,97084;
Benzol;9;16.12.2016 20:00;0,886564;
Benzol;3;16.12.2016 20:00;0,86473;
Benzol;5;16.12.2016 20:00;0,702093;
Benzol;8;16.12.2016 20:00;0,506428;
Benzol;7;16.12.2016 20:00;0,411363;
Benzol;6;16.12.2016 20:00;0,393106;
Benzol;1;16.12.2016 20:00;0,339013;
Benzol;2;16.12.2016 20:00;0,00280822;
Anilin;3;16.12.2016 20:00;3,36502;
Anilin;4;16.12.2016 20:00;2,08692;
Anilin;1;16.12.2016 20:00;1,00187;
Anilin;2;16.12.2016 20:00;0,833869;
Anilin;5;16.12.2016 20:00;0,820656;
Anilin;6;16.12.2016 20:00;0,607734;
Anilin;7;16.12.2016 20:00;0,532646;
Anilin;9;16.12.2016 20:00;0,227296;
Anilin;8;16.12.2016 20:00;0,109925;
Natriumchlorid;3;16.12.2016 21:00;2,08404;
Natriumchlorid;4;16.12.2016 21:00;1,99816;
Natriumchlorid;8;16.12.2016 21:00;0,605004;
Natriumchlorid;7;16.12.2016 21:00;0,505908;
Natriumchlorid;6;16.12.2016 21:00;0,466626;
Natriumchlorid;9;16.12.2016 21:00;0,298504;
Natriumchlorid;2;16.12.2016 21:00;0,245184;
Natriumchlorid;5;16.12.2016 21:00;0,167807;
Natriumchlorid;1;16.12.2016 21:00;0,0978469;
Arsen;4;16.12.2016 21:00;1,92881;
Arsen;7;16.12.2016 21:00;1,0459;
Arsen;5;16.12.2016 21:00;0,771416;
Arsen;3;16.12.2016 21:00;0,496513;
Arsen;9;16.12.2016 21:00;0,467565;
Arsen;8;16.12.2016 21:00;0,280835;
Arsen;1;16.12.2016 21:00;0,268327;
Arsen;2;16.12.2016 21:00;0,201044;
Arsen;6;16.12.2016 21:00;0,0328679;
Benzol;4;16.12.2016 21:00;2,05738;
Benzol;3;16.12.2016 21:00;1,42593;
Benzol;9;16.12.2016 21:00;1,18207;
Benzol;2;16.12.2016 21:00;0,39899;
Benzol;7;16.12.2016 21:00;0,226994;
Benzol;1;16.12.2016 21:00;0,133358;
Benzol;8;16.12.2016 21:00;0,122324;
Benzol;5;16.12.2016 21:00;0,106875;
Benzol;6;16.12.2016 21:00;0,0363865;
Anilin;4;16.12.2016 21:00;1,78175;
Anilin;8;16.12.2016 21:00;1,22489;
Anilin;6;16.12.2016 21:00;0,534471;
Anilin;5;16.12.2016 21:00;0,505641;
Anilin;2;16.12.2016 21:00;0,305636;
Anilin;9;16.12.2016 21:00;0,165535;
Anilin;3;16.12.2016 21:00;0,103111;
Anilin;7;16.12.2016 21:00;0,0439201;
Anilin;1;16.12.2016 21:00;0,0194229;
Natriumchlorid;4;16.12.2016 22:00;2,14667;
Natriumchlorid;3;16.12.2016 22:00;1,29295;
Natriumchlorid;9;16.12.2016 22:00;0,940226;
Natriumchlorid;2;16.12.2016 22:00;0,860482;
Natriumchlorid;1;16.12.2016 22:00;0,644874;
Natriumchlorid;5;16.12.2016 22:00;0,585613;
Natriumchlorid;6;16.12.2016 22:00;0,274971;
Natriumchlorid;7;16.12.2016 22:00;0,267809;
Natriumchlorid;8;16.12.2016 22:00;0,2343;
Arsen;3;16.12.2016 22:00;2,48465;
Arsen;4;16.12.2016 22:00;2,06248;
Arsen;7;16.12.2016 22:00;1,47391;
Arsen;5;16.12.2016 22:00;1,34009;
Arsen;8;16.12.2016 22:00;0,657279;
Arsen;6;16.12.2016 22:00;0,555466;
Arsen;1;16.12.2016 22:00;0,0717931;
Arsen;9;16.12.2016 22:00;0,047717;
Arsen;2;16.12.2016 22:00;0,0239776;
Benzol;5;16.12.2016 22:00;2,26225;
Benzol;4;16.12.2016 22:00;1,85712;
Benzol;6;16.12.2016 22:00;0,611202;
Benzol;2;16.12.2016 22:00;0,447384;
Benzol;9;16.12.2016 22:00;0,37496;
Benzol;1;16.12.2016 22:00;0,264141;
Benzol;3;16.12.2016 22:00;0,194156;
Benzol;7;16.12.2016 22:00;0,145838;
Benzol;8;16.12.2016 22:00;0,0189997;
Anilin;9;16.12.2016 22:00;7,71616;
Anilin;4;16.12.2016 22:00;1,7513;
Anilin;7;16.12.2016 22:00;0,968668;
Anilin;6;16.12.2016 22:00;0,589808;
Anilin;5;16.12.2016 22:00;0,553658;
Anilin;3;16.12.2016 22:00;0,537449;
Anilin;2;16.12.2016 22:00;0,504433;
Anilin;8;16.12.2016 22:00;0,371779;
Anilin;1;16.12.2016 22:00;0,190242;
Natriumchlorid;9;16.12.2016 23:00;2,22332;
Natriumchlorid;4;16.12.2016 23:00;1,7591;
Natriumchlorid;2;16.12.2016 23:00;0,508661;
Natriumchlorid;8;16.12.2016 23:00;0,494805;
Natriumchlorid;6;16.12.2016 23:00;0,4879;
Natriumchlorid;3;16.12.2016 23:00;0,304667;
Natriumchlorid;5;16.12.2016 23:00;0,180213;
Natriumchlorid;1;16.12.2016 23:00;0,152693;
Natriumchlorid;7;16.12.2016 23:00;0,128611;
Arsen;4;16.12.2016 23:00;1,98696;
Arsen;3;16.12.2016 23:00;1,33367;
Arsen;9;16.12.2016 23:00;1,33091;
Arsen;5;16.12.2016 23:00;0,786316;
Arsen;7;16.12.2016 23:00;0,683893;
Arsen;2;16.12.2016 23:00;0,456684;
Arsen;6;16.12.2016 23:00;0,309497;
Arsen;1;16.12.2016 23:00;0,240037;
Arsen;8;16.12.2016 23:00;0,111753;
Benzol;7;16.12.2016 23:00;1,73924;
Benzol;4;16.12.2016 23:00;1,69733;
Benzol;5;16.12.2016 23:00;0,967128;
Benzol;8;16.12.2016 23:00;0,937359;
Benzol;6;16.12.2016 23:00;0,669133;
Benzol;2;16.12.2016 23:00;0,566847;
Benzol;3;16.12.2016 23:00;0,319024;
Benzol;1;16.12.2016 23:00;0,109326;
Benzol;9;16.12.2016 23:00;0,0173621;
Anilin;4;16.12.2016 23:00;1,91346;
Anilin;2;16.12.2016 23:00;1,0216;
Anilin;3;16.12.2016 23:00;0,890085;
Anilin;8;16.12.2016 23:00;0,629078;
Anilin;7;16.12.2016 23:00;0,606822;
Anilin;6;16.12.2016 23:00;0,522786;
Anilin;1;16.12.2016 23:00;0,229644;
Anilin;9;16.12.2016 23:00;0,208896;
Anilin;5;16.12.2016 23:00;0,0800495;
Natriumchlorid;4;17.12.2016 00:00;2,13539;
Natriumchlorid;3;17.12.2016 00:00;1,73437;
Natriumchlorid;5;17.12.2016 00:00;0,993917;
Natriumchlorid;1;17.12.2016 00:00;0,619359;
Natriumchlorid;2;17.12.2016 00:00;0,506768;
Natriumchlorid;9;17.12.2016 00:00;0,354512;
Natriumchlorid;6;17.12.2016 00:00;0,322401;
Natriumchlorid;8;17.12.2016 00:00;0,308245;
Natriumchlorid;7;17.12.2016 00:00;0,113878;
Arsen;4;17.12.2016 00:00;1,89762;
Arsen;8;17.12.2016 00:00;0,596673;
Arsen;3;17.12.2016 00:00;0,331206;
Arsen;6;17.12.2016 00:00;0,321972;
Arsen;2;17.12.2016 00:00;0,312846;
Arsen;7;17.12.2016 00:00;0,271267;
Arsen;5;17.12.2016 00:00;0,212426;
Arsen;9;17.12.2016 00:00;0,0848941;
Arsen;1;17.12.2016 00:00;0,0490885;
Benzol;3;17.12.2016 00:00;2,22468;
Benzol;4;17.12.2016 00:00;1,90025;
Benzol;6;17.12.2016 00:00;0,961019;
Benzol;2;17.12.2016 00:00;0,472211;
Benzol;1;17.12.2016 00:00;0,287058;
Benzol;5;17.12.2016 00:00;0,286554;
Benzol;9;17.12.2016 00:00;0,277023;
Benzol;7;17.12.2016 00:00;0,113323;
Benzol;8;17.12.2016 00:00;0,0718052;
Anilin;4;17.12.2016 00:00;2,01549;
Anilin;3;17.12.2016 00:00;1,06048;
Anilin;8;17.12.2016 00:00;0,745824;
Anilin;6;17.12.2016 00:00;0,546434;
Anilin;9;17.12.2016 00:00;0,420686;
Anilin;7;17.12.2016 00:00;0,265595;
Anilin;5;17.12.2016 00:00;0,248463;
Anilin;2;17.12.2016 00:00;0,216329;
Anilin;1;17.12.2016 00:00;0,0237513;
Natriumchlorid;4;17.12.2016 01:00;4,46626;
Natriumchlorid;2;17.12.2016 01:00;0,620645;
Natriumchlorid;5;17.12.2016 01:00;0,44054;
Natriumchlorid;9;17.12.2016 01:00;0,383888;
Natriumchlorid;6;17.12.2016 01:00;0,331024;
Natriumchlorid;8;17.12.2016 01:00;0,290525;
Natriumchlorid;3;17.12.2016 01:00;0,205376;
Natriumchlorid;1;17.12.2016 01:00;0,185475;
Natriumchlorid;7;17.12.2016 01:00;0,0661679;
Arsen;4;17.12.2016 01:00;1,98236;
Arsen;2;17.12.2016 01:00;0,666355;
Arsen;3;17.12.2016 01:00;0,588723;
Arsen;5;17.12.2016 01:00;0,569926;
Arsen;7;17.12.2016 01:00;0,423432;
Arsen;8;17.12.2016 01:00;0,337709;
Arsen;6;17.12.2016 01:00;0,199023;
Arsen;9;17.12.2016 01:00;0,158762;
Arsen;1;17.12.2016 01:00;0,154562;
Benzol;4;17.12.2016 01:00;4,63485;
Benzol;7;17.12.2016 01:00;2,08648;
Benzol;9;17.12.2016 01:00;1,14518;
Benzol;3;17.12.2016 01:00;0,706866;
Benzol;8;17.12.2016 01:00;0,396833;
Benzol;1;17.12.2016 01:00;0,357481;
Benzol;6;17.12.2016 01:00;0,289422;
Benzol;2;17.12.2016 01:00;0,112543;
Benzol;5;17.12.2016 01:00;0,0735746;
Anilin;4;17.12.2016 01:00;22,72427;
Anilin;5;17.12.2016 01:00;0,827604;
Anilin;3;17.12.2016 01:00;0,540523;
Anilin;1;17.12.2016 01:00;0,524402;
Anilin;8;17.12.2016 01:00;0,30925;
Anilin;9;17.12.2016 01:00;0,221049;
Anilin;7;17.12.2016 01:00;0,174392;
Anilin;6;17.12.2016 01:00;0,117444;
Anilin;2;17.12.2016 01:00;0,018282;
Natriumchlorid;7;17.12.2016 02:00;2,60354;
Natriumchlorid;4;17.12.2016 02:00;2,15099;
Natriumchlorid;3;17.12.2016 02:00;1,09304;
Natriumchlorid;9;17.12.2016 02:00;1,01762;
Natriumchlorid;8;17.12.2016 02:00;0,839181;
Natriumchlorid;6;17.12.2016 02:00;0,401844;
Natriumchlorid;5;17.12.2016 02:00;0,306807;
Natriumchlorid;1;17.12.2016 02:00;0,208762;
Natriumchlorid;2;17.12.2016 02:00;0,203106;
Arsen;4;17.12.2016 02:00;1,93292;
Arsen;3;17.12.2016 02:00;1,01116;
Arsen;5;17.12.2016 02:00;0,727329;
Arsen;8;17.12.2016 02:00;0,329047;
Arsen;6;17.12.2016 02:00;0,297009;
Arsen;7;17.12.2016 02:00;0,225401;
Arsen;1;17.12.2016 02:00;0,137709;
Arsen;2;17.12.2016 02:00;0,0330213;
Arsen;9;17.12.2016 02:00;0,00887637;
Benzol;4;17.12.2016 02:00;1,91494;
Benzol;3;17.12.2016 02:00;1,70743;
Benzol;2;17.12.2016 02:00;0,718215;
Benzol;6;17.12.2016 02:00;0,600496;
Benzol;5;17.12.2016 02:00;0,450828;
Benzol;7;17.12.2016 02:00;0,207808;
Benzol;9;17.12.2016 02:00;0,175277;
Benzol;8;17.12.2016 02:00;0,133015;
Benzol;1;17.12.2016 02:00;0,119954;
Anilin;4;17.12.2016 02:00;2,26488;
Anilin;3;17.12.2016 02:00;1,36002;
Anilin;9;17.12.2016 02:00;1,24738;
Anilin;2;17.12.2016 02:00;0,917897;
Anilin;7;17.12.2016 02:00;0,862341;
Anilin;6;17.12.2016 02:00;0,366979;
Anilin;1;17.12.2016 02:00;0,214831;
Anilin;8;17.12.2016 02:00;0,105369;
Anilin;5;17.12.2016 02:00;0,0411974;
Natriumchlorid;3;17.12.2016 03:00;1,98577;
Natriumchlorid;4;17.12.2016 03:00;1,77164;
Natriumchlorid;7;17.12.2016 03:00;1,58958;
Natriumchlorid;5;17.12.2016 03:00;0,810256;
Natriumchlorid;9;17.12.2016 03:00;0,670882;
Natriumchlorid;6;17.12.2016 03:00;0,384294;
Natriumchlorid;2;17.12.2016 03:00;0,248698;
Natriumchlorid;8;17.12.2016 03:00;0,229308;
Natriumchlorid;1;17.12.2016 03:00;0,164927;
Arsen;4;17.12.2016 03:00;1,75338;
Arsen;5;17.12.2016 03:00;1,49756;
Arsen;3;17.12.2016 03:00;0,827452;
Arsen;9;17.12.2016 03:00;0,669321;
Arsen;8;17.12.2016 03:00;0,493358;
Arsen;1;17.12.2016 03:00;0,449594;
Arsen;7;17.12.2016 03:00;0,239647;
Arsen;6;17.12.2016 03:00;0,164574;
Arsen;2;17.12.2016 03:00;0,0857141;
Benzol;4;17.12.2016 03:00;1,9499;
Benzol;3;17.12.2016 03:00;1,01787;
Benzol;6;17.12.2016 03:00;0,598158;
Benzol;5;17.12.2016 03:00;0,474969;
Benzol;9;17.12.2016 03:00;0,335275;
Benzol;2;17.12.2016 03:00;0,308839;
Benzol;1;17.12.2016 03:00;0,156524;
Benzol;7;17.12.2016 03:00;0,128298;
Benzol;8;17.12.2016 03:00;0,0657698;
Anilin;4;17.12.2016 03:00;2,19099;
Anilin;3;17.12.2016 03:00;1,78665;
Anilin;5;17.12.2016 03:00;1,17829;
Anilin;9;17.12.2016 03:00;0,762904;
Anilin;8;17.12.2016 03:00;0,353522;
Anilin;6;17.12.2016 03:00;0,330813;
Anilin;7;17.12.2016 03:00;0,318105;
Anilin;1;17.12.2016 03:00;0,153415;
Anilin;2;17.12.2016 03:00;0,0830726;
Natriumchlorid;3;17.12.2016 04:00;2,0072;
Natriumchlorid;4;17.12.2016 04:00;1,69193;
Natriumchlorid;7;17.12.2016 04:00;0,579819;
Natriumchlorid;2;17.12.2016 04:00;0,569895;
Natriumchlorid;9;17.12.2016 04:00;0,517493;
Natriumchlorid;1;17.12.2016 04:00;0,191774;
Natriumchlorid;6;17.12.2016 04:00;0,178074;
Natriumchlorid;8;17.12.2016 04:00;0,164984;
Natriumchlorid;5;17.12.2016 04:00;0,125974;
Arsen;4;17.12.2016 04:00;2,67102;
Arsen;5;17.12.2016 04:00;0,7948;
Arsen;2;17.12.2016 04:00;0,489558;
Arsen;9;17.12.2016 04:00;0,397331;
Arsen;3;17.12.2016 04:00;0,313282;
Arsen;7;17.12.2016 04:00;0,24811;
Arsen;1;17.12.2016 04:00;0,162877;
Arsen;6;17.12.2016 04:00;0,139004;
Arsen;8;17.12.2016 04:00;0,120062;
Benzol;4;17.12.2016 04:00;1,84664;
Benzol;6;17.12.2016 04:00;0,825185;
Benzol;5;17.12.2016 04:00;0,787013;
Benzol;3;17.12.2016 04:00;0,584278;
Benzol;9;17.12.2016 04:00;0,381388;
Benzol;7;17.12.2016 04:00;0,146199;
Benzol;1;17.12.2016 04:00;0,145549;
Benzol;2;17.12.2016 04:00;0,0298721;
Benzol;8;17.12.2016 04:00;0,00303285;
Anilin;3;17.12.2016 04:00;1,93502;
Anilin;4;17.12.2016 04:00;1,7925;
Anilin;9;17.12.2016 04:00;1,36165;
Anilin;8;17.12.2016 04:00;0,638992;
Anilin;2;17.12.2016 04:00;0,624924;
Anilin;6;17.12.2016 04:00;0,537149;
Anilin;7;17.12.2016 04:00;0,510978;
Anilin;1;17.12.2016 04:00;0,303113;
Anilin;5;17.12.2016 04:00;0,183158;
Natriumchlorid;4;17.12.2016 05:00;2,41309;
Natriumchlorid;5;17.12.2016 05:00;0,954864;
Natriumchlorid;7;17.12.2016 05:00;0,6393;
Natriumchlorid;1;17.12.2016 05:00;0,471037;
Natriumchlorid;6;17.12.2016 05:00;0,339009;
Natriumchlorid;9;17.12.2016 05:00;0,226929;
Natriumchlorid;8;17.12.2016 05:00;0,223053;
Natriumchlorid;3;17.12.2016 05:00;0,117732;
Natriumchlorid;2;17.12.2016 05:00;0,0149427;
Arsen;4;17.12.2016 05:00;2,32641;
Arsen;7;17.12.2016 05:00;1,31312;
Arsen;9;17.12.2016 05:00;0,431606;
Arsen;5;17.12.2016 05:00;0,413524;
Arsen;6;17.12.2016 05:00;0,39283;
Arsen;3;17.12.2016 05:00;0,376071;
Arsen;8;17.12.2016 05:00;0,331724;
Arsen;2;17.12.2016 05:00;0,0940475;
Arsen;1;17.12.2016 05:00;0,00826306;
Benzol;4;17.12.2016 05:00;1,86163;
Benzol;3;17.12.2016 05:00;1,51351;
Benzol;5;17.12.2016 05:00;1,0248;
Benzol;9;17.12.2016 05:00;0,540485;
Benzol;2;17.12.2016 05:00;0,355462;
Benzol;8;17.12.2016 05:00;0,351149;
Benzol;6;17.12.2016 05:00;0,305188;
Benzol;7;17.12.2016 05:00;0,117011;
Benzol;1;17.12.2016 05:00;0,112689;
Anilin;4;17.12.2016 05:00;2,00585;
Anilin;8;17.12.2016 05:00;0,588632;
Anilin;5;17.12.2016 05:00;0,562523;
Anilin;3;17.12.2016 05:00;0,472686;
Anilin;6;17.12.2016 05:00;0,43079;
Anilin;1;17.12.2016 05:00;0,26514;
Anilin;7;17.12.2016 05:00;0,155057;
Anilin;9;17.12.2016 05:00;0,101589;
Anilin;2;17.12.2016 05:00;0,0322581;
Natriumchlorid;4;17.12.2016 06:00;1,98989;
Natriumchlorid;7;17.12.2016 06:00;1,08614;
Natriumchlorid;8;17.12.2016 06:00;0,751326;
Natriumchlorid;9;17.12.2016 06:00;0,454012;
Natriumchlorid;6;17.12.2016 06:00;0,428701;
Natriumchlorid;3;17.12.2016 06:00;0,306846;
Natriumchlorid;5;17.12.2016 06:00;0,238369;
Natriumchlorid;2;17.12.2016 06:00;0,210573;
Natriumchlorid;1;17.12.2016 06:00;0,00810148;
Arsen;4;17.12.2016 06:00;1,69675;
Arsen;5;17.12.2016 06:00;0,729446;
Arsen;2;17.12.2016 06:00;0,492295;
Arsen;8;17.12.2016 06:00;0,323668;
Arsen;3;17.12.2016 06:00;0,237093;
Arsen;1;17.12.2016 06:00;0,234728;
Arsen;9;17.12.2016 06:00;0,228445;
Arsen;7;17.12.2016 06:00;0,219798;
Arsen;6;17.12.2016 06:00;0,0827428;
Benzol;4;17.12.2016 06:00;2,32293;
Benzol;7;17.12.2016 06:00;0,994216;
Benzol;8;17.12.2016 06:00;0,622404;
Benzol;5;17.12.2016 06:00;0,615617;
Benzol;6;17.12.2016 06:00;0,451156;
Benzol;9;17.12.2016 06:00;0,380025;
Benzol;3;17.12.2016 06:00;0,375944;
Benzol;2;17.12.2016 06:00;0,25966;
Benzol;1;17.12.2016 06:00;0,0374615;
Anilin;4;17.12.2016 06:00;2,03799;
Anilin;5;17.12.2016 06:00;1,8173;
Anilin;7;17.12.2016 06:00;0,738001;
Anilin;2;17.12.2016 06:00;0,621976;
Anilin;6;17.12.2016 06:00;0,590433;
Anilin;8;17.12.2016 06:00;0,472969;
Anilin;9;17.12.2016 06:00;0,299667;
Anilin;3;17.12.2016 06:00;0,29934;
Anilin;1;17.12.2016 06:00;0,220407;
Natriumchlorid;4;17.12.2016 07:00;2,17593;
Natriumchlorid;8;17.12.2016 07:00;1,53586;
Natriumchlorid;7;17.12.2016 07:00;0,597353;
Natriumchlorid;5;17.12.2016 07:00;0,592813;
Natriumchlorid;9;17.12.2016 07:00;0,499004;
Natriumchlorid;1;17.12.2016 07:00;0,175914;
Natriumchlorid;3;17.12.2016 07:00;0,158273;
Natriumchlorid;6;17.12.2016 07:00;0,129002;
Natriumchlorid;2;17.12.2016 07:00;0,0812191;
Arsen;4;17.12.2016 07:00;1,95367;
Arsen;7;17.12.2016 07:00;1,48116;
Arsen;3;17.12.2016 07:00;0,79757;
Arsen;9;17.12.2016 07:00;0,697386;
Arsen;8;17.12.2016 07:00;0,578467;
Arsen;5;17.12.2016 07:00;0,480962;
Arsen;6;17.12.2016 07:00;0,343736;
Arsen;1;17.12.2016 07:00;0,206343;
Arsen;2;17.12.2016 07:00;0,158859;
Benzol;4;17.12.2016 07:00;1,83725;
Benzol;5;17.12.2016 07:00;1,2521;
Benzol;7;17.12.2016 07:00;0,739535;
Benzol;1;17.12.2016 07:00;0,438451;
Benzol;9;17.12.2016 07:00;0,308212;
Benzol;3;17.12.2016 07:00;0,303105;
Benzol;8;17.12.2016 07:00;0,253247;
Benzol;2;17.12.2016 07:00;0,104311;
Benzol;6;17.12.2016 07:00;0,0317911;
Anilin;4;17.12.2016 07:00;1,58639;
Anilin;8;17.12.2016 07:00;1,58016;
Anilin;3;17.12.2016 07:00;1,15297;
Anilin;9;17.12.2016 07:00;0,840056;
Anilin;6;17.12.2016 07:00;0,464817;
Anilin;1;17.12.2016 07:00;0,37015;
Anilin;5;17.12.2016 07:00;0,28342;
Anilin;2;17.12.2016 07:00;0,150749;
Anilin;7;17.12.2016 07:00;0,111503;
Natriumchlorid;4;17.12.2016 08:00;12,55324;
Natriumchlorid;4;17.12.2016 08:00;3,04892;
Natriumchlorid;7;17.12.2016 08:00;1,20629;
Natriumchlorid;9;17.12.2016 08:00;0,557939;
Natriumchlorid;3;17.12.2016 08:00;0,393419;
Natriumchlorid;8;17.12.2016 08:00;0,362237;
Natriumchlorid;6;17.12.2016 08:00;0,271962;
Natriumchlorid;5;17.12.2016 08:00;0,194877;
Natriumchlorid;1;17.12.2016 08:00;0,140929;
Natriumchlorid;2;17.12.2016 08:00;0,111097;
Arsen;3;17.12.2016 08:00;2,20761;
Arsen;4;17.12.2016 08:00;1,89012;
Arsen;9;17.12.2016 08:00;0,66646;
Arsen;7;17.12.2016 08:00;0,629782;
Arsen;6;17.12.2016 08:00;0,46844;
Arsen;5;17.12.2016 08:00;0,401786;
Arsen;1;17.12.2016 08:00;0,386497;
Arsen;8;17.12.2016 08:00;0,352814;
Arsen;2;17.12.2016 08:00;0,32841;
Benzol;4;17.12.2016 08:00;1,99295;
Benzol;8;17.12.2016 08:00;1,09664;
Benzol;5;17.12.2016 08:00;0,800055;
Benzol;6;17.12.2016 08:00;0,459199;
Benzol;1;17.12.2016 08:00;0,404714;
Benzol;3;17.12.2016 08:00;0,356107;
Benzol;9;17.12.2016 08:00;0,296923;
Benzol;2;17.12.2016 08:00;0,295403;
Benzol;7;17.12.2016 08:00;0,185986;
Anilin;7;17.12.2016 08:00;1,60857;
Anilin;9;17.12.2016 08:00;0,75032;
Anilin;5;17.12.2016 08:00;0,611969;
Anilin;2;17.12.2016 08:00;0,361685;
Anilin;1;17.12.2016 08:00;0,226585;
Anilin;3;17.12.2016 08:00;0,223157;
Anilin;8;17.12.2016 08:00;0,191604;
Anilin;6;17.12.2016 08:00;0,13166;
Natriumchlorid;4;17.12.2016 09:00;33,7335;
Natriumchlorid;4;17.12.2016 09:00;4,87518;
Natriumchlorid;3;17.12.2016 09:00;1,12193;
Natriumchlorid;7;17.12.2016 09:00;1,06523;
Natriumchlorid;8;17.12.2016 09:00;0,821497;
Natriumchlorid;6;17.12.2016 09:00;0,525122;
Natriumchlorid;5;17.12.2016 09:00;0,372422;
Natriumchlorid;2;17.12.2016 09:00;0,143464;
Natriumchlorid;9;17.12.2016 09:00;0,134072;
Natriumchlorid;1;17.12.2016 09:00;0,0290803;
Arsen;9;17.12.2016 09:00;6,37533;
Arsen;4;17.12.2016 09:00;1,62728;
Arsen;5;17.12.2016 09:00;1,2781;
Arsen;2;17.12.2016 09:00;0,597183;
Arsen;8;17.12.2016 09:00;0,379413;
Arsen;7;17.12.2016 09:00;0,255926;
Arsen;6;17.12.2016 09:00;0,168893;
Arsen;1;17.12.2016 09:00;0,0570643;
Arsen;3;17.12.2016 09:00;0,02318;
Benzol;4;17.12.2016 09:00;9,68716;
Benzol;3;17.12.2016 09:00;2,22524;
Benzol;5;17.12.2016 09:00;0,789187;
Benzol;9;17.12.2016 09:00;0,736574;
Benzol;6;17.12.2016 09:00;0,703151;
Benzol;1;17.12.2016 09:00;0,500286;
Benzol;8;17.12.2016 09:00;0,185411;
Benzol;2;17.12.2016 09:00;0,0687194;
Benzol;7;17.12.2016 09:00;0,0627053;
Anilin;9;17.12.2016 09:00;0,638582;
Anilin;2;17.12.2016 09:00;0,615414;
Anilin;8;17.12.2016 09:00;0,537951;
Anilin;5;17.12.2016 09:00;0,451704;
Anilin;3;17.12.2016 09:00;0,38145;
Anilin;1;17.12.2016 09:00;0,297457;
Anilin;6;17.12.2016 09:00;0,241264;
Anilin;7;17.12.2016 09:00;0,107083;
Natriumchlorid;4;17.12.2016 10:00;12,79345;
Natriumchlorid;4;17.12.2016 10:00;3,15612;
Natriumchlorid;2;17.12.2016 10:00;1,1935;
Natriumchlorid;5;17.12.2016 10:00;0,840433;
Natriumchlorid;3;17.12.2016 10:00;0,817851;
Natriumchlorid;6;17.12.2016 10:00;0,554371;
Natriumchlorid;9;17.12.2016 10:00;0,36989;
Natriumchlorid;7;17.12.2016 10:00;0,228685;
Natriumchlorid;1;17.12.2016 10:00;0,203404;
Natriumchlorid;8;17.12.2016 10:00;0,00932355;
Arsen;9;17.12.2016 10:00;2,75135;
Arsen;3;17.12.2016 10:00;2,49312;
Arsen;4;17.12.2016 10:00;2,03372;
Arsen;7;17.12.2016 10:00;0,768014;
Arsen;8;17.12.2016 10:00;0,726399;
Arsen;2;17.12.2016 10:00;0,647095;
Arsen;5;17.12.2016 10:00;0,548969;
Arsen;6;17.12.2016 10:00;0,541616;
Arsen;1;17.12.2016 10:00;0,195234;
Benzol;4;17.12.2016 10:00;2,78626;
Benzol;7;17.12.2016 10:00;1,76;
Benzol;3;17.12.2016 10:00;0,90086;
Benzol;5;17.12.2016 10:00;0,772242;
Benzol;6;17.12.2016 10:00;0,465398;
Benzol;2;17.12.2016 10:00;0,409518;
Benzol;8;17.12.2016 10:00;0,288586;
Benzol;1;17.12.2016 10:00;0,279583;
Benzol;9;17.12.2016 10:00;0,0791062;
Anilin;7;17.12.2016 10:00;0,87917;
Anilin;5;17.12.2016 10:00;0,739119;
Anilin;1;17.12.2016 10:00;0,618126;
Anilin;6;17.12.2016 10:00;0,427758;
Anilin;9;17.12.2016 10:00;0,375283;
Anilin;3;17.12.2016 10:00;0,250514;
Anilin;8;17.12.2016 10:00;0,130943;
Anilin;2;17.12.2016 10:00;0,0853194;
Natriumchlorid;5;17.12.2016 11:00;5,67035;
Natriumchlorid;4;17.12.2016 11:00;5,34453;
Natriumchlorid;4;17.12.2016 11:00;2,22878;
Natriumchlorid;7;17.12.2016 11:00;1,64495;
Natriumchlorid;9;17.12.2016 11:00;0,912372;
Natriumchlorid;6;17.12.2016 11:00;0,57481;
Natriumchlorid;2;17.12.2016 11:00;0,574131;
Natriumchlorid;3;17.12.2016 11:00;0,570448;
Natriumchlorid;8;17.12.2016 11:00;0,504115;
Natriumchlorid;1;17.12.2016 11:00;0,222854;
Arsen;3;17.12.2016 11:00;2,2269;
Arsen;4;17.12.2016 11:00;2,20116;
Arsen;5;17.12.2016 11:00;0,676871;
Arsen;7;17.12.2016 11:00;0,607143;
Arsen;8;17.12.2016 11:00;0,471849;
Arsen;6;17.12.2016 11:00;0,43507;
Arsen;2;17.12.2016 11:00;0,429609;
Arsen;9;17.12.2016 11:00;0,406976;
Arsen;1;17.12.2016 11:00;0,310186;
Benzol;4;17.12.2016 11:00;2,12386;
Benzol;3;17.12.2016 11:00;1,2266;
Benzol;7;17.12.2016 11:00;0,794154;
Benzol;8;17.12.2016 11:00;0,522015;
Benzol;5;17.12.2016 11:00;0,469154;
Benzol;2;17.12.2016 11:00;0,364782;
Benzol;6;17.12.2016 11:00;0,318908;
Benzol;9;17.12.2016 11:00;0,302517;
Benzol;1;17.12.2016 11:00;0,295755;
Anilin;3;17.12.2016 11:00;4,58488;
Anilin;9;17.12.2016 11:00;1,01979;
Anilin;6;17.12.2016 11:00;0,398447;
Anilin;8;17.12.2016 11:00;0,386546;
Anilin;7;17.12.2016 11:00;0,35927;
Anilin;1;17.12.2016 11:00;0,347677;
Anilin;5;17.12.2016 11:00;0,144897;
Anilin;2;17.12.2016 11:00;0,0692104;
Natriumchlorid;5;17.12.2016 12:00;3,98246;
Natriumchlorid;4;17.12.2016 12:00;1,68068;
Natriumchlorid;3;17.12.2016 12:00;0,972157;
Natriumchlorid;1;17.12.2016 12:00;0,340028;
Natriumchlorid;8;17.12.2016 12:00;0,317207;
Natriumchlorid;9;17.12.2016 12:00;0,254995;
Natriumchlorid;6;17.12.2016 12:00;0,231274;
Natriumchlorid;2;17.12.2016 12:00;0,0502967;
Natriumchlorid;7;17.12.2016 12:00;0,0337975;
Arsen;4;17.12.2016 12:00;1,93096;
Arsen;9;17.12.2016 12:00;1,35222;
Arsen;5;17.12.2016 12:00;1,19509;
Arsen;7;17.12.2016 12:00;0,98118;
Arsen;3;17.12.2016 12:00;0,776753;
Arsen;2;17.12.2016 12:00;0,430486;
Arsen;1;17.12.2016 12:00;0,319605;
Arsen;6;17.12.2016 12:00;0,317011;
Arsen;8;17.12.2016 12:00;0,03812;
Benzol;4;17.12.2016 12:00;1,92503;
Benzol;8;17.12.2016 12:00;0,519901;
Benzol;5;17.12.2016 12:00;0,486506;
Benzol;3;17.12.2016 12:00;0,440024;
Benzol;6;17.12.2016 12:00;0,37357;
Benzol;7;17.12.2016 12:00;0,324564;
Benzol;2;17.12.2016 12:00;0,216758;
Benzol;1;17.12.2016 12:00;0,210309;
Benzol;9;17.12.2016 12:00;0,190613;
Anilin;3;17.12.2016 12:00;2,53135;
Anilin;4;17.12.2016 12:00;1,8778;
Anilin;8;17.12.2016 12:00;0,685753;
Anilin;7;17.12.2016 12:00;0,43098;
Anilin;5;17.12.2016 12:00;0,391501;
Anilin;9;17.12.2016 12:00;0,36989;
Anilin;6;17.12.2016 12:00;0,254444;
Anilin;2;17.12.2016 12:00;0,123207;
Anilin;1;17.12.2016 12:00;0,0958277;
Natriumchlorid;5;17.12.2016 13:00;2,02562;
Natriumchlorid;4;17.12.2016 13:00;1,97762;
Natriumchlorid;6;17.12.2016 13:00;0,759716;
Natriumchlorid;8;17.12.2016 13:00;0,466507;
Natriumchlorid;7;17.12.2016 13:00;0,4036;
Natriumchlorid;2;17.12.2016 13:00;0,351418;
Natriumchlorid;9;17.12.2016 13:00;0,29165;
Natriumchlorid;3;17.12.2016 13:00;0,211114;
Natriumchlorid;1;17.12.2016 13:00;0,146421;
Arsen;4;17.12.2016 13:00;2,19856;
Arsen;8;17.12.2016 13:00;1,01624;
Arsen;3;17.12.2016 13:00;0,959743;
Arsen;9;17.12.2016 13:00;0,559296;
Arsen;6;17.12.2016 13:00;0,530394;
Arsen;7;17.12.2016 13:00;0,220233;
Arsen;1;17.12.2016 13:00;0,19606;
Arsen;2;17.12.2016 13:00;0,134672;
Arsen;5;17.12.2016 13:00;0,0786837;
Benzol;3;17.12.2016 13:00;2,46492;
Benzol;4;17.12.2016 13:00;1,78415;
Benzol;1;17.12.2016 13:00;0,423433;
Benzol;8;17.12.2016 13:00;0,38609;
Benzol;6;17.12.2016 13:00;0,287635;
Benzol;5;17.12.2016 13:00;0,212483;
Benzol;2;17.12.2016 13:00;0,157371;
Benzol;9;17.12.2016 13:00;0,12252;
Benzol;7;17.12.2016 13:00;0,108762;
Anilin;4;17.12.2016 13:00;2,03627;
Anilin;7;17.12.2016 13:00;1,36957;
Anilin;3;17.12.2016 13:00;1,28854;
Anilin;5;17.12.2016 13:00;1,04807;
Anilin;9;17.12.2016 13:00;0,694029;
Anilin;2;17.12.2016 13:00;0,369955;
Anilin;1;17.12.2016 13:00;0,23801;
Anilin;8;17.12.2016 13:00;0,200664;
Anilin;6;17.12.2016 13:00;0,178498;
Natriumchlorid;7;17.12.2016 14:00;3,80388;
Natriumchlorid;5;17.12.2016 14:00;2,32841;
Natriumchlorid;4;17.12.2016 14:00;2,10331;
Natriumchlorid;3;17.12.2016 14:00;1,63844;
Natriumchlorid;8;17.12.2016 14:00;0,45932;
Natriumchlorid;6;17.12.2016 14:00;0,28681;
Natriumchlorid;1;17.12.2016 14:00;0,147911;
Natriumchlorid;2;17.12.2016 14:00;0,113505;
Natriumchlorid;9;17.12.2016 14:00;0,0365979;
Arsen;3;17.12.2016 14:00;3,26743;
Arsen;4;17.12.2016 14:00;1,89271;
Arsen;7;17.12.2016 14:00;1,01733;
Arsen;9;17.12.2016 14:00;0,768129;
Arsen;8;17.12.2016 14:00;0,732584;
Arsen;6;17.12.2016 14:00;0,612893;
Arsen;2;17.12.2016 14:00;0,254899;
Arsen;5;17.12.2016 14:00;0,0766175;
Arsen;1;17.12.2016 14:00;0,0674411;
Benzol;4;17.12.2016 14:00;1,93321;
Benzol;3;17.12.2016 14:00;1,49201;
Benzol;9;17.12.2016 14:00;0,670632;
Benzol;7;17.12.2016 14:00;0,523278;
Benzol;1;17.12.2016 14:00;0,338954;
Benzol;5;17.12.2016 14:00;0,278351;
Benzol;6;17.12.2016 14:00;0,270116;
Benzol;2;17.12.2016 14:00;0,218596;
Benzol;8;17.12.2016 14:00;0,0452407;
Anilin;4;17.12.2016 14:00;2,08479;
Anilin;8;17.12.2016 14:00;1,52911;
Anilin;5;17.12.2016 14:00;1,45234;
Anilin;3;17.12.2016 14:00;0,911616;
Anilin;9;17.12.2016 14:00;0,675077;
Anilin;6;17.12.2016 14:00;0,471335;
Anilin;7;17.12.2016 14:00;0,214367;
Anilin;1;17.12.2016 14:00;0,157759;
Anilin;2;17.12.2016 14:00;0,00363782;
Natriumchlorid;5;17.12.2016 15:00;7,3247;
Natriumchlorid;3;17.12.2016 15:00;3,1582;
Natriumchlorid;4;17.12.2016 15:00;1,93161;
Natriumchlorid;9;17.12.2016 15:00;0,535912;
Natriumchlorid;6;17.12.2016 15:00;0,377577;
Natriumchlorid;7;17.12.2016 15:00;0,362177;
Natriumchlorid;2;17.12.2016 15:00;0,220832;
Natriumchlorid;8;17.12.2016 15:00;0,110005;
Natriumchlorid;1;17.12.2016 15:00;0,0832184;
Arsen;4;17.12.2016 15:00;2,05192;
Arsen;9;17.12.2016 15:00;1,05438;
Arsen;5;17.12.2016 15:00;0,507278;
Arsen;2;17.12.2016 15:00;0,404585;
Arsen;6;17.12.2016 15:00;0,38635;
Arsen;3;17.12.2016 15:00;0,323189;
Arsen;1;17.12.2016 15:00;0,260399;
Arsen;7;17.12.2016 15:00;0,105771;
Arsen;8;17.12.2016 15:00;0,0513216;
Benzol;4;17.12.2016 15:00;1,68604;
Benzol;8;17.12.2016 15:00;0,758355;
Benzol;1;17.12.2016 15:00;0,510495;
Benzol;9;17.12.2016 15:00;0,498848;
Benzol;6;17.12.2016 15:00;0,394055;
Benzol;2;17.12.2016 15:00;0,262849;
Benzol;7;17.12.2016 15:00;0,245753;
Benzol;3;17.12.2016 15:00;0,229463;
Benzol;5;17.12.2016 15:00;0,086201;
Anilin;4;17.12.2016 15:00;1,7694;
Anilin;9;17.12.2016 15:00;0,84699;
Anilin;2;17.12.2016 15:00;0,711073;
Anilin;3;17.12.2016 15:00;0,638555;
Anilin;8;17.12.2016 15:00;0,366224;
Anilin;6;17.12.2016 15:00;0,320864;
Anilin;7;17.12.2016 15:00;0,127244;
Anilin;1;17.12.2016 15:00;0,0697016;
Anilin;5;17.12.2016 15:00;0,0660426;
Natriumchlorid;5;17.12.2016 16:00;9,74998;
Natriumchlorid;4;17.12.2016 16:00;1,91897;
Natriumchlorid;3;17.12.2016 16:00;0,87712;
Natriumchlorid;8;17.12.2016 16:00;0,32644;
Natriumchlorid;6;17.12.2016 16:00;0,258148;
Natriumchlorid;1;17.12.2016 16:00;0,162473;
Natriumchlorid;2;17.12.2016 16:00;0,0786887;
Natriumchlorid;9;17.12.2016 16:00;0,0778267;
Natriumchlorid;7;17.12.2016 16:00;0,0132716;
Arsen;3;17.12.2016 16:00;3,37925;
Arsen;4;17.12.2016 16:00;2,15615;
Arsen;5;17.12.2016 16:00;1,20882;
Arsen;8;17.12.2016 16:00;0,841369;
Arsen;9;17.12.2016 16:00;0,377175;
Arsen;2;17.12.2016 16:00;0,220858;
Arsen;6;17.12.2016 16:00;0,166852;
Arsen;1;17.12.2016 16:00;0,0327112;
Arsen;7;17.12.2016 16:00;0,00313962;
Benzol;4;17.12.2016 16:00;2,0738;
Benzol;3;17.12.2016 16:00;2,01336;
Benzol;5;17.12.2016 16:00;0,953436;
Benzol;8;17.12.2016 16:00;0,896797;
Benzol;7;17.12.2016 16:00;0,620931;
Benzol;6;17.12.2016 16:00;0,350202;
Benzol;1;17.12.2016 16:00;0,250824;
Benzol;2;17.12.2016 16:00;0,231655;
Benzol;9;17.12.2016 16:00;0,189537;
Anilin;4;17.12.2016 16:00;2,06319;
Anilin;5;17.12.2016 16:00;0,968712;
Anilin;2;17.12.2016 16:00;0,587179;
Anilin;3;17.12.2016 16:00;0,413965;
Anilin;9;17.12.2016 16:00;0,379419;
Anilin;6;17.12.2016 16:00;0,369489;
Anilin;8;17.12.2016 16:00;0,274808;
Anilin;7;17.12.2016 16:00;0,268007;
Anilin;1;17.12.2016 16:00;0,183895;
Natriumchlorid;5;17.12.2016 17:00;2,49789;
Natriumchlorid;4;17.12.2016 17:00;1,80942;
Natriumchlorid;8;17.12.2016 17:00;1,02698;
Natriumchlorid;3;17.12.2016 17:00;0,658693;
Natriumchlorid;7;17.12.2016 17:00;0,554115;
Natriumchlorid;6;17.12.2016 17:00;0,23863;
Natriumchlorid;9;17.12.2016 17:00;0,231597;
Natriumchlorid;1;17.12.2016 17:00;0,170681;
Natriumchlorid;2;17.12.2016 17:00;0,0347557;
Arsen;4;17.12.2016 17:00;1,6354;
Arsen;9;17.12.2016 17:00;0,894297;
Arsen;1;17.12.2016 17:00;0,62548;
Arsen;5;17.12.2016 17:00;0,584171;
Arsen;8;17.12.2016 17:00;0,436356;
Arsen;7;17.12.2016 17:00;0,319089;
Arsen;6;17.12.2016 17:00;0,233275;
Arsen;3;17.12.2016 17:00;0,187666;
Arsen;2;17.12.2016 17:00;0,0188772;
Benzol;4;17.12.2016 17:00;2,02341;
Benzol;3;17.12.2016 17:00;1,5445;
Benzol;9;17.12.2016 17:00;1,17716;
Benzol;7;17.12.2016 17:00;0,787889;
Benzol;6;17.12.2016 17:00;0,72846;
Benzol;5;17.12.2016 17:00;0,595529;
Benzol;2;17.12.2016 17:00;0,588543;
Benzol;1;17.12.2016 17:00;0,446229;
Benzol;8;17.12.2016 17:00;0,268138;
Anilin;4;17.12.2016 17:00;1,92788;
Anilin;9;17.12.2016 17:00;1,3566;
Anilin;5;17.12.2016 17:00;0,742472;
Anilin;8;17.12.2016 17:00;0,206495;
Anilin;6;17.12.2016 17:00;0,169786;
Anilin;3;17.12.2016 17:00;0,166887;
Anilin;1;17.12.2016 17:00;0,0992043;
Anilin;2;17.12.2016 17:00;0,0950728;
Anilin;7;17.12.2016 17:00;0,0776062;
Natriumchlorid;7;17.12.2016 18:00;2,24784;
Natriumchlorid;4;17.12.2016 18:00;1,94256;
Natriumchlorid;3;17.12.2016 18:00;1,7198;
Natriumchlorid;9;17.12.2016 18:00;1,05234;
Natriumchlorid;8;17.12.2016 18:00;0,64163;
Natriumchlorid;2;17.12.2016 18:00;0,556714;
Natriumchlorid;1;17.12.2016 18:00;0,500949;
Natriumchlorid;5;17.12.2016 18:00;0,362823;
Natriumchlorid;6;17.12.2016 18:00;0,109063;
Arsen;3;17.12.2016 18:00;3,80337;
Arsen;4;17.12.2016 18:00;2,21737;
Arsen;8;17.12.2016 18:00;1,45092;
Arsen;7;17.12.2016 18:00;1,21686;
Arsen;5;17.12.2016 18:00;0,664603;
Arsen;9;17.12.2016 18:00;0,621844;
Arsen;2;17.12.2016 18:00;0,446089;
Arsen;6;17.12.2016 18:00;0,175018;
Arsen;1;17.12.2016 18:00;0,129228;
Benzol;4;17.12.2016 18:00;1,94979;
Benzol;7;17.12.2016 18:00;1,34539;
Benzol;6;17.12.2016 18:00;0,559934;
Benzol;3;17.12.2016 18:00;0,529372;
Benzol;9;17.12.2016 18:00;0,51375;
Benzol;8;17.12.2016 18:00;0,359402;
Benzol;2;17.12.2016 18:00;0,232517;
Benzol;1;17.12.2016 18:00;0,120616;
Benzol;5;17.12.2016 18:00;0,0322281;
Anilin;4;17.12.2016 18:00;1,99262;
Anilin;3;17.12.2016 18:00;1,66762;
Anilin;7;17.12.2016 18:00;0,967467;
Anilin;5;17.12.2016 18:00;0,655333;
Anilin;8;17.12.2016 18:00;0,553155;
Anilin;6;17.12.2016 18:00;0,246184;
Anilin;9;17.12.2016 18:00;0,221371;
Anilin;1;17.12.2016 18:00;0,0262536;
Anilin;2;17.12.2016 18:00;0,00218249;
Natriumchlorid;4;17.12.2016 19:00;2,20734;
Natriumchlorid;7;17.12.2016 19:00;1,29617;
Natriumchlorid;3;17.12.2016 19:00;0,823424;
Natriumchlorid;8;17.12.2016 19:00;0,572135;
Natriumchlorid;6;17.12.2016 19:00;0,408073;
Natriumchlorid;5;17.12.2016 19:00;0,185856;
Natriumchlorid;1;17.12.2016 19:00;0,178809;
Natriumchlorid;2;17.12.2016 19:00;0,133989;
Natriumchlorid;9;17.12.2016 19:00;0,125546;
Arsen;4;17.12.2016 19:00;1,84801;
Arsen;5;17.12.2016 19:00;0,771327;
Arsen;6;17.12.2016 19:00;0,671883;
Arsen;3;17.12.2016 19:00;0,658426;
Arsen;1;17.12.2016 19:00;0,418476;
Arsen;8;17.12.2016 19:00;0,264611;
Arsen;7;17.12.2016 19:00;0,183367;
Arsen;2;17.12.2016 19:00;0,087494;
Arsen;9;17.12.2016 19:00;0,0279595;
Benzol;4;17.12.2016 19:00;1,85464;
Benzol;9;17.12.2016 19:00;1,54667;
Benzol;7;17.12.2016 19:00;1,51153;
Benzol;3;17.12.2016 19:00;1,47724;
Benzol;5;17.12.2016 19:00;1,24209;
Benzol;8;17.12.2016 19:00;1,15851;
Benzol;1;17.12.2016 19:00;0,30057;
Benzol;6;17.12.2016 19:00;0,219515;
Benzol;2;17.12.2016 19:00;0,188593;
Anilin;4;17.12.2016 19:00;2,10908;
Anilin;5;17.12.2016 19:00;0,904157;
Anilin;8;17.12.2016 19:00;0,545674;
Anilin;1;17.12.2016 19:00;0,474723;
Anilin;3;17.12.2016 19:00;0,440152;
Anilin;6;17.12.2016 19:00;0,432432;
Anilin;2;17.12.2016 19:00;0,132584;
Anilin;7;17.12.2016 19:00;0,123907;
Anilin;9;17.12.2016 19:00;0,0483331;
Natriumchlorid;4;17.12.2016 20:00;2,04418;
Natriumchlorid;8;17.12.2016 20:00;0,871649;
Natriumchlorid;6;17.12.2016 20:00;0,459822;
Natriumchlorid;7;17.12.2016 20:00;0,438036;
Natriumchlorid;2;17.12.2016 20:00;0,327766;
Natriumchlorid;9;17.12.2016 20:00;0,313288;
Natriumchlorid;3;17.12.2016 20:00;0,144081;
Natriumchlorid;1;17.12.2016 20:00;0,0881452;
Natriumchlorid;5;17.12.2016 20:00;0,0606298;
Arsen;4;17.12.2016 20:00;1,75272;
Arsen;7;17.12.2016 20:00;0,860088;
Arsen;3;17.12.2016 20:00;0,817499;
Arsen;8;17.12.2016 20:00;0,763644;
Arsen;5;17.12.2016 20:00;0,352371;
Arsen;9;17.12.2016 20:00;0,348874;
Arsen;1;17.12.2016 20:00;0,316129;
Arsen;2;17.12.2016 20:00;0,105866;
Arsen;6;17.12.2016 20:00;0,0724209;
Benzol;3;17.12.2016 20:00;2,54415;
Benzol;4;17.12.2016 20:00;1,93383;
Benzol;7;17.12.2016 20:00;1,59823;
Benzol;5;17.12.2016 20:00;1,05234;
Benzol;2;17.12.2016 20:00;0,821298;
Benzol;6;17.12.2016 20:00;0,695008;
Benzol;9;17.12.2016 20:00;0,316555;
Benzol;8;17.12.2016 20:00;0,208353;
Benzol;1;17.12.2016 20:00;0,0618226;
Anilin;4;17.12.2016 20:00;2,09699;
Anilin;7;17.12.2016 20:00;1,28679;
Anilin;3;17.12.2016 20:00;1,17436;
Anilin;5;17.12.2016 20:00;0,799661;
Anilin;8;17.12.2016 20:00;0,480325;
Anilin;6;17.12.2016 20:00;0,342557;
Anilin;1;17.12.2016 20:00;0,200956;
Anilin;2;17.12.2016 20:00;0,158417;
Anilin;9;17.12.2016 20:00;0,11969;
Natriumchlorid;5;17.12.2016 21:00;5,36797;
Natriumchlorid;4;17.12.2016 21:00;1,83487;
Natriumchlorid;8;17.12.2016 21:00;1,09367;
Natriumchlorid;3;17.12.2016 21:00;0,795195;
Natriumchlorid;9;17.12.2016 21:00;0,786208;
Natriumchlorid;7;17.12.2016 21:00;0,646587;
Natriumchlorid;2;17.12.2016 21:00;0,533103;
Natriumchlorid;1;17.12.2016 21:00;0,361773;
Natriumchlorid;6;17.12.2016 21:00;0,31801;
Arsen;4;17.12.2016 21:00;1,96647;
Arsen;3;17.12.2016 21:00;0,848337;
Arsen;2;17.12.2016 21:00;0,643003;
Arsen;9;17.12.2016 21:00;0,409803;
Arsen;8;17.12.2016 21:00;0,394997;
Arsen;5;17.12.2016 21:00;0,384458;
Arsen;1;17.12.2016 21:00;0,230124;
Arsen;6;17.12.2016 21:00;0,214469;
Arsen;7;17.12.2016 21:00;0,101176;
Benzol;7;17.12.2016 21:00;2,43828;
Benzol;4;17.12.2016 21:00;1,92352;
Benzol;9;17.12.2016 21:00;1,14872;
Benzol;8;17.12.2016 21:00;0,760188;
Benzol;3;17.12.2016 21:00;0,729248;
Benzol;5;17.12.2016 21:00;0,349458;
Benzol;2;17.12.2016 21:00;0,293295;
Benzol;1;17.12.2016 21:00;0,128861;
Benzol;6;17.12.2016 21:00;0,0818242;
Anilin;3;17.12.2016 21:00;2,25543;
Anilin;4;17.12.2016 21:00;1,95724;
Anilin;7;17.12.2016 21:00;0,914647;
Anilin;8;17.12.2016 21:00;0,62087;
Anilin;5;17.12.2016 21:00;0,528485;
Anilin;6;17.12.2016 21:00;0,305804;
Anilin;9;17.12.2016 21:00;0,286706;
Anilin;2;17.12.2016 21:00;0,257804;
Anilin;1;17.12.2016 21:00;0,0730822;
Natriumchlorid;4;17.12.2016 22:00;3,52278;
Natriumchlorid;2;17.12.2016 22:00;0,743379;
Natriumchlorid;8;17.12.2016 22:00;0,467236;
Natriumchlorid;9;17.12.2016 22:00;0,397744;
Natriumchlorid;1;17.12.2016 22:00;0,283256;
Natriumchlorid;6;17.12.2016 22:00;0,19224;
Natriumchlorid;7;17.12.2016 22:00;0,148942;
Natriumchlorid;5;17.12.2016 22:00;0,0699205;
Natriumchlorid;3;17.12.2016 22:00;0,057989;
Arsen;4;17.12.2016 22:00;2,09816;
Arsen;7;17.12.2016 22:00;1,70762;
Arsen;8;17.12.2016 22:00;1,16375;
Arsen;9;17.12.2016 22:00;0,389958;
Arsen;1;17.12.2016 22:00;0,351359;
Arsen;6;17.12.2016 22:00;0,317061;
Arsen;2;17.12.2016 22:00;0,244383;
Arsen;5;17.12.2016 22:00;0,226867;
Arsen;3;17.12.2016 22:00;0,0393411;
Benzol;4;17.12.2016 22:00;7,3485;
Benzol;3;17.12.2016 22:00;0,879214;
Benzol;7;17.12.2016 22:00;0,792767;
Benzol;5;17.12.2016 22:00;0,64437;
Benzol;6;17.12.2016 22:00;0,452422;
Benzol;9;17.12.2016 22:00;0,422783;
Benzol;2;17.12.2016 22:00;0,416181;
Benzol;8;17.12.2016 22:00;0,386916;
Benzol;1;17.12.2016 22:00;0,0163215;
Anilin;4;17.12.2016 22:00;17,68848;
Anilin;7;17.12.2016 22:00;0,50889;
Anilin;3;17.12.2016 22:00;0,468786;
Anilin;5;17.12.2016 22:00;0,407763;
Anilin;9;17.12.2016 22:00;0,404531;
Anilin;1;17.12.2016 22:00;0,334643;
Anilin;2;17.12.2016 22:00;0,28792;
Anilin;6;17.12.2016 22:00;0,213432;
Anilin;8;17.12.2016 22:00;0,154022;
Natriumchlorid;4;17.12.2016 23:00;2,51718;
Natriumchlorid;5;17.12.2016 23:00;1,85077;
Natriumchlorid;3;17.12.2016 23:00;1,60574;
Natriumchlorid;8;17.12.2016 23:00;1,30332;
Natriumchlorid;1;17.12.2016 23:00;0,403991;
Natriumchlorid;9;17.12.2016 23:00;0,391696;
Natriumchlorid;6;17.12.2016 23:00;0,278118;
Natriumchlorid;2;17.12.2016 23:00;0,25629;
Natriumchlorid;7;17.12.2016 23:00;0,056275;
Arsen;4;17.12.2016 23:00;1,8411;
Arsen;3;17.12.2016 23:00;1,51152;
Arsen;8;17.12.2016 23:00;1,32234;
Arsen;2;17.12.2016 23:00;0,459427;
Arsen;7;17.12.2016 23:00;0,343141;
Arsen;6;17.12.2016 23:00;0,312706;
Arsen;9;17.12.2016 23:00;0,241779;
Arsen;5;17.12.2016 23:00;0,206595;
Arsen;1;17.12.2016 23:00;0,0122939;
Benzol;4;17.12.2016 23:00;4,05706;
Benzol;3;17.12.2016 23:00;1,22158;
Benzol;8;17.12.2016 23:00;1,04915;
Benzol;5;17.12.2016 23:00;0,631154;
Benzol;7;17.12.2016 23:00;0,56909;
Benzol;2;17.12.2016 23:00;0,310905;
Benzol;1;17.12.2016 23:00;0,277071;
Benzol;6;17.12.2016 23:00;0,272187;
Benzol;9;17.12.2016 23:00;0,0967937;
Anilin;4;17.12.2016 23:00;7,31087;
Anilin;3;17.12.2016 23:00;1,92983;
Anilin;5;17.12.2016 23:00;1,0541;
Anilin;9;17.12.2016 23:00;0,66764;
Anilin;8;17.12.2016 23:00;0,27821;
Anilin;6;17.12.2016 23:00;0,219791;
Anilin;1;17.12.2016 23:00;0,152975;
Anilin;7;17.12.2016 23:00;0,11099;
Anilin;2;17.12.2016 23:00;0,0320767;
Natriumchlorid;4;18.12.2016 00:00;2,18266;
Natriumchlorid;3;18.12.2016 00:00;1,74153;
Natriumchlorid;5;18.12.2016 00:00;0,806052;
Natriumchlorid;6;18.12.2016 00:00;0,474245;
Natriumchlorid;8;18.12.2016 00:00;0,174912;
Natriumchlorid;7;18.12.2016 00:00;0,160206;
Natriumchlorid;1;18.12.2016 00:00;0,143386;
Natriumchlorid;9;18.12.2016 00:00;0,0215543;
Natriumchlorid;2;18.12.2016 00:00;0,0122251;
Arsen;4;18.12.2016 00:00;2,01653;
Arsen;3;18.12.2016 00:00;1,98291;
Arsen;5;18.12.2016 00:00;1,7678;
Arsen;7;18.12.2016 00:00;0,808945;
Arsen;6;18.12.2016 00:00;0,800618;
Arsen;9;18.12.2016 00:00;0,756098;
Arsen;8;18.12.2016 00:00;0,688524;
Arsen;2;18.12.2016 00:00;0,34663;
Arsen;1;18.12.2016 00:00;0,342423;
Benzol;4;18.12.2016 00:00;1,76121;
Benzol;3;18.12.2016 00:00;1,30274;
Benzol;5;18.12.2016 00:00;1,073;
Benzol;2;18.12.2016 00:00;0,71253;
Benzol;1;18.12.2016 00:00;0,554445;
Benzol;8;18.12.2016 00:00;0,515874;
Benzol;9;18.12.2016 00:00;0,386061;
Benzol;6;18.12.2016 00:00;0,177649;
Benzol;7;18.12.2016 00:00;0,114596;
Anilin;4;18.12.2016 00:00;1,85829;
Anilin;3;18.12.2016 00:00;0,871205;
Anilin;7;18.12.2016 00:00;0,593057;
Anilin;6;18.12.2016 00:00;0,571251;
Anilin;9;18.12.2016 00:00;0,183084;
Anilin;8;18.12.2016 00:00;0,124078;
Anilin;1;18.12.2016 00:00;0,075907;
Anilin;2;18.12.2016 00:00;0,0339217;
Anilin;5;18.12.2016 00:00;0,0230968;
Natriumchlorid;3;18.12.2016 01:00;2,40649;
Natriumchlorid;4;18.12.2016 01:00;2,05998;
Natriumchlorid;5;18.12.2016 01:00;0,894161;
Natriumchlorid;8;18.12.2016 01:00;0,635926;
Natriumchlorid;7;18.12.2016 01:00;0,610383;
Natriumchlorid;2;18.12.2016 01:00;0,334352;
Natriumchlorid;1;18.12.2016 01:00;0,281545;
Natriumchlorid;9;18.12.2016 01:00;0,218033;
Natriumchlorid;6;18.12.2016 01:00;0,118312;
Arsen;3;18.12.2016 01:00;3,17983;
Arsen;4;18.12.2016 01:00;2,07122;
Arsen;9;18.12.2016 01:00;1,42197;
Arsen;5;18.12.2016 01:00;0,623855;
Arsen;8;18.12.2016 01:00;0,560093;
Arsen;6;18.12.2016 01:00;0,554701;
Arsen;7;18.12.2016 01:00;0,381918;
Arsen;2;18.12.2016 01:00;0,37029;
Arsen;1;18.12.2016 01:00;0,197345;
Benzol;7;18.12.2016 01:00;4,17836;
Benzol;3;18.12.2016 01:00;2,75561;
Benzol;4;18.12.2016 01:00;1,95183;
Benzol;8;18.12.2016 01:00;0,782457;
Benzol;9;18.12.2016 01:00;0,568691;
Benzol;6;18.12.2016 01:00;0,359588;
Benzol;2;18.12.2016 01:00;0,284461;
Benzol;1;18.12.2016 01:00;0,131625;
Benzol;5;18.12.2016 01:00;0,0708282;
Anilin;4;18.12.2016 01:00;1,84447;
Anilin;3;18.12.2016 01:00;0,699875;
Anilin;6;18.12.2016 01:00;0,57103;
Anilin;8;18.12.2016 01:00;0,526253;
Anilin;2;18.12.2016 01:00;0,51176;
Anilin;1;18.12.2016 01:00;0,495782;
Anilin;5;18.12.2016 01:00;0,419852;
Anilin;9;18.12.2016 01:00;0,2489;
Anilin;7;18.12.2016 01:00;0,153123;
Natriumchlorid;4;18.12.2016 02:00;1,79106;
Natriumchlorid;3;18.12.2016 02:00;1,15288;
Natriumchlorid;5;18.12.2016 02:00;0,723251;
Natriumchlorid;9;18.12.2016 02:00;0,591124;
Natriumchlorid;6;18.12.2016 02:00;0,481574;
Natriumchlorid;1;18.12.2016 02:00;0,294453;
Natriumchlorid;7;18.12.2016 02:00;0,218184;
Natriumchlorid;8;18.12.2016 02:00;0,2098;
Natriumchlorid;2;18.12.2016 02:00;0,056151;
Arsen;4;18.12.2016 02:00;2,07176;
Arsen;3;18.12.2016 02:00;1,80435;
Arsen;7;18.12.2016 02:00;0,863279;
Arsen;6;18.12.2016 02:00;0,595452;
Arsen;9;18.12.2016 02:00;0,574884;
Arsen;8;18.12.2016 02:00;0,359525;
Arsen;1;18.12.2016 02:00;0,280693;
Arsen;2;18.12.2016 02:00;0,027602;
Arsen;5;18.12.2016 02:00;0,0186796;
Benzol;3;18.12.2016 02:00;2,61908;
Benzol;4;18.12.2016 02:00;2,07405;
Benzol;9;18.12.2016 02:00;0,609185;
Benzol;1;18.12.2016 02:00;0,420825;
Benzol;6;18.12.2016 02:00;0,296433;
Benzol;2;18.12.2016 02:00;0,275024;
Benzol;7;18.12.2016 02:00;0,243143;
Benzol;8;18.12.2016 02:00;0,114483;
Benzol;5;18.12.2016 02:00;0,00835205;
Anilin;3;18.12.2016 02:00;2,22635;
Anilin;4;18.12.2016 02:00;2,11611;
Anilin;5;18.12.2016 02:00;1,18608;
Anilin;9;18.12.2016 02:00;0,812747;
Anilin;2;18.12.2016 02:00;0,707632;
Anilin;6;18.12.2016 02:00;0,528414;
Anilin;1;18.12.2016 02:00;0,433904;
Anilin;7;18.12.2016 02:00;0,303535;
Anilin;8;18.12.2016 02:00;0,162068;
Natriumchlorid;3;18.12.2016 03:00;2,17545;
Natriumchlorid;4;18.12.2016 03:00;1,78864;
Natriumchlorid;5;18.12.2016 03:00;0,705305;
Natriumchlorid;6;18.12.2016 03:00;0,676463;
Natriumchlorid;7;18.12.2016 03:00;0,623279;
Natriumchlorid;2;18.12.2016 03:00;0,580707;
Natriumchlorid;9;18.12.2016 03:00;0,54097;
Natriumchlorid;8;18.12.2016 03:00;0,100126;
Natriumchlorid;1;18.12.2016 03:00;0,0943274;
Arsen;4;18.12.2016 03:00;2,0905;
Arsen;7;18.12.2016 03:00;0,704344;
Arsen;2;18.12.2016 03:00;0,57045;
Arsen;6;18.12.2016 03:00;0,359916;
Arsen;9;18.12.2016 03:00;0,311306;
Arsen;3;18.12.2016 03:00;0,225743;
Arsen;1;18.12.2016 03:00;0,203737;
Arsen;5;18.12.2016 03:00;0,17302;
Arsen;8;18.12.2016 03:00;0,0511749;
Benzol;4;18.12.2016 03:00;2,24163;
Benzol;3;18.12.2016 03:00;0,963873;
Benzol;2;18.12.2016 03:00;0,935919;
Benzol;6;18.12.2016 03:00;0,567832;
Benzol;7;18.12.2016 03:00;0,454472;
Benzol;5;18.12.2016 03:00;0,342425;
Benzol;8;18.12.2016 03:00;0,224694;
Benzol;1;18.12.2016 03:00;0,101491;
Benzol;9;18.12.2016 03:00;0,0059528;
Anilin;4;18.12.2016 03:00;2,09649;
Anilin;3;18.12.2016 03:00;1,22279;
Anilin;9;18.12.2016 03:00;0,907106;
Anilin;5;18.12.2016 03:00;0,557343;
Anilin;6;18.12.2016 03:00;0,401997;
Anilin;7;18.12.2016 03:00;0,229638;
Anilin;2;18.12.2016 03:00;0,14725;
Anilin;1;18.12.2016 03:00;0,122467;
Anilin;8;18.12.2016 03:00;0,0244939;
Natriumchlorid;7;18.12.2016 04:00;2,65095;
Natriumchlorid;4;18.12.2016 04:00;2,4333;
Natriumchlorid;5;18.12.2016 04:00;1,5367;
Natriumchlorid;3;18.12.2016 04:00;0,930471;
Natriumchlorid;6;18.12.2016 04:00;0,589041;
Natriumchlorid;9;18.12.2016 04:00;0,35181;
Natriumchlorid;8;18.12.2016 04:00;0,30113;
Natriumchlorid;2;18.12.2016 04:00;0,0833885;
Natriumchlorid;1;18.12.2016 04:00;0,00797202;
Arsen;4;18.12.2016 04:00;1,99995;
Arsen;3;18.12.2016 04:00;0,302872;
Arsen;5;18.12.2016 04:00;0,299164;
Arsen;9;18.12.2016 04:00;0,256654;
Arsen;6;18.12.2016 04:00;0,202565;
Arsen;1;18.12.2016 04:00;0,177393;
Arsen;8;18.12.2016 04:00;0,0413244;
Arsen;2;18.12.2016 04:00;0,0272278;
Arsen;7;18.12.2016 04:00;0,0162202;
Benzol;4;18.12.2016 04:00;2,10997;
Benzol;3;18.12.2016 04:00;1,3956;
Benzol;9;18.12.2016 04:00;0,830169;
Benzol;6;18.12.2016 04:00;0,643093;
Benzol;2;18.12.2016 04:00;0,343551;
Benzol;8;18.12.2016 04:00;0,272782;
Benzol;5;18.12.2016 04:00;0,249533;
Benzol;7;18.12.2016 04:00;0,205017;
Benzol;1;18.12.2016 04:00;0,0512153;
Anilin;3;18.12.2016 04:00;2,08617;
Anilin;4;18.12.2016 04:00;1,91373;
Anilin;5;18.12.2016 04:00;1,04318;
Anilin;9;18.12.2016 04:00;0,654506;
Anilin;1;18.12.2016 04:00;0,467253;
Anilin;7;18.12.2016 04:00;0,44766;
Anilin;2;18.12.2016 04:00;0,289714;
Anilin;8;18.12.2016 04:00;0,205531;
Anilin;6;18.12.2016 04:00;0,134825;
Natriumchlorid;4;18.12.2016 05:00;4,54959;
Natriumchlorid;7;18.12.2016 05:00;0,826109;
Natriumchlorid;9;18.12.2016 05:00;0,638822;
Natriumchlorid;5;18.12.2016 05:00;0,523985;
Natriumchlorid;2;18.12.2016 05:00;0,444058;
Natriumchlorid;3;18.12.2016 05:00;0,306658;
Natriumchlorid;1;18.12.2016 05:00;0,284459;
Natriumchlorid;6;18.12.2016 05:00;0,171498;
Natriumchlorid;8;18.12.2016 05:00;0,136455;
Arsen;9;18.12.2016 05:00;5,94234;
Arsen;4;18.12.2016 05:00;2,08309;
Arsen;3;18.12.2016 05:00;0,659893;
Arsen;8;18.12.2016 05:00;0,504115;
Arsen;2;18.12.2016 05:00;0,427611;
Arsen;7;18.12.2016 05:00;0,396534;
Arsen;6;18.12.2016 05:00;0,225392;
Arsen;1;18.12.2016 05:00;0,0458382;
Arsen;5;18.12.2016 05:00;0,0347582;
Benzol;4;18.12.2016 05:00;10,35942;
Benzol;3;18.12.2016 05:00;1,40073;
Benzol;7;18.12.2016 05:00;1,223;
Benzol;5;18.12.2016 05:00;0,789576;
Benzol;6;18.12.2016 05:00;0,484208;
Benzol;1;18.12.2016 05:00;0,405257;
Benzol;2;18.12.2016 05:00;0,145113;
Benzol;9;18.12.2016 05:00;0,0662286;
Benzol;8;18.12.2016 05:00;0,049438;
Anilin;4;18.12.2016 05:00;26,91111;
Anilin;3;18.12.2016 05:00;3,10509;
Anilin;5;18.12.2016 05:00;1,61765;
Anilin;8;18.12.2016 05:00;0,880031;
Anilin;9;18.12.2016 05:00;0,532428;
Anilin;2;18.12.2016 05:00;0,526399;
Anilin;7;18.12.2016 05:00;0,45092;
Anilin;6;18.12.2016 05:00;0,263547;
Anilin;1;18.12.2016 05:00;0,093852;
Natriumchlorid;4;18.12.2016 06:00;12,50299;
Natriumchlorid;4;18.12.2016 06:00;2,84249;
Natriumchlorid;7;18.12.2016 06:00;1,15614;
Natriumchlorid;3;18.12.2016 06:00;0,894884;
Natriumchlorid;9;18.12.2016 06:00;0,463234;
Natriumchlorid;1;18.12.2016 06:00;0,352892;
Natriumchlorid;8;18.12.2016 06:00;0,321205;
Natriumchlorid;6;18.12.2016 06:00;0,175179;
Natriumchlorid;5;18.12.2016 06:00;0,0971528;
Natriumchlorid;2;18.12.2016 06:00;0,0452636;
Arsen;9;18.12.2016 06:00;4,69716;
Arsen;4;18.12.2016 06:00;2,07464;
Arsen;3;18.12.2016 06:00;1,10884;
Arsen;7;18.12.2016 06:00;0,92228;
Arsen;2;18.12.2016 06:00;0,733156;
Arsen;5;18.12.2016 06:00;0,724779;
Arsen;1;18.12.2016 06:00;0,430452;
Arsen;8;18.12.2016 06:00;0,36825;
Arsen;6;18.12.2016 06:00;0,226888;
Benzol;4;18.12.2016 06:00;5,76956;
Benzol;7;18.12.2016 06:00;1,49511;
Benzol;9;18.12.2016 06:00;0,788505;
Benzol;6;18.12.2016 06:00;0,583703;
Benzol;3;18.12.2016 06:00;0,550174;
Benzol;8;18.12.2016 06:00;0,189815;
Benzol;5;18.12.2016 06:00;0,15216;
Benzol;1;18.12.2016 06:00;0,140897;
Benzol;2;18.12.2016 06:00;0,0699459;
Anilin;7;18.12.2016 06:00;1,98164;
Anilin;3;18.12.2016 06:00;1,26068;
Anilin;8;18.12.2016 06:00;0,465917;
Anilin;9;18.12.2016 06:00;0,465168;
Anilin;2;18.12.2016 06:00;0,465156;
Anilin;5;18.12.2016 06:00;0,423882;
Anilin;1;18.12.2016 06:00;0,312651;
Anilin;6;18.12.2016 06:00;0,180633;
Natriumchlorid;4;18.12.2016 07:00;29,80038;
Natriumchlorid;4;18.12.2016 07:00;4,24355;
Natriumchlorid;3;18.12.2016 07:00;1,30811;
Natriumchlorid;8;18.12.2016 07:00;1,18486;
Natriumchlorid;7;18.12.2016 07:00;0,670786;
Natriumchlorid;9;18.12.2016 07:00;0,524803;
Natriumchlorid;6;18.12.2016 07:00;0,498889;
Natriumchlorid;5;18.12.2016 07:00;0,495865;
Natriumchlorid;1;18.12.2016 07:00;0,437241;
Natriumchlorid;2;18.12.2016 07:00;0,0590878;
Arsen;9;18.12.2016 07:00;3,0636;
Arsen;4;18.12.2016 07:00;2,29564;
Arsen;3;18.12.2016 07:00;0,972307;
Arsen;6;18.12.2016 07:00;0,535508;
Arsen;5;18.12.2016 07:00;0,40037;
Arsen;7;18.12.2016 07:00;0,386897;
Arsen;1;18.12.2016 07:00;0,0564708;
Arsen;2;18.12.2016 07:00;0,0522938;
Arsen;8;18.12.2016 07:00;0,0139504;
Benzol;4;18.12.2016 07:00;5,11535;
Benzol;3;18.12.2016 07:00;1,69674;
Benzol;5;18.12.2016 07:00;0,934852;
Benzol;8;18.12.2016 07:00;0,609729;
Benzol;2;18.12.2016 07:00;0,525077;
Benzol;6;18.12.2016 07:00;0,260929;
Benzol;7;18.12.2016 07:00;0,177382;
Benzol;1;18.12.2016 07:00;0,0672155;
Benzol;9;18.12.2016 07:00;0,0511271;
Anilin;3;18.12.2016 07:00;6,9696;
Anilin;9;18.12.2016 07:00;1,09733;
Anilin;7;18.12.2016 07:00;0,769167;
Anilin;6;18.12.2016 07:00;0,51499;
Anilin;1;18.12.2016 07:00;0,35324;
Anilin;2;18.12.2016 07:00;0,26226;
Anilin;5;18.12.2016 07:00;0,0453294;
Anilin;8;18.12.2016 07:00;0,00312261;
Natriumchlorid;4;18.12.2016 08:00;48,01808;
Natriumchlorid;4;18.12.2016 08:00;6,28085;
Natriumchlorid;3;18.12.2016 08:00;3,60658;
Natriumchlorid;7;18.12.2016 08:00;1,59173;
Natriumchlorid;8;18.12.2016 08:00;1,1803;
Natriumchlorid;6;18.12.2016 08:00;0,927914;
Natriumchlorid;9;18.12.2016 08:00;0,850779;
Natriumchlorid;5;18.12.2016 08:00;0,681898;
Natriumchlorid;2;18.12.2016 08:00;0,450988;
Natriumchlorid;1;18.12.2016 08:00;0,180223;
Arsen;3;18.12.2016 08:00;6,02975;
Arsen;9;18.12.2016 08:00;5,90876;
Arsen;4;18.12.2016 08:00;1,91146;
Arsen;6;18.12.2016 08:00;0,652996;
Arsen;5;18.12.2016 08:00;0,550172;
Arsen;2;18.12.2016 08:00;0,342279;
Arsen;8;18.12.2016 08:00;0,296707;
Arsen;7;18.12.2016 08:00;0,0881098;
Arsen;1;18.12.2016 08:00;0,0260851;
Benzol;4;18.12.2016 08:00;14,58982;
Benzol;3;18.12.2016 08:00;2,04555;
Benzol;7;18.12.2016 08:00;0,820211;
Benzol;6;18.12.2016 08:00;0,779347;
Benzol;8;18.12.2016 08:00;0,580802;
Benzol;9;18.12.2016 08:00;0,550944;
Benzol;2;18.12.2016 08:00;0,239768;
Benzol;5;18.12.2016 08:00;0,0863238;
Benzol;1;18.12.2016 08:00;0,0338734;
Anilin;3;18.12.2016 08:00;0,806768;
Anilin;6;18.12.2016 08:00;0,734378;
Anilin;2;18.12.2016 08:00;0,617203;
Anilin;5;18.12.2016 08:00;0,575389;
Anilin;7;18.12.2016 08:00;0,413002;
Anilin;9;18.12.2016 08:00;0,362974;
Anilin;1;18.12.2016 08:00;0,0787483;
Anilin;8;18.12.2016 08:00;0,021391;
Natriumchlorid;4;18.12.2016 09:00;65,71898;
Natriumchlorid;4;18.12.2016 09:00;8,63325;
Natriumchlorid;9;18.12.2016 09:00;1,03118;
Natriumchlorid;3;18.12.2016 09:00;0,816231;
Natriumchlorid;7;18.12.2016 09:00;0,704178;
Natriumchlorid;5;18.12.2016 09:00;0,602491;
Natriumchlorid;2;18.12.2016 09:00;0,559134;
Natriumchlorid;6;18.12.2016 09:00;0,287385;
Natriumchlorid;8;18.12.2016 09:00;0,184951;
Natriumchlorid;1;18.12.2016 09:00;0,0533716;
Arsen;9;18.12.2016 09:00;7,63828;
Arsen;4;18.12.2016 09:00;2,02136;
Arsen;3;18.12.2016 09:00;1,57129;
Arsen;5;18.12.2016 09:00;0,73885;
Arsen;8;18.12.2016 09:00;0,723546;
Arsen;2;18.12.2016 09:00;0,717861;
Arsen;7;18.12.2016 09:00;0,383329;
Arsen;6;18.12.2016 09:00;0,281928;
Arsen;1;18.12.2016 09:00;0,149239;
Benzol;4;18.12.2016 09:00;6,30905;
Benzol;9;18.12.2016 09:00;0,857265;
Benzol;5;18.12.2016 09:00;0,845613;
Benzol;3;18.12.2016 09:00;0,639113;
Benzol;1;18.12.2016 09:00;0,319496;
Benzol;6;18.12.2016 09:00;0,316527;
Benzol;8;18.12.2016 09:00;0,206688;
Benzol;2;18.12.2016 09:00;0,174795;
Benzol;7;18.12.2016 09:00;0,107004;
Anilin;3;18.12.2016 09:00;1,06071;
Anilin;7;18.12.2016 09:00;0,946995;
Anilin;5;18.12.2016 09:00;0,840268;
Anilin;2;18.12.2016 09:00;0,622565;
Anilin;6;18.12.2016 09:00;0,411611;
Anilin;1;18.12.2016 09:00;0,310881;
Anilin;8;18.12.2016 09:00;0,290907;
Anilin;9;18.12.2016 09:00;0,0608118;
Natriumchlorid;4;18.12.2016 10:00;7,48792;
Natriumchlorid;4;18.12.2016 10:00;2,80699;
Natriumchlorid;3;18.12.2016 10:00;1,0672;
Natriumchlorid;6;18.12.2016 10:00;0,770567;
Natriumchlorid;7;18.12.2016 10:00;0,719551;
Natriumchlorid;5;18.12.2016 10:00;0,611976;
Natriumchlorid;2;18.12.2016 10:00;0,238754;
Natriumchlorid;1;18.12.2016 10:00;0,219838;
Natriumchlorid;9;18.12.2016 10:00;0,128527;
Natriumchlorid;8;18.12.2016 10:00;0,0213437;
Arsen;9;18.12.2016 10:00;3,99617;
Arsen;5;18.12.2016 10:00;2,12857;
Arsen;4;18.12.2016 10:00;1,90766;
Arsen;3;18.12.2016 10:00;1,25608;
Arsen;6;18.12.2016 10:00;0,591785;
Arsen;8;18.12.2016 10:00;0,306548;
Arsen;2;18.12.2016 10:00;0,182022;
Arsen;1;18.12.2016 10:00;0,0266203;
Arsen;7;18.12.2016 10:00;0,0197166;
Benzol;4;18.12.2016 10:00;1,94042;
Benzol;5;18.12.2016 10:00;1,01466;
Benzol;3;18.12.2016 10:00;0,99937;
Benzol;8;18.12.2016 10:00;0,891546;
Benzol;6;18.12.2016 10:00;0,429134;
Benzol;7;18.12.2016 10:00;0,401383;
Benzol;1;18.12.2016 10:00;0,380714;
Benzol;9;18.12.2016 10:00;0,228353;
Benzol;2;18.12.2016 10:00;0,204396;
Anilin;8;18.12.2016 10:00;0,54065;
Anilin;3;18.12.2016 10:00;0,419933;
Anilin;1;18.12.2016 10:00;0,288069;
Anilin;7;18.12.2016 10:00;0,252242;
Anilin;6;18.12.2016 10:00;0,23182;
Anilin;9;18.12.2016 10:00;0,118761;
Anilin;5;18.12.2016 10:00;0,0932345;
Anilin;2;18.12.2016 10:00;0,0447596;
Natriumchlorid;7;18.12.2016 11:00;2,4259;
Natriumchlorid;4;18.12.2016 11:00;2,04384;
Natriumchlorid;9;18.12.2016 11:00;1,89233;
Natriumchlorid;6;18.12.2016 11:00;0,891884;
Natriumchlorid;8;18.12.2016 11:00;0,467876;
Natriumchlorid;3;18.12.2016 11:00;0,425079;
Natriumchlorid;2;18.12.2016 11:00;0,386855;
Natriumchlorid;5;18.12.2016 11:00;0,385012;
Natriumchlorid;1;18.12.2016 11:00;0,384376;
Arsen;4;18.12.2016 11:00;1,79258;
Arsen;8;18.12.2016 11:00;0,943072;
Arsen;9;18.12.2016 11:00;0,611157;
Arsen;3;18.12.2016 11:00;0,539035;
Arsen;5;18.12.2016 11:00;0,423771;
Arsen;2;18.12.2016 11:00;0,353023;
Arsen;6;18.12.2016 11:00;0,34639;
Arsen;1;18.12.2016 11:00;0,268992;
Arsen;7;18.12.2016 11:00;0,244958;
Benzol;4;18.12.2016 11:00;1,71561;
Benzol;8;18.12.2016 11:00;1,14982;
Benzol;5;18.12.2016 11:00;0,690037;
Benzol;3;18.12.2016 11:00;0,427343;
Benzol;6;18.12.2016 11:00;0,417195;
Benzol;7;18.12.2016 11:00;0,282824;
Benzol;1;18.12.2016 11:00;0,172149;
Benzol;9;18.12.2016 11:00;0,164936;
Benzol;2;18.12.2016 11:00;0,0833494;
Anilin;4;18.12.2016 11:00;1,84187;
Anilin;8;18.12.2016 11:00;0,425645;
Anilin;6;18.12.2016 11:00;0,416903;
Anilin;9;18.12.2016 11:00;0,3944;
Anilin;3;18.12.2016 11:00;0,323252;
Anilin;7;18.12.2016 11:00;0,258055;
Anilin;1;18.12.2016 11:00;0,254833;
Anilin;2;18.12.2016 11:00;0,134448;
Anilin;5;18.12.2016 11:00;0,00515979;
Natriumchlorid;4;18.12.2016 12:00;1,8523;
Natriumchlorid;3;18.12.2016 12:00;1,00111;
Natriumchlorid;7;18.12.2016 12:00;0,642602;
Natriumchlorid;9;18.12.2016 12:00;0,413858;
Natriumchlorid;6;18.12.2016 12:00;0,362566;
Natriumchlorid;1;18.12.2016 12:00;0,293513;
Natriumchlorid;2;18.12.2016 12:00;0,201178;
Natriumchlorid;8;18.12.2016 12:00;0,129715;
Natriumchlorid;5;18.12.2016 12:00;0,0767319;
Arsen;4;18.12.2016 12:00;2,2007;
Arsen;9;18.12.2016 12:00;0,775792;
Arsen;8;18.12.2016 12:00;0,593743;
Arsen;5;18.12.2016 12:00;0,399591;
Arsen;6;18.12.2016 12:00;0,178865;
Arsen;7;18.12.2016 12:00;0,137701;
Arsen;3;18.12.2016 12:00;0,0877584;
Arsen;2;18.12.2016 12:00;0,0829126;
Arsen;1;18.12.2016 12:00;0,0711537;
Benzol;4;18.12.2016 12:00;2,11253;
Benzol;3;18.12.2016 12:00;1,71663;
Benzol;5;18.12.2016 12:00;1,30984;
Benzol;2;18.12.2016 12:00;0,636119;
Benzol;8;18.12.2016 12:00;0,60668;
Benzol;7;18.12.2016 12:00;0,484647;
Benzol;9;18.12.2016 12:00;0,277341;
Benzol;6;18.12.2016 12:00;0,220662;
Benzol;1;18.12.2016 12:00;0,0228923;
Anilin;4;18.12.2016 12:00;1,96451;
Anilin;5;18.12.2016 12:00;0,871458;
Anilin;8;18.12.2016 12:00;0,68789;
Anilin;3;18.12.2016 12:00;0,443271;
Anilin;9;18.12.2016 12:00;0,359918;
Anilin;1;18.12.2016 12:00;0,327531;
Anilin;2;18.12.2016 12:00;0,276591;
Anilin;7;18.12.2016 12:00;0,259018;
Anilin;6;18.12.2016 12:00;0,0708709;
Natriumchlorid;3;18.12.2016 13:00;2,08109;
Natriumchlorid;4;18.12.2016 13:00;1,96992;
Natriumchlorid;5;18.12.2016 13:00;1,04818;
Natriumchlorid;7;18.12.2016 13:00;0,799451;
Natriumchlorid;8;18.12.2016 13:00;0,475397;
Natriumchlorid;6;18.12.2016 13:00;0,446931;
Natriumchlorid;2;18.12.2016 13:00;0,279045;
Natriumchlorid;1;18.12.2016 13:00;0,235645;
Natriumchlorid;9;18.12.2016 13:00;0,230375;
Arsen;4;18.12.2016 13:00;2,4325;
Arsen;3;18.12.2016 13:00;0,792542;
Arsen;8;18.12.2016 13:00;0,573545;
Arsen;5;18.12.2016 13:00;0,549455;
Arsen;9;18.12.2016 13:00;0,397066;
Arsen;1;18.12.2016 13:00;0,282472;
Arsen;6;18.12.2016 13:00;0,246328;
Arsen;7;18.12.2016 13:00;0,244693;
Arsen;2;18.12.2016 13:00;0,191497;
Benzol;4;18.12.2016 13:00;2,33612;
Benzol;9;18.12.2016 13:00;0,853763;
Benzol;3;18.12.2016 13:00;0,667636;
Benzol;5;18.12.2016 13:00;0,622462;
Benzol;8;18.12.2016 13:00;0,543094;
Benzol;2;18.12.2016 13:00;0,427191;
Benzol;1;18.12.2016 13:00;0,205515;
Benzol;7;18.12.2016 13:00;0,171488;
Benzol;6;18.12.2016 13:00;0,0795805;
Anilin;4;18.12.2016 13:00;2,13204;
Anilin;8;18.12.2016 13:00;1,39688;
Anilin;9;18.12.2016 13:00;1,00911;
Anilin;7;18.12.2016 13:00;1,00021;
Anilin;5;18.12.2016 13:00;0,986165;
Anilin;3;18.12.2016 13:00;0,418419;
Anilin;6;18.12.2016 13:00;0,313983;
Anilin;1;18.12.2016 13:00;0,13872;
Anilin;2;18.12.2016 13:00;0,0890811;
Natriumchlorid;3;18.12.2016 14:00;2,9952;
Natriumchlorid;4;18.12.2016 14:00;1,87029;
Natriumchlorid;9;18.12.2016 14:00;0,828182;
Natriumchlorid;5;18.12.2016 14:00;0,767218;
Natriumchlorid;6;18.12.2016 14:00;0,610269;
Natriumchlorid;8;18.12.2016 14:00;0,454436;
Natriumchlorid;1;18.12.2016 14:00;0,19427;
Natriumchlorid;2;18.12.2016 14:00;0,161705;
Natriumchlorid;7;18.12.2016 14:00;0,0239163;
Arsen;4;18.12.2016 14:00;2,05193;
Arsen;6;18.12.2016 14:00;0,471139;
Arsen;7;18.12.2016 14:00;0,388079;
Arsen;1;18.12.2016 14:00;0,238524;
Arsen;5;18.12.2016 14:00;0,18814;
Arsen;9;18.12.2016 14:00;0,186031;
Arsen;3;18.12.2016 14:00;0,100183;
Arsen;2;18.12.2016 14:00;0,0927482;
Arsen;8;18.12.2016 14:00;0,0810157;
Benzol;4;18.12.2016 14:00;2,15238;
Benzol;3;18.12.2016 14:00;1,80878;
Benzol;5;18.12.2016 14:00;1,04199;
Benzol;2;18.12.2016 14:00;0,784354;
Benzol;7;18.12.2016 14:00;0,534069;
Benzol;6;18.12.2016 14:00;0,400206;
Benzol;1;18.12.2016 14:00;0,288288;
Benzol;8;18.12.2016 14:00;0,118215;
Benzol;9;18.12.2016 14:00;0,0285474;
Anilin;4;18.12.2016 14:00;2,03423;
Anilin;7;18.12.2016 14:00;1,26541;
Anilin;5;18.12.2016 14:00;0,720422;
Anilin;8;18.12.2016 14:00;0,633455;
Anilin;9;18.12.2016 14:00;0,352141;
Anilin;1;18.12.2016 14:00;0,251077;
Anilin;3;18.12.2016 14:00;0,196362;
Anilin;6;18.12.2016 14:00;0,183299;
Anilin;2;18.12.2016 14:00;0,0807205;
Natriumchlorid;3;18.12.2016 15:00;2,77367;
Natriumchlorid;4;18.12.2016 15:00;2,32186;
Natriumchlorid;5;18.12.2016 15:00;1,47;
Natriumchlorid;8;18.12.2016 15:00;1,03173;
Natriumchlorid;2;18.12.2016 15:00;0,543341;
Natriumchlorid;6;18.12.2016 15:00;0,410677;
Natriumchlorid;1;18.12.2016 15:00;0,212485;
Natriumchlorid;7;18.12.2016 15:00;0,204787;
Natriumchlorid;9;18.12.2016 15:00;0,0256621;
Arsen;4;18.12.2016 15:00;2,38524;
Arsen;7;18.12.2016 15:00;1,89141;
Arsen;2;18.12.2016 15:00;1,06468;
Arsen;8;18.12.2016 15:00;0,649054;
Arsen;6;18.12.2016 15:00;0,424919;
Arsen;9;18.12.2016 15:00;0,403764;
Arsen;5;18.12.2016 15:00;0,299531;
Arsen;1;18.12.2016 15:00;0,274524;
Arsen;3;18.12.2016 15:00;0,256202;
Benzol;4;18.12.2016 15:00;2,08334;
Benzol;9;18.12.2016 15:00;1,56763;
Benzol;5;18.12.2016 15:00;0,909157;
Benzol;7;18.12.2016 15:00;0,828332;
Benzol;1;18.12.2016 15:00;0,71019;
Benzol;3;18.12.2016 15:00;0,411235;
Benzol;6;18.12.2016 15:00;0,253126;
Benzol;8;18.12.2016 15:00;0,187387;
Benzol;2;18.12.2016 15:00;0,144803;
Anilin;4;18.12.2016 15:00;1,62102;
Anilin;6;18.12.2016 15:00;0,572268;
Anilin;7;18.12.2016 15:00;0,542142;
Anilin;3;18.12.2016 15:00;0,502743;
Anilin;2;18.12.2016 15:00;0,456639;
Anilin;5;18.12.2016 15:00;0,326818;
Anilin;8;18.12.2016 15:00;0,265195;
Anilin;1;18.12.2016 15:00;0,0677458;
Anilin;9;18.12.2016 15:00;0,0480487;
Natriumchlorid;4;18.12.2016 16:00;2,26481;
Natriumchlorid;9;18.12.2016 16:00;1,82252;
Natriumchlorid;3;18.12.2016 16:00;1,0634;
Natriumchlorid;6;18.12.2016 16:00;0,766228;
Natriumchlorid;8;18.12.2016 16:00;0,561519;
Natriumchlorid;2;18.12.2016 16:00;0,553944;
Natriumchlorid;7;18.12.2016 16:00;0,543971;
Natriumchlorid;1;18.12.2016 16:00;0,326035;
Natriumchlorid;5;18.12.2016 16:00;0,147508;
Arsen;4;18.12.2016 16:00;2,45364;
Arsen;3;18.12.2016 16:00;1,32959;
Arsen;9;18.12.2016 16:00;0,77355;
Arsen;7;18.12.2016 16:00;0,553004;
Arsen;5;18.12.2016 16:00;0,46958;
Arsen;8;18.12.2016 16:00;0,31727;
Arsen;1;18.12.2016 16:00;0,180362;
Arsen;6;18.12.2016 16:00;0,153149;
Arsen;2;18.12.2016 16:00;0,0313891;
Benzol;5;18.12.2016 16:00;1,80143;
Benzol;4;18.12.2016 16:00;1,76996;
Benzol;3;18.12.2016 16:00;0,944424;
Benzol;7;18.12.2016 16:00;0,783318;
Benzol;2;18.12.2016 16:00;0,67337;
Benzol;6;18.12.2016 16:00;0,39107;
Benzol;8;18.12.2016 16:00;0,263379;
Benzol;9;18.12.2016 16:00;0,165812;
Benzol;1;18.12.2016 16:00;0,161803;
Anilin;4;18.12.2016 16:00;1,99724;
Anilin;8;18.12.2016 16:00;1,23089;
Anilin;3;18.12.2016 16:00;0,972271;
Anilin;5;18.12.2016 16:00;0,734872;
Anilin;7;18.12.2016 16:00;0,61122;
Anilin;6;18.12.2016 16:00;0,367475;
Anilin;9;18.12.2016 16:00;0,325775;
Anilin;1;18.12.2016 16:00;0,289961;
Anilin;2;18.12.2016 16:00;0,0399735;
Natriumchlorid;4;18.12.2016 17:00;2,16055;
Natriumchlorid;9;18.12.2016 17:00;0,832085;
Natriumchlorid;3;18.12.2016 17:00;0,765198;
Natriumchlorid;8;18.12.2016 17:00;0,723759;
Natriumchlorid;2;18.12.2016 17:00;0,52798;
Natriumchlorid;6;18.12.2016 17:00;0,365381;
Natriumchlorid;7;18.12.2016 17:00;0,190808;
Natriumchlorid;1;18.12.2016 17:00;0,116944;
Natriumchlorid;5;18.12.2016 17:00;0,00617397;
Arsen;4;18.12.2016 17:00;2,38282;
Arsen;7;18.12.2016 17:00;1,54594;
Arsen;3;18.12.2016 17:00;1,04868;
Arsen;8;18.12.2016 17:00;0,738719;
Arsen;9;18.12.2016 17:00;0,438797;
Arsen;5;18.12.2016 17:00;0,277326;
Arsen;2;18.12.2016 17:00;0,246878;
Arsen;6;18.12.2016 17:00;0,187511;
Arsen;1;18.12.2016 17:00;0,0473757;
Benzol;7;18.12.2016 17:00;3,45359;
Benzol;4;18.12.2016 17:00;2,25426;
Benzol;8;18.12.2016 17:00;0,662987;
Benzol;5;18.12.2016 17:00;0,656154;
Benzol;1;18.12.2016 17:00;0,655671;
Benzol;6;18.12.2016 17:00;0,452374;
Benzol;2;18.12.2016 17:00;0,345478;
Benzol;9;18.12.2016 17:00;0,283476;
Benzol;3;18.12.2016 17:00;0,0694382;
Anilin;4;18.12.2016 17:00;1,80666;
Anilin;6;18.12.2016 17:00;0,596392;
Anilin;2;18.12.2016 17:00;0,578465;
Anilin;8;18.12.2016 17:00;0,50903;
Anilin;3;18.12.2016 17:00;0,484845;
Anilin;1;18.12.2016 17:00;0,392246;
Anilin;9;18.12.2016 17:00;0,359137;
Anilin;5;18.12.2016 17:00;0,31037;
Anilin;7;18.12.2016 17:00;0,146829;
Natriumchlorid;6;18.12.2016 18:00;11,99653;
Natriumchlorid;3;18.12.2016 18:00;1,98864;
Natriumchlorid;4;18.12.2016 18:00;1,89422;
Natriumchlorid;6;18.12.2016 18:00;1,60659;
Natriumchlorid;8;18.12.2016 18:00;0,49317;
Natriumchlorid;2;18.12.2016 18:00;0,477637;
Natriumchlorid;7;18.12.2016 18:00;0,132027;
Natriumchlorid;1;18.12.2016 18:00;0,0338376;
Natriumchlorid;5;18.12.2016 18:00;0,0155723;
Natriumchlorid;9;18.12.2016 18:00;0,00390917;
Arsen;4;18.12.2016 18:00;1,92724;
Arsen;5;18.12.2016 18:00;0,946531;
Arsen;7;18.12.2016 18:00;0,89525;
Arsen;9;18.12.2016 18:00;0,650668;
Arsen;3;18.12.2016 18:00;0,488818;
Arsen;6;18.12.2016 18:00;0,451821;
Arsen;1;18.12.2016 18:00;0,384756;
Arsen;8;18.12.2016 18:00;0,368619;
Arsen;2;18.12.2016 18:00;0,00155676;
Benzol;4;18.12.2016 18:00;2,00754;
Benzol;3;18.12.2016 18:00;1,15804;
Benzol;9;18.12.2016 18:00;1,15616;
Benzol;7;18.12.2016 18:00;0,984868;
Benzol;1;18.12.2016 18:00;0,551898;
Benzol;2;18.12.2016 18:00;0,487573;
Benzol;6;18.12.2016 18:00;0,321889;
Benzol;5;18.12.2016 18:00;0,263984;
Benzol;8;18.12.2016 18:00;0,0574106;
Anilin;4;18.12.2016 18:00;1,97012;
Anilin;8;18.12.2016 18:00;0,903078;
Anilin;3;18.12.2016 18:00;0,826745;
Anilin;5;18.12.2016 18:00;0,196859;
Anilin;1;18.12.2016 18:00;0,186304;
Anilin;9;18.12.2016 18:00;0,147736;
Anilin;2;18.12.2016 18:00;0,116383;
Anilin;7;18.12.2016 18:00;0,0459347;
Natriumchlorid;4;18.12.2016 19:00;2,14288;
Natriumchlorid;3;18.12.2016 19:00;0,818909;
Natriumchlorid;8;18.12.2016 19:00;0,728666;
Natriumchlorid;1;18.12.2016 19:00;0,464844;
Natriumchlorid;5;18.12.2016 19:00;0,423236;
Natriumchlorid;9;18.12.2016 19:00;0,398463;
Natriumchlorid;6;18.12.2016 19:00;0,341201;
Natriumchlorid;7;18.12.2016 19:00;0,209527;
Natriumchlorid;2;18.12.2016 19:00;0,15044;
Arsen;3;18.12.2016 19:00;1,96634;
Arsen;4;18.12.2016 19:00;1,77948;
Arsen;8;18.12.2016 19:00;0,584572;
Arsen;1;18.12.2016 19:00;0,498085;
Arsen;7;18.12.2016 19:00;0,308594;
Arsen;6;18.12.2016 19:00;0,20717;
Arsen;9;18.12.2016 19:00;0,156624;
Arsen;5;18.12.2016 19:00;0,0885818;
Arsen;2;18.12.2016 19:00;0,0209923;
Benzol;4;18.12.2016 19:00;2,05065;
Benzol;3;18.12.2016 19:00;1,50651;
Benzol;9;18.12.2016 19:00;1,06301;
Benzol;7;18.12.2016 19:00;0,490627;
Benzol;6;18.12.2016 19:00;0,470895;
Benzol;1;18.12.2016 19:00;0,279003;
Benzol;5;18.12.2016 19:00;0,23008;
Benzol;8;18.12.2016 19:00;0,194595;
Benzol;2;18.12.2016 19:00;0,0932863;
Anilin;4;18.12.2016 19:00;1,8057;
Anilin;5;18.12.2016 19:00;1,65746;
Anilin;8;18.12.2016 19:00;1,01049;
Anilin;7;18.12.2016 19:00;0,971806;
Anilin;3;18.12.2016 19:00;0,861716;
Anilin;9;18.12.2016 19:00;0,550944;
Anilin;6;18.12.2016 19:00;0,195002;
Anilin;2;18.12.2016 19:00;0,0793522;
Anilin;1;18.12.2016 19:00;0,0709841;
Natriumchlorid;4;18.12.2016 20:00;2,35541;
Natriumchlorid;5;18.12.2016 20:00;1,08354;
Natriumchlorid;3;18.12.2016 20:00;0,468275;
Natriumchlorid;7;18.12.2016 20:00;0,413512;
Natriumchlorid;2;18.12.2016 20:00;0,324325;
Natriumchlorid;6;18.12.2016 20:00;0,20435;
Natriumchlorid;8;18.12.2016 20:00;0,091875;
Natriumchlorid;9;18.12.2016 20:00;0,0292978;
Natriumchlorid;1;18.12.2016 20:00;0,00199423;
Arsen;4;18.12.2016 20:00;1,98406;
Arsen;3;18.12.2016 20:00;1,70743;
Arsen;5;18.12.2016 20:00;1,4697;
Arsen;2;18.12.2016 20:00;1,22198;
Arsen;9;18.12.2016 20:00;0,901984;
Arsen;6;18.12.2016 20:00;0,755183;
Arsen;1;18.12.2016 20:00;0,32994;
Arsen;7;18.12.2016 20:00;0,322104;
Arsen;8;18.12.2016 20:00;0,0293618;
Benzol;4;18.12.2016 20:00;2,06833;
Benzol;8;18.12.2016 20:00;1,12521;
Benzol;2;18.12.2016 20:00;0,793503;
Benzol;7;18.12.2016 20:00;0,696312;
Benzol;5;18.12.2016 20:00;0,337817;
Benzol;3;18.12.2016 20:00;0,218176;
Benzol;1;18.12.2016 20:00;0,148164;
Benzol;6;18.12.2016 20:00;0,132859;
Benzol;9;18.12.2016 20:00;0,130653;
Anilin;4;18.12.2016 20:00;1,98733;
Anilin;8;18.12.2016 20:00;0,866536;
Anilin;5;18.12.2016 20:00;0,707881;
Anilin;1;18.12.2016 20:00;0,565901;
Anilin;7;18.12.2016 20:00;0,473816;
Anilin;6;18.12.2016 20:00;0,439429;
Anilin;2;18.12.2016 20:00;0,334431;
Anilin;3;18.12.2016 20:00;0,275121;
Anilin;9;18.12.2016 20:00;0,207046;
Natriumchlorid;7;18.12.2016 21:00;2,02803;
Natriumchlorid;4;18.12.2016 21:00;1,88043;
Natriumchlorid;3;18.12.2016 21:00;1,52169;
Natriumchlorid;9;18.12.2016 21:00;0,637684;
Natriumchlorid;6;18.12.2016 21:00;0,486504;
Natriumchlorid;1;18.12.2016 21:00;0,38988;
Natriumchlorid;8;18.12.2016 21:00;0,22646;
Natriumchlorid;2;18.12.2016 21:00;0,150594;
Natriumchlorid;5;18.12.2016 21:00;0,0216982;
Arsen;4;18.12.2016 21:00;1,94813;
Arsen;3;18.12.2016 21:00;1,59904;
Arsen;9;18.12.2016 21:00;1,17198;
Arsen;7;18.12.2016 21:00;0,9263;
Arsen;8;18.12.2016 21:00;0,695555;
Arsen;6;18.12.2016 21:00;0,52397;
Arsen;5;18.12.2016 21:00;0,423478;
Arsen;2;18.12.2016 21:00;0,279215;
Arsen;1;18.12.2016 21:00;0,205623;
Benzol;4;18.12.2016 21:00;1,9892;
Benzol;3;18.12.2016 21:00;1,04766;
Benzol;9;18.12.2016 21:00;0,849458;
Benzol;8;18.12.2016 21:00;0,375674;
Benzol;2;18.12.2016 21:00;0,339771;
Benzol;7;18.12.2016 21:00;0,251207;
Benzol;5;18.12.2016 21:00;0,123673;
Benzol;6;18.12.2016 21:00;0,121656;
Benzol;1;18.12.2016 21:00;0,0535859;
Anilin;4;18.12.2016 21:00;1,91324;
Anilin;9;18.12.2016 21:00;0,832136;
Anilin;3;18.12.2016 21:00;0,615171;
Anilin;2;18.12.2016 21:00;0,508619;
Anilin;5;18.12.2016 21:00;0,402528;
Anilin;7;18.12.2016 21:00;0,39699;
Anilin;6;18.12.2016 21:00;0,278321;
Anilin;8;18.12.2016 21:00;0,246253;
Anilin;1;18.12.2016 21:00;0,216136;
Natriumchlorid;3;18.12.2016 22:00;2,31758;
Natriumchlorid;4;18.12.2016 22:00;2,07925;
Natriumchlorid;5;18.12.2016 22:00;1,98771;
Natriumchlorid;2;18.12.2016 22:00;0,991686;
Natriumchlorid;8;18.12.2016 22:00;0,630269;
Natriumchlorid;6;18.12.2016 22:00;0,625212;
Natriumchlorid;1;18.12.2016 22:00;0,171175;
Natriumchlorid;7;18.12.2016 22:00;0,159239;
Natriumchlorid;9;18.12.2016 22:00;0,0210606;
Arsen;4;18.12.2016 22:00;1,60841;
Arsen;3;18.12.2016 22:00;1,36636;
Arsen;5;18.12.2016 22:00;1,34732;
Arsen;9;18.12.2016 22:00;1,32261;
Arsen;2;18.12.2016 22:00;0,499186;
Arsen;8;18.12.2016 22:00;0,437032;
Arsen;7;18.12.2016 22:00;0,397032;
Arsen;6;18.12.2016 22:00;0,363266;
Arsen;1;18.12.2016 22:00;0,0186863;
Benzol;4;18.12.2016 22:00;1,97226;
Benzol;5;18.12.2016 22:00;1,11141;
Benzol;2;18.12.2016 22:00;0,810486;
Benzol;9;18.12.2016 22:00;0,610474;
Benzol;6;18.12.2016 22:00;0,470895;
Benzol;7;18.12.2016 22:00;0,470851;
Benzol;3;18.12.2016 22:00;0,158713;
Benzol;1;18.12.2016 22:00;0,11646;
Benzol;8;18.12.2016 22:00;0,0431731;
Anilin;4;18.12.2016 22:00;1,97958;
Anilin;7;18.12.2016 22:00;1,19538;
Anilin;5;18.12.2016 22:00;1,04578;
Anilin;1;18.12.2016 22:00;0,436285;
Anilin;3;18.12.2016 22:00;0,330637;
Anilin;2;18.12.2016 22:00;0,210203;
Anilin;9;18.12.2016 22:00;0,198233;
Anilin;8;18.12.2016 22:00;0,0967513;
Anilin;6;18.12.2016 22:00;0,0314564;
Natriumchlorid;3;18.12.2016 23:00;2,37196;
Natriumchlorid;4;18.12.2016 23:00;1,98857;
Natriumchlorid;8;18.12.2016 23:00;0,575733;
Natriumchlorid;2;18.12.2016 23:00;0,504106;
Natriumchlorid;6;18.12.2016 23:00;0,254525;
Natriumchlorid;5;18.12.2016 23:00;0,233609;
Natriumchlorid;9;18.12.2016 23:00;0,199165;
Natriumchlorid;1;18.12.2016 23:00;0,104982;
Natriumchlorid;7;18.12.2016 23:00;0,0364077;
Arsen;5;18.12.2016 23:00;2,41614;
Arsen;4;18.12.2016 23:00;1,73494;
Arsen;8;18.12.2016 23:00;0,503103;
Arsen;9;18.12.2016 23:00;0,46163;
Arsen;6;18.12.2016 23:00;0,438306;
Arsen;7;18.12.2016 23:00;0,310313;
Arsen;1;18.12.2016 23:00;0,207934;
Arsen;3;18.12.2016 23:00;0,19693;
Arsen;2;18.12.2016 23:00;0,105447;
Benzol;4;18.12.2016 23:00;1,81723;
Benzol;9;18.12.2016 23:00;1,50037;
Benzol;6;18.12.2016 23:00;0,693025;
Benzol;1;18.12.2016 23:00;0,335181;
Benzol;5;18.12.2016 23:00;0,320638;
Benzol;7;18.12.2016 23:00;0,290765;
Benzol;3;18.12.2016 23:00;0,271177;
Benzol;2;18.12.2016 23:00;0,257742;
Benzol;8;18.12.2016 23:00;0,127017;
Anilin;4;18.12.2016 23:00;2,16322;
Anilin;9;18.12.2016 23:00;0,759772;
Anilin;8;18.12.2016 23:00;0,660978;
Anilin;2;18.12.2016 23:00;0,601499;
Anilin;3;18.12.2016 23:00;0,5734;
Anilin;1;18.12.2016 23:00;0,478788;
Anilin;5;18.12.2016 23:00;0,47454;
Anilin;6;18.12.2016 23:00;0,444496;
Anilin;7;18.12.2016 23:00;0,289751;
Natriumchlorid;4;19.12.2016 00:00;2,16558;
Natriumchlorid;3;19.12.2016 00:00;0,657093;
Natriumchlorid;5;19.12.2016 00:00;0,598887;
Natriumchlorid;2;19.12.2016 00:00;0,402147;
Natriumchlorid;9;19.12.2016 00:00;0,389919;
Natriumchlorid;6;19.12.2016 00:00;0,342494;
Natriumchlorid;7;19.12.2016 00:00;0,177024;
Natriumchlorid;8;19.12.2016 00:00;0,0431952;
Natriumchlorid;1;19.12.2016 00:00;0,0415362;
Arsen;4;19.12.2016 00:00;1,92819;
Arsen;8;19.12.2016 00:00;0,876777;
Arsen;2;19.12.2016 00:00;0,496199;
Arsen;1;19.12.2016 00:00;0,380738;
Arsen;6;19.12.2016 00:00;0,334166;
Arsen;5;19.12.2016 00:00;0,31885;
Arsen;9;19.12.2016 00:00;0,1822;
Arsen;3;19.12.2016 00:00;0,162421;
Arsen;7;19.12.2016 00:00;0,0100451;
Benzol;4;19.12.2016 00:00;1,80271;
Benzol;3;19.12.2016 00:00;1,01625;
Benzol;7;19.12.2016 00:00;0,94236;
Benzol;5;19.12.2016 00:00;0,827848;
Benzol;2;19.12.2016 00:00;0,72415;
Benzol;9;19.12.2016 00:00;0,705134;
Benzol;8;19.12.2016 00:00;0,6869;
Benzol;6;19.12.2016 00:00;0,471351;
Benzol;1;19.12.2016 00:00;0,135408;
Anilin;4;19.12.2016 00:00;1,77745;
Anilin;5;19.12.2016 00:00;0,888992;
Anilin;9;19.12.2016 00:00;0,582649;
Anilin;8;19.12.2016 00:00;0,452336;
Anilin;6;19.12.2016 00:00;0,442116;
Anilin;1;19.12.2016 00:00;0,252137;
Anilin;2;19.12.2016 00:00;0,24698;
Anilin;3;19.12.2016 00:00;0,103144;
Anilin;7;19.12.2016 00:00;0,0120829;
Natriumchlorid;4;19.12.2016 01:00;1,57511;
Natriumchlorid;9;19.12.2016 01:00;0,717936;
Natriumchlorid;2;19.12.2016 01:00;0,661976;
Natriumchlorid;6;19.12.2016 01:00;0,547376;
Natriumchlorid;7;19.12.2016 01:00;0,454464;
Natriumchlorid;3;19.12.2016 01:00;0,338403;
Natriumchlorid;1;19.12.2016 01:00;0,326782;
Natriumchlorid;8;19.12.2016 01:00;0,267266;
Natriumchlorid;5;19.12.2016 01:00;0,219334;
Arsen;4;19.12.2016 01:00;2,09756;
Arsen;3;19.12.2016 01:00;0,893719;
Arsen;5;19.12.2016 01:00;0,836982;
Arsen;9;19.12.2016 01:00;0,798538;
Arsen;2;19.12.2016 01:00;0,766111;
Arsen;6;19.12.2016 01:00;0,617589;
Arsen;1;19.12.2016 01:00;0,375708;
Arsen;8;19.12.2016 01:00;0,353307;
Arsen;7;19.12.2016 01:00;0,0187925;
Benzol;6;19.12.2016 01:00;4,53341;
Benzol;3;19.12.2016 01:00;2,65783;
Benzol;4;19.12.2016 01:00;1,70897;
Benzol;9;19.12.2016 01:00;0,844237;
Benzol;8;19.12.2016 01:00;0,769981;
Benzol;2;19.12.2016 01:00;0,529739;
Benzol;1;19.12.2016 01:00;0,395156;
Benzol;7;19.12.2016 01:00;0,308899;
Benzol;5;19.12.2016 01:00;0,238087;
Anilin;4;19.12.2016 01:00;1,78164;
Anilin;9;19.12.2016 01:00;1,32955;
Anilin;3;19.12.2016 01:00;0,925004;
Anilin;5;19.12.2016 01:00;0,789804;
Anilin;8;19.12.2016 01:00;0,566345;
Anilin;6;19.12.2016 01:00;0,440568;
Anilin;2;19.12.2016 01:00;0,283189;
Anilin;1;19.12.2016 01:00;0,205379;
Anilin;7;19.12.2016 01:00;0,142816;
Natriumchlorid;4;19.12.2016 02:00;2,02193;
Natriumchlorid;2;19.12.2016 02:00;0,7892;
Natriumchlorid;7;19.12.2016 02:00;0,642602;
Natriumchlorid;9;19.12.2016 02:00;0,633085;
Natriumchlorid;5;19.12.2016 02:00;0,454378;
Natriumchlorid;3;19.12.2016 02:00;0,318822;
Natriumchlorid;8;19.12.2016 02:00;0,294143;
Natriumchlorid;6;19.12.2016 02:00;0,276919;
Natriumchlorid;1;19.12.2016 02:00;0,0798635;
Arsen;3;19.12.2016 02:00;3,84042;
Arsen;4;19.12.2016 02:00;1,8518;
Arsen;5;19.12.2016 02:00;0,716143;
Arsen;2;19.12.2016 02:00;0,711073;
Arsen;1;19.12.2016 02:00;0,656494;
Arsen;8;19.12.2016 02:00;0,585185;
Arsen;9;19.12.2016 02:00;0,382686;
Arsen;6;19.12.2016 02:00;0,205704;
Arsen;7;19.12.2016 02:00;0,0106504;
Benzol;6;19.12.2016 02:00;9,07042;
Benzol;4;19.12.2016 02:00;2,20368;
Benzol;9;19.12.2016 02:00;0,908302;
Benzol;7;19.12.2016 02:00;0,868628;
Benzol;2;19.12.2016 02:00;0,496436;
Benzol;5;19.12.2016 02:00;0,184106;
Benzol;3;19.12.2016 02:00;0,078317;
Benzol;1;19.12.2016 02:00;0,0408234;
Benzol;8;19.12.2016 02:00;0,00107561;
Anilin;7;19.12.2016 02:00;4,424;
Anilin;4;19.12.2016 02:00;1,90491;
Anilin;3;19.12.2016 02:00;1,13989;
Anilin;8;19.12.2016 02:00;0,849618;
Anilin;2;19.12.2016 02:00;0,450751;
Anilin;5;19.12.2016 02:00;0,364173;
Anilin;1;19.12.2016 02:00;0,359765;
Anilin;6;19.12.2016 02:00;0,238778;
Anilin;9;19.12.2016 02:00;0,187124;
Natriumchlorid;4;19.12.2016 03:00;1,95804;
Natriumchlorid;7;19.12.2016 03:00;0,423327;
Natriumchlorid;1;19.12.2016 03:00;0,342265;
Natriumchlorid;6;19.12.2016 03:00;0,341951;
Natriumchlorid;8;19.12.2016 03:00;0,255404;
Natriumchlorid;3;19.12.2016 03:00;0,251598;
Natriumchlorid;2;19.12.2016 03:00;0,149145;
Natriumchlorid;5;19.12.2016 03:00;0,103178;
Natriumchlorid;9;19.12.2016 03:00;0,0176771;
Arsen;7;19.12.2016 03:00;2,54447;
Arsen;4;19.12.2016 03:00;2,07554;
Arsen;3;19.12.2016 03:00;1,03438;
Arsen;1;19.12.2016 03:00;0,48613;
Arsen;5;19.12.2016 03:00;0,303163;
Arsen;9;19.12.2016 03:00;0,224769;
Arsen;8;19.12.2016 03:00;0,181265;
Arsen;6;19.12.2016 03:00;0,148832;
Arsen;2;19.12.2016 03:00;0,0680599;
Benzol;3;19.12.2016 03:00;2,8991;
Benzol;4;19.12.2016 03:00;2,07887;
Benzol;6;19.12.2016 03:00;0,728848;
Benzol;8;19.12.2016 03:00;0,660893;
Benzol;9;19.12.2016 03:00;0,525866;
Benzol;5;19.12.2016 03:00;0,389395;
Benzol;7;19.12.2016 03:00;0,26728;
Benzol;2;19.12.2016 03:00;0,202096;
Benzol;1;19.12.2016 03:00;0,00296466;
Anilin;3;19.12.2016 03:00;2,29333;
Anilin;4;19.12.2016 03:00;1,82447;
Anilin;5;19.12.2016 03:00;0,775585;
Anilin;9;19.12.2016 03:00;0,75139;
Anilin;7;19.12.2016 03:00;0,661332;
Anilin;8;19.12.2016 03:00;0,591681;
Anilin;1;19.12.2016 03:00;0,459001;
Anilin;6;19.12.2016 03:00;0,185373;
Anilin;2;19.12.2016 03:00;0,0562207;
Natriumchlorid;4;19.12.2016 04:00;1,98807;
Natriumchlorid;5;19.12.2016 04:00;1,2283;
Natriumchlorid;9;19.12.2016 04:00;0,943215;
Natriumchlorid;3;19.12.2016 04:00;0,898818;
Natriumchlorid;7;19.12.2016 04:00;0,890631;
Natriumchlorid;6;19.12.2016 04:00;0,73048;
Natriumchlorid;8;19.12.2016 04:00;0,548359;
Natriumchlorid;2;19.12.2016 04:00;0,432294;
Natriumchlorid;1;19.12.2016 04:00;0,127404;
Arsen;4;19.12.2016 04:00;2,1303;
Arsen;8;19.12.2016 04:00;0,962799;
Arsen;3;19.12.2016 04:00;0,832267;
Arsen;2;19.12.2016 04:00;0,422014;
Arsen;1;19.12.2016 04:00;0,362581;
Arsen;9;19.12.2016 04:00;0,244264;
Arsen;6;19.12.2016 04:00;0,208723;
Arsen;5;19.12.2016 04:00;0,183912;
Arsen;7;19.12.2016 04:00;0,133241;
Benzol;4;19.12.2016 04:00;2,06472;
Benzol;3;19.12.2016 04:00;1,39908;
Benzol;5;19.12.2016 04:00;0,90291;
Benzol;8;19.12.2016 04:00;0,546132;
Benzol;2;19.12.2016 04:00;0,332767;
Benzol;6;19.12.2016 04:00;0,284378;
Benzol;7;19.12.2016 04:00;0,234469;
Benzol;1;19.12.2016 04:00;0,168932;
Benzol;9;19.12.2016 04:00;0,151271;
Anilin;4;19.12.2016 04:00;1,86459;
Anilin;5;19.12.2016 04:00;1,52896;
Anilin;3;19.12.2016 04:00;1,03337;
Anilin;9;19.12.2016 04:00;0,981056;
Anilin;7;19.12.2016 04:00;0,92178;
Anilin;2;19.12.2016 04:00;0,335929;
Anilin;8;19.12.2016 04:00;0,148788;
Anilin;1;19.12.2016 04:00;0,0531324;
Anilin;6;19.12.2016 04:00;0,00720261;
Natriumchlorid;4;19.12.2016 05:00;1,71922;
Natriumchlorid;7;19.12.2016 05:00;1,22956;
Natriumchlorid;6;19.12.2016 05:00;0,702141;
Natriumchlorid;2;19.12.2016 05:00;0,629798;
Natriumchlorid;5;19.12.2016 05:00;0,374633;
Natriumchlorid;3;19.12.2016 05:00;0,353751;
Natriumchlorid;8;19.12.2016 05:00;0,0893994;
Natriumchlorid;9;19.12.2016 05:00;0,0492675;
Natriumchlorid;1;19.12.2016 05:00;0,00161647;
Arsen;4;19.12.2016 05:00;1,96202;
Arsen;8;19.12.2016 05:00;0,777891;
Arsen;7;19.12.2016 05:00;0,755932;
Arsen;9;19.12.2016 05:00;0,748038;
Arsen;3;19.12.2016 05:00;0,359503;
Arsen;1;19.12.2016 05:00;0,331512;
Arsen;2;19.12.2016 05:00;0,329796;
Arsen;5;19.12.2016 05:00;0,309913;
Arsen;6;19.12.2016 05:00;0,247047;
Benzol;4;19.12.2016 05:00;2,04299;
Benzol;3;19.12.2016 05:00;0,763679;
Benzol;5;19.12.2016 05:00;0,651304;
Benzol;2;19.12.2016 05:00;0,518508;
Benzol;6;19.12.2016 05:00;0,401736;
Benzol;7;19.12.2016 05:00;0,262646;
Benzol;1;19.12.2016 05:00;0,192938;
Benzol;8;19.12.2016 05:00;0,180412;
Benzol;9;19.12.2016 05:00;0,0166411;
Anilin;4;19.12.2016 05:00;2,259;
Anilin;7;19.12.2016 05:00;1,58469;
Anilin;1;19.12.2016 05:00;0,644874;
Anilin;3;19.12.2016 05:00;0,637496;
Anilin;9;19.12.2016 05:00;0,556137;
Anilin;5;19.12.2016 05:00;0,438334;
Anilin;8;19.12.2016 05:00;0,325443;
Anilin;2;19.12.2016 05:00;0,0504936;
Anilin;6;19.12.2016 05:00;0,042725;
Natriumchlorid;4;19.12.2016 06:00;2,27355;
Natriumchlorid;9;19.12.2016 06:00;1,45315;
Natriumchlorid;7;19.12.2016 06:00;0,924667;
Natriumchlorid;8;19.12.2016 06:00;0,669134;
Natriumchlorid;6;19.12.2016 06:00;0,335763;
Natriumchlorid;3;19.12.2016 06:00;0,300224;
Natriumchlorid;2;19.12.2016 06:00;0,139728;
Natriumchlorid;1;19.12.2016 06:00;0,0281082;
Natriumchlorid;5;19.12.2016 06:00;0,0141308;
Arsen;4;19.12.2016 06:00;1,95494;
Arsen;3;19.12.2016 06:00;1,17991;
Arsen;7;19.12.2016 06:00;1,1603;
Arsen;9;19.12.2016 06:00;0,985468;
Arsen;6;19.12.2016 06:00;0,599236;
Arsen;5;19.12.2016 06:00;0,343213;
Arsen;2;19.12.2016 06:00;0,174693;
Arsen;1;19.12.2016 06:00;0,0825101;
Arsen;8;19.12.2016 06:00;0,033339;
Benzol;4;19.12.2016 06:00;2,02699;
Benzol;3;19.12.2016 06:00;0,928032;
Benzol;9;19.12.2016 06:00;0,826674;
Benzol;6;19.12.2016 06:00;0,470455;
Benzol;1;19.12.2016 06:00;0,435825;
Benzol;8;19.12.2016 06:00;0,342876;
Benzol;2;19.12.2016 06:00;0,271771;
Benzol;7;19.12.2016 06:00;0,209001;
Benzol;5;19.12.2016 06:00;0,0245417;
Anilin;3;19.12.2016 06:00;1,89606;
Anilin;4;19.12.2016 06:00;1,64452;
Anilin;5;19.12.2016 06:00;0,430693;
Anilin;7;19.12.2016 06:00;0,348334;
Anilin;9;19.12.2016 06:00;0,30024;
Anilin;6;19.12.2016 06:00;0,278265;
Anilin;2;19.12.2016 06:00;0,267438;
Anilin;8;19.12.2016 06:00;0,0965062;
Anilin;1;19.12.2016 06:00;0,0708448;
Natriumchlorid;4;19.12.2016 07:00;2,27802;
Natriumchlorid;3;19.12.2016 07:00;1,8751;
Natriumchlorid;8;19.12.2016 07:00;1,12872;
Natriumchlorid;9;19.12.2016 07:00;0,775267;
Natriumchlorid;6;19.12.2016 07:00;0,728047;
Natriumchlorid;2;19.12.2016 07:00;0,193726;
Natriumchlorid;5;19.12.2016 07:00;0,193235;
Natriumchlorid;1;19.12.2016 07:00;0,0380567;
Natriumchlorid;7;19.12.2016 07:00;0,0294625;
Arsen;4;19.12.2016 07:00;2,0361;
Arsen;3;19.12.2016 07:00;1,77465;
Arsen;7;19.12.2016 07:00;1,17375;
Arsen;9;19.12.2016 07:00;0,880679;
Arsen;2;19.12.2016 07:00;0,557442;
Arsen;6;19.12.2016 07:00;0,510809;
Arsen;8;19.12.2016 07:00;0,494302;
Arsen;1;19.12.2016 07:00;0,344104;
Arsen;5;19.12.2016 07:00;0,340697;
Benzol;4;19.12.2016 07:00;1,9268;
Benzol;5;19.12.2016 07:00;1,8335;
Benzol;6;19.12.2016 07:00;0,718993;
Benzol;3;19.12.2016 07:00;0,713542;
Benzol;7;19.12.2016 07:00;0,575029;
Benzol;9;19.12.2016 07:00;0,336738;
Benzol;8;19.12.2016 07:00;0,232921;
Benzol;1;19.12.2016 07:00;0,151133;
Benzol;2;19.12.2016 07:00;0,0359984;
Anilin;3;19.12.2016 07:00;3,26641;
Anilin;4;19.12.2016 07:00;1,93552;
Anilin;2;19.12.2016 07:00;0,79056;
Anilin;5;19.12.2016 07:00;0,68456;
Anilin;1;19.12.2016 07:00;0,440078;
Anilin;7;19.12.2016 07:00;0,422125;
Anilin;6;19.12.2016 07:00;0,393076;
Anilin;9;19.12.2016 07:00;0,273323;
Anilin;8;19.12.2016 07:00;0,0127299;
Natriumchlorid;3;19.12.2016 08:00;2,77769;
Natriumchlorid;4;19.12.2016 08:00;2,21665;
Natriumchlorid;9;19.12.2016 08:00;0,947883;
Natriumchlorid;7;19.12.2016 08:00;0,720213;
Natriumchlorid;5;19.12.2016 08:00;0,428985;
Natriumchlorid;1;19.12.2016 08:00;0,369952;
Natriumchlorid;6;19.12.2016 08:00;0,261084;
Natriumchlorid;2;19.12.2016 08:00;0,149546;
Natriumchlorid;8;19.12.2016 08:00;0,00185387;
Arsen;4;19.12.2016 08:00;1,90843;
Arsen;9;19.12.2016 08:00;1,18091;
Arsen;5;19.12.2016 08:00;0,848456;
Arsen;6;19.12.2016 08:00;0,790972;
Arsen;3;19.12.2016 08:00;0,651301;
Arsen;1;19.12.2016 08:00;0,36188;
Arsen;2;19.12.2016 08:00;0,22444;
Arsen;8;19.12.2016 08:00;0,141478;
Arsen;7;19.12.2016 08:00;0,00484933;
Benzol;4;19.12.2016 08:00;1,69661;
Benzol;3;19.12.2016 08:00;1,1334;
Benzol;5;19.12.2016 08:00;0,761586;
Benzol;8;19.12.2016 08:00;0,633382;
Benzol;6;19.12.2016 08:00;0,584428;
Benzol;2;19.12.2016 08:00;0,462873;
Benzol;1;19.12.2016 08:00;0,264753;
Benzol;7;19.12.2016 08:00;0,195959;
Benzol;9;19.12.2016 08:00;0,183775;
Anilin;4;19.12.2016 08:00;1,86275;
Anilin;9;19.12.2016 08:00;0,921822;
Anilin;3;19.12.2016 08:00;0,666166;
Anilin;8;19.12.2016 08:00;0,471165;
Anilin;2;19.12.2016 08:00;0,427088;
Anilin;6;19.12.2016 08:00;0,404628;
Anilin;7;19.12.2016 08:00;0,349807;
Anilin;5;19.12.2016 08:00;0,340549;
Anilin;1;19.12.2016 08:00;0,0123547;
Natriumchlorid;4;19.12.2016 09:00;2,05223;
Natriumchlorid;2;19.12.2016 09:00;0,504311;
Natriumchlorid;9;19.12.2016 09:00;0,483359;
Natriumchlorid;3;19.12.2016 09:00;0,45857;
Natriumchlorid;5;19.12.2016 09:00;0,340549;
Natriumchlorid;1;19.12.2016 09:00;0,318036;
Natriumchlorid;6;19.12.2016 09:00;0,241012;
Natriumchlorid;8;19.12.2016 09:00;0,0985425;
Natriumchlorid;7;19.12.2016 09:00;0,0274554;
Arsen;4;19.12.2016 09:00;2,40176;
Arsen;7;19.12.2016 09:00;1,33697;
Arsen;3;19.12.2016 09:00;0,881674;
Arsen;6;19.12.2016 09:00;0,716827;
Arsen;9;19.12.2016 09:00;0,666273;
Arsen;8;19.12.2016 09:00;0,318426;
Arsen;2;19.12.2016 09:00;0,247781;
Arsen;1;19.12.2016 09:00;0,18894;
Arsen;5;19.12.2016 09:00;0,162759;
Benzol;4;19.12.2016 09:00;2,03504;
Benzol;9;19.12.2016 09:00;0,916076;
Benzol;8;19.12.2016 09:00;0,432272;
Benzol;6;19.12.2016 09:00;0,294978;
Benzol;2;19.12.2016 09:00;0,270264;
Benzol;1;19.12.2016 09:00;0,250366;
Benzol;3;19.12.2016 09:00;0,148286;
Benzol;5;19.12.2016 09:00;0,077765;
Benzol;7;19.12.2016 09:00;0,0346568;
Anilin;4;19.12.2016 09:00;2,52033;
Anilin;9;19.12.2016 09:00;1,12763;
Anilin;1;19.12.2016 09:00;0,709404;
Anilin;6;19.12.2016 09:00;0,625184;
Anilin;5;19.12.2016 09:00;0,561866;
Anilin;2;19.12.2016 09:00;0,207777;
Anilin;3;19.12.2016 09:00;0,184579;
Anilin;8;19.12.2016 09:00;0,105584;
Anilin;7;19.12.2016 09:00;0,0186592;
Natriumchlorid;4;19.12.2016 10:00;2,03353;
Natriumchlorid;7;19.12.2016 10:00;1,23152;
Natriumchlorid;3;19.12.2016 10:00;1,03796;
Natriumchlorid;2;19.12.2016 10:00;1,03035;
Natriumchlorid;6;19.12.2016 10:00;0,662798;
Natriumchlorid;9;19.12.2016 10:00;0,242851;
Natriumchlorid;5;19.12.2016 10:00;0,124096;
Natriumchlorid;1;19.12.2016 10:00;0,0716428;
Natriumchlorid;8;19.12.2016 10:00;0,0420556;
Arsen;4;19.12.2016 10:00;1,97443;
Arsen;5;19.12.2016 10:00;1,05059;
Arsen;3;19.12.2016 10:00;0,506149;
Arsen;8;19.12.2016 10:00;0,377973;
Arsen;7;19.12.2016 10:00;0,231167;
Arsen;9;19.12.2016 10:00;0,222198;
Arsen;1;19.12.2016 10:00;0,158885;
Arsen;2;19.12.2016 10:00;0,129208;
Arsen;6;19.12.2016 10:00;0,10431;
Benzol;3;19.12.2016 10:00;2,99751;
Benzol;4;19.12.2016 10:00;1,72711;
Benzol;5;19.12.2016 10:00;1,54577;
Benzol;7;19.12.2016 10:00;0,969512;
Benzol;9;19.12.2016 10:00;0,616804;
Benzol;8;19.12.2016 10:00;0,616464;
Benzol;6;19.12.2016 10:00;0,526296;
Benzol;2;19.12.2016 10:00;0,516928;
Benzol;1;19.12.2016 10:00;0,275098;
Anilin;4;19.12.2016 10:00;2,05032;
Anilin;9;19.12.2016 10:00;0,984603;
Anilin;3;19.12.2016 10:00;0,82908;
Anilin;6;19.12.2016 10:00;0,602096;
Anilin;5;19.12.2016 10:00;0,375972;
Anilin;2;19.12.2016 10:00;0,338374;
Anilin;8;19.12.2016 10:00;0,332129;
Anilin;1;19.12.2016 10:00;0,275919;
Anilin;7;19.12.2016 10:00;0,0870141;
Natriumchlorid;4;19.12.2016 11:00;1,9752;
Natriumchlorid;9;19.12.2016 11:00;1,04346;
Natriumchlorid;7;19.12.2016 11:00;0,921073;
Natriumchlorid;5;19.12.2016 11:00;0,737154;
Natriumchlorid;6;19.12.2016 11:00;0,726589;
Natriumchlorid;2;19.12.2016 11:00;0,481229;
Natriumchlorid;3;19.12.2016 11:00;0,471342;
Natriumchlorid;8;19.12.2016 11:00;0,434144;
Natriumchlorid;1;19.12.2016 11:00;0,314864;
Arsen;4;19.12.2016 11:00;1,85494;
Arsen;7;19.12.2016 11:00;0,791476;
Arsen;9;19.12.2016 11:00;0,617799;
Arsen;3;19.12.2016 11:00;0,474924;
Arsen;6;19.12.2016 11:00;0,451393;
Arsen;8;19.12.2016 11:00;0,430031;
Arsen;2;19.12.2016 11:00;0,297672;
Arsen;5;19.12.2016 11:00;0,189102;
Arsen;1;19.12.2016 11:00;0,150644;
Benzol;7;19.12.2016 11:00;2,22624;
Benzol;4;19.12.2016 11:00;2,20161;
Benzol;3;19.12.2016 11:00;1,41905;
Benzol;8;19.12.2016 11:00;0,615226;
Benzol;6;19.12.2016 11:00;0,39355;
Benzol;1;19.12.2016 11:00;0,38499;
Benzol;9;19.12.2016 11:00;0,254812;
Benzol;2;19.12.2016 11:00;0,0259849;
Benzol;5;19.12.2016 11:00;0,0189169;
Anilin;4;19.12.2016 11:00;2,11698;
Anilin;3;19.12.2016 11:00;0,962441;
Anilin;5;19.12.2016 11:00;0,854598;
Anilin;6;19.12.2016 11:00;0,431285;
Anilin;2;19.12.2016 11:00;0,331087;
Anilin;9;19.12.2016 11:00;0,205944;
Anilin;7;19.12.2016 11:00;0,159316;
Anilin;8;19.12.2016 11:00;0,106291;
Anilin;1;19.12.2016 11:00;0,00658504;
Natriumchlorid;4;19.12.2016 12:00;2,11871;
Natriumchlorid;6;19.12.2016 12:00;0,607996;
Natriumchlorid;3;19.12.2016 12:00;0,570774;
Natriumchlorid;2;19.12.2016 12:00;0,561061;
Natriumchlorid;5;19.12.2016 12:00;0,50669;
Natriumchlorid;7;19.12.2016 12:00;0,405795;
Natriumchlorid;1;19.12.2016 12:00;0,318528;
Natriumchlorid;8;19.12.2016 12:00;0,28026;
Natriumchlorid;9;19.12.2016 12:00;0,158213;
Arsen;4;19.12.2016 12:00;1,69083;
Arsen;3;19.12.2016 12:00;1,60105;
Arsen;5;19.12.2016 12:00;1,20983;
Arsen;7;19.12.2016 12:00;0,72629;
Arsen;6;19.12.2016 12:00;0,577289;
Arsen;8;19.12.2016 12:00;0,484638;
Arsen;2;19.12.2016 12:00;0,48221;
Arsen;9;19.12.2016 12:00;0,451872;
Arsen;1;19.12.2016 12:00;0,240568;
Benzol;4;19.12.2016 12:00;2,13839;
Benzol;3;19.12.2016 12:00;1,92509;
Benzol;8;19.12.2016 12:00;1,18549;
Benzol;7;19.12.2016 12:00;0,775505;
Benzol;6;19.12.2016 12:00;0,598459;
Benzol;5;19.12.2016 12:00;0,496295;
Benzol;2;19.12.2016 12:00;0,145534;
Benzol;1;19.12.2016 12:00;0,13688;
Benzol;9;19.12.2016 12:00;0,117863;
Anilin;3;19.12.2016 12:00;2,5117;
Anilin;4;19.12.2016 12:00;2,17902;
Anilin;5;19.12.2016 12:00;1,09838;
Anilin;9;19.12.2016 12:00;0,689854;
Anilin;8;19.12.2016 12:00;0,337926;
Anilin;6;19.12.2016 12:00;0,317927;
Anilin;2;19.12.2016 12:00;0,101538;
Anilin;7;19.12.2016 12:00;0,0761926;
Anilin;1;19.12.2016 12:00;0,022915;
Natriumchlorid;3;19.12.2016 13:00;2,30162;
Natriumchlorid;4;19.12.2016 13:00;2,28177;
Natriumchlorid;8;19.12.2016 13:00;0,686623;
Natriumchlorid;6;19.12.2016 13:00;0,468959;
Natriumchlorid;2;19.12.2016 13:00;0,433164;
Natriumchlorid;1;19.12.2016 13:00;0,302258;
Natriumchlorid;9;19.12.2016 13:00;0,259106;
Natriumchlorid;7;19.12.2016 13:00;0,115197;
Natriumchlorid;5;19.12.2016 13:00;0,0847611;
Arsen;3;19.12.2016 13:00;2,25334;
Arsen;4;19.12.2016 13:00;1,76664;
Arsen;5;19.12.2016 13:00;0,568515;
Arsen;7;19.12.2016 13:00;0,289361;
Arsen;6;19.12.2016 13:00;0,245092;
Arsen;8;19.12.2016 13:00;0,150612;
Arsen;2;19.12.2016 13:00;0,144625;
Arsen;1;19.12.2016 13:00;0,0472927;
Arsen;9;19.12.2016 13:00;0,0408856;
Benzol;4;19.12.2016 13:00;1,92603;
Benzol;3;19.12.2016 13:00;1,14642;
Benzol;8;19.12.2016 13:00;1,1064;
Benzol;6;19.12.2016 13:00;0,825185;
Benzol;5;19.12.2016 13:00;0,792692;
Benzol;9;19.12.2016 13:00;0,704214;
Benzol;2;19.12.2016 13:00;0,611029;
Benzol;1;19.12.2016 13:00;0,172458;
Benzol;7;19.12.2016 13:00;0,144578;
Anilin;4;19.12.2016 13:00;1,97936;
Anilin;3;19.12.2016 13:00;1,35063;
Anilin;8;19.12.2016 13:00;0,811136;
Anilin;2;19.12.2016 13:00;0,753324;
Anilin;5;19.12.2016 13:00;0,643082;
Anilin;6;19.12.2016 13:00;0,642581;
Anilin;1;19.12.2016 13:00;0,292517;
Anilin;7;19.12.2016 13:00;0,20085;
Anilin;9;19.12.2016 13:00;0,0844363;
Natriumchlorid;4;19.12.2016 14:00;1,88316;
Natriumchlorid;3;19.12.2016 14:00;0,77814;
Natriumchlorid;6;19.12.2016 14:00;0,602632;
Natriumchlorid;8;19.12.2016 14:00;0,43707;
Natriumchlorid;9;19.12.2016 14:00;0,292554;
Natriumchlorid;7;19.12.2016 14:00;0,147644;
Natriumchlorid;5;19.12.2016 14:00;0,114106;
Natriumchlorid;2;19.12.2016 14:00;0,104188;
Natriumchlorid;1;19.12.2016 14:00;0,0364592;
Arsen;4;19.12.2016 14:00;1,88828;
Arsen;3;19.12.2016 14:00;1,54911;
Arsen;6;19.12.2016 14:00;0,50057;
Arsen;7;19.12.2016 14:00;0,468473;
Arsen;1;19.12.2016 14:00;0,323303;
Arsen;9;19.12.2016 14:00;0,319971;
Arsen;8;19.12.2016 14:00;0,173728;
Arsen;2;19.12.2016 14:00;0,162291;
Arsen;5;19.12.2016 14:00;0,0296134;
Benzol;4;19.12.2016 14:00;2,14625;
Benzol;3;19.12.2016 14:00;1,57205;
Benzol;7;19.12.2016 14:00;0,878435;
Benzol;8;19.12.2016 14:00;0,799428;
Benzol;1;19.12.2016 14:00;0,527755;
Benzol;6;19.12.2016 14:00;0,299013;
Benzol;5;19.12.2016 14:00;0,151593;
Benzol;2;19.12.2016 14:00;0,0491148;
Benzol;9;19.12.2016 14:00;0,0259826;
Anilin;4;19.12.2016 14:00;2,03039;
Anilin;5;19.12.2016 14:00;1,29932;
Anilin;3;19.12.2016 14:00;1,00571;
Anilin;9;19.12.2016 14:00;0,764759;
Anilin;1;19.12.2016 14:00;0,495008;
Anilin;7;19.12.2016 14:00;0,473343;
Anilin;8;19.12.2016 14:00;0,422763;
Anilin;6;19.12.2016 14:00;0,420715;
Anilin;2;19.12.2016 14:00;0,306129;
Natriumchlorid;3;19.12.2016 15:00;3,80974;
Natriumchlorid;4;19.12.2016 15:00;2,13269;
Natriumchlorid;8;19.12.2016 15:00;0,577926;
Natriumchlorid;7;19.12.2016 15:00;0,531896;
Natriumchlorid;9;19.12.2016 15:00;0,486647;
Natriumchlorid;6;19.12.2016 15:00;0,374249;
Natriumchlorid;5;19.12.2016 15:00;0,350161;
Natriumchlorid;1;19.12.2016 15:00;0,228052;
Natriumchlorid;2;19.12.2016 15:00;0,0540316;
Arsen;4;19.12.2016 15:00;1,84813;
Arsen;9;19.12.2016 15:00;0,684556;
Arsen;6;19.12.2016 15:00;0,619479;
Arsen;5;19.12.2016 15:00;0,615077;
Arsen;7;19.12.2016 15:00;0,462524;
Arsen;3;19.12.2016 15:00;0,446074;
Arsen;8;19.12.2016 15:00;0,33402;
Arsen;1;19.12.2016 15:00;0,112295;
Arsen;2;19.12.2016 15:00;0,0411534;
Benzol;3;19.12.2016 15:00;1,69782;
Benzol;4;19.12.2016 15:00;1,36833;
Benzol;5;19.12.2016 15:00;0,73708;
Benzol;6;19.12.2016 15:00;0,565128;
Benzol;8;19.12.2016 15:00;0,542279;
Benzol;1;19.12.2016 15:00;0,279831;
Benzol;7;19.12.2016 15:00;0,149652;
Benzol;2;19.12.2016 15:00;0,106956;
Benzol;9;19.12.2016 15:00;0,0635922;
Anilin;4;19.12.2016 15:00;2,0481;
Anilin;3;19.12.2016 15:00;1,52433;
Anilin;5;19.12.2016 15:00;0,83542;
Anilin;8;19.12.2016 15:00;0,586992;
Anilin;2;19.12.2016 15:00;0,326615;
Anilin;6;19.12.2016 15:00;0,233361;
Anilin;7;19.12.2016 15:00;0,128041;
Anilin;1;19.12.2016 15:00;0,0951357;
Anilin;9;19.12.2016 15:00;0,0903571;
Natriumchlorid;7;19.12.2016 16:00;2,4072;
Natriumchlorid;4;19.12.2016 16:00;2,2353;
Natriumchlorid;9;19.12.2016 16:00;0,727374;
Natriumchlorid;5;19.12.2016 16:00;0,666813;
Natriumchlorid;8;19.12.2016 16:00;0,606435;
Natriumchlorid;6;19.12.2016 16:00;0,49336;
Natriumchlorid;2;19.12.2016 16:00;0,428555;
Natriumchlorid;3;19.12.2016 16:00;0,309181;
Natriumchlorid;1;19.12.2016 16:00;0,102491;
Arsen;4;19.12.2016 16:00;2,16192;
Arsen;7;19.12.2016 16:00;1,8049;
Arsen;3;19.12.2016 16:00;1,2421;
Arsen;5;19.12.2016 16:00;0,852371;
Arsen;6;19.12.2016 16:00;0,529336;
Arsen;9;19.12.2016 16:00;0,504369;
Arsen;2;19.12.2016 16:00;0,436217;
Arsen;8;19.12.2016 16:00;0,315643;
Arsen;1;19.12.2016 16:00;0,0276876;
Benzol;6;19.12.2016 16:00;2,69013;
Benzol;4;19.12.2016 16:00;1,92237;
Benzol;9;19.12.2016 16:00;1,04395;
Benzol;1;19.12.2016 16:00;0,875442;
Benzol;8;19.12.2016 16:00;0,855889;
Benzol;2;19.12.2016 16:00;0,399995;
Benzol;3;19.12.2016 16:00;0,367996;
Benzol;7;19.12.2016 16:00;0,108047;
Benzol;5;19.12.2016 16:00;0,101807;
Anilin;3;19.12.2016 16:00;2,1262;
Anilin;4;19.12.2016 16:00;2,01861;
Anilin;9;19.12.2016 16:00;0,475723;
Anilin;7;19.12.2016 16:00;0,289974;
Anilin;8;19.12.2016 16:00;0,27651;
Anilin;5;19.12.2016 16:00;0,215427;
Anilin;2;19.12.2016 16:00;0,200505;
Anilin;6;19.12.2016 16:00;0,151204;
Anilin;1;19.12.2016 16:00;0,0523848;
Natriumchlorid;4;19.12.2016 17:00;2,09934;
Natriumchlorid;8;19.12.2016 17:00;0,482074;
Natriumchlorid;2;19.12.2016 17:00;0,319293;
Natriumchlorid;6;19.12.2016 17:00;0,312992;
Natriumchlorid;5;19.12.2016 17:00;0,291809;
Natriumchlorid;9;19.12.2016 17:00;0,268654;
Natriumchlorid;7;19.12.2016 17:00;0,186186;
Natriumchlorid;3;19.12.2016 17:00;0,164887;
Natriumchlorid;1;19.12.2016 17:00;0,0273305;
Arsen;4;19.12.2016 17:00;2,08543;
Arsen;6;19.12.2016 17:00;0,700333;
Arsen;3;19.12.2016 17:00;0,664296;
Arsen;7;19.12.2016 17:00;0,44471;
Arsen;1;19.12.2016 17:00;0,420291;
Arsen;2;19.12.2016 17:00;0,413147;
Arsen;5;19.12.2016 17:00;0,36623;
Arsen;9;19.12.2016 17:00;0,249282;
Arsen;8;19.12.2016 17:00;0,162944;
Benzol;4;19.12.2016 17:00;1,81213;
Benzol;3;19.12.2016 17:00;0,660759;
Benzol;6;19.12.2016 17:00;0,616334;
Benzol;7;19.12.2016 17:00;0,465138;
Benzol;5;19.12.2016 17:00;0,318826;
Benzol;8;19.12.2016 17:00;0,286645;
Benzol;2;19.12.2016 17:00;0,258144;
Benzol;9;19.12.2016 17:00;0,178385;
Benzol;1;19.12.2016 17:00;0,078155;
Anilin;4;19.12.2016 17:00;2,06862;
Anilin;3;19.12.2016 17:00;0,786619;
Anilin;8;19.12.2016 17:00;0,541692;
Anilin;1;19.12.2016 17:00;0,231099;
Anilin;5;19.12.2016 17:00;0,200787;
Anilin;6;19.12.2016 17:00;0,147276;
Anilin;7;19.12.2016 17:00;0,137467;
Anilin;2;19.12.2016 17:00;0,122546;
Anilin;9;19.12.2016 17:00;0,0993161;
Natriumchlorid;3;19.12.2016 18:00;3,15366;
Natriumchlorid;4;19.12.2016 18:00;2,30417;
Natriumchlorid;9;19.12.2016 18:00;1,40081;
Natriumchlorid;7;19.12.2016 18:00;0,807054;
Natriumchlorid;2;19.12.2016 18:00;0,45585;
Natriumchlorid;5;19.12.2016 18:00;0,452208;
Natriumchlorid;6;19.12.2016 18:00;0,42833;
Natriumchlorid;1;19.12.2016 18:00;0,238758;
Natriumchlorid;8;19.12.2016 18:00;0,123069;
Arsen;4;19.12.2016 18:00;2,03099;
Arsen;8;19.12.2016 18:00;0,628213;
Arsen;5;19.12.2016 18:00;0,610419;
Arsen;2;19.12.2016 18:00;0,368817;
Arsen;6;19.12.2016 18:00;0,345977;
Arsen;3;19.12.2016 18:00;0,3319;
Arsen;9;19.12.2016 18:00;0,128263;
Arsen;1;19.12.2016 18:00;0,0363158;
Arsen;7;19.12.2016 18:00;0,0321831;
Benzol;4;19.12.2016 18:00;2,21069;
Benzol;3;19.12.2016 18:00;1,16179;
Benzol;2;19.12.2016 18:00;0,875918;
Benzol;6;19.12.2016 18:00;0,732413;
Benzol;8;19.12.2016 18:00;0,441798;
Benzol;7;19.12.2016 18:00;0,401235;
Benzol;5;19.12.2016 18:00;0,253854;
Benzol;9;19.12.2016 18:00;0,251942;
Benzol;1;19.12.2016 18:00;0,194652;
Anilin;4;19.12.2016 18:00;2,0961;
Anilin;3;19.12.2016 18:00;1,05229;
Anilin;5;19.12.2016 18:00;0,69068;
Anilin;9;19.12.2016 18:00;0,657938;
Anilin;6;19.12.2016 18:00;0,444763;
Anilin;8;19.12.2016 18:00;0,419239;
Anilin;7;19.12.2016 18:00;0,337855;
Anilin;1;19.12.2016 18:00;0,259359;
Anilin;2;19.12.2016 18:00;0,0444719;
Natriumchlorid;4;19.12.2016 19:00;2,28189;
Natriumchlorid;3;19.12.2016 19:00;1,24403;
Natriumchlorid;5;19.12.2016 19:00;0,713468;
Natriumchlorid;7;19.12.2016 19:00;0,669253;
Natriumchlorid;6;19.12.2016 19:00;0,494008;
Natriumchlorid;2;19.12.2016 19:00;0,177268;
Natriumchlorid;1;19.12.2016 19:00;0,113614;
Natriumchlorid;9;19.12.2016 19:00;0,0753272;
Natriumchlorid;8;19.12.2016 19:00;0,0284678;
Arsen;4;19.12.2016 19:00;2,39327;
Arsen;3;19.12.2016 19:00;1,80214;
Arsen;7;19.12.2016 19:00;1,35136;
Arsen;5;19.12.2016 19:00;1,10372;
Arsen;9;19.12.2016 19:00;0,729153;
Arsen;1;19.12.2016 19:00;0,514172;
Arsen;8;19.12.2016 19:00;0,188387;
Arsen;6;19.12.2016 19:00;0,125355;
Arsen;2;19.12.2016 19:00;0,0115391;
Benzol;6;19.12.2016 19:00;4,49433;
Benzol;4;19.12.2016 19:00;1,81829;
Benzol;5;19.12.2016 19:00;0,626264;
Benzol;7;19.12.2016 19:00;0,589024;
Benzol;8;19.12.2016 19:00;0,278818;
Benzol;2;19.12.2016 19:00;0,254895;
Benzol;3;19.12.2016 19:00;0,191798;
Benzol;9;19.12.2016 19:00;0,13747;
Benzol;1;19.12.2016 19:00;0,0209137;
Anilin;3;19.12.2016 19:00;4,12154;
Anilin;4;19.12.2016 19:00;2,38093;
Anilin;5;19.12.2016 19:00;1,18443;
Anilin;6;19.12.2016 19:00;0,539578;
Anilin;9;19.12.2016 19:00;0,341405;
Anilin;1;19.12.2016 19:00;0,313118;
Anilin;2;19.12.2016 19:00;0,205111;
Anilin;8;19.12.2016 19:00;0,0602282;
Anilin;7;19.12.2016 19:00;0,013432;
Natriumchlorid;4;19.12.2016 20:00;1,90196;
Natriumchlorid;3;19.12.2016 20:00;1,22435;
Natriumchlorid;8;19.12.2016 20:00;0,774747;
Natriumchlorid;7;19.12.2016 20:00;0,650894;
Natriumchlorid;2;19.12.2016 20:00;0,604447;
Natriumchlorid;5;19.12.2016 20:00;0,310391;
Natriumchlorid;1;19.12.2016 20:00;0,16952;
Natriumchlorid;6;19.12.2016 20:00;0,12563;
Natriumchlorid;9;19.12.2016 20:00;0,0864922;
Arsen;4;19.12.2016 20:00;2,20779;
Arsen;3;19.12.2016 20:00;1,04679;
Arsen;5;19.12.2016 20:00;0,445304;
Arsen;6;19.12.2016 20:00;0,388925;
Arsen;9;19.12.2016 20:00;0,32618;
Arsen;2;19.12.2016 20:00;0,254497;
Arsen;1;19.12.2016 20:00;0,230139;
Arsen;7;19.12.2016 20:00;0,140323;
Arsen;8;19.12.2016 20:00;0,120101;
Benzol;3;19.12.2016 20:00;2,59385;
Benzol;4;19.12.2016 20:00;2,45506;
Benzol;8;19.12.2016 20:00;1,3241;
Benzol;5;19.12.2016 20:00;1,30171;
Benzol;9;19.12.2016 20:00;0,957194;
Benzol;7;19.12.2016 20:00;0,865256;
Benzol;6;19.12.2016 20:00;0,267002;
Benzol;1;19.12.2016 20:00;0,0412144;
Benzol;2;19.12.2016 20:00;0,0166522;
Anilin;4;19.12.2016 20:00;2,00708;
Anilin;3;19.12.2016 20:00;1,06135;
Anilin;9;19.12.2016 20:00;0,891;
Anilin;5;19.12.2016 20:00;0,664658;
Anilin;7;19.12.2016 20:00;0,569616;
Anilin;8;19.12.2016 20:00;0,468959;
Anilin;1;19.12.2016 20:00;0,363584;
Anilin;6;19.12.2016 20:00;0,30768;
Anilin;2;19.12.2016 20:00;0,23468;
Natriumchlorid;6;19.12.2016 21:00;26,70878;
Natriumchlorid;6;19.12.2016 21:00;3,12328;
Natriumchlorid;4;19.12.2016 21:00;1,57584;
Natriumchlorid;3;19.12.2016 21:00;0,953841;
Natriumchlorid;1;19.12.2016 21:00;0,572025;
Natriumchlorid;8;19.12.2016 21:00;0,330978;
Natriumchlorid;7;19.12.2016 21:00;0,293753;
Natriumchlorid;9;19.12.2016 21:00;0,289815;
Natriumchlorid;2;19.12.2016 21:00;0,0558942;
Natriumchlorid;5;19.12.2016 21:00;0,02816;
Arsen;4;19.12.2016 21:00;1,7131;
Arsen;3;19.12.2016 21:00;0,75658;
Arsen;2;19.12.2016 21:00;0,326979;
Arsen;7;19.12.2016 21:00;0,320398;
Arsen;6;19.12.2016 21:00;0,285515;
Arsen;8;19.12.2016 21:00;0,247273;
Arsen;1;19.12.2016 21:00;0,24503;
Arsen;5;19.12.2016 21:00;0,122674;
Arsen;9;19.12.2016 21:00;0,0577921;
Benzol;3;19.12.2016 21:00;2,13233;
Benzol;4;19.12.2016 21:00;1,8828;
Benzol;9;19.12.2016 21:00;0,986225;
Benzol;2;19.12.2016 21:00;0,703718;
Benzol;8;19.12.2016 21:00;0,54404;
Benzol;5;19.12.2016 21:00;0,510593;
Benzol;7;19.12.2016 21:00;0,508232;
Benzol;1;19.12.2016 21:00;0,164029;
Benzol;6;19.12.2016 21:00;0,13416;
Anilin;7;19.12.2016 21:00;3,15231;
Anilin;3;19.12.2016 21:00;3,00254;
Anilin;4;19.12.2016 21:00;2,1588;
Anilin;5;19.12.2016 21:00;0,486724;
Anilin;1;19.12.2016 21:00;0,441468;
Anilin;9;19.12.2016 21:00;0,318568;
Anilin;8;19.12.2016 21:00;0,298162;
Anilin;2;19.12.2016 21:00;0,156294;
Natriumchlorid;7;19.12.2016 22:00;2,3099;
Natriumchlorid;4;19.12.2016 22:00;2,07521;
Natriumchlorid;3;19.12.2016 22:00;1,10375;
Natriumchlorid;6;19.12.2016 22:00;0,676184;
Natriumchlorid;9;19.12.2016 22:00;0,498329;
Natriumchlorid;1;19.12.2016 22:00;0,403323;
Natriumchlorid;8;19.12.2016 22:00;0,322733;
Natriumchlorid;5;19.12.2016 22:00;0,22093;
Natriumchlorid;2;19.12.2016 22:00;0,0290064;
Arsen;4;19.12.2016 22:00;1,84356;
Arsen;7;19.12.2016 22:00;0,540821;
Arsen;3;19.12.2016 22:00;0,313346;
Arsen;6;19.12.2016 22:00;0,311071;
Arsen;8;19.12.2016 22:00;0,305195;
Arsen;1;19.12.2016 22:00;0,298233;
Arsen;9;19.12.2016 22:00;0,255687;
Arsen;2;19.12.2016 22:00;0,229906;
Arsen;5;19.12.2016 22:00;0,0458501;
Benzol;9;19.12.2016 22:00;5,03405;
Benzol;4;19.12.2016 22:00;2,08112;
Benzol;8;19.12.2016 22:00;0,973709;
Benzol;3;19.12.2016 22:00;0,845627;
Benzol;6;19.12.2016 22:00;0,616926;
Benzol;2;19.12.2016 22:00;0,377723;
Benzol;5;19.12.2016 22:00;0,356522;
Benzol;1;19.12.2016 22:00;0,123241;
Benzol;7;19.12.2016 22:00;0,116238;
Anilin;4;19.12.2016 22:00;2,03297;
Anilin;3;19.12.2016 22:00;1,50881;
Anilin;5;19.12.2016 22:00;0,809398;
Anilin;2;19.12.2016 22:00;0,73653;
Anilin;9;19.12.2016 22:00;0,643272;
Anilin;8;19.12.2016 22:00;0,4802;
Anilin;6;19.12.2016 22:00;0,3734;
Anilin;7;19.12.2016 22:00;0,26042;
Anilin;1;19.12.2016 22:00;0,0566095;
Natriumchlorid;3;19.12.2016 23:00;2,17722;
Natriumchlorid;4;19.12.2016 23:00;2,04988;
Natriumchlorid;5;19.12.2016 23:00;1,92806;
Natriumchlorid;9;19.12.2016 23:00;1,87851;
Natriumchlorid;8;19.12.2016 23:00;0,565212;
Natriumchlorid;6;19.12.2016 23:00;0,206878;
Natriumchlorid;2;19.12.2016 23:00;0,193328;
Natriumchlorid;7;19.12.2016 23:00;0,183661;
Natriumchlorid;1;19.12.2016 23:00;0,0356405;
Arsen;3;19.12.2016 23:00;2,06568;
Arsen;4;19.12.2016 23:00;1,94633;
Arsen;6;19.12.2016 23:00;0,807566;
Arsen;8;19.12.2016 23:00;0,680877;
Arsen;7;19.12.2016 23:00;0,519255;
Arsen;1;19.12.2016 23:00;0,424579;
Arsen;2;19.12.2016 23:00;0,333511;
Arsen;9;19.12.2016 23:00;0,205806;
Arsen;5;19.12.2016 23:00;0,193986;
Benzol;5;19.12.2016 23:00;5,17658;
Benzol;3;19.12.2016 23:00;2,49667;
Benzol;4;19.12.2016 23:00;1,90997;
Benzol;6;19.12.2016 23:00;0,659995;
Benzol;7;19.12.2016 23:00;0,493413;
Benzol;1;19.12.2016 23:00;0,418809;
Benzol;8;19.12.2016 23:00;0,400964;
Benzol;2;19.12.2016 23:00;0,362649;
Benzol;9;19.12.2016 23:00;0,13481;
Anilin;9;19.12.2016 23:00;16,12934;
Anilin;5;19.12.2016 23:00;1,80594;
Anilin;4;19.12.2016 23:00;1,69193;
Anilin;6;19.12.2016 23:00;0,516691;
Anilin;7;19.12.2016 23:00;0,440869;
Anilin;8;19.12.2016 23:00;0,3807;
Anilin;3;19.12.2016 23:00;0,281301;
Anilin;2;19.12.2016 23:00;0,156171;
Anilin;1;19.12.2016 23:00;0,117744;
Natriumchlorid;4;20.12.2016 00:00;1,88985;
Natriumchlorid;3;20.12.2016 00:00;1,63993;
Natriumchlorid;6;20.12.2016 00:00;0,902645;
Natriumchlorid;5;20.12.2016 00:00;0,608052;
Natriumchlorid;8;20.12.2016 00:00;0,362138;
Natriumchlorid;1;20.12.2016 00:00;0,182498;
Natriumchlorid;7;20.12.2016 00:00;0,18148;
Natriumchlorid;9;20.12.2016 00:00;0,162831;
Natriumchlorid;2;20.12.2016 00:00;0,099836;
Arsen;4;20.12.2016 00:00;2,10752;
Arsen;3;20.12.2016 00:00;1,0371;
Arsen;6;20.12.2016 00:00;0,85006;
Arsen;9;20.12.2016 00:00;0,584169;
Arsen;8;20.12.2016 00:00;0,536199;
Arsen;2;20.12.2016 00:00;0,299121;
Arsen;7;20.12.2016 00:00;0,168765;
Arsen;5;20.12.2016 00:00;0,0549692;
Arsen;1;20.12.2016 00:00;0,0342072;
Benzol;5;20.12.2016 00:00;4,3077;
Benzol;4;20.12.2016 00:00;1,96828;
Benzol;9;20.12.2016 00:00;1,15913;
Benzol;6;20.12.2016 00:00;0,575618;
Benzol;7;20.12.2016 00:00;0,558085;
Benzol;8;20.12.2016 00:00;0,541659;
Benzol;3;20.12.2016 00:00;0,404448;
Benzol;1;20.12.2016 00:00;0,181115;
Benzol;2;20.12.2016 00:00;0,14618;
Anilin;4;20.12.2016 00:00;2,45712;
Anilin;8;20.12.2016 00:00;1,18319;
Anilin;3;20.12.2016 00:00;0,542066;
Anilin;1;20.12.2016 00:00;0,381545;
Anilin;7;20.12.2016 00:00;0,165233;
Anilin;5;20.12.2016 00:00;0,134798;
Anilin;6;20.12.2016 00:00;0,0728884;
Anilin;2;20.12.2016 00:00;0,062438;
Anilin;9;20.12.2016 00:00;0,0151015;
Natriumchlorid;5;20.12.2016 01:00;3,98983;
Natriumchlorid;4;20.12.2016 01:00;2,03921;
Natriumchlorid;9;20.12.2016 01:00;1,96424;
Natriumchlorid;2;20.12.2016 01:00;0,776894;
Natriumchlorid;8;20.12.2016 01:00;0,601036;
Natriumchlorid;6;20.12.2016 01:00;0,322665;
Natriumchlorid;7;20.12.2016 01:00;0,30159;
Natriumchlorid;3;20.12.2016 01:00;0,198978;
Natriumchlorid;1;20.12.2016 01:00;0,025638;
Arsen;3;20.12.2016 01:00;2,98867;
Arsen;4;20.12.2016 01:00;1,74697;
Arsen;5;20.12.2016 01:00;0,739119;
Arsen;7;20.12.2016 01:00;0,494003;
Arsen;9;20.12.2016 01:00;0,483564;
Arsen;8;20.12.2016 01:00;0,410788;
Arsen;6;20.12.2016 01:00;0,352975;
Arsen;1;20.12.2016 01:00;0,202349;
Arsen;2;20.12.2016 01:00;0,0801313;
Benzol;4;20.12.2016 01:00;1,71506;
Benzol;3;20.12.2016 01:00;1,28763;
Benzol;2;20.12.2016 01:00;0,771049;
Benzol;6;20.12.2016 01:00;0,585978;
Benzol;9;20.12.2016 01:00;0,248293;
Benzol;1;20.12.2016 01:00;0,198707;
Benzol;5;20.12.2016 01:00;0,185592;
Benzol;7;20.12.2016 01:00;0,0545301;
Benzol;8;20.12.2016 01:00;0,0450588;
Anilin;5;20.12.2016 01:00;31,8882;
Anilin;4;20.12.2016 01:00;2,12208;
Anilin;3;20.12.2016 01:00;1,39879;
Anilin;6;20.12.2016 01:00;0,748427;
Anilin;7;20.12.2016 01:00;0,500518;
Anilin;9;20.12.2016 01:00;0,416599;
Anilin;1;20.12.2016 01:00;0,211167;
Anilin;2;20.12.2016 01:00;0,125692;
Anilin;8;20.12.2016 01:00;0,0531457;
Natriumchlorid;4;20.12.2016 02:00;2,23135;
Natriumchlorid;9;20.12.2016 02:00;1,46224;
Natriumchlorid;3;20.12.2016 02:00;1,28835;
Natriumchlorid;2;20.12.2016 02:00;0,813642;
Natriumchlorid;8;20.12.2016 02:00;0,724141;
Natriumchlorid;5;20.12.2016 02:00;0,531616;
Natriumchlorid;6;20.12.2016 02:00;0,367041;
Natriumchlorid;1;20.12.2016 02:00;0,221853;
Natriumchlorid;7;20.12.2016 02:00;0,110456;
Arsen;4;20.12.2016 02:00;1,78575;
Arsen;5;20.12.2016 02:00;0,802732;
Arsen;8;20.12.2016 02:00;0,54967;
Arsen;6;20.12.2016 02:00;0,533571;
Arsen;2;20.12.2016 02:00;0,350491;
Arsen;9;20.12.2016 02:00;0,217467;
Arsen;7;20.12.2016 02:00;0,192936;
Arsen;3;20.12.2016 02:00;0,178721;
Arsen;1;20.12.2016 02:00;0,137597;
Benzol;3;20.12.2016 02:00;3,47324;
Benzol;4;20.12.2016 02:00;2,08939;
Benzol;7;20.12.2016 02:00;0,980322;
Benzol;9;20.12.2016 02:00;0,871585;
Benzol;6;20.12.2016 02:00;0,706424;
Benzol;2;20.12.2016 02:00;0,362815;
Benzol;5;20.12.2016 02:00;0,286041;
Benzol;1;20.12.2016 02:00;0,0280617;
Benzol;8;20.12.2016 02:00;0,00726263;
Anilin;3;20.12.2016 02:00;3,35435;
Anilin;4;20.12.2016 02:00;1,8663;
Anilin;5;20.12.2016 02:00;0,451549;
Anilin;9;20.12.2016 02:00;0,428399;
Anilin;6;20.12.2016 02:00;0,369566;
Anilin;1;20.12.2016 02:00;0,360715;
Anilin;2;20.12.2016 02:00;0,296135;
Anilin;7;20.12.2016 02:00;0,279709;
Anilin;8;20.12.2016 02:00;0,0832527;
Natriumchlorid;4;20.12.2016 03:00;1,64974;
Natriumchlorid;5;20.12.2016 03:00;1,50416;
Natriumchlorid;7;20.12.2016 03:00;0,655207;
Natriumchlorid;6;20.12.2016 03:00;0,603889;
Natriumchlorid;9;20.12.2016 03:00;0,299396;
Natriumchlorid;2;20.12.2016 03:00;0,293636;
Natriumchlorid;1;20.12.2016 03:00;0,237263;
Natriumchlorid;3;20.12.2016 03:00;0,03351;
Natriumchlorid;8;20.12.2016 03:00;0,0250153;
Arsen;4;20.12.2016 03:00;1,9907;
Arsen;3;20.12.2016 03:00;1,21718;
Arsen;9;20.12.2016 03:00;0,985903;
Arsen;5;20.12.2016 03:00;0,849288;
Arsen;7;20.12.2016 03:00;0,778781;
Arsen;1;20.12.2016 03:00;0,452317;
Arsen;8;20.12.2016 03:00;0,400658;
Arsen;2;20.12.2016 03:00;0,204651;
Arsen;6;20.12.2016 03:00;0,0437898;
Benzol;4;20.12.2016 03:00;1,72823;
Benzol;3;20.12.2016 03:00;0,763541;
Benzol;9;20.12.2016 03:00;0,53722;
Benzol;8;20.12.2016 03:00;0,424295;
Benzol;2;20.12.2016 03:00;0,407075;
Benzol;6;20.12.2016 03:00;0,386028;
Benzol;7;20.12.2016 03:00;0,182963;
Benzol;1;20.12.2016 03:00;0,164355;
Benzol;5;20.12.2016 03:00;0,150742;
Anilin;4;20.12.2016 03:00;2,30792;
Anilin;3;20.12.2016 03:00;1,06127;
Anilin;7;20.12.2016 03:00;0,722701;
Anilin;9;20.12.2016 03:00;0,503169;
Anilin;2;20.12.2016 03:00;0,364698;
Anilin;5;20.12.2016 03:00;0,355817;
Anilin;6;20.12.2016 03:00;0,323752;
Anilin;8;20.12.2016 03:00;0,255568;
Anilin;1;20.12.2016 03:00;0,0568865;
Natriumchlorid;4;20.12.2016 04:00;2,00267;
Natriumchlorid;3;20.12.2016 04:00;1,1694;
Natriumchlorid;8;20.12.2016 04:00;0,90688;
Natriumchlorid;5;20.12.2016 04:00;0,694253;
Natriumchlorid;7;20.12.2016 04:00;0,556601;
Natriumchlorid;2;20.12.2016 04:00;0,340845;
Natriumchlorid;1;20.12.2016 04:00;0,134408;
Natriumchlorid;9;20.12.2016 04:00;0,127418;
Natriumchlorid;6;20.12.2016 04:00;0,0260594;
Arsen;4;20.12.2016 04:00;2,03496;
Arsen;7;20.12.2016 04:00;0,914264;
Arsen;9;20.12.2016 04:00;0,760432;
Arsen;3;20.12.2016 04:00;0,456783;
Arsen;6;20.12.2016 04:00;0,286181;
Arsen;8;20.12.2016 04:00;0,273361;
Arsen;1;20.12.2016 04:00;0,181976;
Arsen;2;20.12.2016 04:00;0,158997;
Arsen;5;20.12.2016 04:00;0,0152522;
Benzol;4;20.12.2016 04:00;1,83254;
Benzol;9;20.12.2016 04:00;0,928223;
Benzol;3;20.12.2016 04:00;0,877304;
Benzol;5;20.12.2016 04:00;0,546436;
Benzol;7;20.12.2016 04:00;0,426827;
Benzol;8;20.12.2016 04:00;0,393497;
Benzol;6;20.12.2016 04:00;0,358088;
Benzol;1;20.12.2016 04:00;0,299685;
Benzol;2;20.12.2016 04:00;0,0234406;
Anilin;4;20.12.2016 04:00;2,38187;
Anilin;2;20.12.2016 04:00;0,919566;
Anilin;7;20.12.2016 04:00;0,75935;
Anilin;3;20.12.2016 04:00;0,675933;
Anilin;9;20.12.2016 04:00;0,463911;
Anilin;6;20.12.2016 04:00;0,415461;
Anilin;8;20.12.2016 04:00;0,381649;
Anilin;1;20.12.2016 04:00;0,204681;
Anilin;5;20.12.2016 04:00;0,0449247;
Natriumchlorid;4;20.12.2016 05:00;2,13286;
Natriumchlorid;8;20.12.2016 05:00;1,41648;
Natriumchlorid;3;20.12.2016 05:00;0,816724;
Natriumchlorid;7;20.12.2016 05:00;0,718312;
Natriumchlorid;1;20.12.2016 05:00;0,483348;
Natriumchlorid;6;20.12.2016 05:00;0,439429;
Natriumchlorid;9;20.12.2016 05:00;0,431511;
Natriumchlorid;2;20.12.2016 05:00;0,207329;
Natriumchlorid;5;20.12.2016 05:00;0,0299044;
Arsen;4;20.12.2016 05:00;1,95206;
Arsen;7;20.12.2016 05:00;1,42409;
Arsen;3;20.12.2016 05:00;1,23765;
Arsen;5;20.12.2016 05:00;0,627548;
Arsen;8;20.12.2016 05:00;0,423613;
Arsen;6;20.12.2016 05:00;0,104835;
Arsen;2;20.12.2016 05:00;0,0811873;
Arsen;1;20.12.2016 05:00;0,0768631;
Arsen;9;20.12.2016 05:00;0,016452;
Benzol;4;20.12.2016 05:00;1,86476;
Benzol;9;20.12.2016 05:00;0,928223;
Benzol;8;20.12.2016 05:00;0,690553;
Benzol;3;20.12.2016 05:00;0,570253;
Benzol;7;20.12.2016 05:00;0,548859;
Benzol;2;20.12.2016 05:00;0,349919;
Benzol;6;20.12.2016 05:00;0,2987;
Benzol;5;20.12.2016 05:00;0,167043;
Benzol;1;20.12.2016 05:00;0,15497;
Anilin;4;20.12.2016 05:00;1,9751;
Anilin;2;20.12.2016 05:00;1,21648;
Anilin;5;20.12.2016 05:00;1,18484;
Anilin;1;20.12.2016 05:00;0,530241;
Anilin;8;20.12.2016 05:00;0,418334;
Anilin;9;20.12.2016 05:00;0,291579;
Anilin;6;20.12.2016 05:00;0,281673;
Anilin;3;20.12.2016 05:00;0,228959;
Anilin;7;20.12.2016 05:00;0,171328;
Natriumchlorid;9;20.12.2016 06:00;2,45363;
Natriumchlorid;4;20.12.2016 06:00;2,03439;
Natriumchlorid;5;20.12.2016 06:00;0,587284;
Natriumchlorid;2;20.12.2016 06:00;0,431534;
Natriumchlorid;6;20.12.2016 06:00;0,339313;
Natriumchlorid;8;20.12.2016 06:00;0,294523;
Natriumchlorid;3;20.12.2016 06:00;0,193841;
Natriumchlorid;1;20.12.2016 06:00;0,141169;
Natriumchlorid;7;20.12.2016 06:00;0,0963469;
Arsen;4;20.12.2016 06:00;2,16017;
Arsen;3;20.12.2016 06:00;1,51938;
Arsen;5;20.12.2016 06:00;0,712257;
Arsen;6;20.12.2016 06:00;0,463255;
Arsen;8;20.12.2016 06:00;0,398424;
Arsen;7;20.12.2016 06:00;0,344769;
Arsen;1;20.12.2016 06:00;0,239725;
Arsen;2;20.12.2016 06:00;0,139509;
Arsen;9;20.12.2016 06:00;0,0256381;
Benzol;4;20.12.2016 06:00;2,10479;
Benzol;7;20.12.2016 06:00;1,27582;
Benzol;9;20.12.2016 06:00;1,16225;
Benzol;6;20.12.2016 06:00;0,682972;
Benzol;3;20.12.2016 06:00;0,189997;
Benzol;8;20.12.2016 06:00;0,187124;
Benzol;1;20.12.2016 06:00;0,133637;
Benzol;2;20.12.2016 06:00;0,0517336;
Benzol;5;20.12.2016 06:00;0,0217558;
Anilin;4;20.12.2016 06:00;2,2278;
Anilin;5;20.12.2016 06:00;0,900958;
Anilin;7;20.12.2016 06:00;0,677812;
Anilin;9;20.12.2016 06:00;0,533713;
Anilin;3;20.12.2016 06:00;0,433407;
Anilin;8;20.12.2016 06:00;0,409808;
Anilin;2;20.12.2016 06:00;0,375362;
Anilin;6;20.12.2016 06:00;0,336198;
Anilin;1;20.12.2016 06:00;0,133051;
Natriumchlorid;9;20.12.2016 07:00;2,35027;
Natriumchlorid;4;20.12.2016 07:00;1,87436;
Natriumchlorid;3;20.12.2016 07:00;1,7419;
Natriumchlorid;8;20.12.2016 07:00;0,789034;
Natriumchlorid;2;20.12.2016 07:00;0,515965;
Natriumchlorid;7;20.12.2016 07:00;0,347328;
Natriumchlorid;6;20.12.2016 07:00;0,229235;
Natriumchlorid;5;20.12.2016 07:00;0,157322;
Natriumchlorid;1;20.12.2016 07:00;0,0979923;
Arsen;4;20.12.2016 07:00;2,34773;
Arsen;7;20.12.2016 07:00;1,92745;
Arsen;3;20.12.2016 07:00;0,942637;
Arsen;5;20.12.2016 07:00;0,619334;
Arsen;1;20.12.2016 07:00;0,510803;
Arsen;9;20.12.2016 07:00;0,387789;
Arsen;2;20.12.2016 07:00;0,214707;
Arsen;8;20.12.2016 07:00;0,101193;
Arsen;6;20.12.2016 07:00;0,0250899;
Benzol;3;20.12.2016 07:00;2,58197;
Benzol;4;20.12.2016 07:00;2,33918;
Benzol;5;20.12.2016 07:00;0,640906;
Benzol;7;20.12.2016 07:00;0,620615;
Benzol;8;20.12.2016 07:00;0,456444;
Benzol;6;20.12.2016 07:00;0,448678;
Benzol;9;20.12.2016 07:00;0,426279;
Benzol;1;20.12.2016 07:00;0,147663;
Benzol;2;20.12.2016 07:00;0,0909384;
Anilin;4;20.12.2016 07:00;1,80096;
Anilin;5;20.12.2016 07:00;1,6934;
Anilin;3;20.12.2016 07:00;0,978278;
Anilin;8;20.12.2016 07:00;0,969631;
Anilin;6;20.12.2016 07:00;0,297708;
Anilin;7;20.12.2016 07:00;0,189631;
Anilin;2;20.12.2016 07:00;0,180577;
Anilin;9;20.12.2016 07:00;0,117124;
Anilin;1;20.12.2016 07:00;0,0417666;
Natriumchlorid;4;20.12.2016 08:00;1,82034;
Natriumchlorid;3;20.12.2016 08:00;1,10504;
Natriumchlorid;9;20.12.2016 08:00;0,688702;
Natriumchlorid;8;20.12.2016 08:00;0,545412;
Natriumchlorid;6;20.12.2016 08:00;0,472723;
Natriumchlorid;1;20.12.2016 08:00;0,439169;
Natriumchlorid;5;20.12.2016 08:00;0,29662;
Natriumchlorid;7;20.12.2016 08:00;0,148824;
Natriumchlorid;2;20.12.2016 08:00;0,0471252;
Arsen;4;20.12.2016 08:00;1,64607;
Arsen;1;20.12.2016 08:00;0,518068;
Arsen;6;20.12.2016 08:00;0,507454;
Arsen;8;20.12.2016 08:00;0,494302;
Arsen;5;20.12.2016 08:00;0,489953;
Arsen;9;20.12.2016 08:00;0,358121;
Arsen;3;20.12.2016 08:00;0,344402;
Arsen;2;20.12.2016 08:00;0,170967;
Arsen;7;20.12.2016 08:00;0,0540778;
Benzol;4;20.12.2016 08:00;2,08096;
Benzol;5;20.12.2016 08:00;1,19646;
Benzol;2;20.12.2016 08:00;0,621764;
Benzol;6;20.12.2016 08:00;0,352172;
Benzol;7;20.12.2016 08:00;0,243182;
Benzol;3;20.12.2016 08:00;0,119518;
Benzol;8;20.12.2016 08:00;0,0849538;
Benzol;9;20.12.2016 08:00;0,0651931;
Benzol;1;20.12.2016 08:00;0,0138931;
Anilin;4;20.12.2016 08:00;2,22201;
Anilin;3;20.12.2016 08:00;0,595139;
Anilin;6;20.12.2016 08:00;0,567072;
Anilin;8;20.12.2016 08:00;0,48544;
Anilin;2;20.12.2016 08:00;0,33131;
Anilin;5;20.12.2016 08:00;0,226584;
Anilin;7;20.12.2016 08:00;0,134838;
Anilin;9;20.12.2016 08:00;0,0507956;
Anilin;1;20.12.2016 08:00;0,00219795;
Natriumchlorid;4;20.12.2016 09:00;2,11696;
Natriumchlorid;3;20.12.2016 09:00;1,99181;
Natriumchlorid;8;20.12.2016 09:00;0,806493;
Natriumchlorid;5;20.12.2016 09:00;0,44981;
Natriumchlorid;2;20.12.2016 09:00;0,337951;
Natriumchlorid;7;20.12.2016 09:00;0,246057;
Natriumchlorid;1;20.12.2016 09:00;0,229505;
Natriumchlorid;6;20.12.2016 09:00;0,190686;
Natriumchlorid;9;20.12.2016 09:00;0,152797;
Arsen;3;20.12.2016 09:00;2,18792;
Arsen;4;20.12.2016 09:00;1,8126;
Arsen;5;20.12.2016 09:00;1,26693;
Arsen;7;20.12.2016 09:00;0,859986;
Arsen;6;20.12.2016 09:00;0,779532;
Arsen;8;20.12.2016 09:00;0,412195;
Arsen;1;20.12.2016 09:00;0,312849;
Arsen;2;20.12.2016 09:00;0,238845;
Arsen;9;20.12.2016 09:00;0,0362656;
Benzol;4;20.12.2016 09:00;2,23258;
Benzol;9;20.12.2016 09:00;0,740833;
Benzol;8;20.12.2016 09:00;0,591509;
Benzol;2;20.12.2016 09:00;0,571909;
Benzol;1;20.12.2016 09:00;0,240943;
Benzol;5;20.12.2016 09:00;0,232532;
Benzol;7;20.12.2016 09:00;0,225655;
Benzol;3;20.12.2016 09:00;0,175888;
Benzol;6;20.12.2016 09:00;0,00385567;
Anilin;4;20.12.2016 09:00;2,12658;
Anilin;7;20.12.2016 09:00;1,11503;
Anilin;3;20.12.2016 09:00;0,548489;
Anilin;8;20.12.2016 09:00;0,492698;
Anilin;2;20.12.2016 09:00;0,409378;
Anilin;5;20.12.2016 09:00;0,370212;
Anilin;6;20.12.2016 09:00;0,348417;
Anilin;9;20.12.2016 09:00;0,313703;
Anilin;1;20.12.2016 09:00;0,0435387;
Natriumchlorid;4;20.12.2016 10:00;1,87686;
Natriumchlorid;7;20.12.2016 10:00;0,849879;
Natriumchlorid;6;20.12.2016 10:00;0,667702;
Natriumchlorid;3;20.12.2016 10:00;0,607014;
Natriumchlorid;9;20.12.2016 10:00;0,547193;
Natriumchlorid;8;20.12.2016 10:00;0,36865;
Natriumchlorid;5;20.12.2016 10:00;0,246308;
Natriumchlorid;1;20.12.2016 10:00;0,142749;
Natriumchlorid;2;20.12.2016 10:00;0,111553;
Arsen;3;20.12.2016 10:00;2,43207;
Arsen;4;20.12.2016 10:00;2,1664;
Arsen;7;20.12.2016 10:00;1,22212;
Arsen;8;20.12.2016 10:00;0,98578;
Arsen;9;20.12.2016 10:00;0,631955;
Arsen;5;20.12.2016 10:00;0,478104;
Arsen;2;20.12.2016 10:00;0,417315;
Arsen;1;20.12.2016 10:00;0,344203;
Arsen;6;20.12.2016 10:00;0,280175;
Benzol;3;20.12.2016 10:00;3,15775;
Benzol;4;20.12.2016 10:00;2,38197;
Benzol;5;20.12.2016 10:00;0,975247;
Benzol;8;20.12.2016 10:00;0,755168;
Benzol;6;20.12.2016 10:00;0,408593;
Benzol;7;20.12.2016 10:00;0,404507;
Benzol;2;20.12.2016 10:00;0,190608;
Benzol;9;20.12.2016 10:00;0,187997;
Benzol;1;20.12.2016 10:00;0,0553984;
Anilin;5;20.12.2016 10:00;2,3833;
Anilin;4;20.12.2016 10:00;1,8723;
Anilin;3;20.12.2016 10:00;1,00586;
Anilin;7;20.12.2016 10:00;0,673249;
Anilin;1;20.12.2016 10:00;0,362389;
Anilin;6;20.12.2016 10:00;0,211842;
Anilin;8;20.12.2016 10:00;0,142947;
Anilin;2;20.12.2016 10:00;0,0544895;
Anilin;9;20.12.2016 10:00;0,052573;
Natriumchlorid;4;20.12.2016 11:00;1,81538;
Natriumchlorid;3;20.12.2016 11:00;0,889213;
Natriumchlorid;7;20.12.2016 11:00;0,762343;
Natriumchlorid;1;20.12.2016 11:00;0,376701;
Natriumchlorid;8;20.12.2016 11:00;0,346182;
Natriumchlorid;6;20.12.2016 11:00;0,330634;
Natriumchlorid;2;20.12.2016 11:00;0,263592;
Natriumchlorid;5;20.12.2016 11:00;0,104778;
Natriumchlorid;9;20.12.2016 11:00;0,0316592;
Arsen;4;20.12.2016 11:00;2,24986;
Arsen;7;20.12.2016 11:00;1,99464;
Arsen;6;20.12.2016 11:00;0,631137;
Arsen;3;20.12.2016 11:00;0,47793;
Arsen;2;20.12.2016 11:00;0,329055;
Arsen;5;20.12.2016 11:00;0,272282;
Arsen;8;20.12.2016 11:00;0,204328;
Arsen;9;20.12.2016 11:00;0,164044;
Arsen;1;20.12.2016 11:00;0,150502;
Benzol;4;20.12.2016 11:00;1,94083;
Benzol;3;20.12.2016 11:00;1,12006;
Benzol;8;20.12.2016 11:00;0,92932;
Benzol;6;20.12.2016 11:00;0,651101;
Benzol;7;20.12.2016 11:00;0,545976;
Benzol;2;20.12.2016 11:00;0,522741;
Benzol;5;20.12.2016 11:00;0,182617;
Benzol;1;20.12.2016 11:00;0,147499;
Benzol;9;20.12.2016 11:00;0,0913373;
Anilin;3;20.12.2016 11:00;2,35832;
Anilin;4;20.12.2016 11:00;1,94778;
Anilin;7;20.12.2016 11:00;0,569813;
Anilin;8;20.12.2016 11:00;0,550754;
Anilin;9;20.12.2016 11:00;0,325775;
Anilin;2;20.12.2016 11:00;0,268462;
Anilin;6;20.12.2016 11:00;0,265145;
Anilin;1;20.12.2016 11:00;0,179686;
Anilin;5;20.12.2016 11:00;0,13323;
Natriumchlorid;4;20.12.2016 12:00;1,84811;
Natriumchlorid;2;20.12.2016 12:00;0,821501;
Natriumchlorid;3;20.12.2016 12:00;0,782579;
Natriumchlorid;9;20.12.2016 12:00;0,649932;
Natriumchlorid;5;20.12.2016 12:00;0,445619;
Natriumchlorid;1;20.12.2016 12:00;0,249514;
Natriumchlorid;8;20.12.2016 12:00;0,249376;
Natriumchlorid;6;20.12.2016 12:00;0,246452;
Natriumchlorid;7;20.12.2016 12:00;0,183164;
Arsen;4;20.12.2016 12:00;2,10892;
Arsen;3;20.12.2016 12:00;1,62035;
Arsen;8;20.12.2016 12:00;0,854253;
Arsen;6;20.12.2016 12:00;0,637179;
Arsen;5;20.12.2016 12:00;0,489559;
Arsen;2;20.12.2016 12:00;0,380531;
Arsen;7;20.12.2016 12:00;0,291428;
Arsen;9;20.12.2016 12:00;0,243393;
Arsen;1;20.12.2016 12:00;0,0996209;
Benzol;4;20.12.2016 12:00;1,81312;
Benzol;5;20.12.2016 12:00;0,704919;
Benzol;1;20.12.2016 12:00;0,621169;
Benzol;7;20.12.2016 12:00;0,562338;
Benzol;6;20.12.2016 12:00;0,467678;
Benzol;3;20.12.2016 12:00;0,432262;
Benzol;9;20.12.2016 12:00;0,287104;
Benzol;2;20.12.2016 12:00;0,222364;
Benzol;8;20.12.2016 12:00;0,1726;
Anilin;3;20.12.2016 12:00;3,48343;
Anilin;4;20.12.2016 12:00;1,73607;
Anilin;9;20.12.2016 12:00;0,784067;
Anilin;8;20.12.2016 12:00;0,565845;
Anilin;5;20.12.2016 12:00;0,552643;
Anilin;7;20.12.2016 12:00;0,521468;
Anilin;6;20.12.2016 12:00;0,302836;
Anilin;2;20.12.2016 12:00;0,221874;
Anilin;1;20.12.2016 12:00;0,203389;
Natriumchlorid;4;20.12.2016 13:00;2,07343;
Natriumchlorid;9;20.12.2016 13:00;1,18397;
Natriumchlorid;5;20.12.2016 13:00;0,994211;
Natriumchlorid;3;20.12.2016 13:00;0,795195;
Natriumchlorid;7;20.12.2016 13:00;0,612978;
Natriumchlorid;1;20.12.2016 13:00;0,459497;
Natriumchlorid;6;20.12.2016 13:00;0,442038;
Natriumchlorid;8;20.12.2016 13:00;0,135301;
Natriumchlorid;2;20.12.2016 13:00;0,00871084;
Arsen;4;20.12.2016 13:00;2,14126;
Arsen;7;20.12.2016 13:00;1,08628;
Arsen;2;20.12.2016 13:00;0,716519;
Arsen;9;20.12.2016 13:00;0,617618;
Arsen;1;20.12.2016 13:00;0,184371;
Arsen;3;20.12.2016 13:00;0,0822582;
Arsen;8;20.12.2016 13:00;0,0783378;
Arsen;6;20.12.2016 13:00;0,0766916;
Arsen;5;20.12.2016 13:00;0,0128916;
Benzol;4;20.12.2016 13:00;2,03442;
Benzol;7;20.12.2016 13:00;1,01;
Benzol;2;20.12.2016 13:00;0,963936;
Benzol;3;20.12.2016 13:00;0,823353;
Benzol;8;20.12.2016 13:00;0,235486;
Benzol;1;20.12.2016 13:00;0,198035;
Benzol;5;20.12.2016 13:00;0,0783968;
Benzol;6;20.12.2016 13:00;0,0703834;
Benzol;9;20.12.2016 13:00;0,0388467;
Anilin;4;20.12.2016 13:00;2,16692;
Anilin;8;20.12.2016 13:00;0,746091;
Anilin;3;20.12.2016 13:00;0,637826;
Anilin;9;20.12.2016 13:00;0,551434;
Anilin;6;20.12.2016 13:00;0,52667;
Anilin;2;20.12.2016 13:00;0,283387;
Anilin;1;20.12.2016 13:00;0,228407;
Anilin;5;20.12.2016 13:00;0,208463;
Anilin;7;20.12.2016 13:00;0,013514;
Natriumchlorid;4;20.12.2016 14:00;1,86756;
Natriumchlorid;8;20.12.2016 14:00;0,908591;
Natriumchlorid;5;20.12.2016 14:00;0,852105;
Natriumchlorid;3;20.12.2016 14:00;0,459527;
Natriumchlorid;9;20.12.2016 14:00;0,414606;
Natriumchlorid;1;20.12.2016 14:00;0,334696;
Natriumchlorid;6;20.12.2016 14:00;0,221005;
Natriumchlorid;2;20.12.2016 14:00;0,169754;
Natriumchlorid;7;20.12.2016 14:00;0,018851;
Arsen;4;20.12.2016 14:00;2,06346;
Arsen;8;20.12.2016 14:00;0,977849;
Arsen;6;20.12.2016 14:00;0,847639;
Arsen;9;20.12.2016 14:00;0,407463;
Arsen;5;20.12.2016 14:00;0,320057;
Arsen;2;20.12.2016 14:00;0,302091;
Arsen;3;20.12.2016 14:00;0,271526;
Arsen;7;20.12.2016 14:00;0,116754;
Arsen;1;20.12.2016 14:00;0,0425495;
Benzol;3;20.12.2016 14:00;4,58488;
Benzol;4;20.12.2016 14:00;1,88213;
Benzol;9;20.12.2016 14:00;1,60113;
Benzol;5;20.12.2016 14:00;1,20582;
Benzol;6;20.12.2016 14:00;0,407966;
Benzol;8;20.12.2016 14:00;0,34065;
Benzol;2;20.12.2016 14:00;0,17785;
Benzol;7;20.12.2016 14:00;0,0281407;
Benzol;1;20.12.2016 14:00;0,0010403;
Anilin;3;20.12.2016 14:00;2,14417;
Anilin;4;20.12.2016 14:00;2,04176;
Anilin;6;20.12.2016 14:00;0,395907;
Anilin;9;20.12.2016 14:00;0,367455;
Anilin;2;20.12.2016 14:00;0,29427;
Anilin;5;20.12.2016 14:00;0,162311;
Anilin;8;20.12.2016 14:00;0,147957;
Anilin;1;20.12.2016 14:00;0,0444719;
Anilin;7;20.12.2016 14:00;0,040582;
Natriumchlorid;4;20.12.2016 15:00;2,10114;
Natriumchlorid;9;20.12.2016 15:00;1,05533;
Natriumchlorid;1;20.12.2016 15:00;0,597262;
Natriumchlorid;2;20.12.2016 15:00;0,595368;
Natriumchlorid;6;20.12.2016 15:00;0,286685;
Natriumchlorid;3;20.12.2016 15:00;0,18502;
Natriumchlorid;7;20.12.2016 15:00;0,165807;
Natriumchlorid;5;20.12.2016 15:00;0,139382;
Natriumchlorid;8;20.12.2016 15:00;0,0510021;
Arsen;4;20.12.2016 15:00;1,90953;
Arsen;8;20.12.2016 15:00;0,960094;
Arsen;5;20.12.2016 15:00;0,79613;
Arsen;6;20.12.2016 15:00;0,732461;
Arsen;7;20.12.2016 15:00;0,511285;
Arsen;3;20.12.2016 15:00;0,388289;
Arsen;1;20.12.2016 15:00;0,366703;
Arsen;9;20.12.2016 15:00;0,133553;
Arsen;2;20.12.2016 15:00;0,0290396;
Benzol;4;20.12.2016 15:00;2,27394;
Benzol;5;20.12.2016 15:00;1,43872;
Benzol;8;20.12.2016 15:00;0,630521;
Benzol;1;20.12.2016 15:00;0,415636;
Benzol;2;20.12.2016 15:00;0,33688;
Benzol;6;20.12.2016 15:00;0,153575;
Benzol;3;20.12.2016 15:00;0,134124;
Benzol;9;20.12.2016 15:00;0,0987963;
Benzol;7;20.12.2016 15:00;0,071457;
Anilin;3;20.12.2016 15:00;2,33073;
Anilin;4;20.12.2016 15:00;1,6829;
Anilin;5;20.12.2016 15:00;0,63832;
Anilin;7;20.12.2016 15:00;0,590323;
Anilin;8;20.12.2016 15:00;0,415993;
Anilin;6;20.12.2016 15:00;0,400773;
Anilin;9;20.12.2016 15:00;0,133284;
Anilin;2;20.12.2016 15:00;0,12108;
Anilin;1;20.12.2016 15:00;0,00236589;
Natriumchlorid;4;20.12.2016 16:00;1,9005;
Natriumchlorid;5;20.12.2016 16:00;1,47074;
Natriumchlorid;8;20.12.2016 16:00;1,08186;
Natriumchlorid;3;20.12.2016 16:00;0,457676;
Natriumchlorid;9;20.12.2016 16:00;0,260575;
Natriumchlorid;6;20.12.2016 16:00;0,255539;
Natriumchlorid;1;20.12.2016 16:00;0,0548118;
Natriumchlorid;7;20.12.2016 16:00;0,0530946;
Natriumchlorid;2;20.12.2016 16:00;0,0515759;
Arsen;4;20.12.2016 16:00;2,16655;
Arsen;5;20.12.2016 16:00;0,97241;
Arsen;9;20.12.2016 16:00;0,659844;
Arsen;2;20.12.2016 16:00;0,316519;
Arsen;8;20.12.2016 16:00;0,284509;
Arsen;7;20.12.2016 16:00;0,239483;
Arsen;6;20.12.2016 16:00;0,232211;
Arsen;3;20.12.2016 16:00;0,228139;
Arsen;1;20.12.2016 16:00;0,106418;
Benzol;4;20.12.2016 16:00;1,86138;
Benzol;9;20.12.2016 16:00;0,967962;
Benzol;5;20.12.2016 16:00;0,884898;
Benzol;3;20.12.2016 16:00;0,816654;
Benzol;8;20.12.2016 16:00;0,484638;
Benzol;6;20.12.2016 16:00;0,453404;
Benzol;7;20.12.2016 16:00;0,406716;
Benzol;2;20.12.2016 16:00;0,133121;
Benzol;1;20.12.2016 16:00;0,108258;
Anilin;4;20.12.2016 16:00;2,11434;
Anilin;7;20.12.2016 16:00;1,31636;
Anilin;3;20.12.2016 16:00;1,00233;
Anilin;5;20.12.2016 16:00;0,941708;
Anilin;8;20.12.2016 16:00;0,744271;
Anilin;9;20.12.2016 16:00;0,555123;
Anilin;6;20.12.2016 16:00;0,443462;
Anilin;2;20.12.2016 16:00;0,354439;
Anilin;1;20.12.2016 16:00;0,208655;
Natriumchlorid;3;20.12.2016 17:00;2,34197;
Natriumchlorid;4;20.12.2016 17:00;2,12295;
Natriumchlorid;5;20.12.2016 17:00;1,09647;
Natriumchlorid;9;20.12.2016 17:00;0,744732;
Natriumchlorid;7;20.12.2016 17:00;0,443986;
Natriumchlorid;2;20.12.2016 17:00;0,34663;
Natriumchlorid;6;20.12.2016 17:00;0,273536;
Natriumchlorid;8;20.12.2016 17:00;0,253836;
Natriumchlorid;1;20.12.2016 17:00;0,0833091;
Arsen;4;20.12.2016 17:00;1,89228;
Arsen;3;20.12.2016 17:00;1,38091;
Arsen;7;20.12.2016 17:00;0,956979;
Arsen;5;20.12.2016 17:00;0,889683;
Arsen;2;20.12.2016 17:00;0,484806;
Arsen;8;20.12.2016 17:00;0,478764;
Arsen;9;20.12.2016 17:00;0,354338;
Arsen;6;20.12.2016 17:00;0,273461;
Arsen;1;20.12.2016 17:00;0,244826;
Benzol;4;20.12.2016 17:00;2,03994;
Benzol;7;20.12.2016 17:00;1,69201;
Benzol;6;20.12.2016 17:00;0,864057;
Benzol;3;20.12.2016 17:00;0,859707;
Benzol;2;20.12.2016 17:00;0,267438;
Benzol;1;20.12.2016 17:00;0,190702;
Benzol;8;20.12.2016 17:00;0,0697879;
Benzol;5;20.12.2016 17:00;0,0696668;
Benzol;9;20.12.2016 17:00;0,0613772;
Anilin;4;20.12.2016 17:00;2,24953;
Anilin;7;20.12.2016 17:00;0,929569;
Anilin;2;20.12.2016 17:00;0,552453;
Anilin;6;20.12.2016 17:00;0,483389;
Anilin;1;20.12.2016 17:00;0,217584;
Anilin;9;20.12.2016 17:00;0,137441;
Anilin;5;20.12.2016 17:00;0,10666;
Anilin;8;20.12.2016 17:00;0,065466;
Anilin;3;20.12.2016 17:00;0,00630653;
Natriumchlorid;4;20.12.2016 18:00;2,07786;
Natriumchlorid;3;20.12.2016 18:00;0,885658;
Natriumchlorid;8;20.12.2016 18:00;0,825571;
Natriumchlorid;7;20.12.2016 18:00;0,617352;
Natriumchlorid;6;20.12.2016 18:00;0,403618;
Natriumchlorid;5;20.12.2016 18:00;0,330033;
Natriumchlorid;2;20.12.2016 18:00;0,255304;
Natriumchlorid;9;20.12.2016 18:00;0,0818068;
Natriumchlorid;1;20.12.2016 18:00;0,0596593;
Arsen;4;20.12.2016 18:00;1,80534;
Arsen;7;20.12.2016 18:00;1,52669;
Arsen;3;20.12.2016 18:00;1,41005;
Arsen;8;20.12.2016 18:00;0,533123;
Arsen;6;20.12.2016 18:00;0,475246;
Arsen;9;20.12.2016 18:00;0,4677;
Arsen;2;20.12.2016 18:00;0,151581;
Arsen;5;20.12.2016 18:00;0,0323442;
Arsen;1;20.12.2016 18:00;0,0246652;
Benzol;4;20.12.2016 18:00;1,72973;
Benzol;2;20.12.2016 18:00;0,707564;
Benzol;6;20.12.2016 18:00;0,683891;
Benzol;7;20.12.2016 18:00;0,579353;
Benzol;8;20.12.2016 18:00;0,467314;
Benzol;5;20.12.2016 18:00;0,319883;
Benzol;9;20.12.2016 18:00;0,168843;
Benzol;3;20.12.2016 18:00;0,154754;
Benzol;1;20.12.2016 18:00;0,0474089;
Anilin;4;20.12.2016 18:00;2,33918;
Anilin;3;20.12.2016 18:00;1,29241;
Anilin;9;20.12.2016 18:00;1,15388;
Anilin;5;20.12.2016 18:00;0,683159;
Anilin;2;20.12.2016 18:00;0,366945;
Anilin;7;20.12.2016 18:00;0,358382;
Anilin;1;20.12.2016 18:00;0,355363;
Anilin;6;20.12.2016 18:00;0,321889;
Anilin;8;20.12.2016 18:00;0,22459;
Natriumchlorid;3;20.12.2016 19:00;2,28004;
Natriumchlorid;4;20.12.2016 19:00;2,21646;
Natriumchlorid;8;20.12.2016 19:00;1,03441;
Natriumchlorid;5;20.12.2016 19:00;0,808111;
Natriumchlorid;6;20.12.2016 19:00;0,577357;
Natriumchlorid;9;20.12.2016 19:00;0,535483;
Natriumchlorid;7;20.12.2016 19:00;0,431402;
Natriumchlorid;1;20.12.2016 19:00;0,385601;
Natriumchlorid;2;20.12.2016 19:00;0,2016;
Arsen;4;20.12.2016 19:00;2,24191;
Arsen;9;20.12.2016 19:00;1,268;
Arsen;5;20.12.2016 19:00;0,967159;
Arsen;8;20.12.2016 19:00;0,922925;
Arsen;2;20.12.2016 19:00;0,547703;
Arsen;3;20.12.2016 19:00;0,409142;
Arsen;6;20.12.2016 19:00;0,227421;
Arsen;1;20.12.2016 19:00;0,137115;
Arsen;7;20.12.2016 19:00;0,0642365;
Benzol;4;20.12.2016 19:00;1,89638;
Benzol;9;20.12.2016 19:00;1,07083;
Benzol;3;20.12.2016 19:00;0,817076;
Benzol;8;20.12.2016 19:00;0,484544;
Benzol;5;20.12.2016 19:00;0,461046;
Benzol;2;20.12.2016 19:00;0,358701;
Benzol;7;20.12.2016 19:00;0,331159;
Benzol;6;20.12.2016 19:00;0,245896;
Benzol;1;20.12.2016 19:00;0,243055;
Anilin;4;20.12.2016 19:00;2,26338;
Anilin;2;20.12.2016 19:00;0,570403;
Anilin;5;20.12.2016 19:00;0,537266;
Anilin;3;20.12.2016 19:00;0,504413;
Anilin;6;20.12.2016 19:00;0,471629;
Anilin;7;20.12.2016 19:00;0,254714;
Anilin;9;20.12.2016 19:00;0,201458;
Anilin;1;20.12.2016 19:00;0,0192273;
Anilin;8;20.12.2016 19:00;0,0155199;
Natriumchlorid;4;20.12.2016 20:00;1,65828;
Natriumchlorid;9;20.12.2016 20:00;0,935551;
Natriumchlorid;3;20.12.2016 20:00;0,920875;
Natriumchlorid;7;20.12.2016 20:00;0,642936;
Natriumchlorid;5;20.12.2016 20:00;0,447875;
Natriumchlorid;6;20.12.2016 20:00;0,321013;
Natriumchlorid;8;20.12.2016 20:00;0,161667;
Natriumchlorid;2;20.12.2016 20:00;0,0980984;
Natriumchlorid;1;20.12.2016 20:00;0,0530646;
Arsen;7;20.12.2016 20:00;2,59331;
Arsen;4;20.12.2016 20:00;2,15727;
Arsen;5;20.12.2016 20:00;0,987598;
Arsen;9;20.12.2016 20:00;0,551706;
Arsen;3;20.12.2016 20:00;0,441857;
Arsen;8;20.12.2016 20:00;0,392774;
Arsen;6;20.12.2016 20:00;0,375575;
Arsen;1;20.12.2016 20:00;0,142765;
Arsen;2;20.12.2016 20:00;0,0199091;
Benzol;4;20.12.2016 20:00;2,04953;
Benzol;5;20.12.2016 20:00;0,985713;
Benzol;3;20.12.2016 20:00;0,592084;
Benzol;6;20.12.2016 20:00;0,454118;
Benzol;7;20.12.2016 20:00;0,301253;
Benzol;9;20.12.2016 20:00;0,254873;
Benzol;1;20.12.2016 20:00;0,122879;
Benzol;8;20.12.2016 20:00;0,0951462;
Benzol;2;20.12.2016 20:00;0,0605863;
Anilin;5;20.12.2016 20:00;1,79558;
Anilin;4;20.12.2016 20:00;1,69824;
Anilin;3;20.12.2016 20:00;1,10569;
Anilin;2;20.12.2016 20:00;0,795892;
Anilin;6;20.12.2016 20:00;0,567332;
Anilin;9;20.12.2016 20:00;0,234696;
Anilin;7;20.12.2016 20:00;0,211771;
Anilin;1;20.12.2016 20:00;0,156663;
Anilin;8;20.12.2016 20:00;0,123374;
Natriumchlorid;4;20.12.2016 21:00;1,94734;
Natriumchlorid;3;20.12.2016 21:00;1,36191;
Natriumchlorid;9;20.12.2016 21:00;0,690233;
Natriumchlorid;6;20.12.2016 21:00;0,423054;
Natriumchlorid;1;20.12.2016 21:00;0,285715;
Natriumchlorid;8;20.12.2016 21:00;0,284358;
Natriumchlorid;7;20.12.2016 21:00;0,102159;
Natriumchlorid;5;20.12.2016 21:00;0,0505895;
Natriumchlorid;2;20.12.2016 21:00;0,0291504;
Arsen;4;20.12.2016 21:00;1,9069;
Arsen;9;20.12.2016 21:00;1,40736;
Arsen;7;20.12.2016 21:00;0,774453;
Arsen;6;20.12.2016 21:00;0,720309;
Arsen;3;20.12.2016 21:00;0,454742;
Arsen;8;20.12.2016 21:00;0,288173;
Arsen;5;20.12.2016 21:00;0,175582;
Arsen;2;20.12.2016 21:00;0,0455718;
Arsen;1;20.12.2016 21:00;0,0138569;
Benzol;4;20.12.2016 21:00;2,31571;
Benzol;3;20.12.2016 21:00;2,2623;
Benzol;2;20.12.2016 21:00;0,412848;
Benzol;8;20.12.2016 21:00;0,409594;
Benzol;6;20.12.2016 21:00;0,395234;
Benzol;5;20.12.2016 21:00;0,285528;
Benzol;1;20.12.2016 21:00;0,226662;
Benzol;9;20.12.2016 21:00;0,145512;
Benzol;7;20.12.2016 21:00;0,115991;
Anilin;4;20.12.2016 21:00;2,34398;
Anilin;3;20.12.2016 21:00;1,69542;
Anilin;8;20.12.2016 21:00;0,528565;
Anilin;5;20.12.2016 21:00;0,407715;
Anilin;7;20.12.2016 21:00;0,353735;
Anilin;6;20.12.2016 21:00;0,167003;
Anilin;9;20.12.2016 21:00;0,120083;
Anilin;1;20.12.2016 21:00;0,0659508;
Anilin;2;20.12.2016 21:00;0,00507332;
Natriumchlorid;4;20.12.2016 22:00;2,03476;
Natriumchlorid;5;20.12.2016 22:00;1,39693;
Natriumchlorid;3;20.12.2016 22:00;1,09143;
Natriumchlorid;9;20.12.2016 22:00;0,984603;
Natriumchlorid;7;20.12.2016 22:00;0,689279;
Natriumchlorid;6;20.12.2016 22:00;0,366715;
Natriumchlorid;1;20.12.2016 22:00;0,36118;
Natriumchlorid;8;20.12.2016 22:00;0,322639;
Natriumchlorid;2;20.12.2016 22:00;0,289401;
Arsen;4;20.12.2016 22:00;1,93838;
Arsen;9;20.12.2016 22:00;1,02787;
Arsen;3;20.12.2016 22:00;0,832244;
Arsen;8;20.12.2016 22:00;0,357709;
Arsen;6;20.12.2016 22:00;0,326623;
Arsen;2;20.12.2016 22:00;0,299943;
Arsen;5;20.12.2016 22:00;0,160213;
Arsen;1;20.12.2016 22:00;0,0842873;
Arsen;7;20.12.2016 22:00;0,0459897;
Benzol;4;20.12.2016 22:00;2,09396;
Benzol;7;20.12.2016 22:00;1,2075;
Benzol;8;20.12.2016 22:00;1,18194;
Benzol;1;20.12.2016 22:00;0,557502;
Benzol;2;20.12.2016 22:00;0,55685;
Benzol;9;20.12.2016 22:00;0,48059;
Benzol;3;20.12.2016 22:00;0,345619;
Benzol;6;20.12.2016 22:00;0,116402;
Benzol;5;20.12.2016 22:00;0,0549095;
Anilin;4;20.12.2016 22:00;1,71586;
Anilin;3;20.12.2016 22:00;1,48399;
Anilin;8;20.12.2016 22:00;0,650281;
Anilin;7;20.12.2016 22:00;0,647284;
Anilin;6;20.12.2016 22:00;0,532673;
Anilin;9;20.12.2016 22:00;0,529009;
Anilin;5;20.12.2016 22:00;0,235933;
Anilin;2;20.12.2016 22:00;0,123917;
Anilin;1;20.12.2016 22:00;0,0374403;
Natriumchlorid;4;20.12.2016 23:00;2,44992;
Natriumchlorid;9;20.12.2016 23:00;1,09138;
Natriumchlorid;3;20.12.2016 23:00;0,884861;
Natriumchlorid;6;20.12.2016 23:00;0,59756;
Natriumchlorid;7;20.12.2016 23:00;0,493478;
Natriumchlorid;8;20.12.2016 23:00;0,411798;
Natriumchlorid;1;20.12.2016 23:00;0,387042;
Natriumchlorid;5;20.12.2016 23:00;0,099855;
Natriumchlorid;2;20.12.2016 23:00;0,037717;
Arsen;3;20.12.2016 23:00;3,0265;
Arsen;4;20.12.2016 23:00;1,96608;
Arsen;6;20.12.2016 23:00;0,881545;
Arsen;8;20.12.2016 23:00;0,453293;
Arsen;9;20.12.2016 23:00;0,358713;
Arsen;1;20.12.2016 23:00;0,335297;
Arsen;7;20.12.2016 23:00;0,289657;
Arsen;5;20.12.2016 23:00;0,121868;
Arsen;2;20.12.2016 23:00;0,0318598;
Benzol;4;20.12.2016 23:00;2,07106;
Benzol;7;20.12.2016 23:00;0,952736;
Benzol;6;20.12.2016 23:00;0,441678;
Benzol;2;20.12.2016 23:00;0,422527;
Benzol;9;20.12.2016 23:00;0,371949;
Benzol;1;20.12.2016 23:00;0,274196;
Benzol;5;20.12.2016 23:00;0,273457;
Benzol;3;20.12.2016 23:00;0,223914;
Benzol;8;20.12.2016 23:00;0,0346878;
Anilin;4;20.12.2016 23:00;2,10495;
Anilin;3;20.12.2016 23:00;1,38713;
Anilin;8;20.12.2016 23:00;0,980379;
Anilin;9;20.12.2016 23:00;0,583633;
Anilin;7;20.12.2016 23:00;0,493478;
Anilin;5;20.12.2016 23:00;0,336491;
Anilin;6;20.12.2016 23:00;0,182688;
Anilin;1;20.12.2016 23:00;0,176129;
Anilin;2;20.12.2016 23:00;0,125132;
Natriumchlorid;3;21.12.2016 00:00;4,35842;
Natriumchlorid;4;21.12.2016 00:00;1,70504;
Natriumchlorid;7;21.12.2016 00:00;0,838277;
Natriumchlorid;9;21.12.2016 00:00;0,594532;
Natriumchlorid;8;21.12.2016 00:00;0,55996;
Natriumchlorid;5;21.12.2016 00:00;0,516179;
Natriumchlorid;6;21.12.2016 00:00;0,420684;
Natriumchlorid;1;21.12.2016 00:00;0,227434;
Natriumchlorid;2;21.12.2016 00:00;0,0527418;
Arsen;4;21.12.2016 00:00;1,5816;
Arsen;5;21.12.2016 00:00;1,18966;
Arsen;9;21.12.2016 00:00;0,669073;
Arsen;7;21.12.2016 00:00;0,470008;
Arsen;3;21.12.2016 00:00;0,419933;
Arsen;8;21.12.2016 00:00;0,409226;
Arsen;6;21.12.2016 00:00;0,379116;
Arsen;1;21.12.2016 00:00;0,0206849;
Arsen;2;21.12.2016 00:00;0,00728853;
Benzol;3;21.12.2016 00:00;1,93922;
Benzol;4;21.12.2016 00:00;1,91676;
Benzol;5;21.12.2016 00:00;0,804785;
Benzol;2;21.12.2016 00:00;0,611344;
Benzol;7;21.12.2016 00:00;0,600862;
Benzol;6;21.12.2016 00:00;0,582888;
Benzol;8;21.12.2016 00:00;0,404361;
Benzol;9;21.12.2016 00:00;0,383698;
Benzol;1;21.12.2016 00:00;0,172056;
Anilin;7;21.12.2016 00:00;2,04941;
Anilin;4;21.12.2016 00:00;1,93119;
Anilin;5;21.12.2016 00:00;0,708999;
Anilin;9;21.12.2016 00:00;0,468309;
Anilin;1;21.12.2016 00:00;0,392927;
Anilin;6;21.12.2016 00:00;0,366343;
Anilin;2;21.12.2016 00:00;0,241552;
Anilin;3;21.12.2016 00:00;0,225554;
Anilin;8;21.12.2016 00:00;0,210033;
Natriumchlorid;3;21.12.2016 01:00;2,10752;
Natriumchlorid;4;21.12.2016 01:00;1,93654;
Natriumchlorid;5;21.12.2016 01:00;0,950495;
Natriumchlorid;6;21.12.2016 01:00;0,646262;
Natriumchlorid;2;21.12.2016 01:00;0,586124;
Natriumchlorid;8;21.12.2016 01:00;0,478577;
Natriumchlorid;9;21.12.2016 01:00;0,425835;
Natriumchlorid;1;21.12.2016 01:00;0,377402;
Natriumchlorid;7;21.12.2016 01:00;0,292506;
Arsen;3;21.12.2016 01:00;2,13558;
Arsen;4;21.12.2016 01:00;1,95527;
Arsen;8;21.12.2016 01:00;0,940849;
Arsen;6;21.12.2016 01:00;0,735684;
Arsen;2;21.12.2016 01:00;0,41394;
Arsen;1;21.12.2016 01:00;0,284655;
Arsen;5;21.12.2016 01:00;0,139633;
Arsen;7;21.12.2016 01:00;0,0914316;
Arsen;9;21.12.2016 01:00;0,0224888;
Benzol;4;21.12.2016 01:00;2,04671;
Benzol;6;21.12.2016 01:00;0,777513;
Benzol;3;21.12.2016 01:00;0,726455;
Benzol;5;21.12.2016 01:00;0,656091;
Benzol;1;21.12.2016 01:00;0,378516;
Benzol;8;21.12.2016 01:00;0,320456;
Benzol;9;21.12.2016 01:00;0,170727;
Benzol;2;21.12.2016 01:00;0,154046;
Benzol;7;21.12.2016 01:00;0,121161;
Anilin;4;21.12.2016 01:00;1,84551;
Anilin;3;21.12.2016 01:00;1,26617;
Anilin;7;21.12.2016 01:00;1,00846;
Anilin;5;21.12.2016 01:00;0,495191;
Anilin;6;21.12.2016 01:00;0,278725;
Anilin;8;21.12.2016 01:00;0,176881;
Anilin;1;21.12.2016 01:00;0,112015;
Anilin;9;21.12.2016 01:00;0,0774986;
Anilin;2;21.12.2016 01:00;0,0553722;
Natriumchlorid;3;21.12.2016 02:00;2,33215;
Natriumchlorid;4;21.12.2016 02:00;1,84362;
Natriumchlorid;9;21.12.2016 02:00;1,23558;
Natriumchlorid;5;21.12.2016 02:00;0,940621;
Natriumchlorid;6;21.12.2016 02:00;0,667141;
Natriumchlorid;7;21.12.2016 02:00;0,440025;
Natriumchlorid;2;21.12.2016 02:00;0,271404;
Natriumchlorid;8;21.12.2016 02:00;0,0811839;
Natriumchlorid;1;21.12.2016 02:00;0,0115767;
Arsen;4;21.12.2016 02:00;2,27449;
Arsen;9;21.12.2016 02:00;0,933718;
Arsen;3;21.12.2016 02:00;0,857183;
Arsen;7;21.12.2016 02:00;0,639228;
Arsen;5;21.12.2016 02:00;0,591314;
Arsen;2;21.12.2016 02:00;0,498822;
Arsen;1;21.12.2016 02:00;0,254769;
Arsen;6;21.12.2016 02:00;0,102518;
Arsen;8;21.12.2016 02:00;0,0969959;
Benzol;3;21.12.2016 02:00;2,38449;
Benzol;4;21.12.2016 02:00;1,87385;
Benzol;7;21.12.2016 02:00;1,43906;
Benzol;5;21.12.2016 02:00;0,843466;
Benzol;6;21.12.2016 02:00;0,560672;
Benzol;9;21.12.2016 02:00;0,506096;
Benzol;1;21.12.2016 02:00;0,360569;
Benzol;2;21.12.2016 02:00;0,137895;
Benzol;8;21.12.2016 02:00;0,127673;
Anilin;4;21.12.2016 02:00;2,2116;
Anilin;5;21.12.2016 02:00;1,2601;
Anilin;7;21.12.2016 02:00;1,08456;
Anilin;9;21.12.2016 02:00;0,826516;
Anilin;3;21.12.2016 02:00;0,674527;
Anilin;2;21.12.2016 02:00;0,504883;
Anilin;6;21.12.2016 02:00;0,296607;
Anilin;1;21.12.2016 02:00;0,173477;
Anilin;8;21.12.2016 02:00;0,150649;
Natriumchlorid;4;21.12.2016 03:00;2,14718;
Natriumchlorid;8;21.12.2016 03:00;0,55128;
Natriumchlorid;7;21.12.2016 03:00;0,486748;
Natriumchlorid;1;21.12.2016 03:00;0,363455;
Natriumchlorid;6;21.12.2016 03:00;0,361024;
Natriumchlorid;2;21.12.2016 03:00;0,317055;
Natriumchlorid;3;21.12.2016 03:00;0,264336;
Natriumchlorid;9;21.12.2016 03:00;0,0372173;
Natriumchlorid;5;21.12.2016 03:00;0,0178489;
Arsen;4;21.12.2016 03:00;2,08439;
Arsen;3;21.12.2016 03:00;2,07734;
Arsen;9;21.12.2016 03:00;0,894537;
Arsen;8;21.12.2016 03:00;0,482605;
Arsen;6;21.12.2016 03:00;0,409681;
Arsen;5;21.12.2016 03:00;0,362723;
Arsen;1;21.12.2016 03:00;0,208961;
Arsen;2;21.12.2016 03:00;0,149762;
Arsen;7;21.12.2016 03:00;0,108575;
Benzol;4;21.12.2016 03:00;1,98978;
Benzol;8;21.12.2016 03:00;0,888758;
Benzol;5;21.12.2016 03:00;0,574165;
Benzol;3;21.12.2016 03:00;0,538776;
Benzol;7;21.12.2016 03:00;0,419848;
Benzol;2;21.12.2016 03:00;0,368282;
Benzol;6;21.12.2016 03:00;0,0537845;
Benzol;9;21.12.2016 03:00;0,0204848;
Benzol;1;21.12.2016 03:00;0,00728794;
Anilin;4;21.12.2016 03:00;2,17143;
Anilin;6;21.12.2016 03:00;0,857534;
Anilin;9;21.12.2016 03:00;0,762406;
Anilin;3;21.12.2016 03:00;0,436779;
Anilin;2;21.12.2016 03:00;0,375255;
Anilin;1;21.12.2016 03:00;0,120641;
Anilin;5;21.12.2016 03:00;0,117579;
Anilin;8;21.12.2016 03:00;0,0879839;
Anilin;7;21.12.2016 03:00;0,0786493;
Natriumchlorid;4;21.12.2016 04:00;1,8302;
Natriumchlorid;9;21.12.2016 04:00;1,39272;
Natriumchlorid;3;21.12.2016 04:00;1,35166;
Natriumchlorid;5;21.12.2016 04:00;0,365624;
Natriumchlorid;1;21.12.2016 04:00;0,352912;
Natriumchlorid;2;21.12.2016 04:00;0,271849;
Natriumchlorid;6;21.12.2016 04:00;0,26641;
Natriumchlorid;7;21.12.2016 04:00;0,15208;
Natriumchlorid;8;21.12.2016 04:00;0,150313;
Arsen;3;21.12.2016 04:00;2,74444;
Arsen;4;21.12.2016 04:00;1,92451;
Arsen;6;21.12.2016 04:00;0,507454;
Arsen;2;21.12.2016 04:00;0,440823;
Arsen;8;21.12.2016 04:00;0,430829;
Arsen;5;21.12.2016 04:00;0,313119;
Arsen;9;21.12.2016 04:00;0,297527;
Arsen;7;21.12.2016 04:00;0,136705;
Arsen;1;21.12.2016 04:00;0,0834178;
Benzol;3;21.12.2016 04:00;4,78659;
Benzol;4;21.12.2016 04:00;1,69461;
Benzol;5;21.12.2016 04:00;0,664741;
Benzol;9;21.12.2016 04:00;0,660823;
Benzol;8;21.12.2016 04:00;0,65773;
Benzol;6;21.12.2016 04:00;0,376422;
Benzol;7;21.12.2016 04:00;0,290682;
Benzol;1;21.12.2016 04:00;0,101543;
Benzol;2;21.12.2016 04:00;0,00186963;
Anilin;3;21.12.2016 04:00;4,68096;
Anilin;4;21.12.2016 04:00;1,92643;
Anilin;2;21.12.2016 04:00;1,53389;
Anilin;9;21.12.2016 04:00;0,962547;
Anilin;6;21.12.2016 04:00;0,651134;
Anilin;7;21.12.2016 04:00;0,470964;
Anilin;8;21.12.2016 04:00;0,362047;
Anilin;5;21.12.2016 04:00;0,277725;
Anilin;1;21.12.2016 04:00;0,170062;
Natriumchlorid;9;21.12.2016 05:00;3,92916;
Natriumchlorid;5;21.12.2016 05:00;2,39864;
Natriumchlorid;4;21.12.2016 05:00;2,20857;
Natriumchlorid;3;21.12.2016 05:00;1,52211;
Natriumchlorid;7;21.12.2016 05:00;1,48639;
Natriumchlorid;6;21.12.2016 05:00;0,850302;
Natriumchlorid;1;21.12.2016 05:00;0,134392;
Natriumchlorid;2;21.12.2016 05:00;0,102959;
Natriumchlorid;8;21.12.2016 05:00;0,101138;
Arsen;4;21.12.2016 05:00;2,1682;
Arsen;3;21.12.2016 05:00;1,54943;
Arsen;9;21.12.2016 05:00;0,746959;
Arsen;2;21.12.2016 05:00;0,687727;
Arsen;1;21.12.2016 05:00;0,537807;
Arsen;6;21.12.2016 05:00;0,400467;
Arsen;8;21.12.2016 05:00;0,398302;
Arsen;7;21.12.2016 05:00;0,102982;
Arsen;5;21.12.2016 05:00;0,0308925;
Benzol;4;21.12.2016 05:00;1,99315;
Benzol;3;21.12.2016 05:00;1,0578;
Benzol;6;21.12.2016 05:00;0,720144;
Benzol;9;21.12.2016 05:00;0,53859;
Benzol;1;21.12.2016 05:00;0,517419;
Benzol;8;21.12.2016 05:00;0,306013;
Benzol;7;21.12.2016 05:00;0,24239;
Benzol;2;21.12.2016 05:00;0,10113;
Benzol;5;21.12.2016 05:00;0,0660426;
Anilin;5;21.12.2016 05:00;11,74635;
Anilin;4;21.12.2016 05:00;2,19694;
Anilin;3;21.12.2016 05:00;1,48317;
Anilin;1;21.12.2016 05:00;0,59487;
Anilin;8;21.12.2016 05:00;0,301792;
Anilin;6;21.12.2016 05:00;0,139327;
Anilin;9;21.12.2016 05:00;0,102491;
Anilin;2;21.12.2016 05:00;0,0408597;
Anilin;7;21.12.2016 05:00;0,0141796;
Natriumchlorid;5;21.12.2016 06:00;16,18375;
Natriumchlorid;5;21.12.2016 06:00;2,61002;
Natriumchlorid;4;21.12.2016 06:00;1,6381;
Natriumchlorid;8;21.12.2016 06:00;1,46508;
Natriumchlorid;2;21.12.2016 06:00;1,02878;
Natriumchlorid;9;21.12.2016 06:00;0,833146;
Natriumchlorid;6;21.12.2016 06:00;0,342223;
Natriumchlorid;1;21.12.2016 06:00;0,32555;
Natriumchlorid;7;21.12.2016 06:00;0,192631;
Natriumchlorid;3;21.12.2016 06:00;0,131185;
Arsen;4;21.12.2016 06:00;2,12667;
Arsen;2;21.12.2016 06:00;0,435889;
Arsen;3;21.12.2016 06:00;0,394496;
Arsen;9;21.12.2016 06:00;0,353774;
Arsen;7;21.12.2016 06:00;0,26729;
Arsen;6;21.12.2016 06:00;0,233427;
Arsen;8;21.12.2016 06:00;0,156163;
Arsen;1;21.12.2016 06:00;0,127212;
Arsen;5;21.12.2016 06:00;0,00323369;
Benzol;3;21.12.2016 06:00;3,67255;
Benzol;7;21.12.2016 06:00;2,11404;
Benzol;4;21.12.2016 06:00;1,74829;
Benzol;2;21.12.2016 06:00;0,792479;
Benzol;1;21.12.2016 06:00;0,444153;
Benzol;6;21.12.2016 06:00;0,373955;
Benzol;8;21.12.2016 06:00;0,29243;
Benzol;9;21.12.2016 06:00;0,191069;
Benzol;5;21.12.2016 06:00;0,187998;
Anilin;3;21.12.2016 06:00;1,60462;
Anilin;4;21.12.2016 06:00;1,5934;
Anilin;7;21.12.2016 06:00;1,15758;
Anilin;6;21.12.2016 06:00;0,623862;
Anilin;8;21.12.2016 06:00;0,440814;
Anilin;9;21.12.2016 06:00;0,243251;
Anilin;2;21.12.2016 06:00;0,137987;
Anilin;1;21.12.2016 06:00;0,0908811;
Natriumchlorid;4;21.12.2016 07:00;1,95337;
Natriumchlorid;8;21.12.2016 07:00;1,20538;
Natriumchlorid;5;21.12.2016 07:00;1,0704;
Natriumchlorid;9;21.12.2016 07:00;0,679234;
Natriumchlorid;6;21.12.2016 07:00;0,67567;
Natriumchlorid;2;21.12.2016 07:00;0,436837;
Natriumchlorid;1;21.12.2016 07:00;0,41412;
Natriumchlorid;3;21.12.2016 07:00;0,345665;
Natriumchlorid;7;21.12.2016 07:00;0,0430385;
Arsen;4;21.12.2016 07:00;2,1351;
Arsen;3;21.12.2016 07:00;0,702509;
Arsen;7;21.12.2016 07:00;0,572911;
Arsen;1;21.12.2016 07:00;0,442869;
Arsen;5;21.12.2016 07:00;0,303735;
Arsen;9;21.12.2016 07:00;0,180972;
Arsen;8;21.12.2016 07:00;0,147968;
Arsen;6;21.12.2016 07:00;0,0994727;
Arsen;2;21.12.2016 07:00;0,01974;
Benzol;3;21.12.2016 07:00;2,94197;
Benzol;4;21.12.2016 07:00;2,3698;
Benzol;5;21.12.2016 07:00;2,27593;
Benzol;2;21.12.2016 07:00;0,84247;
Benzol;7;21.12.2016 07:00;0,587546;
Benzol;8;21.12.2016 07:00;0,319457;
Benzol;1;21.12.2016 07:00;0,138528;
Benzol;6;21.12.2016 07:00;0,0954912;
Benzol;9;21.12.2016 07:00;0,0017714;
Anilin;7;21.12.2016 07:00;2,21169;
Anilin;4;21.12.2016 07:00;2,18349;
Anilin;8;21.12.2016 07:00;1,19942;
Anilin;9;21.12.2016 07:00;0,747597;
Anilin;3;21.12.2016 07:00;0,717138;
Anilin;5;21.12.2016 07:00;0,655265;
Anilin;6;21.12.2016 07:00;0,30892;
Anilin;1;21.12.2016 07:00;0,143784;
Anilin;2;21.12.2016 07:00;0,129363;
Natriumchlorid;4;21.12.2016 08:00;2,0138;
Natriumchlorid;5;21.12.2016 08:00;0,884291;
Natriumchlorid;3;21.12.2016 08:00;0,694546;
Natriumchlorid;9;21.12.2016 08:00;0,484951;
Natriumchlorid;8;21.12.2016 08:00;0,423039;
Natriumchlorid;6;21.12.2016 08:00;0,392172;
Natriumchlorid;1;21.12.2016 08:00;0,244371;
Natriumchlorid;2;21.12.2016 08:00;0,20179;
Natriumchlorid;7;21.12.2016 08:00;0,201692;
Arsen;4;21.12.2016 08:00;2,14665;
Arsen;3;21.12.2016 08:00;1,93661;
Arsen;7;21.12.2016 08:00;0,989942;
Arsen;8;21.12.2016 08:00;0,839741;
Arsen;5;21.12.2016 08:00;0,749011;
Arsen;6;21.12.2016 08:00;0,739629;
Arsen;9;21.12.2016 08:00;0,373613;
Arsen;1;21.12.2016 08:00;0,339539;
Arsen;2;21.12.2016 08:00;0,253015;
Benzol;5;21.12.2016 08:00;5,64411;
Benzol;4;21.12.2016 08:00;2,45088;
Benzol;3;21.12.2016 08:00;1,05795;
Benzol;9;21.12.2016 08:00;0,709198;
Benzol;6;21.12.2016 08:00;0,621191;
Benzol;8;21.12.2016 08:00;0,419392;
Benzol;7;21.12.2016 08:00;0,254322;
Benzol;2;21.12.2016 08:00;0,181492;
Benzol;1;21.12.2016 08:00;0,0540555;
Anilin;4;21.12.2016 08:00;2,28465;
Anilin;5;21.12.2016 08:00;1,47898;
Anilin;3;21.12.2016 08:00;0,927883;
Anilin;7;21.12.2016 08:00;0,62633;
Anilin;2;21.12.2016 08:00;0,53345;
Anilin;9;21.12.2016 08:00;0,314031;
Anilin;1;21.12.2016 08:00;0,232354;
Anilin;6;21.12.2016 08:00;0,183679;
Anilin;8;21.12.2016 08:00;0,0233028;
Natriumchlorid;4;21.12.2016 09:00;2,04004;
Natriumchlorid;9;21.12.2016 09:00;0,939766;
Natriumchlorid;8;21.12.2016 09:00;0,88357;
Natriumchlorid;6;21.12.2016 09:00;0,63445;
Natriumchlorid;3;21.12.2016 09:00;0,545961;
Natriumchlorid;7;21.12.2016 09:00;0,4403;
Natriumchlorid;2;21.12.2016 09:00;0,305382;
Natriumchlorid;1;21.12.2016 09:00;0,210415;
Natriumchlorid;5;21.12.2016 09:00;0,0115409;
Arsen;3;21.12.2016 09:00;1,87126;
Arsen;4;21.12.2016 09:00;1,405;
Arsen;5;21.12.2016 09:00;1,05102;
Arsen;6;21.12.2016 09:00;0,529393;
Arsen;8;21.12.2016 09:00;0,525418;
Arsen;7;21.12.2016 09:00;0,34163;
Arsen;9;21.12.2016 09:00;0,339424;
Arsen;1;21.12.2016 09:00;0,266529;
Arsen;2;21.12.2016 09:00;0,0916695;
Benzol;5;21.12.2016 09:00;2,83206;
Benzol;4;21.12.2016 09:00;2,12484;
Benzol;8;21.12.2016 09:00;0,478328;
Benzol;1;21.12.2016 09:00;0,407602;
Benzol;3;21.12.2016 09:00;0,294795;
Benzol;6;21.12.2016 09:00;0,157099;
Benzol;2;21.12.2016 09:00;0,0555677;
Benzol;9;21.12.2016 09:00;0,011633;
Benzol;7;21.12.2016 09:00;0,00835961;
Anilin;3;21.12.2016 09:00;3,92778;
Anilin;4;21.12.2016 09:00;2,0074;
Anilin;2;21.12.2016 09:00;0,975231;
Anilin;7;21.12.2016 09:00;0,246475;
Anilin;1;21.12.2016 09:00;0,243744;
Anilin;8;21.12.2016 09:00;0,234189;
Anilin;5;21.12.2016 09:00;0,0721385;
Anilin;6;21.12.2016 09:00;0,0341812;
Anilin;9;21.12.2016 09:00;0,00473658;
Natriumchlorid;3;21.12.2016 10:00;3,15548;
Natriumchlorid;4;21.12.2016 10:00;2,17998;
Natriumchlorid;5;21.12.2016 10:00;1,2117;
Natriumchlorid;7;21.12.2016 10:00;1,02856;
Natriumchlorid;9;21.12.2016 10:00;0,816704;
Natriumchlorid;6;21.12.2016 10:00;0,736249;
Natriumchlorid;2;21.12.2016 10:00;0,253324;
Natriumchlorid;8;21.12.2016 10:00;0,222175;
Natriumchlorid;1;21.12.2016 10:00;0,141717;
Arsen;4;21.12.2016 10:00;2,13311;
Arsen;5;21.12.2016 10:00;1,06606;
Arsen;2;21.12.2016 10:00;0,597117;
Arsen;9;21.12.2016 10:00;0,568483;
Arsen;8;21.12.2016 10:00;0,49075;
Arsen;7;21.12.2016 10:00;0,436786;
Arsen;3;21.12.2016 10:00;0,322054;
Arsen;6;21.12.2016 10:00;0,280833;
Arsen;1;21.12.2016 10:00;0,255675;
Benzol;5;21.12.2016 10:00;7,66752;
Benzol;4;21.12.2016 10:00;2,076;
Benzol;7;21.12.2016 10:00;0,772122;
Benzol;3;21.12.2016 10:00;0,662494;
Benzol;8;21.12.2016 10:00;0,368619;
Benzol;9;21.12.2016 10:00;0,365403;
Benzol;1;21.12.2016 10:00;0,36429;
Benzol;2;21.12.2016 10:00;0,222794;
Benzol;6;21.12.2016 10:00;0,202216;
Anilin;4;21.12.2016 10:00;2,14472;
Anilin;3;21.12.2016 10:00;1,02096;
Anilin;5;21.12.2016 10:00;0,709099;
Anilin;7;21.12.2016 10:00;0,656971;
Anilin;9;21.12.2016 10:00;0,555912;
Anilin;1;21.12.2016 10:00;0,271358;
Anilin;6;21.12.2016 10:00;0,198921;
Anilin;2;21.12.2016 10:00;0,194783;
Anilin;8;21.12.2016 10:00;0,18396;
Natriumchlorid;4;21.12.2016 11:00;2,13;
Natriumchlorid;7;21.12.2016 11:00;1,56725;
Natriumchlorid;3;21.12.2016 11:00;0,804078;
Natriumchlorid;5;21.12.2016 11:00;0,761689;
Natriumchlorid;8;21.12.2016 11:00;0,471165;
Natriumchlorid;9;21.12.2016 11:00;0,436266;
Natriumchlorid;2;21.12.2016 11:00;0,407268;
Natriumchlorid;6;21.12.2016 11:00;0,124686;
Natriumchlorid;1;21.12.2016 11:00;0,101387;
Arsen;4;21.12.2016 11:00;2,34997;
Arsen;9;21.12.2016 11:00;1,22913;
Arsen;5;21.12.2016 11:00;1,11069;
Arsen;2;21.12.2016 11:00;0,46569;
Arsen;8;21.12.2016 11:00;0,456011;
Arsen;3;21.12.2016 11:00;0,398171;
Arsen;6;21.12.2016 11:00;0,367243;
Arsen;7;21.12.2016 11:00;0,256681;
Arsen;1;21.12.2016 11:00;0,0984567;
Benzol;4;21.12.2016 11:00;2,34829;
Benzol;5;21.12.2016 11:00;1,71745;
Benzol;3;21.12.2016 11:00;1,64246;
Benzol;6;21.12.2016 11:00;0,615335;
Benzol;1;21.12.2016 11:00;0,458225;
Benzol;7;21.12.2016 11:00;0,380656;
Benzol;8;21.12.2016 11:00;0,339443;
Benzol;9;21.12.2016 11:00;0,231708;
Benzol;2;21.12.2016 11:00;0,17877;
Anilin;4;21.12.2016 11:00;1,84021;
Anilin;8;21.12.2016 11:00;0,998879;
Anilin;3;21.12.2016 11:00;0,701496;
Anilin;5;21.12.2016 11:00;0,69531;
Anilin;9;21.12.2016 11:00;0,418412;
Anilin;2;21.12.2016 11:00;0,28915;
Anilin;1;21.12.2016 11:00;0,173328;
Anilin;7;21.12.2016 11:00;0,0975806;
Anilin;6;21.12.2016 11:00;0,0638762;
Natriumchlorid;3;21.12.2016 12:00;3,74279;
Natriumchlorid;4;21.12.2016 12:00;2,03795;
Natriumchlorid;2;21.12.2016 12:00;0,752925;
Natriumchlorid;6;21.12.2016 12:00;0,711727;
Natriumchlorid;5;21.12.2016 12:00;0,468047;
Natriumchlorid;8;21.12.2016 12:00;0,426841;
Natriumchlorid;9;21.12.2016 12:00;0,381148;
Natriumchlorid;1;21.12.2016 12:00;0,159307;
Natriumchlorid;7;21.12.2016 12:00;0,0776277;
Arsen;4;21.12.2016 12:00;2,53919;
Arsen;5;21.12.2016 12:00;1,04041;
Arsen;9;21.12.2016 12:00;0,767553;
Arsen;6;21.12.2016 12:00;0,639858;
Arsen;2;21.12.2016 12:00;0,458635;
Arsen;3;21.12.2016 12:00;0,452829;
Arsen;1;21.12.2016 12:00;0,40253;
Arsen;8;21.12.2016 12:00;0,398455;
Arsen;7;21.12.2016 12:00;0,159789;
Benzol;4;21.12.2016 12:00;1,708;
Benzol;8;21.12.2016 12:00;0,92727;
Benzol;2;21.12.2016 12:00;0,925853;
Benzol;5;21.12.2016 12:00;0,832479;
Benzol;9;21.12.2016 12:00;0,726787;
Benzol;6;21.12.2016 12:00;0,500067;
Benzol;3;21.12.2016 12:00;0,465592;
Benzol;7;21.12.2016 12:00;0,250363;
Benzol;1;21.12.2016 12:00;0,220376;
Anilin;3;21.12.2016 12:00;2,25829;
Anilin;4;21.12.2016 12:00;2,11371;
Anilin;5;21.12.2016 12:00;0,65917;
Anilin;7;21.12.2016 12:00;0,638789;
Anilin;2;21.12.2016 12:00;0,598078;
Anilin;1;21.12.2016 12:00;0,378084;
Anilin;8;21.12.2016 12:00;0,363306;
Anilin;6;21.12.2016 12:00;0,29198;
Anilin;9;21.12.2016 12:00;0,129683;
Natriumchlorid;9;21.12.2016 13:00;1,79291;
Natriumchlorid;4;21.12.2016 13:00;1,54454;
Natriumchlorid;7;21.12.2016 13:00;1,49804;
Natriumchlorid;5;21.12.2016 13:00;1,09004;
Natriumchlorid;2;21.12.2016 13:00;0,630354;
Natriumchlorid;8;21.12.2016 13:00;0,611521;
Natriumchlorid;3;21.12.2016 13:00;0,334425;
Natriumchlorid;1;21.12.2016 13:00;0,243509;
Natriumchlorid;6;21.12.2016 13:00;0,128079;
Arsen;4;21.12.2016 13:00;1,97005;
Arsen;3;21.12.2016 13:00;1,46041;
Arsen;7;21.12.2016 13:00;1,15742;
Arsen;2;21.12.2016 13:00;0,827191;
Arsen;8;21.12.2016 13:00;0,666146;
Arsen;1;21.12.2016 13:00;0,572891;
Arsen;9;21.12.2016 13:00;0,558652;
Arsen;6;21.12.2016 13:00;0,344881;
Arsen;5;21.12.2016 13:00;0,193462;
Benzol;5;21.12.2016 13:00;4,96602;
Benzol;4;21.12.2016 13:00;2,11589;
Benzol;3;21.12.2016 13:00;1,61595;
Benzol;7;21.12.2016 13:00;0,820637;
Benzol;9;21.12.2016 13:00;0,418805;
Benzol;2;21.12.2016 13:00;0,400827;
Benzol;6;21.12.2016 13:00;0,387684;
Benzol;1;21.12.2016 13:00;0,364999;
Benzol;8;21.12.2016 13:00;0,20229;
Anilin;4;21.12.2016 13:00;1,77444;
Anilin;3;21.12.2016 13:00;1,56878;
Anilin;5;21.12.2016 13:00;0,516902;
Anilin;7;21.12.2016 13:00;0,478379;
Anilin;6;21.12.2016 13:00;0,452723;
Anilin;8;21.12.2016 13:00;0,359678;
Anilin;2;21.12.2016 13:00;0,339804;
Anilin;1;21.12.2016 13:00;0,281923;
Anilin;9;21.12.2016 13:00;0,278041;
Natriumchlorid;9;21.12.2016 14:00;6,16909;
Natriumchlorid;4;21.12.2016 14:00;2,19128;
Natriumchlorid;3;21.12.2016 14:00;1,35654;
Natriumchlorid;9;21.12.2016 14:00;0,601782;
Natriumchlorid;7;21.12.2016 14:00;0,490243;
Natriumchlorid;6;21.12.2016 14:00;0,379378;
Natriumchlorid;1;21.12.2016 14:00;0,327269;
Natriumchlorid;2;21.12.2016 14:00;0,159678;
Natriumchlorid;5;21.12.2016 14:00;0,0725406;
Natriumchlorid;8;21.12.2016 14:00;0,0221095;
Arsen;3;21.12.2016 14:00;2,32565;
Arsen;4;21.12.2016 14:00;1,9564;
Arsen;8;21.12.2016 14:00;1,04835;
Arsen;9;21.12.2016 14:00;0,723757;
Arsen;2;21.12.2016 14:00;0,513588;
Arsen;1;21.12.2016 14:00;0,451876;
Arsen;6;21.12.2016 14:00;0,412776;
Arsen;5;21.12.2016 14:00;0,121194;
Arsen;7;21.12.2016 14:00;0,024816;
Benzol;4;21.12.2016 14:00;2,07696;
Benzol;9;21.12.2016 14:00;0,878238;
Benzol;3;21.12.2016 14:00;0,807655;
Benzol;6;21.12.2016 14:00;0,627681;
Benzol;2;21.12.2016 14:00;0,34695;
Benzol;7;21.12.2016 14:00;0,280422;
Benzol;5;21.12.2016 14:00;0,268509;
Benzol;1;21.12.2016 14:00;0,212868;
Benzol;8;21.12.2016 14:00;0,0663764;
Anilin;4;21.12.2016 14:00;1,92684;
Anilin;3;21.12.2016 14:00;1,00801;
Anilin;1;21.12.2016 14:00;0,544382;
Anilin;7;21.12.2016 14:00;0,334599;
Anilin;6;21.12.2016 14:00;0,333051;
Anilin;2;21.12.2016 14:00;0,140123;
Anilin;5;21.12.2016 14:00;0,125121;
Anilin;8;21.12.2016 14:00;0,123802;
Natriumchlorid;3;21.12.2016 15:00;2,73517;
Natriumchlorid;4;21.12.2016 15:00;1,9336;
Natriumchlorid;5;21.12.2016 15:00;0,855551;
Natriumchlorid;9;21.12.2016 15:00;0,653942;
Natriumchlorid;2;21.12.2016 15:00;0,555077;
Natriumchlorid;8;21.12.2016 15:00;0,457154;
Natriumchlorid;6;21.12.2016 15:00;0,255718;
Natriumchlorid;7;21.12.2016 15:00;0,226846;
Natriumchlorid;1;21.12.2016 15:00;0,0936935;
Arsen;4;21.12.2016 15:00;1,88325;
Arsen;9;21.12.2016 15:00;1,24507;
Arsen;5;21.12.2016 15:00;0,825567;
Arsen;3;21.12.2016 15:00;0,420885;
Arsen;6;21.12.2016 15:00;0,204671;
Arsen;7;21.12.2016 15:00;0,164715;
Arsen;2;21.12.2016 15:00;0,105005;
Arsen;8;21.12.2016 15:00;0,087825;
Arsen;1;21.12.2016 15:00;0,081977;
Benzol;9;21.12.2016 15:00;1,95964;
Benzol;4;21.12.2016 15:00;1,79079;
Benzol;3;21.12.2016 15:00;1,33571;
Benzol;5;21.12.2016 15:00;0,617607;
Benzol;6;21.12.2016 15:00;0,403297;
Benzol;1;21.12.2016 15:00;0,306166;
Benzol;2;21.12.2016 15:00;0,158448;
Benzol;8;21.12.2016 15:00;0,0545312;
Benzol;7;21.12.2016 15:00;0,0300463;
Anilin;4;21.12.2016 15:00;2,29334;
Anilin;3;21.12.2016 15:00;1,85734;
Anilin;7;21.12.2016 15:00;0,661332;
Anilin;5;21.12.2016 15:00;0,610259;
Anilin;8;21.12.2016 15:00;0,550294;
Anilin;2;21.12.2016 15:00;0,424622;
Anilin;6;21.12.2016 15:00;0,374264;
Anilin;9;21.12.2016 15:00;0,125494;
Anilin;1;21.12.2016 15:00;0,0981434;
Natriumchlorid;4;21.12.2016 16:00;1,94856;
Natriumchlorid;3;21.12.2016 16:00;1,24824;
Natriumchlorid;5;21.12.2016 16:00;1,14191;
Natriumchlorid;8;21.12.2016 16:00;0,854953;
Natriumchlorid;7;21.12.2016 16:00;0,735286;
Natriumchlorid;9;21.12.2016 16:00;0,307883;
Natriumchlorid;6;21.12.2016 16:00;0,188343;
Natriumchlorid;2;21.12.2016 16:00;0,18361;
Natriumchlorid;1;21.12.2016 16:00;0,175498;
Arsen;7;21.12.2016 16:00;3,65341;
Arsen;4;21.12.2016 16:00;1,78965;
Arsen;3;21.12.2016 16:00;0,957719;
Arsen;5;21.12.2016 16:00;0,73355;
Arsen;8;21.12.2016 16:00;0,682799;
Arsen;2;21.12.2016 16:00;0,56406;
Arsen;6;21.12.2016 16:00;0,50504;
Arsen;9;21.12.2016 16:00;0,232674;
Arsen;1;21.12.2016 16:00;0,218178;
Benzol;3;21.12.2016 16:00;1,86975;
Benzol;4;21.12.2016 16:00;1,78858;
Benzol;8;21.12.2016 16:00;1,06691;
Benzol;6;21.12.2016 16:00;0,764282;
Benzol;2;21.12.2016 16:00;0,331055;
Benzol;5;21.12.2016 16:00;0,166448;
Benzol;7;21.12.2016 16:00;0,137819;
Benzol;1;21.12.2016 16:00;0,132596;
Benzol;9;21.12.2016 16:00;0,0977581;
Anilin;4;21.12.2016 16:00;2,15301;
Anilin;2;21.12.2016 16:00;1,04978;
Anilin;5;21.12.2016 16:00;0,938925;
Anilin;3;21.12.2016 16:00;0,62592;
Anilin;8;21.12.2016 16:00;0,55632;
Anilin;1;21.12.2016 16:00;0,30809;
Anilin;9;21.12.2016 16:00;0,293019;
Anilin;6;21.12.2016 16:00;0,287564;
Anilin;7;21.12.2016 16:00;0,0316606;
Natriumchlorid;3;21.12.2016 17:00;3,53616;
Natriumchlorid;4;21.12.2016 17:00;1,96085;
Natriumchlorid;9;21.12.2016 17:00;0,691007;
Natriumchlorid;8;21.12.2016 17:00;0,604271;
Natriumchlorid;6;21.12.2016 17:00;0,525792;
Natriumchlorid;5;21.12.2016 17:00;0,364869;
Natriumchlorid;7;21.12.2016 17:00;0,161082;
Natriumchlorid;2;21.12.2016 17:00;0,0802273;
Natriumchlorid;1;21.12.2016 17:00;0,0111261;
Arsen;3;21.12.2016 17:00;1,86523;
Arsen;4;21.12.2016 17:00;1,71068;
Arsen;8;21.12.2016 17:00;0,642292;
Arsen;2;21.12.2016 17:00;0,609169;
Arsen;7;21.12.2016 17:00;0,553709;
Arsen;9;21.12.2016 17:00;0,474167;
Arsen;1;21.12.2016 17:00;0,453031;
Arsen;6;21.12.2016 17:00;0,327571;
Arsen;5;21.12.2016 17:00;0,138313;
Benzol;3;21.12.2016 17:00;2,11961;
Benzol;4;21.12.2016 17:00;1,8498;
Benzol;8;21.12.2016 17:00;0,862692;
Benzol;2;21.12.2016 17:00;0,552272;
Benzol;6;21.12.2016 17:00;0,385107;
Benzol;9;21.12.2016 17:00;0,26039;
Benzol;1;21.12.2016 17:00;0,209328;
Benzol;5;21.12.2016 17:00;0,11454;
Benzol;7;21.12.2016 17:00;0,022301;
Anilin;4;21.12.2016 17:00;1,92813;
Anilin;9;21.12.2016 17:00;1,62539;
Anilin;8;21.12.2016 17:00;1,48189;
Anilin;7;21.12.2016 17:00;1,08499;
Anilin;5;21.12.2016 17:00;0,505456;
Anilin;3;21.12.2016 17:00;0,452574;
Anilin;1;21.12.2016 17:00;0,0677076;
Anilin;6;21.12.2016 17:00;0,0282349;
Anilin;2;21.12.2016 17:00;0,00931352;
Natriumchlorid;4;21.12.2016 18:00;2,33675;
Natriumchlorid;3;21.12.2016 18:00;1,41836;
Natriumchlorid;5;21.12.2016 18:00;0,940594;
Natriumchlorid;6;21.12.2016 18:00;0,469024;
Natriumchlorid;8;21.12.2016 18:00;0,424694;
Natriumchlorid;2;21.12.2016 18:00;0,403539;
Natriumchlorid;1;21.12.2016 18:00;0,360884;
Natriumchlorid;7;21.12.2016 18:00;0,34441;
Natriumchlorid;9;21.12.2016 18:00;0,166973;
Arsen;4;21.12.2016 18:00;1,94585;
Arsen;9;21.12.2016 18:00;1,02161;
Arsen;5;21.12.2016 18:00;1,02102;
Arsen;3;21.12.2016 18:00;0,818978;
Arsen;8;21.12.2016 18:00;0,505689;
Arsen;6;21.12.2016 18:00;0,417594;
Arsen;1;21.12.2016 18:00;0,391156;
Arsen;2;21.12.2016 18:00;0,300256;
Arsen;7;21.12.2016 18:00;0,187453;
Benzol;4;21.12.2016 18:00;1,89223;
Benzol;3;21.12.2016 18:00;1,10399;
Benzol;9;21.12.2016 18:00;0,799073;
Benzol;8;21.12.2016 18:00;0,525192;
Benzol;2;21.12.2016 18:00;0,483567;
Benzol;6;21.12.2016 18:00;0,394162;
Benzol;1;21.12.2016 18:00;0,276857;
Benzol;5;21.12.2016 18:00;0,229076;
Benzol;7;21.12.2016 18:00;0,0143341;
Anilin;4;21.12.2016 18:00;2,14866;
Anilin;3;21.12.2016 18:00;0,892774;
Anilin;6;21.12.2016 18:00;0,578562;
Anilin;2;21.12.2016 18:00;0,541047;
Anilin;5;21.12.2016 18:00;0,393668;
Anilin;7;21.12.2016 18:00;0,343994;
Anilin;9;21.12.2016 18:00;0,205485;
Anilin;8;21.12.2016 18:00;0,0800479;
Anilin;1;21.12.2016 18:00;0,0445342;
Natriumchlorid;4;21.12.2016 19:00;2,1504;
Natriumchlorid;3;21.12.2016 19:00;1,39117;
Natriumchlorid;9;21.12.2016 19:00;0,998409;
Natriumchlorid;5;21.12.2016 19:00;0,976049;
Natriumchlorid;7;21.12.2016 19:00;0,89482;
Natriumchlorid;8;21.12.2016 19:00;0,679391;
Natriumchlorid;2;21.12.2016 19:00;0,494356;
Natriumchlorid;6;21.12.2016 19:00;0,318775;
Natriumchlorid;1;21.12.2016 19:00;0,135392;
Arsen;4;21.12.2016 19:00;1,65642;
Arsen;3;21.12.2016 19:00;1,37015;
Arsen;8;21.12.2016 19:00;1,03376;
Arsen;7;21.12.2016 19:00;0,896544;
Arsen;9;21.12.2016 19:00;0,571243;
Arsen;6;21.12.2016 19:00;0,427944;
Arsen;1;21.12.2016 19:00;0,394999;
Arsen;5;21.12.2016 19:00;0,360345;
Arsen;2;21.12.2016 19:00;0,265111;
Benzol;4;21.12.2016 19:00;1,82467;
Benzol;3;21.12.2016 19:00;0,997591;
Benzol;5;21.12.2016 19:00;0,649601;
Benzol;9;21.12.2016 19:00;0,334854;
Benzol;2;21.12.2016 19:00;0,119551;
Benzol;6;21.12.2016 19:00;0,118148;
Benzol;1;21.12.2016 19:00;0,0992389;
Benzol;7;21.12.2016 19:00;0,0743678;
Benzol;8;21.12.2016 19:00;0,0439644;
Anilin;4;21.12.2016 19:00;1,62746;
Anilin;3;21.12.2016 19:00;0,8092;
Anilin;6;21.12.2016 19:00;0,601358;
Anilin;1;21.12.2016 19:00;0,474409;
Anilin;2;21.12.2016 19:00;0,360524;
Anilin;9;21.12.2016 19:00;0,280118;
Anilin;7;21.12.2016 19:00;0,1916;
Anilin;5;21.12.2016 19:00;0,0460234;
Anilin;8;21.12.2016 19:00;0,0200004;
Natriumchlorid;4;21.12.2016 20:00;2,11704;
Natriumchlorid;3;21.12.2016 20:00;0,853407;
Natriumchlorid;9;21.12.2016 20:00;0,567693;
Natriumchlorid;2;21.12.2016 20:00;0,540563;
Natriumchlorid;6;21.12.2016 20:00;0,435241;
Natriumchlorid;7;21.12.2016 20:00;0,39873;
Natriumchlorid;1;21.12.2016 20:00;0,32334;
Natriumchlorid;5;21.12.2016 20:00;0,317589;
Natriumchlorid;8;21.12.2016 20:00;0,0366796;
Arsen;4;21.12.2016 20:00;1,91164;
Arsen;3;21.12.2016 20:00;1,05268;
Arsen;6;21.12.2016 20:00;0,545835;
Arsen;9;21.12.2016 20:00;0,367646;
Arsen;8;21.12.2016 20:00;0,338607;
Arsen;2;21.12.2016 20:00;0,21783;
Arsen;5;21.12.2016 20:00;0,20059;
Arsen;7;21.12.2016 20:00;0,135847;
Arsen;1;21.12.2016 20:00;0,0458138;
Benzol;3;21.12.2016 20:00;2,67396;
Benzol;4;21.12.2016 20:00;1,62527;
Benzol;7;21.12.2016 20:00;0,583839;
Benzol;5;21.12.2016 20:00;0,53323;
Benzol;1;21.12.2016 20:00;0,423576;
Benzol;6;21.12.2016 20:00;0,263914;
Benzol;8;21.12.2016 20:00;0,212769;
Benzol;2;21.12.2016 20:00;0,0607503;
Benzol;9;21.12.2016 20:00;0,0176513;
Anilin;4;21.12.2016 20:00;1,81091;
Anilin;5;21.12.2016 20:00;0,792441;
Anilin;7;21.12.2016 20:00;0,706449;
Anilin;2;21.12.2016 20:00;0,58425;
Anilin;8;21.12.2016 20:00;0,562317;
Anilin;3;21.12.2016 20:00;0,528824;
Anilin;6;21.12.2016 20:00;0,383972;
Anilin;9;21.12.2016 20:00;0,31807;
Anilin;1;21.12.2016 20:00;0,0903836;
Natriumchlorid;3;21.12.2016 21:00;2,36397;
Natriumchlorid;4;21.12.2016 21:00;1,63588;
Natriumchlorid;5;21.12.2016 21:00;0,990703;
Natriumchlorid;9;21.12.2016 21:00;0,722348;
Natriumchlorid;2;21.12.2016 21:00;0,690116;
Natriumchlorid;6;21.12.2016 21:00;0,492235;
Natriumchlorid;8;21.12.2016 21:00;0,291097;
Natriumchlorid;1;21.12.2016 21:00;0,085064;
Natriumchlorid;7;21.12.2016 21:00;0,00197978;
Arsen;4;21.12.2016 21:00;1,57799;
Arsen;5;21.12.2016 21:00;1,52924;
Arsen;9;21.12.2016 21:00;1,08815;
Arsen;3;21.12.2016 21:00;0,811729;
Arsen;1;21.12.2016 21:00;0,504217;
Arsen;7;21.12.2016 21:00;0,435692;
Arsen;6;21.12.2016 21:00;0,330488;
Arsen;8;21.12.2016 21:00;0,273104;
Arsen;2;21.12.2016 21:00;0,0909066;
Benzol;3;21.12.2016 21:00;2,85968;
Benzol;4;21.12.2016 21:00;2,03339;
Benzol;9;21.12.2016 21:00;0,552999;
Benzol;7;21.12.2016 21:00;0,334912;
Benzol;5;21.12.2016 21:00;0,291458;
Benzol;8;21.12.2016 21:00;0,212552;
Benzol;6;21.12.2016 21:00;0,130716;
Benzol;1;21.12.2016 21:00;0,130342;
Benzol;2;21.12.2016 21:00;0,0216188;
Anilin;4;21.12.2016 21:00;1,89828;
Anilin;8;21.12.2016 21:00;1,35656;
Anilin;3;21.12.2016 21:00;0,958619;
Anilin;6;21.12.2016 21:00;0,626254;
Anilin;5;21.12.2016 21:00;0,455299;
Anilin;9;21.12.2016 21:00;0,370893;
Anilin;2;21.12.2016 21:00;0,270979;
Anilin;1;21.12.2016 21:00;0,262612;
Anilin;7;21.12.2016 21:00;0,121289;
Natriumchlorid;4;21.12.2016 22:00;2,16076;
Natriumchlorid;7;21.12.2016 22:00;0,686136;
Natriumchlorid;3;21.12.2016 22:00;0,595663;
Natriumchlorid;2;21.12.2016 22:00;0,462873;
Natriumchlorid;8;21.12.2016 22:00;0,303223;
Natriumchlorid;5;21.12.2016 22:00;0,276243;
Natriumchlorid;1;21.12.2016 22:00;0,252327;
Natriumchlorid;9;21.12.2016 22:00;0,250341;
Natriumchlorid;6;21.12.2016 22:00;0,248396;
Arsen;4;21.12.2016 22:00;1,79884;
Arsen;3;21.12.2016 22:00;1,23547;
Arsen;5;21.12.2016 22:00;0,956834;
Arsen;2;21.12.2016 22:00;0,660429;
Arsen;6;21.12.2016 22:00;0,614545;
Arsen;9;21.12.2016 22:00;0,421309;
Arsen;8;21.12.2016 22:00;0,37552;
Arsen;1;21.12.2016 22:00;0,323156;
Arsen;7;21.12.2016 22:00;0,117968;
Benzol;4;21.12.2016 22:00;1,90972;
Benzol;3;21.12.2016 22:00;1,62046;
Benzol;2;21.12.2016 22:00;0,769042;
Benzol;8;21.12.2016 22:00;0,590995;
Benzol;5;21.12.2016 22:00;0,486986;
Benzol;7;21.12.2016 22:00;0,419382;
Benzol;9;21.12.2016 22:00;0,314311;
Benzol;1;21.12.2016 22:00;0,259854;
Benzol;6;21.12.2016 22:00;0,138043;
Anilin;4;21.12.2016 22:00;1,90206;
Anilin;7;21.12.2016 22:00;1,87554;
Anilin;9;21.12.2016 22:00;0,779879;
Anilin;5;21.12.2016 22:00;0,751925;
Anilin;3;21.12.2016 22:00;0,547451;
Anilin;2;21.12.2016 22:00;0,493028;
Anilin;6;21.12.2016 22:00;0,420068;
Anilin;8;21.12.2016 22:00;0,122597;
Anilin;1;21.12.2016 22:00;0,0450921;
Natriumchlorid;4;21.12.2016 23:00;1,97317;
Natriumchlorid;9;21.12.2016 23:00;0,901529;
Natriumchlorid;2;21.12.2016 23:00;0,614;
Natriumchlorid;7;21.12.2016 23:00;0,553407;
Natriumchlorid;1;21.12.2016 23:00;0,473121;
Natriumchlorid;5;21.12.2016 23:00;0,285357;
Natriumchlorid;6;21.12.2016 23:00;0,208989;
Natriumchlorid;8;21.12.2016 23:00;0,199658;
Natriumchlorid;3;21.12.2016 23:00;0,136064;
Arsen;4;21.12.2016 23:00;2,02682;
Arsen;5;21.12.2016 23:00;1,35626;
Arsen;9;21.12.2016 23:00;0,843553;
Arsen;1;21.12.2016 23:00;0,599374;
Arsen;6;21.12.2016 23:00;0,44882;
Arsen;8;21.12.2016 23:00;0,383273;
Arsen;7;21.12.2016 23:00;0,288698;
Arsen;2;21.12.2016 23:00;0,205829;
Arsen;3;21.12.2016 23:00;0,188169;
Benzol;4;21.12.2016 23:00;2,19203;
Benzol;3;21.12.2016 23:00;1,62908;
Benzol;5;21.12.2016 23:00;1,2156;
Benzol;6;21.12.2016 23:00;0,547798;
Benzol;1;21.12.2016 23:00;0,466545;
Benzol;8;21.12.2016 23:00;0,440076;
Benzol;2;21.12.2016 23:00;0,394226;
Benzol;7;21.12.2016 23:00;0,123214;
Benzol;9;21.12.2016 23:00;0,0236197;
Anilin;4;21.12.2016 23:00;1,90476;
Anilin;3;21.12.2016 23:00;1,40238;
Anilin;5;21.12.2016 23:00;1,24577;
Anilin;9;21.12.2016 23:00;0,527197;
Anilin;2;21.12.2016 23:00;0,285076;
Anilin;1;21.12.2016 23:00;0,232649;
Anilin;6;21.12.2016 23:00;0,219147;
Anilin;8;21.12.2016 23:00;0,192021;
Anilin;7;21.12.2016 23:00;0,153121;
Natriumchlorid;4;22.12.2016 00:00;1,68296;
Natriumchlorid;3;22.12.2016 00:00;0,688958;
Natriumchlorid;6;22.12.2016 00:00;0,540987;
Natriumchlorid;8;22.12.2016 00:00;0,448635;
Natriumchlorid;9;22.12.2016 00:00;0,335412;
Natriumchlorid;2;22.12.2016 00:00;0,230092;
Natriumchlorid;7;22.12.2016 00:00;0,182338;
Natriumchlorid;1;22.12.2016 00:00;0,0959597;
Natriumchlorid;5;22.12.2016 00:00;0,0120087;
Arsen;4;22.12.2016 00:00;1,88519;
Arsen;7;22.12.2016 00:00;1,71501;
Arsen;8;22.12.2016 00:00;0,94215;
Arsen;3;22.12.2016 00:00;0,886311;
Arsen;5;22.12.2016 00:00;0,651573;
Arsen;6;22.12.2016 00:00;0,254684;
Arsen;9;22.12.2016 00:00;0,130422;
Arsen;2;22.12.2016 00:00;0,0996464;
Arsen;1;22.12.2016 00:00;0,0963449;
Benzol;4;22.12.2016 00:00;2,08817;
Benzol;5;22.12.2016 00:00;1,48674;
Benzol;8;22.12.2016 00:00;0,931161;
Benzol;3;22.12.2016 00:00;0,834039;
Benzol;9;22.12.2016 00:00;0,584603;
Benzol;6;22.12.2016 00:00;0,534452;
Benzol;2;22.12.2016 00:00;0,309633;
Benzol;1;22.12.2016 00:00;0,025392;
Benzol;7;22.12.2016 00:00;0,0143655;
Anilin;4;22.12.2016 00:00;2,05182;
Anilin;5;22.12.2016 00:00;1,16237;
Anilin;7;22.12.2016 00:00;0,626984;
Anilin;8;22.12.2016 00:00;0,598124;
Anilin;3;22.12.2016 00:00;0,482475;
Anilin;9;22.12.2016 00:00;0,450518;
Anilin;1;22.12.2016 00:00;0,35528;
Anilin;6;22.12.2016 00:00;0,257143;
Anilin;2;22.12.2016 00:00;0,147383;
Natriumchlorid;4;22.12.2016 01:00;1,78516;
Natriumchlorid;7;22.12.2016 01:00;1,08075;
Natriumchlorid;3;22.12.2016 01:00;0,955248;
Natriumchlorid;5;22.12.2016 01:00;0,8946;
Natriumchlorid;1;22.12.2016 01:00;0,520973;
Natriumchlorid;6;22.12.2016 01:00;0,461553;
Natriumchlorid;8;22.12.2016 01:00;0,345811;
Natriumchlorid;9;22.12.2016 01:00;0,217697;
Natriumchlorid;2;22.12.2016 01:00;0,0185535;
Arsen;4;22.12.2016 01:00;1,80867;
Arsen;9;22.12.2016 01:00;0,597677;
Arsen;5;22.12.2016 01:00;0,533357;
Arsen;6;22.12.2016 01:00;0,434588;
Arsen;7;22.12.2016 01:00;0,262254;
Arsen;1;22.12.2016 01:00;0,17634;
Arsen;3;22.12.2016 01:00;0,113113;
Arsen;2;22.12.2016 01:00;0,0588986;
Arsen;8;22.12.2016 01:00;0,0185231;
Benzol;4;22.12.2016 01:00;2,10444;
Benzol;2;22.12.2016 01:00;1,23709;
Benzol;7;22.12.2016 01:00;1,02253;
Benzol;9;22.12.2016 01:00;0,95695;
Benzol;8;22.12.2016 01:00;0,737845;
Benzol;3;22.12.2016 01:00;0,669107;
Benzol;5;22.12.2016 01:00;0,28815;
Benzol;1;22.12.2016 01:00;0,150849;
Benzol;6;22.12.2016 01:00;0,106327;
Anilin;4;22.12.2016 01:00;1,76217;
Anilin;3;22.12.2016 01:00;1,60194;
Anilin;7;22.12.2016 01:00;1,24578;
Anilin;5;22.12.2016 01:00;1,06388;
Anilin;9;22.12.2016 01:00;0,634158;
Anilin;6;22.12.2016 01:00;0,467484;
Anilin;1;22.12.2016 01:00;0,390987;
Anilin;2;22.12.2016 01:00;0,360012;
Anilin;8;22.12.2016 01:00;0,223659;
Natriumchlorid;4;22.12.2016 02:00;2,16367;
Natriumchlorid;5;22.12.2016 02:00;1,24854;
Natriumchlorid;3;22.12.2016 02:00;0,880806;
Natriumchlorid;9;22.12.2016 02:00;0,736574;
Natriumchlorid;8;22.12.2016 02:00;0,558867;
Natriumchlorid;2;22.12.2016 02:00;0,42843;
Natriumchlorid;6;22.12.2016 02:00;0,148055;
Natriumchlorid;1;22.12.2016 02:00;0,0160741;
Natriumchlorid;7;22.12.2016 02:00;0,00215965;
Arsen;4;22.12.2016 02:00;2,0592;
Arsen;7;22.12.2016 02:00;1,70725;
Arsen;3;22.12.2016 02:00;1,30492;
Arsen;6;22.12.2016 02:00;0,474228;
Arsen;5;22.12.2016 02:00;0,211521;
Arsen;1;22.12.2016 02:00;0,0626186;
Arsen;9;22.12.2016 02:00;0,0461994;
Arsen;8;22.12.2016 02:00;0,037188;
Arsen;2;22.12.2016 02:00;0,0051429;
Benzol;4;22.12.2016 02:00;1,80612;
Benzol;7;22.12.2016 02:00;1,43808;
Benzol;8;22.12.2016 02:00;0,881038;
Benzol;6;22.12.2016 02:00;0,464141;
Benzol;5;22.12.2016 02:00;0,462914;
Benzol;2;22.12.2016 02:00;0,456095;
Benzol;1;22.12.2016 02:00;0,446327;
Benzol;3;22.12.2016 02:00;0,227824;
Benzol;9;22.12.2016 02:00;0,118208;
Anilin;5;22.12.2016 02:00;2,20371;
Anilin;4;22.12.2016 02:00;1,85838;
Anilin;6;22.12.2016 02:00;0,739824;
Anilin;8;22.12.2016 02:00;0,661546;
Anilin;2;22.12.2016 02:00;0,543208;
Anilin;3;22.12.2016 02:00;0,469745;
Anilin;1;22.12.2016 02:00;0,126983;
Anilin;9;22.12.2016 02:00;0,076045;
Anilin;7;22.12.2016 02:00;0,0277077;
Natriumchlorid;3;22.12.2016 03:00;2,68609;
Natriumchlorid;4;22.12.2016 03:00;1,56702;
Natriumchlorid;7;22.12.2016 03:00;1,49777;
Natriumchlorid;5;22.12.2016 03:00;1,2191;
Natriumchlorid;9;22.12.2016 03:00;0,569966;
Natriumchlorid;6;22.12.2016 03:00;0,348353;
Natriumchlorid;2;22.12.2016 03:00;0,187162;
Natriumchlorid;8;22.12.2016 03:00;0,17121;
Natriumchlorid;1;22.12.2016 03:00;0,140338;
Arsen;4;22.12.2016 03:00;2,11102;
Arsen;5;22.12.2016 03:00;1,16001;
Arsen;9;22.12.2016 03:00;0,942227;
Arsen;8;22.12.2016 03:00;0,69403;
Arsen;3;22.12.2016 03:00;0,646203;
Arsen;7;22.12.2016 03:00;0,474575;
Arsen;6;22.12.2016 03:00;0,413466;
Arsen;1;22.12.2016 03:00;0,275476;
Arsen;2;22.12.2016 03:00;0,0228504;
Benzol;3;22.12.2016 03:00;1,84479;
Benzol;4;22.12.2016 03:00;1,62028;
Benzol;5;22.12.2016 03:00;1,07898;
Benzol;9;22.12.2016 03:00;0,226559;
Benzol;7;22.12.2016 03:00;0,208159;
Benzol;1;22.12.2016 03:00;0,194943;
Benzol;2;22.12.2016 03:00;0,162107;
Benzol;6;22.12.2016 03:00;0,033618;
Benzol;8;22.12.2016 03:00;0,0159392;
Anilin;4;22.12.2016 03:00;2,31872;
Anilin;5;22.12.2016 03:00;0,887335;
Anilin;9;22.12.2016 03:00;0,765905;
Anilin;3;22.12.2016 03:00;0,578793;
Anilin;6;22.12.2016 03:00;0,499339;
Anilin;7;22.12.2016 03:00;0,450049;
Anilin;8;22.12.2016 03:00;0,439307;
Anilin;2;22.12.2016 03:00;0,305287;
Anilin;1;22.12.2016 03:00;0,243728;
Natriumchlorid;4;22.12.2016 04:00;2,19567;
Natriumchlorid;5;22.12.2016 04:00;1,07882;
Natriumchlorid;3;22.12.2016 04:00;1,04062;
Natriumchlorid;7;22.12.2016 04:00;0,699378;
Natriumchlorid;6;22.12.2016 04:00;0,377546;
Natriumchlorid;2;22.12.2016 04:00;0,203442;
Natriumchlorid;1;22.12.2016 04:00;0,108122;
Natriumchlorid;9;22.12.2016 04:00;0,0615791;
Natriumchlorid;8;22.12.2016 04:00;0,0029328;
Arsen;4;22.12.2016 04:00;2,55604;
Arsen;5;22.12.2016 04:00;1,93067;
Arsen;3;22.12.2016 04:00;1,03742;
Arsen;9;22.12.2016 04:00;0,843195;
Arsen;7;22.12.2016 04:00;0,709202;
Arsen;6;22.12.2016 04:00;0,480942;
Arsen;1;22.12.2016 04:00;0,390216;
Arsen;2;22.12.2016 04:00;0,185569;
Arsen;8;22.12.2016 04:00;0,155536;
Benzol;4;22.12.2016 04:00;1,86589;
Benzol;3;22.12.2016 04:00;1,58433;
Benzol;5;22.12.2016 04:00;0,893457;
Benzol;2;22.12.2016 04:00;0,527761;
Benzol;9;22.12.2016 04:00;0,426328;
Benzol;6;22.12.2016 04:00;0,377408;
Benzol;8;22.12.2016 04:00;0,37641;
Benzol;7;22.12.2016 04:00;0,159863;
Benzol;1;22.12.2016 04:00;0,0837804;
Anilin;4;22.12.2016 04:00;1,64853;
Anilin;9;22.12.2016 04:00;1,04026;
Anilin;2;22.12.2016 04:00;0,516969;
Anilin;6;22.12.2016 04:00;0,487462;
Anilin;3;22.12.2016 04:00;0,314418;
Anilin;8;22.12.2016 04:00;0,272073;
Anilin;5;22.12.2016 04:00;0,179967;
Anilin;7;22.12.2016 04:00;0,0925552;
Anilin;1;22.12.2016 04:00;0,00609573;
Natriumchlorid;4;22.12.2016 05:00;1,8555;
Natriumchlorid;5;22.12.2016 05:00;1,13785;
Natriumchlorid;3;22.12.2016 05:00;0,669775;
Natriumchlorid;7;22.12.2016 05:00;0,584713;
Natriumchlorid;1;22.12.2016 05:00;0,399387;
Natriumchlorid;6;22.12.2016 05:00;0,265261;
Natriumchlorid;2;22.12.2016 05:00;0,15895;
Natriumchlorid;8;22.12.2016 05:00;0,141818;
Natriumchlorid;9;22.12.2016 05:00;0,122977;
Arsen;4;22.12.2016 05:00;2,19612;
Arsen;8;22.12.2016 05:00;1,31052;
Arsen;2;22.12.2016 05:00;1,08938;
Arsen;6;22.12.2016 05:00;0,229916;
Arsen;7;22.12.2016 05:00;0,227259;
Arsen;5;22.12.2016 05:00;0,175229;
Arsen;3;22.12.2016 05:00;0,161918;
Arsen;9;22.12.2016 05:00;0,155276;
Arsen;1;22.12.2016 05:00;0,0114604;
Benzol;3;22.12.2016 05:00;3,46567;
Benzol;4;22.12.2016 05:00;1,92883;
Benzol;8;22.12.2016 05:00;0,720247;
Benzol;6;22.12.2016 05:00;0,505198;
Benzol;9;22.12.2016 05:00;0,488511;
Benzol;5;22.12.2016 05:00;0,269025;
Benzol;1;22.12.2016 05:00;0,231006;
Benzol;2;22.12.2016 05:00;0,123801;
Benzol;7;22.12.2016 05:00;0,115225;
Anilin;7;22.12.2016 05:00;2,67853;
Anilin;3;22.12.2016 05:00;2,49549;
Anilin;4;22.12.2016 05:00;2,06017;
Anilin;5;22.12.2016 05:00;0,932723;
Anilin;9;22.12.2016 05:00;0,823752;
Anilin;8;22.12.2016 05:00;0,412104;
Anilin;6;22.12.2016 05:00;0,351669;
Anilin;1;22.12.2016 05:00;0,139201;
Anilin;2;22.12.2016 05:00;0,0294746;
Natriumchlorid;3;22.12.2016 06:00;2,91674;
Natriumchlorid;4;22.12.2016 06:00;1,95025;
Natriumchlorid;5;22.12.2016 06:00;1,63305;
Natriumchlorid;7;22.12.2016 06:00;0,864705;
Natriumchlorid;6;22.12.2016 06:00;0,354986;
Natriumchlorid;9;22.12.2016 06:00;0,282627;
Natriumchlorid;2;22.12.2016 06:00;0,159709;
Natriumchlorid;1;22.12.2016 06:00;0,144584;
Natriumchlorid;8;22.12.2016 06:00;0,0849538;
Arsen;4;22.12.2016 06:00;2,13237;
Arsen;3;22.12.2016 06:00;0,943232;
Arsen;1;22.12.2016 06:00;0,607446;
Arsen;7;22.12.2016 06:00;0,352163;
Arsen;6;22.12.2016 06:00;0,274208;
Arsen;5;22.12.2016 06:00;0,17285;
Arsen;8;22.12.2016 06:00;0,130559;
Arsen;9;22.12.2016 06:00;0,119551;
Arsen;2;22.12.2016 06:00;0,0689455;
Benzol;3;22.12.2016 06:00;3,32358;
Benzol;7;22.12.2016 06:00;2,3365;
Benzol;4;22.12.2016 06:00;1,66413;
Benzol;8;22.12.2016 06:00;0,921419;
Benzol;2;22.12.2016 06:00;0,702876;
Benzol;6;22.12.2016 06:00;0,656718;
Benzol;9;22.12.2016 06:00;0,411562;
Benzol;5;22.12.2016 06:00;0,390038;
Benzol;1;22.12.2016 06:00;0,102046;
Anilin;3;22.12.2016 06:00;4,4594;
Anilin;4;22.12.2016 06:00;1,94566;
Anilin;9;22.12.2016 06:00;0,640563;
Anilin;8;22.12.2016 06:00;0,491787;
Anilin;5;22.12.2016 06:00;0,395895;
Anilin;6;22.12.2016 06:00;0,377439;
Anilin;7;22.12.2016 06:00;0,327653;
Anilin;1;22.12.2016 06:00;0,264479;
Anilin;2;22.12.2016 06:00;0,0219044;
Natriumchlorid;9;22.12.2016 07:00;8,47533;
Natriumchlorid;4;22.12.2016 07:00;1,93185;
Natriumchlorid;5;22.12.2016 07:00;1,31622;
Natriumchlorid;9;22.12.2016 07:00;0,746677;
Natriumchlorid;3;22.12.2016 07:00;0,728907;
Natriumchlorid;6;22.12.2016 07:00;0,534164;
Natriumchlorid;8;22.12.2016 07:00;0,21655;
Natriumchlorid;2;22.12.2016 07:00;0,178831;
Natriumchlorid;1;22.12.2016 07:00;0,177901;
Natriumchlorid;7;22.12.2016 07:00;0,0318614;
Arsen;4;22.12.2016 07:00;2,06898;
Arsen;9;22.12.2016 07:00;1,46646;
Arsen;3;22.12.2016 07:00;1,09239;
Arsen;6;22.12.2016 07:00;0,381776;
Arsen;7;22.12.2016 07:00;0,369365;
Arsen;5;22.12.2016 07:00;0,318391;
Arsen;8;22.12.2016 07:00;0,308302;
Arsen;1;22.12.2016 07:00;0,240443;
Arsen;2;22.12.2016 07:00;0,190498;
Benzol;5;22.12.2016 07:00;3,12183;
Benzol;3;22.12.2016 07:00;3,09353;
Benzol;4;22.12.2016 07:00;1,7159;
Benzol;7;22.12.2016 07:00;1,23762;
Benzol;8;22.12.2016 07:00;0,705948;
Benzol;1;22.12.2016 07:00;0,52911;
Benzol;6;22.12.2016 07:00;0,461216;
Benzol;2;22.12.2016 07:00;0,236119;
Benzol;9;22.12.2016 07:00;0,121819;
Anilin;4;22.12.2016 07:00;1,68677;
Anilin;7;22.12.2016 07:00;1,30889;
Anilin;5;22.12.2016 07:00;0,74151;
Anilin;8;22.12.2016 07:00;0,437585;
Anilin;6;22.12.2016 07:00;0,389569;
Anilin;1;22.12.2016 07:00;0,232091;
Anilin;2;22.12.2016 07:00;0,0832959;
Anilin;3;22.12.2016 07:00;0,0699568;
Natriumchlorid;5;22.12.2016 08:00;21,57255;
Natriumchlorid;3;22.12.2016 08:00;3,09652;
Natriumchlorid;9;22.12.2016 08:00;2,22075;
Natriumchlorid;5;22.12.2016 08:00;2,17102;
Natriumchlorid;4;22.12.2016 08:00;2,01552;
Natriumchlorid;7;22.12.2016 08:00;1,10123;
Natriumchlorid;8;22.12.2016 08:00;0,982757;
Natriumchlorid;2;22.12.2016 08:00;0,64601;
Natriumchlorid;6;22.12.2016 08:00;0,517127;
Natriumchlorid;1;22.12.2016 08:00;0,0324724;
Arsen;5;22.12.2016 08:00;2,0142;
Arsen;4;22.12.2016 08:00;1,91703;
Arsen;2;22.12.2016 08:00;0,64933;
Arsen;6;22.12.2016 08:00;0,464914;
Arsen;9;22.12.2016 08:00;0,370176;
Arsen;3;22.12.2016 08:00;0,365003;
Arsen;8;22.12.2016 08:00;0,341547;
Arsen;7;22.12.2016 08:00;0,0583667;
Arsen;1;22.12.2016 08:00;0,0381089;
Benzol;4;22.12.2016 08:00;1,91146;
Benzol;7;22.12.2016 08:00;0,39908;
Benzol;2;22.12.2016 08:00;0,354308;
Benzol;3;22.12.2016 08:00;0,336698;
Benzol;6;22.12.2016 08:00;0,266123;
Benzol;1;22.12.2016 08:00;0,24871;
Benzol;8;22.12.2016 08:00;0,157451;
Benzol;9;22.12.2016 08:00;0,157301;
Benzol;5;22.12.2016 08:00;0,10484;
Anilin;4;22.12.2016 08:00;1,92189;
Anilin;7;22.12.2016 08:00;1,51618;
Anilin;3;22.12.2016 08:00;0,869909;
Anilin;8;22.12.2016 08:00;0,867141;
Anilin;2;22.12.2016 08:00;0,44949;
Anilin;1;22.12.2016 08:00;0,404869;
Anilin;9;22.12.2016 08:00;0,33146;
Anilin;6;22.12.2016 08:00;0,179485;
Natriumchlorid;4;22.12.2016 09:00;1,77375;
Natriumchlorid;3;22.12.2016 09:00;1,21244;
Natriumchlorid;5;22.12.2016 09:00;0,952816;
Natriumchlorid;9;22.12.2016 09:00;0,717267;
Natriumchlorid;2;22.12.2016 09:00;0,541575;
Natriumchlorid;8;22.12.2016 09:00;0,51514;
Natriumchlorid;6;22.12.2016 09:00;0,325476;
Natriumchlorid;7;22.12.2016 09:00;0,294044;
Natriumchlorid;1;22.12.2016 09:00;0,160649;
Arsen;4;22.12.2016 09:00;1,92783;
Arsen;3;22.12.2016 09:00;1,29304;
Arsen;8;22.12.2016 09:00;0,623262;
Arsen;9;22.12.2016 09:00;0,594823;
Arsen;2;22.12.2016 09:00;0,306238;
Arsen;6;22.12.2016 09:00;0,205532;
Arsen;1;22.12.2016 09:00;0,170057;
Arsen;5;22.12.2016 09:00;0,114478;
Arsen;7;22.12.2016 09:00;0,0397286;
Benzol;4;22.12.2016 09:00;1,82278;
Benzol;3;22.12.2016 09:00;1,29875;
Benzol;5;22.12.2016 09:00;1,28188;
Benzol;9;22.12.2016 09:00;0,659537;
Benzol;2;22.12.2016 09:00;0,475499;
Benzol;6;22.12.2016 09:00;0,443368;
Benzol;1;22.12.2016 09:00;0,331057;
Benzol;7;22.12.2016 09:00;0,127716;
Benzol;8;22.12.2016 09:00;0,0779631;
Anilin;4;22.12.2016 09:00;2,29688;
Anilin;7;22.12.2016 09:00;1,77449;
Anilin;3;22.12.2016 09:00;1,7049;
Anilin;9;22.12.2016 09:00;1,14267;
Anilin;2;22.12.2016 09:00;1,12365;
Anilin;1;22.12.2016 09:00;0,40146;
Anilin;6;22.12.2016 09:00;0,391529;
Anilin;8;22.12.2016 09:00;0,383364;
Anilin;5;22.12.2016 09:00;0,231152;
Natriumchlorid;4;22.12.2016 10:00;1,79536;
Natriumchlorid;3;22.12.2016 10:00;0,647381;
Natriumchlorid;5;22.12.2016 10:00;0,524634;
Natriumchlorid;9;22.12.2016 10:00;0,523581;
Natriumchlorid;6;22.12.2016 10:00;0,486437;
Natriumchlorid;2;22.12.2016 10:00;0,404934;
Natriumchlorid;1;22.12.2016 10:00;0,341164;
Natriumchlorid;7;22.12.2016 10:00;0,18125;
Natriumchlorid;8;22.12.2016 10:00;0,108798;
Arsen;4;22.12.2016 10:00;1,83916;
Arsen;9;22.12.2016 10:00;1,14404;
Arsen;7;22.12.2016 10:00;0,942187;
Arsen;6;22.12.2016 10:00;0,701377;
Arsen;5;22.12.2016 10:00;0,408508;
Arsen;3;22.12.2016 10:00;0,185697;
Arsen;2;22.12.2016 10:00;0,149608;
Arsen;8;22.12.2016 10:00;0,0617616;
Arsen;1;22.12.2016 10:00;0,0414045;
Benzol;4;22.12.2016 10:00;1,7738;
Benzol;5;22.12.2016 10:00;1,57521;
Benzol;3;22.12.2016 10:00;1,55234;
Benzol;1;22.12.2016 10:00;0,751794;
Benzol;6;22.12.2016 10:00;0,595304;
Benzol;9;22.12.2016 10:00;0,543347;
Benzol;2;22.12.2016 10:00;0,467639;
Benzol;7;22.12.2016 10:00;0,123444;
Benzol;8;22.12.2016 10:00;0,0811421;
Anilin;4;22.12.2016 10:00;2,18111;
Anilin;3;22.12.2016 10:00;1,42504;
Anilin;9;22.12.2016 10:00;1,36738;
Anilin;5;22.12.2016 10:00;0,41868;
Anilin;7;22.12.2016 10:00;0,321185;
Anilin;2;22.12.2016 10:00;0,244305;
Anilin;8;22.12.2016 10:00;0,155056;
Anilin;6;22.12.2016 10:00;0,0619772;
Anilin;1;22.12.2016 10:00;0,0587577;
Natriumchlorid;4;22.12.2016 11:00;2,14957;
Natriumchlorid;9;22.12.2016 11:00;0,823358;
Natriumchlorid;3;22.12.2016 11:00;0,532506;
Natriumchlorid;2;22.12.2016 11:00;0,469863;
Natriumchlorid;5;22.12.2016 11:00;0,311058;
Natriumchlorid;6;22.12.2016 11:00;0,154032;
Natriumchlorid;8;22.12.2016 11:00;0,137279;
Natriumchlorid;7;22.12.2016 11:00;0,0249945;
Natriumchlorid;1;22.12.2016 11:00;0,00902371;
Arsen;4;22.12.2016 11:00;1,89065;
Arsen;8;22.12.2016 11:00;1,10859;
Arsen;3;22.12.2016 11:00;0,967859;
Arsen;7;22.12.2016 11:00;0,268047;
Arsen;9;22.12.2016 11:00;0,200711;
Arsen;5;22.12.2016 11:00;0,16027;
Arsen;1;22.12.2016 11:00;0,101186;
Arsen;2;22.12.2016 11:00;0,0750726;
Arsen;6;22.12.2016 11:00;0,0107708;
Benzol;3;22.12.2016 11:00;2,65122;
Benzol;4;22.12.2016 11:00;2,12656;
Benzol;8;22.12.2016 11:00;1,04687;
Benzol;5;22.12.2016 11:00;0,68737;
Benzol;6;22.12.2016 11:00;0,640393;
Benzol;7;22.12.2016 11:00;0,376914;
Benzol;9;22.12.2016 11:00;0,243435;
Benzol;2;22.12.2016 11:00;0,0879697;
Benzol;1;22.12.2016 11:00;0,0518001;
Anilin;4;22.12.2016 11:00;1,95749;
Anilin;8;22.12.2016 11:00;0,927562;
Anilin;1;22.12.2016 11:00;0,543576;
Anilin;2;22.12.2016 11:00;0,520584;
Anilin;7;22.12.2016 11:00;0,333297;
Anilin;5;22.12.2016 11:00;0,318506;
Anilin;9;22.12.2016 11:00;0,293158;
Anilin;6;22.12.2016 11:00;0,217993;
Anilin;3;22.12.2016 11:00;0,211997;
Natriumchlorid;4;22.12.2016 12:00;2,15353;
Natriumchlorid;5;22.12.2016 12:00;0,574165;
Natriumchlorid;3;22.12.2016 12:00;0,352046;
Natriumchlorid;1;22.12.2016 12:00;0,310899;
Natriumchlorid;7;22.12.2016 12:00;0,223079;
Natriumchlorid;2;22.12.2016 12:00;0,138632;
Natriumchlorid;9;22.12.2016 12:00;0,128388;
Natriumchlorid;8;22.12.2016 12:00;0,102943;
Natriumchlorid;6;22.12.2016 12:00;0,100983;
Arsen;4;22.12.2016 12:00;2,09203;
Arsen;3;22.12.2016 12:00;0,905756;
Arsen;5;22.12.2016 12:00;0,652055;
Arsen;7;22.12.2016 12:00;0,420818;
Arsen;6;22.12.2016 12:00;0,345294;
Arsen;8;22.12.2016 12:00;0,210204;
Arsen;9;22.12.2016 12:00;0,145457;
Arsen;1;22.12.2016 12:00;0,135312;
Arsen;2;22.12.2016 12:00;0,0510184;
Benzol;4;22.12.2016 12:00;2,33568;
Benzol;7;22.12.2016 12:00;2,2125;
Benzol;8;22.12.2016 12:00;0,557081;
Benzol;1;22.12.2016 12:00;0,481894;
Benzol;3;22.12.2016 12:00;0,423553;
Benzol;5;22.12.2016 12:00;0,196337;
Benzol;2;22.12.2016 12:00;0,153183;
Benzol;6;22.12.2016 12:00;0,0724791;
Benzol;9;22.12.2016 12:00;0,00897883;
Anilin;4;22.12.2016 12:00;2,26796;
Anilin;6;22.12.2016 12:00;0,698178;
Anilin;2;22.12.2016 12:00;0,505907;
Anilin;5;22.12.2016 12:00;0,371251;
Anilin;8;22.12.2016 12:00;0,326803;
Anilin;9;22.12.2016 12:00;0,323861;
Anilin;3;22.12.2016 12:00;0,159525;
Anilin;7;22.12.2016 12:00;0,0960392;
Anilin;1;22.12.2016 12:00;0,0700409;
Natriumchlorid;4;22.12.2016 13:00;1,72469;
Natriumchlorid;7;22.12.2016 13:00;1,38379;
Natriumchlorid;3;22.12.2016 13:00;0,830211;
Natriumchlorid;6;22.12.2016 13:00;0,732048;
Natriumchlorid;5;22.12.2016 13:00;0,628182;
Natriumchlorid;8;22.12.2016 13:00;0,179593;
Natriumchlorid;2;22.12.2016 13:00;0,178371;
Natriumchlorid;1;22.12.2016 13:00;0,139177;
Natriumchlorid;9;22.12.2016 13:00;0,094647;
Arsen;4;22.12.2016 13:00;2,12568;
Arsen;3;22.12.2016 13:00;2,01954;
Arsen;6;22.12.2016 13:00;0,505778;
Arsen;5;22.12.2016 13:00;0,481171;
Arsen;7;22.12.2016 13:00;0,420936;
Arsen;9;22.12.2016 13:00;0,397557;
Arsen;1;22.12.2016 13:00;0,237247;
Arsen;2;22.12.2016 13:00;0,068175;
Arsen;8;22.12.2016 13:00;0,061142;
Benzol;3;22.12.2016 13:00;2,83872;
Benzol;4;22.12.2016 13:00;2,20002;
Benzol;8;22.12.2016 13:00;0,895871;
Benzol;9;22.12.2016 13:00;0,586539;
Benzol;5;22.12.2016 13:00;0,584106;
Benzol;1;22.12.2016 13:00;0,544045;
Benzol;2;22.12.2016 13:00;0,269266;
Benzol;7;22.12.2016 13:00;0,246284;
Benzol;6;22.12.2016 13:00;0,175018;
Anilin;3;22.12.2016 13:00;2,43029;
Anilin;4;22.12.2016 13:00;1,74618;
Anilin;6;22.12.2016 13:00;0,889097;
Anilin;2;22.12.2016 13:00;0,676782;
Anilin;5;22.12.2016 13:00;0,467441;
Anilin;7;22.12.2016 13:00;0,311988;
Anilin;8;22.12.2016 13:00;0,240066;
Anilin;1;22.12.2016 13:00;0,188067;
Anilin;9;22.12.2016 13:00;0,0656167;
Natriumchlorid;4;22.12.2016 14:00;2,1792;
Natriumchlorid;3;22.12.2016 14:00;1,5519;
Natriumchlorid;7;22.12.2016 14:00;0,857538;
Natriumchlorid;8;22.12.2016 14:00;0,815152;
Natriumchlorid;6;22.12.2016 14:00;0,661103;
Natriumchlorid;1;22.12.2016 14:00;0,289656;
Natriumchlorid;2;22.12.2016 14:00;0,236452;
Natriumchlorid;9;22.12.2016 14:00;0,115804;
Natriumchlorid;5;22.12.2016 14:00;0,0720994;
Arsen;3;22.12.2016 14:00;3,73772;
Arsen;4;22.12.2016 14:00;2,46249;
Arsen;5;22.12.2016 14:00;1,30429;
Arsen;7;22.12.2016 14:00;1,27869;
Arsen;9;22.12.2016 14:00;1,16948;
Arsen;2;22.12.2016 14:00;0,785513;
Arsen;6;22.12.2016 14:00;0,317294;
Arsen;8;22.12.2016 14:00;0,183022;
Arsen;1;22.12.2016 14:00;0,154077;
Benzol;4;22.12.2016 14:00;2,06768;
Benzol;9;22.12.2016 14:00;1,20969;
Benzol;8;22.12.2016 14:00;0,621334;
Benzol;2;22.12.2016 14:00;0,607828;
Benzol;7;22.12.2016 14:00;0,536323;
Benzol;1;22.12.2016 14:00;0,489578;
Benzol;3;22.12.2016 14:00;0,303105;
Benzol;5;22.12.2016 14:00;0,152388;
Benzol;6;22.12.2016 14:00;0,0170809;
Anilin;4;22.12.2016 14:00;1,94297;
Anilin;8;22.12.2016 14:00;1,41418;
Anilin;6;22.12.2016 14:00;0,77359;
Anilin;7;22.12.2016 14:00;0,719385;
Anilin;5;22.12.2016 14:00;0,333698;
Anilin;3;22.12.2016 14:00;0,138632;
Anilin;2;22.12.2016 14:00;0,103305;
Anilin;1;22.12.2016 14:00;0,0701353;
Anilin;9;22.12.2016 14:00;0,0647121;
Natriumchlorid;4;22.12.2016 15:00;1,56574;
Natriumchlorid;7;22.12.2016 15:00;0,848736;
Natriumchlorid;3;22.12.2016 15:00;0,681701;
Natriumchlorid;9;22.12.2016 15:00;0,655791;
Natriumchlorid;8;22.12.2016 15:00;0,638114;
Natriumchlorid;5;22.12.2016 15:00;0,598952;
Natriumchlorid;1;22.12.2016 15:00;0,503974;
Natriumchlorid;6;22.12.2016 15:00;0,481574;
Natriumchlorid;2;22.12.2016 15:00;0,471556;
Arsen;3;22.12.2016 15:00;2,43947;
Arsen;4;22.12.2016 15:00;1,76439;
Arsen;5;22.12.2016 15:00;0,79919;
Arsen;6;22.12.2016 15:00;0,747732;
Arsen;8;22.12.2016 15:00;0,689916;
Arsen;7;22.12.2016 15:00;0,534629;
Arsen;9;22.12.2016 15:00;0,450068;
Arsen;1;22.12.2016 15:00;0,151259;
Arsen;2;22.12.2016 15:00;0,0403094;
Benzol;4;22.12.2016 15:00;1,92377;
Benzol;3;22.12.2016 15:00;0,608066;
Benzol;6;22.12.2016 15:00;0,522103;
Benzol;7;22.12.2016 15:00;0,489466;
Benzol;8;22.12.2016 15:00;0,408492;
Benzol;2;22.12.2016 15:00;0,327605;
Benzol;5;22.12.2016 15:00;0,21277;
Benzol;9;22.12.2016 15:00;0,183497;
Benzol;1;22.12.2016 15:00;0,166778;
Anilin;4;22.12.2016 15:00;1,52331;
Anilin;6;22.12.2016 15:00;0,435909;
Anilin;8;22.12.2016 15:00;0,397874;
Anilin;1;22.12.2016 15:00;0,321992;
Anilin;9;22.12.2016 15:00;0,317117;
Anilin;7;22.12.2016 15:00;0,236772;
Anilin;2;22.12.2016 15:00;0,188172;
Anilin;5;22.12.2016 15:00;0,164548;
Anilin;3;22.12.2016 15:00;0,135608;
Natriumchlorid;4;22.12.2016 16:00;2,00385;
Natriumchlorid;5;22.12.2016 16:00;0,982734;
Natriumchlorid;8;22.12.2016 16:00;0,953802;
Natriumchlorid;9;22.12.2016 16:00;0,870695;
Natriumchlorid;3;22.12.2016 16:00;0,754842;
Natriumchlorid;6;22.12.2016 16:00;0,439444;
Natriumchlorid;2;22.12.2016 16:00;0,33212;
Natriumchlorid;7;22.12.2016 16:00;0,138671;
Natriumchlorid;1;22.12.2016 16:00;0,0357324;
Arsen;4;22.12.2016 16:00;2,00379;
Arsen;3;22.12.2016 16:00;1,56324;
Arsen;7;22.12.2016 16:00;0,869768;
Arsen;8;22.12.2016 16:00;0,86317;
Arsen;9;22.12.2016 16:00;0,467498;
Arsen;6;22.12.2016 16:00;0,391728;
Arsen;2;22.12.2016 16:00;0,376894;
Arsen;1;22.12.2016 16:00;0,108428;
Arsen;5;22.12.2016 16:00;0,042204;
Benzol;4;22.12.2016 16:00;2,16363;
Benzol;3;22.12.2016 16:00;1,12725;
Benzol;6;22.12.2016 16:00;0,673783;
Benzol;8;22.12.2016 16:00;0,624085;
Benzol;9;22.12.2016 16:00;0,442976;
Benzol;5;22.12.2016 16:00;0,343982;
Benzol;7;22.12.2016 16:00;0,316394;
Benzol;1;22.12.2016 16:00;0,191835;
Benzol;2;22.12.2016 16:00;0,152136;
Anilin;4;22.12.2016 16:00;1,86451;
Anilin;3;22.12.2016 16:00;1,59183;
Anilin;7;22.12.2016 16:00;0,834222;
Anilin;5;22.12.2016 16:00;0,831832;
Anilin;6;22.12.2016 16:00;0,661894;
Anilin;9;22.12.2016 16:00;0,572635;
Anilin;2;22.12.2016 16:00;0,432657;
Anilin;8;22.12.2016 16:00;0,366439;
Anilin;1;22.12.2016 16:00;0,195218;
Natriumchlorid;4;22.12.2016 17:00;2,30181;
Natriumchlorid;5;22.12.2016 17:00;0,738998;
Natriumchlorid;9;22.12.2016 17:00;0,731255;
Natriumchlorid;8;22.12.2016 17:00;0,611838;
Natriumchlorid;6;22.12.2016 17:00;0,355362;
Natriumchlorid;2;22.12.2016 17:00;0,296254;
Natriumchlorid;7;22.12.2016 17:00;0,289382;
Natriumchlorid;3;22.12.2016 17:00;0,153607;
Natriumchlorid;1;22.12.2016 17:00;0,0683028;
Arsen;4;22.12.2016 17:00;1,86258;
Arsen;9;22.12.2016 17:00;1,27364;
Arsen;3;22.12.2016 17:00;1,15546;
Arsen;7;22.12.2016 17:00;0,850547;
Arsen;6;22.12.2016 17:00;0,79025;
Arsen;5;22.12.2016 17:00;0,650257;
Arsen;2;22.12.2016 17:00;0,539509;
Arsen;1;22.12.2016 17:00;0,298078;
Arsen;8;22.12.2016 17:00;0,00782834;
Benzol;3;22.12.2016 17:00;2,02404;
Benzol;4;22.12.2016 17:00;1,77819;
Benzol;9;22.12.2016 17:00;1,05826;
Benzol;8;22.12.2016 17:00;0,847266;
Benzol;6;22.12.2016 17:00;0,831239;
Benzol;7;22.12.2016 17:00;0,384403;
Benzol;2;22.12.2016 17:00;0,28777;
Benzol;5;22.12.2016 17:00;0,23653;
Benzol;1;22.12.2016 17:00;0,168823;
Anilin;3;22.12.2016 17:00;2,79331;
Anilin;4;22.12.2016 17:00;2,1205;
Anilin;7;22.12.2016 17:00;0,892346;
Anilin;5;22.12.2016 17:00;0,619866;
Anilin;2;22.12.2016 17:00;0,534056;
Anilin;1;22.12.2016 17:00;0,409712;
Anilin;6;22.12.2016 17:00;0,406756;
Anilin;9;22.12.2016 17:00;0,283646;
Anilin;8;22.12.2016 17:00;0,277632;
Natriumchlorid;3;22.12.2016 18:00;2,45782;
Natriumchlorid;4;22.12.2016 18:00;2,00394;
Natriumchlorid;7;22.12.2016 18:00;0,849139;
Natriumchlorid;8;22.12.2016 18:00;0,711346;
Natriumchlorid;6;22.12.2016 18:00;0,559934;
Natriumchlorid;2;22.12.2016 18:00;0,320541;
Natriumchlorid;5;22.12.2016 18:00;0,177834;
Natriumchlorid;1;22.12.2016 18:00;0,0452367;
Natriumchlorid;9;22.12.2016 18:00;0,0236197;
Arsen;4;22.12.2016 18:00;1,40369;
Arsen;5;22.12.2016 18:00;0,696725;
Arsen;2;22.12.2016 18:00;0,596567;
Arsen;1;22.12.2016 18:00;0,581211;
Arsen;9;22.12.2016 18:00;0,467041;
Arsen;8;22.12.2016 18:00;0,466476;
Arsen;3;22.12.2016 18:00;0,433788;
Arsen;7;22.12.2016 18:00;0,360497;
Arsen;6;22.12.2016 18:00;0,273573;
Benzol;4;22.12.2016 18:00;2,34384;
Benzol;3;22.12.2016 18:00;0,889068;
Benzol;6;22.12.2016 18:00;0,558548;
Benzol;9;22.12.2016 18:00;0,481256;
Benzol;1;22.12.2016 18:00;0,252248;
Benzol;8;22.12.2016 18:00;0,237484;
Benzol;7;22.12.2016 18:00;0,229161;
Benzol;2;22.12.2016 18:00;0,198669;
Benzol;5;22.12.2016 18:00;0,170119;
Anilin;3;22.12.2016 18:00;4,5333;
Anilin;4;22.12.2016 18:00;1,96679;
Anilin;9;22.12.2016 18:00;1,24928;
Anilin;2;22.12.2016 18:00;0,876941;
Anilin;8;22.12.2016 18:00;0,780962;
Anilin;7;22.12.2016 18:00;0,421712;
Anilin;6;22.12.2016 18:00;0,311931;
Anilin;5;22.12.2016 18:00;0,187673;
Anilin;1;22.12.2016 18:00;0,0394123;
Natriumchlorid;3;22.12.2016 19:00;3,42688;
Natriumchlorid;9;22.12.2016 19:00;3,23334;
Natriumchlorid;4;22.12.2016 19:00;2,00484;
Natriumchlorid;6;22.12.2016 19:00;0,866112;
Natriumchlorid;7;22.12.2016 19:00;0,791567;
Natriumchlorid;8;22.12.2016 19:00;0,753266;
Natriumchlorid;5;22.12.2016 19:00;0,638553;
Natriumchlorid;1;22.12.2016 19:00;0,439263;
Natriumchlorid;2;22.12.2016 19:00;0,284889;
Arsen;4;22.12.2016 19:00;2,07631;
Arsen;3;22.12.2016 19:00;1,79025;
Arsen;6;22.12.2016 19:00;0,541753;
Arsen;1;22.12.2016 19:00;0,418949;
Arsen;9;22.12.2016 19:00;0,415305;
Arsen;7;22.12.2016 19:00;0,392777;
Arsen;8;22.12.2016 19:00;0,254882;
Arsen;5;22.12.2016 19:00;0,0720388;
Arsen;2;22.12.2016 19:00;0,00643529;
Benzol;4;22.12.2016 19:00;2,41853;
Benzol;5;22.12.2016 19:00;1,47446;
Benzol;3;22.12.2016 19:00;1,1768;
Benzol;9;22.12.2016 19:00;1,06327;
Benzol;7;22.12.2016 19:00;0,891167;
Benzol;6;22.12.2016 19:00;0,579452;
Benzol;2;22.12.2016 19:00;0,562611;
Benzol;1;22.12.2016 19:00;0,553346;
Benzol;8;22.12.2016 19:00;0,153097;
Anilin;4;22.12.2016 19:00;2,09962;
Anilin;1;22.12.2016 19:00;0,573764;
Anilin;7;22.12.2016 19:00;0,523155;
Anilin;2;22.12.2016 19:00;0,299406;
Anilin;5;22.12.2016 19:00;0,249825;
Anilin;6;22.12.2016 19:00;0,224854;
Anilin;3;22.12.2016 19:00;0,189367;
Anilin;8;22.12.2016 19:00;0,188514;
Anilin;9;22.12.2016 19:00;0,167637;
Natriumchlorid;9;22.12.2016 20:00;10,63121;
Natriumchlorid;9;22.12.2016 20:00;1,71726;
Natriumchlorid;4;22.12.2016 20:00;1,69318;
Natriumchlorid;2;22.12.2016 20:00;0,980499;
Natriumchlorid;3;22.12.2016 20:00;0,415126;
Natriumchlorid;7;22.12.2016 20:00;0,407444;
Natriumchlorid;5;22.12.2016 20:00;0,34785;
Natriumchlorid;1;22.12.2016 20:00;0,103988;
Natriumchlorid;8;22.12.2016 20:00;0,0437418;
Natriumchlorid;6;22.12.2016 20:00;0,0339357;
Arsen;3;22.12.2016 20:00;4,69096;
Arsen;4;22.12.2016 20:00;1,71573;
Arsen;5;22.12.2016 20:00;1,48146;
Arsen;7;22.12.2016 20:00;0,628269;
Arsen;1;22.12.2016 20:00;0,39565;
Arsen;6;22.12.2016 20:00;0,317877;
Arsen;2;22.12.2016 20:00;0,276715;
Arsen;9;22.12.2016 20:00;0,240122;
Arsen;8;22.12.2016 20:00;0,202532;
Benzol;3;22.12.2016 20:00;2,64957;
Benzol;4;22.12.2016 20:00;1,8726;
Benzol;8;22.12.2016 20:00;0,927709;
Benzol;5;22.12.2016 20:00;0,91935;
Benzol;7;22.12.2016 20:00;0,616715;
Benzol;2;22.12.2016 20:00;0,522318;
Benzol;9;22.12.2016 20:00;0,229519;
Benzol;6;22.12.2016 20:00;0,217042;
Benzol;1;22.12.2016 20:00;0,0713432;
Anilin;4;22.12.2016 20:00;2,08122;
Anilin;7;22.12.2016 20:00;1,79349;
Anilin;5;22.12.2016 20:00;0,938755;
Anilin;8;22.12.2016 20:00;0,626272;
Anilin;3;22.12.2016 20:00;0,605646;
Anilin;1;22.12.2016 20:00;0,480906;
Anilin;6;22.12.2016 20:00;0,108489;
Anilin;2;22.12.2016 20:00;0,0951529;
Natriumchlorid;3;22.12.2016 21:00;2,21455;
Natriumchlorid;4;22.12.2016 21:00;1,8384;
Natriumchlorid;9;22.12.2016 21:00;1,1606;
Natriumchlorid;2;22.12.2016 21:00;0,471672;
Natriumchlorid;6;22.12.2016 21:00;0,442695;
Natriumchlorid;8;22.12.2016 21:00;0,408002;
Natriumchlorid;7;22.12.2016 21:00;0,169468;
Natriumchlorid;1;22.12.2016 21:00;0,0712286;
Natriumchlorid;5;22.12.2016 21:00;0,00788093;
Arsen;4;22.12.2016 21:00;1,72089;
Arsen;8;22.12.2016 21:00;1,15851;
Arsen;3;22.12.2016 21:00;0,843205;
Arsen;6;22.12.2016 21:00;0,514936;
Arsen;9;22.12.2016 21:00;0,492164;
Arsen;1;22.12.2016 21:00;0,378311;
Arsen;5;22.12.2016 21:00;0,311001;
Arsen;2;22.12.2016 21:00;0,193528;
Arsen;7;22.12.2016 21:00;0,105045;
Benzol;4;22.12.2016 21:00;1,79464;
Benzol;9;22.12.2016 21:00;1,08907;
Benzol;1;22.12.2016 21:00;0,351604;
Benzol;5;22.12.2016 21:00;0,283533;
Benzol;3;22.12.2016 21:00;0,240373;
Benzol;8;22.12.2016 21:00;0,215335;
Benzol;6;22.12.2016 21:00;0,149571;
Benzol;2;22.12.2016 21:00;0,0458243;
Benzol;7;22.12.2016 21:00;0,0381893;
Anilin;4;22.12.2016 21:00;2,0369;
Anilin;3;22.12.2016 21:00;1,29295;
Anilin;5;22.12.2016 21:00;0,752595;
Anilin;8;22.12.2016 21:00;0,750293;
Anilin;2;22.12.2016 21:00;0,527601;
Anilin;6;22.12.2016 21:00;0,507967;
Anilin;9;22.12.2016 21:00;0,265033;
Anilin;1;22.12.2016 21:00;0,192586;
Anilin;7;22.12.2016 21:00;0,0423817;
Natriumchlorid;6;22.12.2016 22:00;3,69778;
Natriumchlorid;4;22.12.2016 22:00;2,19203;
Natriumchlorid;5;22.12.2016 22:00;1,24166;
Natriumchlorid;3;22.12.2016 22:00;0,814894;
Natriumchlorid;8;22.12.2016 22:00;0,527283;
Natriumchlorid;9;22.12.2016 22:00;0,21979;
Natriumchlorid;1;22.12.2016 22:00;0,217178;
Natriumchlorid;2;22.12.2016 22:00;0,11513;
Natriumchlorid;7;22.12.2016 22:00;0,0130251;
Arsen;3;22.12.2016 22:00;2,89701;
Arsen;4;22.12.2016 22:00;2,12212;
Arsen;7;22.12.2016 22:00;0,565684;
Arsen;9;22.12.2016 22:00;0,389249;
Arsen;1;22.12.2016 22:00;0,244198;
Arsen;6;22.12.2016 22:00;0,238227;
Arsen;5;22.12.2016 22:00;0,202406;
Arsen;2;22.12.2016 22:00;0,18217;
Arsen;8;22.12.2016 22:00;0,0153098;
Benzol;4;22.12.2016 22:00;2,17587;
Benzol;3;22.12.2016 22:00;1,54986;
Benzol;5;22.12.2016 22:00;0,676662;
Benzol;8;22.12.2016 22:00;0,645313;
Benzol;7;22.12.2016 22:00;0,308899;
Benzol;6;22.12.2016 22:00;0,269663;
Benzol;1;22.12.2016 22:00;0,155896;
Benzol;2;22.12.2016 22:00;0,117934;
Benzol;9;22.12.2016 22:00;0,0162564;
Anilin;6;22.12.2016 22:00;32,17535;
Anilin;3;22.12.2016 22:00;2,34629;
Anilin;4;22.12.2016 22:00;1,93169;
Anilin;7;22.12.2016 22:00;1,09045;
Anilin;8;22.12.2016 22:00;0,766754;
Anilin;2;22.12.2016 22:00;0,48291;
Anilin;1;22.12.2016 22:00;0,319514;
Anilin;9;22.12.2016 22:00;0,116864;
Anilin;5;22.12.2016 22:00;0,0286829;
Natriumchlorid;4;22.12.2016 23:00;2,15747;
Natriumchlorid;3;22.12.2016 23:00;1,54055;
Natriumchlorid;8;22.12.2016 23:00;0,569988;
Natriumchlorid;7;22.12.2016 23:00;0,453213;
Natriumchlorid;9;22.12.2016 23:00;0,418658;
Natriumchlorid;1;22.12.2016 23:00;0,348603;
Natriumchlorid;2;22.12.2016 23:00;0,261261;
Natriumchlorid;6;22.12.2016 23:00;0,258895;
Natriumchlorid;5;22.12.2016 23:00;0,117569;
Arsen;4;22.12.2016 23:00;2,14665;
Arsen;3;22.12.2016 23:00;0,858919;
Arsen;9;22.12.2016 23:00;0,615754;
Arsen;2;22.12.2016 23:00;0,450429;
Arsen;7;22.12.2016 23:00;0,41387;
Arsen;5;22.12.2016 23:00;0,408773;
Arsen;8;22.12.2016 23:00;0,354477;
Arsen;6;22.12.2016 23:00;0,298526;
Arsen;1;22.12.2016 23:00;0,0141915;
Benzol;6;22.12.2016 23:00;2,60201;
Benzol;4;22.12.2016 23:00;2,38302;
Benzol;5;22.12.2016 23:00;1,32738;
Benzol;7;22.12.2016 23:00;1,07067;
Benzol;8;22.12.2016 23:00;0,515842;
Benzol;9;22.12.2016 23:00;0,433527;
Benzol;3;22.12.2016 23:00;0,345097;
Benzol;1;22.12.2016 23:00;0,26348;
Benzol;2;22.12.2016 23:00;0,221177;
Anilin;4;22.12.2016 23:00;2,15536;
Anilin;7;22.12.2016 23:00;1,1713;
Anilin;6;22.12.2016 23:00;0,78852;
Anilin;5;22.12.2016 23:00;0,617338;
Anilin;9;22.12.2016 23:00;0,59266;
Anilin;8;22.12.2016 23:00;0,45493;
Anilin;1;22.12.2016 23:00;0,209497;
Anilin;3;22.12.2016 23:00;0,0261833;
Anilin;2;22.12.2016 23:00;0,0136003;
Natriumchlorid;4;23.12.2016 00:00;2,20304;
Natriumchlorid;8;23.12.2016 00:00;1,08043;
Natriumchlorid;2;23.12.2016 00:00;0,623046;
Natriumchlorid;5;23.12.2016 00:00;0,600244;
Natriumchlorid;1;23.12.2016 00:00;0,496883;
Natriumchlorid;9;23.12.2016 00:00;0,163437;
Natriumchlorid;3;23.12.2016 00:00;0,10117;
Natriumchlorid;7;23.12.2016 00:00;0,0605338;
Natriumchlorid;6;23.12.2016 00:00;0,0416627;
Arsen;4;23.12.2016 00:00;1,86043;
Arsen;5;23.12.2016 00:00;1,08924;
Arsen;6;23.12.2016 00:00;0,70539;
Arsen;7;23.12.2016 00:00;0,480089;
Arsen;3;23.12.2016 00:00;0,372339;
Arsen;1;23.12.2016 00:00;0,223254;
Arsen;2;23.12.2016 00:00;0,21657;
Arsen;9;23.12.2016 00:00;0,041582;
Arsen;8;23.12.2016 00:00;0,014524;
Benzol;6;23.12.2016 00:00;8,53429;
Benzol;4;23.12.2016 00:00;2,24072;
Benzol;3;23.12.2016 00:00;1,70586;
Benzol;7;23.12.2016 00:00;1,11308;
Benzol;9;23.12.2016 00:00;0,65849;
Benzol;2;23.12.2016 00:00;0,647609;
Benzol;8;23.12.2016 00:00;0,583586;
Benzol;5;23.12.2016 00:00;0,565106;
Benzol;1;23.12.2016 00:00;0,0529652;
Anilin;4;23.12.2016 00:00;2,15147;
Anilin;5;23.12.2016 00:00;2,01263;
Anilin;3;23.12.2016 00:00;1,05268;
Anilin;2;23.12.2016 00:00;0,676777;
Anilin;1;23.12.2016 00:00;0,390529;
Anilin;9;23.12.2016 00:00;0,371081;
Anilin;7;23.12.2016 00:00;0,343084;
Anilin;6;23.12.2016 00:00;0,266907;
Anilin;8;23.12.2016 00:00;0,254882;
Natriumchlorid;4;23.12.2016 01:00;1,61042;
Natriumchlorid;3;23.12.2016 01:00;1,07203;
Natriumchlorid;6;23.12.2016 01:00;0,685069;
Natriumchlorid;2;23.12.2016 01:00;0,67765;
Natriumchlorid;7;23.12.2016 01:00;0,668563;
Natriumchlorid;5;23.12.2016 01:00;0,499756;
Natriumchlorid;1;23.12.2016 01:00;0,402326;
Natriumchlorid;9;23.12.2016 01:00;0,188042;
Natriumchlorid;8;23.12.2016 01:00;0,127789;
Arsen;4;23.12.2016 01:00;2,06459;
Arsen;3;23.12.2016 01:00;1,93185;
Arsen;7;23.12.2016 01:00;1,53484;
Arsen;9;23.12.2016 01:00;0,643514;
Arsen;6;23.12.2016 01:00;0,609341;
Arsen;2;23.12.2016 01:00;0,249282;
Arsen;1;23.12.2016 01:00;0,231905;
Arsen;8;23.12.2016 01:00;0,0787762;
Arsen;5;23.12.2016 01:00;0,0387102;
Benzol;4;23.12.2016 01:00;2,01062;
Benzol;3;23.12.2016 01:00;0,850548;
Benzol;6;23.12.2016 01:00;0,63647;
Benzol;2;23.12.2016 01:00;0,350688;
Benzol;8;23.12.2016 01:00;0,282721;
Benzol;5;23.12.2016 01:00;0,206151;
Benzol;9;23.12.2016 01:00;0,166729;
Benzol;1;23.12.2016 01:00;0,153639;
Benzol;7;23.12.2016 01:00;0,0184494;
Anilin;3;23.12.2016 01:00;3,86829;
Anilin;4;23.12.2016 01:00;1,96774;
Anilin;5;23.12.2016 01:00;0,771612;
Anilin;6;23.12.2016 01:00;0,700428;
Anilin;7;23.12.2016 01:00;0,480603;
Anilin;8;23.12.2016 01:00;0,45184;
Anilin;1;23.12.2016 01:00;0,175004;
Anilin;9;23.12.2016 01:00;0,0811991;
Anilin;2;23.12.2016 01:00;0,0177758;
Natriumchlorid;4;23.12.2016 02:00;2,07954;
Natriumchlorid;7;23.12.2016 02:00;1,88367;
Natriumchlorid;5;23.12.2016 02:00;1,40068;
Natriumchlorid;9;23.12.2016 02:00;0,728746;
Natriumchlorid;1;23.12.2016 02:00;0,727914;
Natriumchlorid;6;23.12.2016 02:00;0,126607;
Natriumchlorid;3;23.12.2016 02:00;0,101725;
Natriumchlorid;2;23.12.2016 02:00;0,0723952;
Natriumchlorid;8;23.12.2016 02:00;0,0299063;
Arsen;4;23.12.2016 02:00;1,87257;
Arsen;3;23.12.2016 02:00;0,778071;
Arsen;2;23.12.2016 02:00;0,459766;
Arsen;5;23.12.2016 02:00;0,432846;
Arsen;1;23.12.2016 02:00;0,271416;
Arsen;9;23.12.2016 02:00;0,267765;
Arsen;7;23.12.2016 02:00;0,184857;
Arsen;8;23.12.2016 02:00;0,0545312;
Arsen;6;23.12.2016 02:00;0,00902824;
Benzol;4;23.12.2016 02:00;1,96554;
Benzol;3;23.12.2016 02:00;1,04899;
Benzol;5;23.12.2016 02:00;0,870379;
Benzol;8;23.12.2016 02:00;0,726654;
Benzol;9;23.12.2016 02:00;0,711049;
Benzol;2;23.12.2016 02:00;0,565359;
Benzol;6;23.12.2016 02:00;0,425906;
Benzol;1;23.12.2016 02:00;0,200038;
Benzol;7;23.12.2016 02:00;0,181077;
Anilin;4;23.12.2016 02:00;2,11367;
Anilin;2;23.12.2016 02:00;0,925689;
Anilin;7;23.12.2016 02:00;0,744841;
Anilin;5;23.12.2016 02:00;0,725804;
Anilin;6;23.12.2016 02:00;0,594837;
Anilin;3;23.12.2016 02:00;0,556662;
Anilin;9;23.12.2016 02:00;0,116771;
Anilin;8;23.12.2016 02:00;0,0798421;
Anilin;1;23.12.2016 02:00;0,0101897;
Natriumchlorid;4;23.12.2016 03:00;2,06506;
Natriumchlorid;9;23.12.2016 03:00;0,472068;
Natriumchlorid;5;23.12.2016 03:00;0,25151;
Natriumchlorid;6;23.12.2016 03:00;0,238926;
Natriumchlorid;3;23.12.2016 03:00;0,22098;
Natriumchlorid;2;23.12.2016 03:00;0,215414;
Natriumchlorid;8;23.12.2016 03:00;0,0696922;
Natriumchlorid;7;23.12.2016 03:00;0,0522941;
Natriumchlorid;1;23.12.2016 03:00;0,040571;
Arsen;4;23.12.2016 03:00;1,76177;
Arsen;9;23.12.2016 03:00;1,36983;
Arsen;3;23.12.2016 03:00;1,3411;
Arsen;8;23.12.2016 03:00;0,611099;
Arsen;6;23.12.2016 03:00;0,385522;
Arsen;1;23.12.2016 03:00;0,161896;
Arsen;5;23.12.2016 03:00;0,0971946;
Arsen;7;23.12.2016 03:00;0,0646233;
Arsen;2;23.12.2016 03:00;0,0463848;
Benzol;6;23.12.2016 03:00;2,44292;
Benzol;4;23.12.2016 03:00;2,02212;
Benzol;3;23.12.2016 03:00;1,71057;
Benzol;5;23.12.2016 03:00;1,30179;
Benzol;7;23.12.2016 03:00;1,15455;
Benzol;2;23.12.2016 03:00;0,513422;
Benzol;1;23.12.2016 03:00;0,353015;
Benzol;9;23.12.2016 03:00;0,118179;
Benzol;8;23.12.2016 03:00;0,0387903;
Anilin;4;23.12.2016 03:00;2,03446;
Anilin;3;23.12.2016 03:00;1,50891;
Anilin;8;23.12.2016 03:00;0,906607;
Anilin;6;23.12.2016 03:00;0,628502;
Anilin;9;23.12.2016 03:00;0,333771;
Anilin;7;23.12.2016 03:00;0,258466;
Anilin;1;23.12.2016 03:00;0,248993;
Anilin;5;23.12.2016 03:00;0,180332;
Anilin;2;23.12.2016 03:00;0,151427;
Natriumchlorid;7;23.12.2016 04:00;3,96317;
Natriumchlorid;4;23.12.2016 04:00;1,73237;
Natriumchlorid;2;23.12.2016 04:00;0,571438;
Natriumchlorid;9;23.12.2016 04:00;0,435869;
Natriumchlorid;3;23.12.2016 04:00;0,191699;
Natriumchlorid;1;23.12.2016 04:00;0,183434;
Natriumchlorid;5;23.12.2016 04:00;0,18221;
Natriumchlorid;6;23.12.2016 04:00;0,181413;
Natriumchlorid;8;23.12.2016 04:00;0,0873409;
Arsen;4;23.12.2016 04:00;2,11491;
Arsen;9;23.12.2016 04:00;1,90122;
Arsen;2;23.12.2016 04:00;0,482121;
Arsen;6;23.12.2016 04:00;0,35047;
Arsen;7;23.12.2016 04:00;0,33739;
Arsen;8;23.12.2016 04:00;0,285242;
Arsen;5;23.12.2016 04:00;0,252409;
Arsen;3;23.12.2016 04:00;0,20317;
Arsen;1;23.12.2016 04:00;0,191253;
Benzol;6;23.12.2016 04:00;7,99734;
Benzol;4;23.12.2016 04:00;2,03741;
Benzol;3;23.12.2016 04:00;2,01845;
Benzol;5;23.12.2016 04:00;0,947106;
Benzol;9;23.12.2016 04:00;0,729424;
Benzol;7;23.12.2016 04:00;0,268962;
Benzol;2;23.12.2016 04:00;0,175429;
Benzol;8;23.12.2016 04:00;0,1709;
Benzol;1;23.12.2016 04:00;0,0563324;
Anilin;3;23.12.2016 04:00;2,75621;
Anilin;4;23.12.2016 04:00;1,76164;
Anilin;9;23.12.2016 04:00;1,10356;
Anilin;5;23.12.2016 04:00;0,930205;
Anilin;7;23.12.2016 04:00;0,671709;
Anilin;6;23.12.2016 04:00;0,497784;
Anilin;2;23.12.2016 04:00;0,317719;
Anilin;1;23.12.2016 04:00;0,159562;
Anilin;8;23.12.2016 04:00;0,0216563;
Natriumchlorid;4;23.12.2016 05:00;2,27544;
Natriumchlorid;8;23.12.2016 05:00;1,1138;
Natriumchlorid;9;23.12.2016 05:00;0,758454;
Natriumchlorid;3;23.12.2016 05:00;0,696771;
Natriumchlorid;5;23.12.2016 05:00;0,631598;
Natriumchlorid;6;23.12.2016 05:00;0,455023;
Natriumchlorid;1;23.12.2016 05:00;0,233362;
Natriumchlorid;2;23.12.2016 05:00;0,0891908;
Natriumchlorid;7;23.12.2016 05:00;0,0129581;
Arsen;3;23.12.2016 05:00;2,58738;
Arsen;4;23.12.2016 05:00;1,82499;
Arsen;2;23.12.2016 05:00;0,540695;
Arsen;8;23.12.2016 05:00;0,524453;
Arsen;5;23.12.2016 05:00;0,429455;
Arsen;9;23.12.2016 05:00;0,336095;
Arsen;6;23.12.2016 05:00;0,161829;
Arsen;1;23.12.2016 05:00;0,122236;
Arsen;7;23.12.2016 05:00;0,0761926;
Benzol;6;23.12.2016 05:00;15,04032;
Benzol;4;23.12.2016 05:00;2,10936;
Benzol;9;23.12.2016 05:00;1,05928;
Benzol;5;23.12.2016 05:00;0,72257;
Benzol;2;23.12.2016 05:00;0,671036;
Benzol;3;23.12.2016 05:00;0,594549;
Benzol;1;23.12.2016 05:00;0,454158;
Benzol;7;23.12.2016 05:00;0,237384;
Benzol;8;23.12.2016 05:00;0,148751;
Anilin;4;23.12.2016 05:00;1,90724;
Anilin;9;23.12.2016 05:00;1,43657;
Anilin;7;23.12.2016 05:00;0,862753;
Anilin;3;23.12.2016 05:00;0,769967;
Anilin;5;23.12.2016 05:00;0,683904;
Anilin;6;23.12.2016 05:00;0,648597;
Anilin;2;23.12.2016 05:00;0,349736;
Anilin;1;23.12.2016 05:00;0,238056;
Anilin;8;23.12.2016 05:00;0,0662952;
Natriumchlorid;4;23.12.2016 06:00;2,5422;
Natriumchlorid;3;23.12.2016 06:00;0,88798;
Natriumchlorid;8;23.12.2016 06:00;0,671248;
Natriumchlorid;2;23.12.2016 06:00;0,513348;
Natriumchlorid;5;23.12.2016 06:00;0,367796;
Natriumchlorid;9;23.12.2016 06:00;0,221141;
Natriumchlorid;1;23.12.2016 06:00;0,20446;
Natriumchlorid;6;23.12.2016 06:00;0,175766;
Natriumchlorid;7;23.12.2016 06:00;0,17423;
Arsen;4;23.12.2016 06:00;2,21483;
Arsen;3;23.12.2016 06:00;1,24482;
Arsen;9;23.12.2016 06:00;0,621316;
Arsen;7;23.12.2016 06:00;0,60357;
Arsen;6;23.12.2016 06:00;0,41566;
Arsen;1;23.12.2016 06:00;0,243791;
Arsen;8;23.12.2016 06:00;0,124295;
Arsen;5;23.12.2016 06:00;0,101236;
Arsen;2;23.12.2016 06:00;0,0683664;
Benzol;6;23.12.2016 06:00;6,58498;
Benzol;4;23.12.2016 06:00;2,32398;
Benzol;7;23.12.2016 06:00;0,673171;
Benzol;3;23.12.2016 06:00;0,60846;
Benzol;9;23.12.2016 06:00;0,494934;
Benzol;1;23.12.2016 06:00;0,450295;
Benzol;5;23.12.2016 06:00;0,309922;
Benzol;2;23.12.2016 06:00;0,294805;
Benzol;8;23.12.2016 06:00;0,271236;
Anilin;4;23.12.2016 06:00;1,93885;
Anilin;5;23.12.2016 06:00;0,804665;
Anilin;2;23.12.2016 06:00;0,375834;
Anilin;7;23.12.2016 06:00;0,364272;
Anilin;6;23.12.2016 06:00;0,163838;
Anilin;8;23.12.2016 06:00;0,135029;
Anilin;3;23.12.2016 06:00;0,127375;
Anilin;9;23.12.2016 06:00;0,0725769;
Anilin;1;23.12.2016 06:00;0,00816619;
Natriumchlorid;4;23.12.2016 07:00;2,06775;
Natriumchlorid;6;23.12.2016 07:00;0,396443;
Natriumchlorid;5;23.12.2016 07:00;0,389536;
Natriumchlorid;1;23.12.2016 07:00;0,359303;
Natriumchlorid;7;23.12.2016 07:00;0,291534;
Natriumchlorid;9;23.12.2016 07:00;0,29079;
Natriumchlorid;8;23.12.2016 07:00;0,223222;
Natriumchlorid;2;23.12.2016 07:00;0,16137;
Natriumchlorid;3;23.12.2016 07:00;0,0115249;
Arsen;4;23.12.2016 07:00;2,03891;
Arsen;3;23.12.2016 07:00;0,931137;
Arsen;7;23.12.2016 07:00;0,816275;
Arsen;8;23.12.2016 07:00;0,737976;
Arsen;6;23.12.2016 07:00;0,541203;
Arsen;9;23.12.2016 07:00;0,442777;
Arsen;1;23.12.2016 07:00;0,307855;
Arsen;2;23.12.2016 07:00;0,231197;
Arsen;5;23.12.2016 07:00;0,0486461;
Benzol;6;23.12.2016 07:00;4,51599;
Benzol;4;23.12.2016 07:00;2,17615;
Benzol;2;23.12.2016 07:00;0,968727;
Benzol;5;23.12.2016 07:00;0,865425;
Benzol;7;23.12.2016 07:00;0,309756;
Benzol;3;23.12.2016 07:00;0,238292;
Benzol;9;23.12.2016 07:00;0,188089;
Benzol;1;23.12.2016 07:00;0,17065;
Benzol;8;23.12.2016 07:00;0,139628;
Anilin;4;23.12.2016 07:00;2,233;
Anilin;3;23.12.2016 07:00;0,894665;
Anilin;5;23.12.2016 07:00;0,862364;
Anilin;6;23.12.2016 07:00;0,391713;
Anilin;8;23.12.2016 07:00;0,367452;
Anilin;9;23.12.2016 07:00;0,208331;
Anilin;1;23.12.2016 07:00;0,161148;
Anilin;7;23.12.2016 07:00;0,0787033;
Anilin;2;23.12.2016 07:00;0,0755769;
Natriumchlorid;3;23.12.2016 08:00;2,07751;
Natriumchlorid;4;23.12.2016 08:00;1,84229;
Natriumchlorid;6;23.12.2016 08:00;0,745193;
Natriumchlorid;9;23.12.2016 08:00;0,553452;
Natriumchlorid;8;23.12.2016 08:00;0,48758;
Natriumchlorid;5;23.12.2016 08:00;0,39216;
Natriumchlorid;2;23.12.2016 08:00;0,189488;
Natriumchlorid;1;23.12.2016 08:00;0,158713;
Natriumchlorid;7;23.12.2016 08:00;0,0538194;
Arsen;4;23.12.2016 08:00;2,02405;
Arsen;3;23.12.2016 08:00;1,08007;
Arsen;5;23.12.2016 08:00;0,630328;
Arsen;8;23.12.2016 08:00;0,503926;
Arsen;6;23.12.2016 08:00;0,478028;
Arsen;1;23.12.2016 08:00;0,299547;
Arsen;2;23.12.2016 08:00;0,205401;
Arsen;7;23.12.2016 08:00;0,0143456;
Arsen;9;23.12.2016 08:00;0,00624543;
Benzol;3;23.12.2016 08:00;1,90773;
Benzol;4;23.12.2016 08:00;1,78222;
Benzol;9;23.12.2016 08:00;0,859611;
Benzol;2;23.12.2016 08:00;0,732124;
Benzol;6;23.12.2016 08:00;0,409742;
Benzol;8;23.12.2016 08:00;0,294048;
Benzol;5;23.12.2016 08:00;0,202455;
Benzol;7;23.12.2016 08:00;0,191078;
Benzol;1;23.12.2016 08:00;0,134586;
Anilin;4;23.12.2016 08:00;2,25179;
Anilin;5;23.12.2016 08:00;1,22143;
Anilin;7;23.12.2016 08:00;0,87414;
Anilin;2;23.12.2016 08:00;0,487018;
Anilin;6;23.12.2016 08:00;0,486285;
Anilin;9;23.12.2016 08:00;0,442727;
Anilin;3;23.12.2016 08:00;0,429565;
Anilin;1;23.12.2016 08:00;0,207139;
Anilin;8;23.12.2016 08:00;0,0806607;
Natriumchlorid;3;23.12.2016 09:00;3,67098;
Natriumchlorid;4;23.12.2016 09:00;1,85425;
Natriumchlorid;8;23.12.2016 09:00;0,765777;
Natriumchlorid;1;23.12.2016 09:00;0,638391;
Natriumchlorid;6;23.12.2016 09:00;0,491198;
Natriumchlorid;9;23.12.2016 09:00;0,338975;
Natriumchlorid;7;23.12.2016 09:00;0,268694;
Natriumchlorid;2;23.12.2016 09:00;0,0577681;
Natriumchlorid;5;23.12.2016 09:00;0,00369678;
Arsen;4;23.12.2016 09:00;1,80771;
Arsen;9;23.12.2016 09:00;0,708441;
Arsen;6;23.12.2016 09:00;0,497543;
Arsen;5;23.12.2016 09:00;0,391027;
Arsen;7;23.12.2016 09:00;0,369227;
Arsen;1;23.12.2016 09:00;0,315516;
Arsen;3;23.12.2016 09:00;0,122322;
Arsen;8;23.12.2016 09:00;0,0254089;
Arsen;2;23.12.2016 09:00;0,0191297;
Benzol;4;23.12.2016 09:00;1,77657;
Benzol;9;23.12.2016 09:00;1,63887;
Benzol;6;23.12.2016 09:00;0,618809;
Benzol;5;23.12.2016 09:00;0,583501;
Benzol;3;23.12.2016 09:00;0,565306;
Benzol;2;23.12.2016 09:00;0,463785;
Benzol;1;23.12.2016 09:00;0,337769;
Benzol;7;23.12.2016 09:00;0,2149;
Benzol;8;23.12.2016 09:00;0,159763;
Anilin;4;23.12.2016 09:00;2,07835;
Anilin;3;23.12.2016 09:00;2,03892;
Anilin;8;23.12.2016 09:00;0,762858;
Anilin;5;23.12.2016 09:00;0,660602;
Anilin;9;23.12.2016 09:00;0,455928;
Anilin;6;23.12.2016 09:00;0,255142;
Anilin;7;23.12.2016 09:00;0,116024;
Anilin;1;23.12.2016 09:00;0,0700409;
Anilin;2;23.12.2016 09:00;0,0191614;
Natriumchlorid;4;23.12.2016 10:00;2,3441;
Natriumchlorid;3;23.12.2016 10:00;1,2319;
Natriumchlorid;2;23.12.2016 10:00;0,485398;
Natriumchlorid;6;23.12.2016 10:00;0,315424;
Natriumchlorid;9;23.12.2016 10:00;0,249697;
Natriumchlorid;1;23.12.2016 10:00;0,185859;
Natriumchlorid;7;23.12.2016 10:00;0,160769;
Natriumchlorid;5;23.12.2016 10:00;0,0413676;
Natriumchlorid;8;23.12.2016 10:00;0,00139821;
Arsen;3;23.12.2016 10:00;3,24179;
Arsen;4;23.12.2016 10:00;1,79223;
Arsen;5;23.12.2016 10:00;0,898453;
Arsen;2;23.12.2016 10:00;0,820073;
Arsen;7;23.12.2016 10:00;0,300704;
Arsen;8;23.12.2016 10:00;0,297909;
Arsen;9;23.12.2016 10:00;0,234144;
Arsen;6;23.12.2016 10:00;0,185863;
Arsen;1;23.12.2016 10:00;0,0442026;
Benzol;4;23.12.2016 10:00;1,94478;
Benzol;3;23.12.2016 10:00;1,73708;
Benzol;8;23.12.2016 10:00;0,840637;
Benzol;7;23.12.2016 10:00;0,716911;
Benzol;6;23.12.2016 10:00;0,457331;
Benzol;1;23.12.2016 10:00;0,269382;
Benzol;9;23.12.2016 10:00;0,202685;
Benzol;5;23.12.2016 10:00;0,119131;
Benzol;2;23.12.2016 10:00;0,0828489;
Anilin;4;23.12.2016 10:00;1,97227;
Anilin;5;23.12.2016 10:00;1,55764;
Anilin;9;23.12.2016 10:00;0,663423;
Anilin;3;23.12.2016 10:00;0,522952;
Anilin;8;23.12.2016 10:00;0,376747;
Anilin;6;23.12.2016 10:00;0,332986;
Anilin;7;23.12.2016 10:00;0,237033;
Anilin;1;23.12.2016 10:00;0,177115;
Anilin;2;23.12.2016 10:00;0,0909066;
Natriumchlorid;6;23.12.2016 11:00;63,80607;
Natriumchlorid;6;23.12.2016 11:00;6,78088;
Natriumchlorid;4;23.12.2016 11:00;2,00459;
Natriumchlorid;3;23.12.2016 11:00;1,80136;
Natriumchlorid;5;23.12.2016 11:00;0,860754;
Natriumchlorid;2;23.12.2016 11:00;0,688656;
Natriumchlorid;9;23.12.2016 11:00;0,3811;
Natriumchlorid;8;23.12.2016 11:00;0,280227;
Natriumchlorid;7;23.12.2016 11:00;0,0235794;
Natriumchlorid;1;23.12.2016 11:00;0,00199163;
Arsen;4;23.12.2016 11:00;2,10424;
Arsen;3;23.12.2016 11:00;1,92066;
Arsen;7;23.12.2016 11:00;0,735455;
Arsen;6;23.12.2016 11:00;0,691821;
Arsen;8;23.12.2016 11:00;0,542083;
Arsen;1;23.12.2016 11:00;0,47714;
Arsen;5;23.12.2016 11:00;0,475947;
Arsen;2;23.12.2016 11:00;0,402913;
Arsen;9;23.12.2016 11:00;0,388752;
Benzol;4;23.12.2016 11:00;1,9708;
Benzol;3;23.12.2016 11:00;1,32904;
Benzol;9;23.12.2016 11:00;1,06664;
Benzol;8;23.12.2016 11:00;0,822297;
Benzol;7;23.12.2016 11:00;0,755932;
Benzol;6;23.12.2016 11:00;0,641626;
Benzol;5;23.12.2016 11:00;0,611244;
Benzol;2;23.12.2016 11:00;0,310935;
Benzol;1;23.12.2016 11:00;0,163313;
Anilin;4;23.12.2016 11:00;1,89854;
Anilin;9;23.12.2016 11:00;1,10128;
Anilin;7;23.12.2016 11:00;0,944562;
Anilin;5;23.12.2016 11:00;0,914443;
Anilin;3;23.12.2016 11:00;0,607671;
Anilin;2;23.12.2016 11:00;0,536187;
Anilin;1;23.12.2016 11:00;0,40299;
Anilin;8;23.12.2016 11:00;0,295742;
Natriumchlorid;7;23.12.2016 12:00;2,07733;
Natriumchlorid;4;23.12.2016 12:00;2,07566;
Natriumchlorid;9;23.12.2016 12:00;0,674269;
Natriumchlorid;5;23.12.2016 12:00;0,485069;
Natriumchlorid;2;23.12.2016 12:00;0,347834;
Natriumchlorid;6;23.12.2016 12:00;0,305308;
Natriumchlorid;1;23.12.2016 12:00;0,148907;
Natriumchlorid;3;23.12.2016 12:00;0,0914907;
Natriumchlorid;8;23.12.2016 12:00;0,0804715;
Arsen;4;23.12.2016 12:00;2,0185;
Arsen;9;23.12.2016 12:00;1,19072;
Arsen;3;23.12.2016 12:00;0,63167;
Arsen;1;23.12.2016 12:00;0,415117;
Arsen;2;23.12.2016 12:00;0,399371;
Arsen;5;23.12.2016 12:00;0,181487;
Arsen;7;23.12.2016 12:00;0,181053;
Arsen;8;23.12.2016 12:00;0,136907;
Arsen;6;23.12.2016 12:00;0,0846552;
Benzol;3;23.12.2016 12:00;2,53086;
Benzol;4;23.12.2016 12:00;2,01225;
Benzol;8;23.12.2016 12:00;0,714379;
Benzol;5;23.12.2016 12:00;0,702863;
Benzol;1;23.12.2016 12:00;0,605873;
Benzol;7;23.12.2016 12:00;0,579724;
Benzol;6;23.12.2016 12:00;0,477187;
Benzol;9;23.12.2016 12:00;0,324424;
Benzol;2;23.12.2016 12:00;0,315745;
Anilin;4;23.12.2016 12:00;1,93615;
Anilin;9;23.12.2016 12:00;1,107;
Anilin;5;23.12.2016 12:00;0,751091;
Anilin;2;23.12.2016 12:00;0,64289;
Anilin;8;23.12.2016 12:00;0,631643;
Anilin;3;23.12.2016 12:00;0,368607;
Anilin;7;23.12.2016 12:00;0,234654;
Anilin;1;23.12.2016 12:00;0,203386;
Anilin;6;23.12.2016 12:00;0,197164;
Natriumchlorid;3;23.12.2016 13:00;2,37133;
Natriumchlorid;4;23.12.2016 13:00;2,02439;
Natriumchlorid;7;23.12.2016 13:00;0,985049;
Natriumchlorid;8;23.12.2016 13:00;0,65555;
Natriumchlorid;9;23.12.2016 13:00;0,20397;
Natriumchlorid;5;23.12.2016 13:00;0,198931;
Natriumchlorid;1;23.12.2016 13:00;0,19257;
Natriumchlorid;6;23.12.2016 13:00;0,182688;
Natriumchlorid;2;23.12.2016 13:00;0,151416;
Arsen;3;23.12.2016 13:00;3,06336;
Arsen;4;23.12.2016 13:00;2,09865;
Arsen;5;23.12.2016 13:00;1,05214;
Arsen;7;23.12.2016 13:00;0,803478;
Arsen;6;23.12.2016 13:00;0,571206;
Arsen;2;23.12.2016 13:00;0,460242;
Arsen;8;23.12.2016 13:00;0,167195;
Arsen;1;23.12.2016 13:00;0,157806;
Arsen;9;23.12.2016 13:00;0,07742;
Benzol;7;23.12.2016 13:00;2,36123;
Benzol;4;23.12.2016 13:00;1,82249;
Benzol;8;23.12.2016 13:00;0,67067;
Benzol;3;23.12.2016 13:00;0,656494;
Benzol;5;23.12.2016 13:00;0,544338;
Benzol;1;23.12.2016 13:00;0,417506;
Benzol;9;23.12.2016 13:00;0,344191;
Benzol;6;23.12.2016 13:00;0,173775;
Benzol;2;23.12.2016 13:00;0,0469111;
Anilin;4;23.12.2016 13:00;2,01605;
Anilin;3;23.12.2016 13:00;1,65585;
Anilin;7;23.12.2016 13:00;0,515801;
Anilin;8;23.12.2016 13:00;0,394385;
Anilin;5;23.12.2016 13:00;0,357178;
Anilin;9;23.12.2016 13:00;0,343664;
Anilin;1;23.12.2016 13:00;0,305673;
Anilin;6;23.12.2016 13:00;0,22296;
Anilin;2;23.12.2016 13:00;0,163459;
Natriumchlorid;4;23.12.2016 14:00;2,27077;
Natriumchlorid;5;23.12.2016 14:00;1,71147;
Natriumchlorid;3;23.12.2016 14:00;1,39918;
Natriumchlorid;8;23.12.2016 14:00;1,16912;
Natriumchlorid;9;23.12.2016 14:00;0,978172;
Natriumchlorid;2;23.12.2016 14:00;0,620539;
Natriumchlorid;7;23.12.2016 14:00;0,491811;
Natriumchlorid;6;23.12.2016 14:00;0,357681;
Natriumchlorid;1;23.12.2016 14:00;0,190135;
Arsen;4;23.12.2016 14:00;2,29147;
Arsen;3;23.12.2016 14:00;1,42967;
Arsen;5;23.12.2016 14:00;1,12436;
Arsen;8;23.12.2016 14:00;0,986049;
Arsen;9;23.12.2016 14:00;0,491131;
Arsen;2;23.12.2016 14:00;0,450504;
Arsen;6;23.12.2016 14:00;0,397024;
Arsen;7;23.12.2016 14:00;0,289335;
Arsen;1;23.12.2016 14:00;0,081946;
Benzol;4;23.12.2016 14:00;1,93568;
Benzol;7;23.12.2016 14:00;1,48168;
Benzol;5;23.12.2016 14:00;0,943813;
Benzol;8;23.12.2016 14:00;0,784056;
Benzol;9;23.12.2016 14:00;0,764617;
Benzol;2;23.12.2016 14:00;0,456226;
Benzol;1;23.12.2016 14:00;0,453372;
Benzol;6;23.12.2016 14:00;0,419653;
Benzol;3;23.12.2016 14:00;0,378855;
Anilin;4;23.12.2016 14:00;2,3908;
Anilin;3;23.12.2016 14:00;0,646317;
Anilin;8;23.12.2016 14:00;0,382721;
Anilin;6;23.12.2016 14:00;0,333811;
Anilin;7;23.12.2016 14:00;0,302054;
Anilin;5;23.12.2016 14:00;0,195399;
Anilin;9;23.12.2016 14:00;0,140947;
Anilin;1;23.12.2016 14:00;0,0729934;
Anilin;2;23.12.2016 14:00;0,0381139;
Natriumchlorid;4;23.12.2016 15:00;1,79826;
Natriumchlorid;8;23.12.2016 15:00;1,00352;
Natriumchlorid;2;23.12.2016 15:00;0,538426;
Natriumchlorid;7;23.12.2016 15:00;0,326547;
Natriumchlorid;3;23.12.2016 15:00;0,121387;
Natriumchlorid;6;23.12.2016 15:00;0,106078;
Natriumchlorid;9;23.12.2016 15:00;0,104995;
Natriumchlorid;1;23.12.2016 15:00;0,0414733;
Natriumchlorid;5;23.12.2016 15:00;0,0223022;
Arsen;4;23.12.2016 15:00;1,9965;
Arsen;5;23.12.2016 15:00;1,22259;
Arsen;3;23.12.2016 15:00;0,995665;
Arsen;7;23.12.2016 15:00;0,747337;
Arsen;6;23.12.2016 15:00;0,454372;
Arsen;8;23.12.2016 15:00;0,305006;
Arsen;2;23.12.2016 15:00;0,301866;
Arsen;1;23.12.2016 15:00;0,226137;
Arsen;9;23.12.2016 15:00;0,134464;
Benzol;4;23.12.2016 15:00;1,82754;
Benzol;9;23.12.2016 15:00;1,20969;
Benzol;8;23.12.2016 15:00;0,877899;
Benzol;6;23.12.2016 15:00;0,686812;
Benzol;7;23.12.2016 15:00;0,544328;
Benzol;2;23.12.2016 15:00;0,537587;
Benzol;3;23.12.2016 15:00;0,299459;
Benzol;5;23.12.2016 15:00;0,192347;
Benzol;1;23.12.2016 15:00;0,180869;
Anilin;3;23.12.2016 15:00;3,31874;
Anilin;4;23.12.2016 15:00;1,83404;
Anilin;7;23.12.2016 15:00;1,21303;
Anilin;1;23.12.2016 15:00;0,554592;
Anilin;2;23.12.2016 15:00;0,537495;
Anilin;9;23.12.2016 15:00;0,465927;
Anilin;5;23.12.2016 15:00;0,385244;
Anilin;6;23.12.2016 15:00;0,214799;
Anilin;8;23.12.2016 15:00;0,00937539;
Natriumchlorid;4;23.12.2016 16:00;2,21455;
Natriumchlorid;3;23.12.2016 16:00;1,31946;
Natriumchlorid;5;23.12.2016 16:00;0,85535;
Natriumchlorid;8;23.12.2016 16:00;0,492384;
Natriumchlorid;6;23.12.2016 16:00;0,328078;
Natriumchlorid;9;23.12.2016 16:00;0,278035;
Natriumchlorid;7;23.12.2016 16:00;0,15372;
Natriumchlorid;2;23.12.2016 16:00;0,0831363;
Natriumchlorid;1;23.12.2016 16:00;0,0763819;
Arsen;4;23.12.2016 16:00;1,92968;
Arsen;3;23.12.2016 16:00;1,9066;
Arsen;8;23.12.2016 16:00;1,22387;
Arsen;5;23.12.2016 16:00;0,654276;
Arsen;2;23.12.2016 16:00;0,595818;
Arsen;6;23.12.2016 16:00;0,587397;
Arsen;1;23.12.2016 16:00;0,516827;
Arsen;9;23.12.2016 16:00;0,212967;
Arsen;7;23.12.2016 16:00;0,161834;
Benzol;4;23.12.2016 16:00;2,09943;
Benzol;3;23.12.2016 16:00;1,01671;
Benzol;8;23.12.2016 16:00;0,868718;
Benzol;9;23.12.2016 16:00;0,834248;
Benzol;2;23.12.2016 16:00;0,455212;
Benzol;6;23.12.2016 16:00;0,336825;
Benzol;5;23.12.2016 16:00;0,293428;
Benzol;1;23.12.2016 16:00;0,248347;
Benzol;7;23.12.2016 16:00;0,158551;
Anilin;7;23.12.2016 16:00;2,47215;
Anilin;4;23.12.2016 16:00;2,08762;
Anilin;5;23.12.2016 16:00;1,4386;
Anilin;8;23.12.2016 16:00;1,069;
Anilin;9;23.12.2016 16:00;0,397405;
Anilin;6;23.12.2016 16:00;0,357415;
Anilin;1;23.12.2016 16:00;0,319697;
Anilin;2;23.12.2016 16:00;0,288048;
Anilin;3;23.12.2016 16:00;0,149039;
Natriumchlorid;4;23.12.2016 17:00;2,10168;
Natriumchlorid;5;23.12.2016 17:00;0,875708;
Natriumchlorid;9;23.12.2016 17:00;0,770432;
Natriumchlorid;8;23.12.2016 17:00;0,461233;
Natriumchlorid;2;23.12.2016 17:00;0,432005;
Natriumchlorid;3;23.12.2016 17:00;0,249895;
Natriumchlorid;6;23.12.2016 17:00;0,158722;
Natriumchlorid;7;23.12.2016 17:00;0,14133;
Natriumchlorid;1;23.12.2016 17:00;0,0469852;
Arsen;7;23.12.2016 17:00;2,34529;
Arsen;4;23.12.2016 17:00;2,17406;
Arsen;8;23.12.2016 17:00;0,600342;
Arsen;3;23.12.2016 17:00;0,39722;
Arsen;6;23.12.2016 17:00;0,348227;
Arsen;5;23.12.2016 17:00;0,203032;
Arsen;9;23.12.2016 17:00;0,151652;
Arsen;2;23.12.2016 17:00;0,0910334;
Arsen;1;23.12.2016 17:00;0,0150896;
Benzol;4;23.12.2016 17:00;2,36281;
Benzol;3;23.12.2016 17:00;0,963948;
Benzol;5;23.12.2016 17:00;0,499424;
Benzol;6;23.12.2016 17:00;0,360446;
Benzol;8;23.12.2016 17:00;0,32563;
Benzol;7;23.12.2016 17:00;0,32228;
Benzol;1;23.12.2016 17:00;0,175621;
Benzol;9;23.12.2016 17:00;0,0827898;
Benzol;2;23.12.2016 17:00;0,0448347;
Anilin;7;23.12.2016 17:00;2,72857;
Anilin;4;23.12.2016 17:00;1,94591;
Anilin;5;23.12.2016 17:00;1,07097;
Anilin;3;23.12.2016 17:00;0,862003;
Anilin;9;23.12.2016 17:00;0,641243;
Anilin;1;23.12.2016 17:00;0,494058;
Anilin;2;23.12.2016 17:00;0,347081;
Anilin;8;23.12.2016 17:00;0,260619;
Anilin;6;23.12.2016 17:00;0,223841;
Natriumchlorid;4;23.12.2016 18:00;2,00039;
Natriumchlorid;3;23.12.2016 18:00;0,998356;
Natriumchlorid;5;23.12.2016 18:00;0,626885;
Natriumchlorid;1;23.12.2016 18:00;0,505685;
Natriumchlorid;9;23.12.2016 18:00;0,409462;
Natriumchlorid;6;23.12.2016 18:00;0,38546;
Natriumchlorid;8;23.12.2016 18:00;0,235588;
Natriumchlorid;7;23.12.2016 18:00;0,214723;
Natriumchlorid;2;23.12.2016 18:00;0,183763;
Arsen;4;23.12.2016 18:00;2,11904;
Arsen;3;23.12.2016 18:00;1,72394;
Arsen;8;23.12.2016 18:00;0,924295;
Arsen;2;23.12.2016 18:00;0,352792;
Arsen;5;23.12.2016 18:00;0,329926;
Arsen;9;23.12.2016 18:00;0,18515;
Arsen;7;23.12.2016 18:00;0,135799;
Arsen;6;23.12.2016 18:00;0,10261;
Arsen;1;23.12.2016 18:00;0,0690194;
Benzol;4;23.12.2016 18:00;2,09674;
Benzol;3;23.12.2016 18:00;1,76907;
Benzol;9;23.12.2016 18:00;1,30358;
Benzol;7;23.12.2016 18:00;0,878015;
Benzol;5;23.12.2016 18:00;0,737869;
Benzol;6;23.12.2016 18:00;0,613271;
Benzol;2;23.12.2016 18:00;0,584439;
Benzol;8;23.12.2016 18:00;0,542181;
Benzol;1;23.12.2016 18:00;0,0414995;
Anilin;4;23.12.2016 18:00;2,03374;
Anilin;2;23.12.2016 18:00;1,25484;
Anilin;8;23.12.2016 18:00;0,96387;
Anilin;5;23.12.2016 18:00;0,885941;
Anilin;3;23.12.2016 18:00;0,507178;
Anilin;6;23.12.2016 18:00;0,410217;
Anilin;7;23.12.2016 18:00;0,406784;
Anilin;9;23.12.2016 18:00;0,348068;
Anilin;1;23.12.2016 18:00;0,0905854;
Natriumchlorid;4;23.12.2016 19:00;2,38138;
Natriumchlorid;7;23.12.2016 19:00;0,790646;
Natriumchlorid;8;23.12.2016 19:00;0,78101;
Natriumchlorid;3;23.12.2016 19:00;0,556792;
Natriumchlorid;6;23.12.2016 19:00;0,467128;
Natriumchlorid;5;23.12.2016 19:00;0,239437;
Natriumchlorid;2;23.12.2016 19:00;0,218258;
Natriumchlorid;9;23.12.2016 19:00;0,0535267;
Natriumchlorid;1;23.12.2016 19:00;0,0037074;
Arsen;7;23.12.2016 19:00;2,81497;
Arsen;4;23.12.2016 19:00;2,11078;
Arsen;3;23.12.2016 19:00;2,00017;
Arsen;5;23.12.2016 19:00;1,44374;
Arsen;2;23.12.2016 19:00;0,734805;
Arsen;6;23.12.2016 19:00;0,698971;
Arsen;8;23.12.2016 19:00;0,640456;
Arsen;9;23.12.2016 19:00;0,134732;
Arsen;1;23.12.2016 19:00;0,0890657;
Benzol;4;23.12.2016 19:00;2,0084;
Benzol;3;23.12.2016 19:00;1,78627;
Benzol;7;23.12.2016 19:00;0,892107;
Benzol;5;23.12.2016 19:00;0,791654;
Benzol;6;23.12.2016 19:00;0,575281;
Benzol;8;23.12.2016 19:00;0,563642;
Benzol;9;23.12.2016 19:00;0,187767;
Benzol;1;23.12.2016 19:00;0,103094;
Benzol;2;23.12.2016 19:00;0,086781;
Anilin;4;23.12.2016 19:00;2,11938;
Anilin;3;23.12.2016 19:00;1,9953;
Anilin;7;23.12.2016 19:00;0,939655;
Anilin;5;23.12.2016 19:00;0,664214;
Anilin;1;23.12.2016 19:00;0,334951;
Anilin;6;23.12.2016 19:00;0,288154;
Anilin;2;23.12.2016 19:00;0,262573;
Anilin;9;23.12.2016 19:00;0,206403;
Anilin;8;23.12.2016 19:00;0,0963843;
Natriumchlorid;3;23.12.2016 20:00;2,73072;
Natriumchlorid;4;23.12.2016 20:00;2,09057;
Natriumchlorid;5;23.12.2016 20:00;1,43328;
Natriumchlorid;8;23.12.2016 20:00;1,11637;
Natriumchlorid;9;23.12.2016 20:00;0,501762;
Natriumchlorid;6;23.12.2016 20:00;0,48898;
Natriumchlorid;7;23.12.2016 20:00;0,440655;
Natriumchlorid;2;23.12.2016 20:00;0,0804463;
Natriumchlorid;1;23.12.2016 20:00;0,0670023;
Arsen;4;23.12.2016 20:00;1,83266;
Arsen;7;23.12.2016 20:00;1,56046;
Arsen;5;23.12.2016 20:00;1,09675;
Arsen;3;23.12.2016 20:00;0,883847;
Arsen;2;23.12.2016 20:00;0,695607;
Arsen;9;23.12.2016 20:00;0,467092;
Arsen;1;23.12.2016 20:00;0,363092;
Arsen;8;23.12.2016 20:00;0,265421;
Arsen;6;23.12.2016 20:00;0,164298;
Benzol;3;23.12.2016 20:00;2,27809;
Benzol;4;23.12.2016 20:00;1,89559;
Benzol;9;23.12.2016 20:00;1,13689;
Benzol;7;23.12.2016 20:00;0,846088;
Benzol;5;23.12.2016 20:00;0,632793;
Benzol;8;23.12.2016 20:00;0,329332;
Benzol;6;23.12.2016 20:00;0,301784;
Benzol;2;23.12.2016 20:00;0,10236;
Benzol;1;23.12.2016 20:00;0,0774605;
Anilin;4;23.12.2016 20:00;2,00337;
Anilin;3;23.12.2016 20:00;0,600869;
Anilin;6;23.12.2016 20:00;0,469089;
Anilin;5;23.12.2016 20:00;0,408493;
Anilin;1;23.12.2016 20:00;0,385908;
Anilin;8;23.12.2016 20:00;0,377727;
Anilin;2;23.12.2016 20:00;0,251688;
Anilin;9;23.12.2016 20:00;0,191944;
Anilin;7;23.12.2016 20:00;0,0669334;
Natriumchlorid;4;23.12.2016 21:00;2,3717;
Natriumchlorid;8;23.12.2016 21:00;1,05668;
Natriumchlorid;6;23.12.2016 21:00;0,723211;
Natriumchlorid;5;23.12.2016 21:00;0,613613;
Natriumchlorid;3;23.12.2016 21:00;0,253428;
Natriumchlorid;7;23.12.2016 21:00;0,188793;
Natriumchlorid;9;23.12.2016 21:00;0,104682;
Natriumchlorid;1;23.12.2016 21:00;0,0680883;
Natriumchlorid;2;23.12.2016 21:00;0,0434814;
Arsen;4;23.12.2016 21:00;1,96348;
Arsen;7;23.12.2016 21:00;1,34095;
Arsen;2;23.12.2016 21:00;0,680093;
Arsen;6;23.12.2016 21:00;0,512723;
Arsen;3;23.12.2016 21:00;0,439452;
Arsen;5;23.12.2016 21:00;0,320737;
Arsen;1;23.12.2016 21:00;0,160413;
Arsen;9;23.12.2016 21:00;0,129168;
Arsen;8;23.12.2016 21:00;0,124423;
Benzol;4;23.12.2016 21:00;2,18503;
Benzol;3;23.12.2016 21:00;0,878348;
Benzol;9;23.12.2016 21:00;0,713674;
Benzol;2;23.12.2016 21:00;0,433869;
Benzol;1;23.12.2016 21:00;0,41602;
Benzol;7;23.12.2016 21:00;0,277074;
Benzol;8;23.12.2016 21:00;0,259407;
Benzol;6;23.12.2016 21:00;0,203336;
Benzol;5;23.12.2016 21:00;0,0707053;
Anilin;4;23.12.2016 21:00;2,06078;
Anilin;2;23.12.2016 21:00;0,791509;
Anilin;9;23.12.2016 21:00;0,588832;
Anilin;8;23.12.2016 21:00;0,486297;
Anilin;5;23.12.2016 21:00;0,478233;
Anilin;6;23.12.2016 21:00;0,401782;
Anilin;3;23.12.2016 21:00;0,270138;
Anilin;7;23.12.2016 21:00;0,221562;
Anilin;1;23.12.2016 21:00;0,0426019;
Natriumchlorid;4;23.12.2016 22:00;1,98354;
Natriumchlorid;9;23.12.2016 22:00;0,825645;
Natriumchlorid;3;23.12.2016 22:00;0,719312;
Natriumchlorid;2;23.12.2016 22:00;0,566754;
Natriumchlorid;5;23.12.2016 22:00;0,526425;
Natriumchlorid;8;23.12.2016 22:00;0,464615;
Natriumchlorid;7;23.12.2016 22:00;0,201411;
Natriumchlorid;6;23.12.2016 22:00;0,155007;
Natriumchlorid;1;23.12.2016 22:00;0,0132662;
Arsen;4;23.12.2016 22:00;1,83074;
Arsen;9;23.12.2016 22:00;0,86121;
Arsen;6;23.12.2016 22:00;0,581452;
Arsen;5;23.12.2016 22:00;0,450898;
Arsen;2;23.12.2016 22:00;0,424407;
Arsen;3;23.12.2016 22:00;0,286788;
Arsen;7;23.12.2016 22:00;0,230593;
Arsen;8;23.12.2016 22:00;0,172343;
Arsen;1;23.12.2016 22:00;0,0189169;
Benzol;4;23.12.2016 22:00;1,55258;
Benzol;9;23.12.2016 22:00;1,45725;
Benzol;3;23.12.2016 22:00;0,734434;
Benzol;5;23.12.2016 22:00;0,499236;
Benzol;6;23.12.2016 22:00;0,331154;
Benzol;2;23.12.2016 22:00;0,258453;
Benzol;8;23.12.2016 22:00;0,175083;
Benzol;1;23.12.2016 22:00;0,0529623;
Benzol;7;23.12.2016 22:00;0,0107655;
Anilin;3;23.12.2016 22:00;1,88117;
Anilin;4;23.12.2016 22:00;1,75724;
Anilin;5;23.12.2016 22:00;0,578177;
Anilin;9;23.12.2016 22:00;0,391987;
Anilin;6;23.12.2016 22:00;0,375929;
Anilin;7;23.12.2016 22:00;0,282344;
Anilin;8;23.12.2016 22:00;0,225513;
Anilin;2;23.12.2016 22:00;0,0846042;
Anilin;1;23.12.2016 22:00;0,0394546;
Natriumchlorid;4;23.12.2016 23:00;2,21524;
Natriumchlorid;3;23.12.2016 23:00;1,37024;
Natriumchlorid;9;23.12.2016 23:00;1,2558;
Natriumchlorid;8;23.12.2016 23:00;0,64152;
Natriumchlorid;7;23.12.2016 23:00;0,625254;
Natriumchlorid;1;23.12.2016 23:00;0,298526;
Natriumchlorid;6;23.12.2016 23:00;0,286307;
Natriumchlorid;5;23.12.2016 23:00;0,259348;
Natriumchlorid;2;23.12.2016 23:00;0,213298;
Arsen;4;23.12.2016 23:00;2,06534;
Arsen;5;23.12.2016 23:00;0,761509;
Arsen;8;23.12.2016 23:00;0,706768;
Arsen;3;23.12.2016 23:00;0,57338;
Arsen;9;23.12.2016 23:00;0,553403;
Arsen;2;23.12.2016 23:00;0,384266;
Arsen;7;23.12.2016 23:00;0,298705;
Arsen;6;23.12.2016 23:00;0,205385;
Arsen;1;23.12.2016 23:00;0,0345414;
Benzol;4;23.12.2016 23:00;1,80312;
Benzol;5;23.12.2016 23:00;1,11163;
Benzol;2;23.12.2016 23:00;0,736756;
Benzol;6;23.12.2016 23:00;0,674096;
Benzol;1;23.12.2016 23:00;0,478224;
Benzol;9;23.12.2016 23:00;0,328084;
Benzol;3;23.12.2016 23:00;0,288589;
Benzol;7;23.12.2016 23:00;0,144539;
Benzol;8;23.12.2016 23:00;0,0895231;
Anilin;9;23.12.2016 23:00;6,04959;
Anilin;4;23.12.2016 23:00;1,62199;
Anilin;7;23.12.2016 23:00;1,57621;
Anilin;8;23.12.2016 23:00;0,591064;
Anilin;3;23.12.2016 23:00;0,525662;
Anilin;6;23.12.2016 23:00;0,356444;
Anilin;1;23.12.2016 23:00;0,297853;
Anilin;5;23.12.2016 23:00;0,180438;
Anilin;2;23.12.2016 23:00;0,159217;
Natriumchlorid;4;24.12.2016 00:00;2,30533;
Natriumchlorid;3;24.12.2016 00:00;0,76886;
Natriumchlorid;5;24.12.2016 00:00;0,717445;
Natriumchlorid;8;24.12.2016 00:00;0,635817;
Natriumchlorid;6;24.12.2016 00:00;0,357587;
Natriumchlorid;9;24.12.2016 00:00;0,248961;
Natriumchlorid;7;24.12.2016 00:00;0,161677;
Natriumchlorid;1;24.12.2016 00:00;0,087584;
Natriumchlorid;2;24.12.2016 00:00;0,0101151;
Arsen;4;24.12.2016 00:00;1,96766;
Arsen;3;24.12.2016 00:00;1,01378;
Arsen;5;24.12.2016 00:00;0,765096;
Arsen;1;24.12.2016 00:00;0,349492;
Arsen;8;24.12.2016 00:00;0,335478;
Arsen;9;24.12.2016 00:00;0,313377;
Arsen;2;24.12.2016 00:00;0,26037;
Arsen;6;24.12.2016 00:00;0,221324;
Arsen;7;24.12.2016 00:00;0,140878;
Benzol;4;24.12.2016 00:00;2,06201;
Benzol;5;24.12.2016 00:00;1,11867;
Benzol;3;24.12.2016 00:00;1,03905;
Benzol;8;24.12.2016 00:00;0,963376;
Benzol;2;24.12.2016 00:00;0,388017;
Benzol;9;24.12.2016 00:00;0,341547;
Benzol;1;24.12.2016 00:00;0,333743;
Benzol;6;24.12.2016 00:00;0,247108;
Benzol;7;24.12.2016 00:00;0,00236024;
Anilin;4;24.12.2016 00:00;2,11163;
Anilin;9;24.12.2016 00:00;0,713951;
Anilin;8;24.12.2016 00:00;0,664432;
Anilin;6;24.12.2016 00:00;0,424765;
Anilin;5;24.12.2016 00:00;0,38283;
Anilin;7;24.12.2016 00:00;0,215933;
Anilin;3;24.12.2016 00:00;0,211239;
Anilin;2;24.12.2016 00:00;0,123887;
Anilin;1;24.12.2016 00:00;0,0128874;
Natriumchlorid;9;24.12.2016 01:00;5,15886;
Natriumchlorid;3;24.12.2016 01:00;3,98704;
Natriumchlorid;4;24.12.2016 01:00;1,98748;
Natriumchlorid;7;24.12.2016 01:00;0,675393;
Natriumchlorid;5;24.12.2016 01:00;0,456391;
Natriumchlorid;2;24.12.2016 01:00;0,369921;
Natriumchlorid;8;24.12.2016 01:00;0,365825;
Natriumchlorid;6;24.12.2016 01:00;0,315842;
Natriumchlorid;1;24.12.2016 01:00;0,286151;
Arsen;3;24.12.2016 01:00;2,09473;
Arsen;4;24.12.2016 01:00;2,04529;
Arsen;6;24.12.2016 01:00;0,703006;
Arsen;2;24.12.2016 01:00;0,525972;
Arsen;5;24.12.2016 01:00;0,511207;
Arsen;1;24.12.2016 01:00;0,436162;
Arsen;7;24.12.2016 01:00;0,249102;
Arsen;8;24.12.2016 01:00;0,0717713;
Arsen;9;24.12.2016 01:00;0,00709481;
Benzol;4;24.12.2016 01:00;2,34446;
Benzol;6;24.12.2016 01:00;0,740995;
Benzol;3;24.12.2016 01:00;0,578402;
Benzol;8;24.12.2016 01:00;0,497919;
Benzol;5;24.12.2016 01:00;0,488148;
Benzol;9;24.12.2016 01:00;0,465098;
Benzol;2;24.12.2016 01:00;0,282418;
Benzol;1;24.12.2016 01:00;0,277698;
Benzol;7;24.12.2016 01:00;0,112547;
Anilin;5;24.12.2016 01:00;3,56022;
Anilin;4;24.12.2016 01:00;1,394;
Anilin;7;24.12.2016 01:00;1,15201;
Anilin;6;24.12.2016 01:00;0,608733;
Anilin;8;24.12.2016 01:00;0,28935;
Anilin;3;24.12.2016 01:00;0,10543;
Anilin;2;24.12.2016 01:00;0,0982961;
Anilin;9;24.12.2016 01:00;0,0648636;
Anilin;1;24.12.2016 01:00;0,00810148;
Natriumchlorid;4;24.12.2016 02:00;2,38266;
Natriumchlorid;9;24.12.2016 02:00;2,35379;
Natriumchlorid;3;24.12.2016 02:00;0,953228;
Natriumchlorid;5;24.12.2016 02:00;0,77773;
Natriumchlorid;8;24.12.2016 02:00;0,644796;
Natriumchlorid;6;24.12.2016 02:00;0,439585;
Natriumchlorid;1;24.12.2016 02:00;0,243618;
Natriumchlorid;2;24.12.2016 02:00;0,215782;
Natriumchlorid;7;24.12.2016 02:00;0,0841526;
Arsen;4;24.12.2016 02:00;1,81679;
Arsen;7;24.12.2016 02:00;1,07971;
Arsen;5;24.12.2016 02:00;0,812297;
Arsen;8;24.12.2016 02:00;0,79822;
Arsen;9;24.12.2016 02:00;0,759605;
Arsen;6;24.12.2016 02:00;0,561307;
Arsen;1;24.12.2016 02:00;0,476702;
Arsen;3;24.12.2016 02:00;0,340022;
Arsen;2;24.12.2016 02:00;0,300006;
Benzol;3;24.12.2016 02:00;3,5167;
Benzol;4;24.12.2016 02:00;2,04447;
Benzol;5;24.12.2016 02:00;1,28579;
Benzol;8;24.12.2016 02:00;1,20607;
Benzol;7;24.12.2016 02:00;0,806205;
Benzol;2;24.12.2016 02:00;0,440896;
Benzol;6;24.12.2016 02:00;0,438774;
Benzol;9;24.12.2016 02:00;0,351193;
Benzol;1;24.12.2016 02:00;0,0272879;
Anilin;4;24.12.2016 02:00;2,00469;
Anilin;5;24.12.2016 02:00;1,67126;
Anilin;7;24.12.2016 02:00;0,840894;
Anilin;9;24.12.2016 02:00;0,727799;
Anilin;3;24.12.2016 02:00;0,505442;
Anilin;6;24.12.2016 02:00;0,482539;
Anilin;2;24.12.2016 02:00;0,404858;
Anilin;1;24.12.2016 02:00;0,186273;
Anilin;8;24.12.2016 02:00;0,0926542;
Natriumchlorid;3;24.12.2016 03:00;3,46944;
Natriumchlorid;4;24.12.2016 03:00;1,81111;
Natriumchlorid;2;24.12.2016 03:00;0,798879;
Natriumchlorid;7;24.12.2016 03:00;0,644651;
Natriumchlorid;8;24.12.2016 03:00;0,638992;
Natriumchlorid;5;24.12.2016 03:00;0,587273;
Natriumchlorid;6;24.12.2016 03:00;0,376807;
Natriumchlorid;1;24.12.2016 03:00;0,112502;
Natriumchlorid;9;24.12.2016 03:00;0,0507688;
Arsen;4;24.12.2016 03:00;2,03641;
Arsen;5;24.12.2016 03:00;0,73245;
Arsen;2;24.12.2016 03:00;0,566991;
Arsen;9;24.12.2016 03:00;0,496513;
Arsen;8;24.12.2016 03:00;0,323762;
Arsen;6;24.12.2016 03:00;0,30577;
Arsen;3;24.12.2016 03:00;0,248697;
Arsen;1;24.12.2016 03:00;0,078431;
Arsen;7;24.12.2016 03:00;0,0665959;
Benzol;3;24.12.2016 03:00;2,84831;
Benzol;4;24.12.2016 03:00;2,2388;
Benzol;7;24.12.2016 03:00;2,11266;
Benzol;5;24.12.2016 03:00;1,03192;
Benzol;9;24.12.2016 03:00;0,617036;
Benzol;8;24.12.2016 03:00;0,363367;
Benzol;6;24.12.2016 03:00;0,326099;
Benzol;2;24.12.2016 03:00;0,304701;
Benzol;1;24.12.2016 03:00;0,199472;
Anilin;3;24.12.2016 03:00;3,08379;
Anilin;4;24.12.2016 03:00;2,02392;
Anilin;2;24.12.2016 03:00;0,811861;
Anilin;6;24.12.2016 03:00;0,526913;
Anilin;5;24.12.2016 03:00;0,394492;
Anilin;9;24.12.2016 03:00;0,149039;
Anilin;1;24.12.2016 03:00;0,1388;
Anilin;8;24.12.2016 03:00;0,120276;
Anilin;7;24.12.2016 03:00;0,0472993;
Natriumchlorid;5;24.12.2016 04:00;1,9312;
Natriumchlorid;4;24.12.2016 04:00;1,84943;
Natriumchlorid;7;24.12.2016 04:00;1,07942;
Natriumchlorid;8;24.12.2016 04:00;1,07861;
Natriumchlorid;3;24.12.2016 04:00;0,767546;
Natriumchlorid;9;24.12.2016 04:00;0,757298;
Natriumchlorid;6;24.12.2016 04:00;0,375328;
Natriumchlorid;1;24.12.2016 04:00;0,086941;
Natriumchlorid;2;24.12.2016 04:00;0,020654;
Arsen;4;24.12.2016 04:00;2,35928;
Arsen;3;24.12.2016 04:00;1,68661;
Arsen;5;24.12.2016 04:00;0,718886;
Arsen;2;24.12.2016 04:00;0,488803;
Arsen;8;24.12.2016 04:00;0,479014;
Arsen;7;24.12.2016 04:00;0,359367;
Arsen;6;24.12.2016 04:00;0,252524;
Arsen;9;24.12.2016 04:00;0,168521;
Arsen;1;24.12.2016 04:00;0,145247;
Benzol;4;24.12.2016 04:00;2,0424;
Benzol;5;24.12.2016 04:00;1,21327;
Benzol;7;24.12.2016 04:00;0,385135;
Benzol;9;24.12.2016 04:00;0,339595;
Benzol;3;24.12.2016 04:00;0,295996;
Benzol;6;24.12.2016 04:00;0,191346;
Benzol;1;24.12.2016 04:00;0,185997;
Benzol;8;24.12.2016 04:00;0,0593051;
Benzol;2;24.12.2016 04:00;0,0202287;
Anilin;4;24.12.2016 04:00;2,23205;
Anilin;9;24.12.2016 04:00;1,35078;
Anilin;5;24.12.2016 04:00;1,27475;
Anilin;1;24.12.2016 04:00;0,480129;
Anilin;3;24.12.2016 04:00;0,423998;
Anilin;2;24.12.2016 04:00;0,412613;
Anilin;7;24.12.2016 04:00;0,215149;
Anilin;6;24.12.2016 04:00;0,101449;
Anilin;8;24.12.2016 04:00;0,061142;
Natriumchlorid;4;24.12.2016 05:00;2,04428;
Natriumchlorid;5;24.12.2016 05:00;1,72322;
Natriumchlorid;8;24.12.2016 05:00;0,659767;
Natriumchlorid;9;24.12.2016 05:00;0,412831;
Natriumchlorid;6;24.12.2016 05:00;0,380608;
Natriumchlorid;1;24.12.2016 05:00;0,300136;
Natriumchlorid;3;24.12.2016 05:00;0,252292;
Natriumchlorid;2;24.12.2016 05:00;0,170399;
Natriumchlorid;7;24.12.2016 05:00;0,132482;
Arsen;4;24.12.2016 05:00;1,88761;
Arsen;8;24.12.2016 05:00;1,01157;
Arsen;3;24.12.2016 05:00;0,819825;
Arsen;9;24.12.2016 05:00;0,755604;
Arsen;6;24.12.2016 05:00;0,57661;
Arsen;2;24.12.2016 05:00;0,460258;
Arsen;5;24.12.2016 05:00;0,343169;
Arsen;1;24.12.2016 05:00;0,294765;
Arsen;7;24.12.2016 05:00;0,275149;
Benzol;4;24.12.2016 05:00;1,82378;
Benzol;8;24.12.2016 05:00;1,17463;
Benzol;2;24.12.2016 05:00;0,852482;
Benzol;6;24.12.2016 05:00;0,511434;
Benzol;5;24.12.2016 05:00;0,353676;
Benzol;1;24.12.2016 05:00;0,330489;
Benzol;7;24.12.2016 05:00;0,18333;
Benzol;3;24.12.2016 05:00;0,14678;
Benzol;9;24.12.2016 05:00;0,0440167;
Anilin;4;24.12.2016 05:00;2,23307;
Anilin;3;24.12.2016 05:00;1,08574;
Anilin;7;24.12.2016 05:00;0,754694;
Anilin;9;24.12.2016 05:00;0,635411;
Anilin;2;24.12.2016 05:00;0,216115;
Anilin;5;24.12.2016 05:00;0,210583;
Anilin;8;24.12.2016 05:00;0,0768775;
Anilin;1;24.12.2016 05:00;0,069814;
Anilin;6;24.12.2016 05:00;0,0356382;
Natriumchlorid;4;24.12.2016 06:00;2,22564;
Natriumchlorid;3;24.12.2016 06:00;1,24316;
Natriumchlorid;7;24.12.2016 06:00;1,17342;
Natriumchlorid;2;24.12.2016 06:00;1,05053;
Natriumchlorid;5;24.12.2016 06:00;0,71816;
Natriumchlorid;6;24.12.2016 06:00;0,634633;
Natriumchlorid;1;24.12.2016 06:00;0,33011;
Natriumchlorid;8;24.12.2016 06:00;0,225614;
Natriumchlorid;9;24.12.2016 06:00;0,140209;
Arsen;4;24.12.2016 06:00;2,29169;
Arsen;3;24.12.2016 06:00;1,40616;
Arsen;5;24.12.2016 06:00;0,586747;
Arsen;6;24.12.2016 06:00;0,537285;
Arsen;7;24.12.2016 06:00;0,445928;
Arsen;8;24.12.2016 06:00;0,267653;
Arsen;9;24.12.2016 06:00;0,214646;
Arsen;2;24.12.2016 06:00;0,0730603;
Arsen;1;24.12.2016 06:00;0,0496272;
Benzol;4;24.12.2016 06:00;1,9505;
Benzol;9;24.12.2016 06:00;1,55206;
Benzol;3;24.12.2016 06:00;1,38187;
Benzol;8;24.12.2016 06:00;0,82909;
Benzol;6;24.12.2016 06:00;0,600117;
Benzol;7;24.12.2016 06:00;0,389944;
Benzol;5;24.12.2016 06:00;0,383462;
Benzol;2;24.12.2016 06:00;0,279403;
Benzol;1;24.12.2016 06:00;0,122681;
Anilin;4;24.12.2016 06:00;1,88618;
Anilin;9;24.12.2016 06:00;0,884272;
Anilin;5;24.12.2016 06:00;0,658724;
Anilin;8;24.12.2016 06:00;0,529248;
Anilin;2;24.12.2016 06:00;0,429821;
Anilin;1;24.12.2016 06:00;0,334605;
Anilin;3;24.12.2016 06:00;0,329186;
Anilin;6;24.12.2016 06:00;0,170052;
Anilin;7;24.12.2016 06:00;0,00549324;
Natriumchlorid;4;24.12.2016 07:00;1,84383;
Natriumchlorid;8;24.12.2016 07:00;1,27883;
Natriumchlorid;2;24.12.2016 07:00;1,08123;
Natriumchlorid;3;24.12.2016 07:00;0,78335;
Natriumchlorid;5;24.12.2016 07:00;0,768386;
Natriumchlorid;9;24.12.2016 07:00;0,389175;
Natriumchlorid;6;24.12.2016 07:00;0,145944;
Natriumchlorid;7;24.12.2016 07:00;0,0728443;
Natriumchlorid;1;24.12.2016 07:00;0,0681642;
Arsen;4;24.12.2016 07:00;2,05607;
Arsen;5;24.12.2016 07:00;0,816158;
Arsen;9;24.12.2016 07:00;0,601646;
Arsen;6;24.12.2016 07:00;0,556648;
Arsen;1;24.12.2016 07:00;0,391931;
Arsen;8;24.12.2016 07:00;0,226354;
Arsen;3;24.12.2016 07:00;0,117154;
Arsen;2;24.12.2016 07:00;0,0670267;
Arsen;7;24.12.2016 07:00;0,0463853;
Benzol;7;24.12.2016 07:00;2,02443;
Benzol;4;24.12.2016 07:00;1,68434;
Benzol;3;24.12.2016 07:00;1,23442;
Benzol;2;24.12.2016 07:00;0,607572;
Benzol;1;24.12.2016 07:00;0,304058;
Benzol;9;24.12.2016 07:00;0,215906;
Benzol;5;24.12.2016 07:00;0,166794;
Benzol;6;24.12.2016 07:00;0,163407;
Benzol;8;24.12.2016 07:00;0,154096;
Anilin;4;24.12.2016 07:00;2,09251;
Anilin;3;24.12.2016 07:00;0,809691;
Anilin;6;24.12.2016 07:00;0,593342;
Anilin;5;24.12.2016 07:00;0,520885;
Anilin;2;24.12.2016 07:00;0,470401;
Anilin;7;24.12.2016 07:00;0,469558;
Anilin;8;24.12.2016 07:00;0,17613;
Anilin;9;24.12.2016 07:00;0,0293864;
Anilin;1;24.12.2016 07:00;0,0196304;
Natriumchlorid;4;24.12.2016 08:00;1,94793;
Natriumchlorid;3;24.12.2016 08:00;1,26858;
Natriumchlorid;8;24.12.2016 08:00;1,15035;
Natriumchlorid;9;24.12.2016 08:00;0,983202;
Natriumchlorid;2;24.12.2016 08:00;0,707289;
Natriumchlorid;6;24.12.2016 08:00;0,378624;
Natriumchlorid;7;24.12.2016 08:00;0,161708;
Natriumchlorid;1;24.12.2016 08:00;0,117194;
Natriumchlorid;5;24.12.2016 08:00;0,0106426;
Arsen;7;24.12.2016 08:00;2,16696;
Arsen;4;24.12.2016 08:00;1,98463;
Arsen;3;24.12.2016 08:00;1,5036;
Arsen;6;24.12.2016 08:00;0,877743;
Arsen;1;24.12.2016 08:00;0,491467;
Arsen;5;24.12.2016 08:00;0,468613;
Arsen;8;24.12.2016 08:00;0,428405;
Arsen;2;24.12.2016 08:00;0,322977;
Arsen;9;24.12.2016 08:00;0,0443959;
Benzol;4;24.12.2016 08:00;2,3744;
Benzol;9;24.12.2016 08:00;0,772455;
Benzol;5;24.12.2016 08:00;0,462836;
Benzol;6;24.12.2016 08:00;0,415552;
Benzol;1;24.12.2016 08:00;0,392392;
Benzol;3;24.12.2016 08:00;0,297322;
Benzol;7;24.12.2016 08:00;0,157659;
Benzol;8;24.12.2016 08:00;0,13035;
Benzol;2;24.12.2016 08:00;0,116007;
Anilin;4;24.12.2016 08:00;2,61539;
Anilin;6;24.12.2016 08:00;0,655156;
Anilin;2;24.12.2016 08:00;0,65187;
Anilin;3;24.12.2016 08:00;0,465081;
Anilin;8;24.12.2016 08:00;0,397405;
Anilin;9;24.12.2016 08:00;0,344702;
Anilin;7;24.12.2016 08:00;0,320923;
Anilin;5;24.12.2016 08:00;0,191018;
Anilin;1;24.12.2016 08:00;0,0493271;
Natriumchlorid;4;24.12.2016 09:00;2,15217;
Natriumchlorid;5;24.12.2016 09:00;1,23501;
Natriumchlorid;8;24.12.2016 09:00;0,784881;
Natriumchlorid;2;24.12.2016 09:00;0,724078;
Natriumchlorid;3;24.12.2016 09:00;0,597433;
Natriumchlorid;1;24.12.2016 09:00;0,398233;
Natriumchlorid;9;24.12.2016 09:00;0,222289;
Natriumchlorid;6;24.12.2016 09:00;0,145085;
Natriumchlorid;7;24.12.2016 09:00;0,136267;
Arsen;4;24.12.2016 09:00;1,64473;
Arsen;9;24.12.2016 09:00;0,805219;
Arsen;3;24.12.2016 09:00;0,740519;
Arsen;8;24.12.2016 09:00;0,600411;
Arsen;7;24.12.2016 09:00;0,524625;
Arsen;1;24.12.2016 09:00;0,475432;
Arsen;6;24.12.2016 09:00;0,283708;
Arsen;5;24.12.2016 09:00;0,238453;
Arsen;2;24.12.2016 09:00;0,0441745;
Benzol;4;24.12.2016 09:00;1,9988;
Benzol;5;24.12.2016 09:00;1,06815;
Benzol;9;24.12.2016 09:00;0,953302;
Benzol;3;24.12.2016 09:00;0,839293;
Benzol;6;24.12.2016 09:00;0,548281;
Benzol;8;24.12.2016 09:00;0,384865;
Benzol;1;24.12.2016 09:00;0,215829;
Benzol;7;24.12.2016 09:00;0,188716;
Benzol;2;24.12.2016 09:00;0,105497;
Anilin;4;24.12.2016 09:00;2,26618;
Anilin;2;24.12.2016 09:00;0,885286;
Anilin;8;24.12.2016 09:00;0,725972;
Anilin;9;24.12.2016 09:00;0,689407;
Anilin;5;24.12.2016 09:00;0,635421;
Anilin;6;24.12.2016 09:00;0,428701;
Anilin;1;24.12.2016 09:00;0,268229;
Anilin;7;24.12.2016 09:00;0,252435;
Anilin;3;24.12.2016 09:00;0,116097;
Natriumchlorid;4;24.12.2016 10:00;1,88861;
Natriumchlorid;3;24.12.2016 10:00;1,67173;
Natriumchlorid;8;24.12.2016 10:00;0,905516;
Natriumchlorid;6;24.12.2016 10:00;0,659568;
Natriumchlorid;9;24.12.2016 10:00;0,568967;
Natriumchlorid;5;24.12.2016 10:00;0,223365;
Natriumchlorid;1;24.12.2016 10:00;0,211136;
Natriumchlorid;7;24.12.2016 10:00;0,116348;
Natriumchlorid;2;24.12.2016 10:00;0,0396137;
Arsen;4;24.12.2016 10:00;2,32543;
Arsen;3;24.12.2016 10:00;1,21347;
Arsen;5;24.12.2016 10:00;0,926279;
Arsen;8;24.12.2016 10:00;0,657844;
Arsen;6;24.12.2016 10:00;0,585742;
Arsen;7;24.12.2016 10:00;0,456833;
Arsen;9;24.12.2016 10:00;0,342282;
Arsen;1;24.12.2016 10:00;0,274294;
Arsen;2;24.12.2016 10:00;0,1916;
Benzol;4;24.12.2016 10:00;1,85843;
Benzol;5;24.12.2016 10:00;1,29135;
Benzol;3;24.12.2016 10:00;1,21149;
Benzol;9;24.12.2016 10:00;0,747117;
Benzol;8;24.12.2016 10:00;0,426074;
Benzol;6;24.12.2016 10:00;0,386089;
Benzol;2;24.12.2016 10:00;0,33513;
Benzol;7;24.12.2016 10:00;0,118192;
Benzol;1;24.12.2016 10:00;0,09097;
Anilin;3;24.12.2016 10:00;3,18965;
Anilin;4;24.12.2016 10:00;2,29242;
Anilin;6;24.12.2016 10:00;0,710139;
Anilin;5;24.12.2016 10:00;0,692952;
Anilin;9;24.12.2016 10:00;0,373285;
Anilin;7;24.12.2016 10:00;0,32907;
Anilin;1;24.12.2016 10:00;0,279334;
Anilin;8;24.12.2016 10:00;0,257232;
Anilin;2;24.12.2016 10:00;0,121766;
Natriumchlorid;4;24.12.2016 11:00;5,39223;
Natriumchlorid;3;24.12.2016 11:00;5,25331;
Natriumchlorid;4;24.12.2016 11:00;2,00799;
Natriumchlorid;6;24.12.2016 11:00;0,615171;
Natriumchlorid;5;24.12.2016 11:00;0,495803;
Natriumchlorid;8;24.12.2016 11:00;0,25922;
Natriumchlorid;2;24.12.2016 11:00;0,208859;
Natriumchlorid;9;24.12.2016 11:00;0,132107;
Natriumchlorid;7;24.12.2016 11:00;0,113888;
Natriumchlorid;1;24.12.2016 11:00;0,0619663;
Arsen;4;24.12.2016 11:00;1,73786;
Arsen;2;24.12.2016 11:00;0,830562;
Arsen;6;24.12.2016 11:00;0,730901;
Arsen;9;24.12.2016 11:00;0,653437;
Arsen;7;24.12.2016 11:00;0,533634;
Arsen;3;24.12.2016 11:00;0,451491;
Arsen;1;24.12.2016 11:00;0,135892;
Arsen;8;24.12.2016 11:00;0,110106;
Arsen;5;24.12.2016 11:00;0,0547514;
Benzol;4;24.12.2016 11:00;3,95366;
Benzol;5;24.12.2016 11:00;0,864489;
Benzol;7;24.12.2016 11:00;0,333882;
Benzol;3;24.12.2016 11:00;0,32584;
Benzol;1;24.12.2016 11:00;0,304391;
Benzol;9;24.12.2016 11:00;0,291521;
Benzol;8;24.12.2016 11:00;0,265842;
Benzol;6;24.12.2016 11:00;0,21834;
Benzol;2;24.12.2016 11:00;0,0453871;
Anilin;3;24.12.2016 11:00;1,85585;
Anilin;7;24.12.2016 11:00;1,236;
Anilin;9;24.12.2016 11:00;1,00015;
Anilin;2;24.12.2016 11:00;0,513463;
Anilin;1;24.12.2016 11:00;0,393244;
Anilin;8;24.12.2016 11:00;0,366132;
Anilin;6;24.12.2016 11:00;0,29191;
Anilin;5;24.12.2016 11:00;0,117679;
Natriumchlorid;4;24.12.2016 12:00;2,38713;
Natriumchlorid;3;24.12.2016 12:00;1,69125;
Natriumchlorid;5;24.12.2016 12:00;1,05498;
Natriumchlorid;8;24.12.2016 12:00;0,960583;
Natriumchlorid;7;24.12.2016 12:00;0,787525;
Natriumchlorid;1;24.12.2016 12:00;0,38347;
Natriumchlorid;2;24.12.2016 12:00;0,217677;
Natriumchlorid;9;24.12.2016 12:00;0,0981914;
Natriumchlorid;6;24.12.2016 12:00;0,0951983;
Arsen;9;24.12.2016 12:00;4,0706;
Arsen;3;24.12.2016 12:00;2,11809;
Arsen;4;24.12.2016 12:00;1,7664;
Arsen;2;24.12.2016 12:00;0,416889;
Arsen;8;24.12.2016 12:00;0,381741;
Arsen;6;24.12.2016 12:00;0,331381;
Arsen;5;24.12.2016 12:00;0,321909;
Arsen;1;24.12.2016 12:00;0,134006;
Arsen;7;24.12.2016 12:00;0,0127809;
Benzol;4;24.12.2016 12:00;7,81555;
Benzol;5;24.12.2016 12:00;0,700338;
Benzol;2;24.12.2016 12:00;0,562674;
Benzol;7;24.12.2016 12:00;0,370795;
Benzol;6;24.12.2016 12:00;0,315525;
Benzol;8;24.12.2016 12:00;0,257983;
Benzol;3;24.12.2016 12:00;0,2434;
Benzol;9;24.12.2016 12:00;0,223851;
Benzol;1;24.12.2016 12:00;0,0504882;
Anilin;4;24.12.2016 12:00;1,8612;
Anilin;9;24.12.2016 12:00;1,24714;
Anilin;8;24.12.2016 12:00;0,452437;
Anilin;7;24.12.2016 12:00;0,367825;
Anilin;3;24.12.2016 12:00;0,316689;
Anilin;6;24.12.2016 12:00;0,213172;
Anilin;5;24.12.2016 12:00;0,112099;
Anilin;1;24.12.2016 12:00;0,105239;
Anilin;2;24.12.2016 12:00;0,0970234;
Natriumchlorid;4;24.12.2016 13:00;30,16221;
Natriumchlorid;4;24.12.2016 13:00;4,79327;
Natriumchlorid;3;24.12.2016 13:00;1,90957;
Natriumchlorid;5;24.12.2016 13:00;1,5439;
Natriumchlorid;9;24.12.2016 13:00;0,775792;
Natriumchlorid;7;24.12.2016 13:00;0,625254;
Natriumchlorid;6;24.12.2016 13:00;0,545217;
Natriumchlorid;2;24.12.2016 13:00;0,270419;
Natriumchlorid;1;24.12.2016 13:00;0,215839;
Natriumchlorid;8;24.12.2016 13:00;0,181478;
Arsen;9;24.12.2016 13:00;6,34426;
Arsen;3;24.12.2016 13:00;3,32683;
Arsen;4;24.12.2016 13:00;2,11268;
Arsen;8;24.12.2016 13:00;0,853146;
Arsen;7;24.12.2016 13:00;0,671555;
Arsen;2;24.12.2016 13:00;0,590756;
Arsen;1;24.12.2016 13:00;0,468755;
Arsen;5;24.12.2016 13:00;0,329712;
Arsen;6;24.12.2016 13:00;0,137853;
Benzol;4;24.12.2016 13:00;4,41673;
Benzol;9;24.12.2016 13:00;0,692446;
Benzol;8;24.12.2016 13:00;0,517534;
Benzol;2;24.12.2016 13:00;0,337757;
Benzol;1;24.12.2016 13:00;0,22548;
Benzol;7;24.12.2016 13:00;0,211218;
Benzol;3;24.12.2016 13:00;0,130435;
Benzol;6;24.12.2016 13:00;0,0317074;
Benzol;5;24.12.2016 13:00;0,00723312;
Anilin;3;24.12.2016 13:00;1,76289;
Anilin;9;24.12.2016 13:00;0,939988;
Anilin;7;24.12.2016 13:00;0,629638;
Anilin;5;24.12.2016 13:00;0,269599;
Anilin;6;24.12.2016 13:00;0,26881;
Anilin;2;24.12.2016 13:00;0,237174;
Anilin;8;24.12.2016 13:00;0,232821;
Anilin;1;24.12.2016 13:00;0,229582;
Natriumchlorid;4;24.12.2016 14:00;1,83848;
Natriumchlorid;3;24.12.2016 14:00;1,69865;
Natriumchlorid;7;24.12.2016 14:00;0,6649;
Natriumchlorid;8;24.12.2016 14:00;0,513451;
Natriumchlorid;6;24.12.2016 14:00;0,42347;
Natriumchlorid;5;24.12.2016 14:00;0,202105;
Natriumchlorid;9;24.12.2016 14:00;0,177895;
Natriumchlorid;2;24.12.2016 14:00;0,0608137;
Natriumchlorid;1;24.12.2016 14:00;0,0564908;
Arsen;3;24.12.2016 14:00;3,22996;
Arsen;4;24.12.2016 14:00;2,05444;
Arsen;5;24.12.2016 14:00;0,94222;
Arsen;9;24.12.2016 14:00;0,722146;
Arsen;2;24.12.2016 14:00;0,389179;
Arsen;7;24.12.2016 14:00;0,344449;
Arsen;8;24.12.2016 14:00;0,260004;
Arsen;6;24.12.2016 14:00;0,124647;
Arsen;1;24.12.2016 14:00;0,0226352;
Benzol;4;24.12.2016 14:00;1,95965;
Benzol;5;24.12.2016 14:00;1,17974;
Benzol;3;24.12.2016 14:00;1,15529;
Benzol;7;24.12.2016 14:00;0,798422;
Benzol;8;24.12.2016 14:00;0,627134;
Benzol;6;24.12.2016 14:00;0,625414;
Benzol;9;24.12.2016 14:00;0,423358;
Benzol;2;24.12.2016 14:00;0,334741;
Benzol;1;24.12.2016 14:00;0,267128;
Anilin;4;24.12.2016 14:00;1,88924;
Anilin;6;24.12.2016 14:00;0,697714;
Anilin;2;24.12.2016 14:00;0,663289;
Anilin;8;24.12.2016 14:00;0,462168;
Anilin;7;24.12.2016 14:00;0,399252;
Anilin;9;24.12.2016 14:00;0,257669;
Anilin;3;24.12.2016 14:00;0,143958;
Anilin;5;24.12.2016 14:00;0,0542622;
Anilin;1;24.12.2016 14:00;0,011764;
Natriumchlorid;4;24.12.2016 15:00;2,274;
Natriumchlorid;5;24.12.2016 15:00;1,60799;
Natriumchlorid;2;24.12.2016 15:00;0,821196;
Natriumchlorid;7;24.12.2016 15:00;0,70128;
Natriumchlorid;8;24.12.2016 15:00;0,413918;
Natriumchlorid;3;24.12.2016 15:00;0,387465;
Natriumchlorid;9;24.12.2016 15:00;0,36383;
Natriumchlorid;6;24.12.2016 15:00;0,188824;
Natriumchlorid;1;24.12.2016 15:00;0,12917;
Arsen;4;24.12.2016 15:00;2,04831;
Arsen;5;24.12.2016 15:00;0,654346;
Arsen;9;24.12.2016 15:00;0,6313;
Arsen;6;24.12.2016 15:00;0,599815;
Arsen;3;24.12.2016 15:00;0,483371;
Arsen;2;24.12.2016 15:00;0,315396;
Arsen;8;24.12.2016 15:00;0,28588;
Arsen;1;24.12.2016 15:00;0,243618;
Arsen;7;24.12.2016 15:00;0,146259;
Benzol;4;24.12.2016 15:00;2,14708;
Benzol;3;24.12.2016 15:00;0,729726;
Benzol;7;24.12.2016 15:00;0,58357;
Benzol;5;24.12.2016 15:00;0,540349;
Benzol;6;24.12.2016 15:00;0,474327;
Benzol;2;24.12.2016 15:00;0,452929;
Benzol;8;24.12.2016 15:00;0,21723;
Benzol;9;24.12.2016 15:00;0,180512;
Benzol;1;24.12.2016 15:00;0,122434;
Anilin;4;24.12.2016 15:00;2,19207;
Anilin;5;24.12.2016 15:00;0,977743;
Anilin;3;24.12.2016 15:00;0,840786;
Anilin;7;24.12.2016 15:00;0,690272;
Anilin;6;24.12.2016 15:00;0,326345;
Anilin;8;24.12.2016 15:00;0,246878;
Anilin;1;24.12.2016 15:00;0,104265;
Anilin;2;24.12.2016 15:00;0,0908318;
Anilin;9;24.12.2016 15:00;0,0283415;
Natriumchlorid;4;24.12.2016 16:00;2,05521;
Natriumchlorid;9;24.12.2016 16:00;0,859383;
Natriumchlorid;6;24.12.2016 16:00;0,777422;
Natriumchlorid;2;24.12.2016 16:00;0,469134;
Natriumchlorid;8;24.12.2016 16:00;0,328026;
Natriumchlorid;5;24.12.2016 16:00;0,325068;
Natriumchlorid;3;24.12.2016 16:00;0,273418;
Natriumchlorid;1;24.12.2016 16:00;0,183588;
Natriumchlorid;7;24.12.2016 16:00;0,0118288;
Arsen;4;24.12.2016 16:00;1,81865;
Arsen;3;24.12.2016 16:00;1,41425;
Arsen;9;24.12.2016 16:00;0,800201;
Arsen;5;24.12.2016 16:00;0,792064;
Arsen;7;24.12.2016 16:00;0,707748;
Arsen;2;24.12.2016 16:00;0,64075;
Arsen;1;24.12.2016 16:00;0,169071;
Arsen;8;24.12.2016 16:00;0,0945035;
Arsen;6;24.12.2016 16:00;0,0322067;
Benzol;4;24.12.2016 16:00;2,26008;
Benzol;3;24.12.2016 16:00;1,47002;
Benzol;2;24.12.2016 16:00;0,98465;
Benzol;5;24.12.2016 16:00;0,770613;
Benzol;8;24.12.2016 16:00;0,669748;
Benzol;1;24.12.2016 16:00;0,310991;
Benzol;9;24.12.2016 16:00;0,26046;
Benzol;6;24.12.2016 16:00;0,217924;
Benzol;7;24.12.2016 16:00;0,202104;
Anilin;4;24.12.2016 16:00;1,4032;
Anilin;8;24.12.2016 16:00;1,15703;
Anilin;9;24.12.2016 16:00;0,830128;
Anilin;3;24.12.2016 16:00;0,436842;
Anilin;5;24.12.2016 16:00;0,427182;
Anilin;7;24.12.2016 16:00;0,154041;
Anilin;2;24.12.2016 16:00;0,140711;
Anilin;6;24.12.2016 16:00;0,115268;
Anilin;1;24.12.2016 16:00;0,0918743;
Natriumchlorid;4;24.12.2016 17:00;2,32758;
Natriumchlorid;7;24.12.2016 17:00;0,803422;
Natriumchlorid;8;24.12.2016 17:00;0,746002;
Natriumchlorid;6;24.12.2016 17:00;0,582331;
Natriumchlorid;2;24.12.2016 17:00;0,359927;
Natriumchlorid;1;24.12.2016 17:00;0,285614;
Natriumchlorid;9;24.12.2016 17:00;0,270382;
Natriumchlorid;3;24.12.2016 17:00;0,206007;
Natriumchlorid;5;24.12.2016 17:00;0,190326;
Arsen;4;24.12.2016 17:00;2,04499;
Arsen;3;24.12.2016 17:00;0,767961;
Arsen;7;24.12.2016 17:00;0,563076;
Arsen;9;24.12.2016 17:00;0,535859;
Arsen;8;24.12.2016 17:00;0,48273;
Arsen;6;24.12.2016 17:00;0,373323;
Arsen;2;24.12.2016 17:00;0,370927;
Arsen;1;24.12.2016 17:00;0,31472;
Arsen;5;24.12.2016 17:00;0,0758143;
Benzol;4;24.12.2016 17:00;1,79775;
Benzol;3;24.12.2016 17:00;1,79282;
Benzol;5;24.12.2016 17:00;1,10157;
Benzol;9;24.12.2016 17:00;0,914514;
Benzol;1;24.12.2016 17:00;0,490497;
Benzol;8;24.12.2016 17:00;0,478109;
Benzol;2;24.12.2016 17:00;0,418415;
Benzol;7;24.12.2016 17:00;0,135799;
Benzol;6;24.12.2016 17:00;0,115521;
Anilin;3;24.12.2016 17:00;3,73266;
Anilin;4;24.12.2016 17:00;2,27312;
Anilin;5;24.12.2016 17:00;0,892952;
Anilin;6;24.12.2016 17:00;0,683473;
Anilin;9;24.12.2016 17:00;0,657385;
Anilin;8;24.12.2016 17:00;0,519101;
Anilin;2;24.12.2016 17:00;0,498579;
Anilin;7;24.12.2016 17:00;0,413276;
Anilin;1;24.12.2016 17:00;0,025501;
Natriumchlorid;3;24.12.2016 18:00;3,14465;
Natriumchlorid;4;24.12.2016 18:00;2,03159;
Natriumchlorid;9;24.12.2016 18:00;1,50313;
Natriumchlorid;8;24.12.2016 18:00;1,03831;
Natriumchlorid;6;24.12.2016 18:00;0,602888;
Natriumchlorid;7;24.12.2016 18:00;0,593384;
Natriumchlorid;1;24.12.2016 18:00;0,336492;
Natriumchlorid;5;24.12.2016 18:00;0,265839;
Natriumchlorid;2;24.12.2016 18:00;0,0311363;
Arsen;4;24.12.2016 18:00;2,00183;
Arsen;9;24.12.2016 18:00;0,881379;
Arsen;3;24.12.2016 18:00;0,788847;
Arsen;5;24.12.2016 18:00;0,472437;
Arsen;8;24.12.2016 18:00;0,447371;
Arsen;6;24.12.2016 18:00;0,243518;
Arsen;7;24.12.2016 18:00;0,235271;
Arsen;1;24.12.2016 18:00;0,199748;
Arsen;2;24.12.2016 18:00;0,00301618;
Benzol;4;24.12.2016 18:00;2,16593;
Benzol;3;24.12.2016 18:00;1,22504;
Benzol;7;24.12.2016 18:00;0,659745;
Benzol;1;24.12.2016 18:00;0,623299;
Benzol;8;24.12.2016 18:00;0,618735;
Benzol;2;24.12.2016 18:00;0,494494;
Benzol;6;24.12.2016 18:00;0,476446;
Benzol;9;24.12.2016 18:00;0,389546;
Benzol;5;24.12.2016 18:00;0,249099;
Anilin;4;24.12.2016 18:00;2,29503;
Anilin;3;24.12.2016 18:00;1,19644;
Anilin;5;24.12.2016 18:00;0,805224;
Anilin;7;24.12.2016 18:00;0,727888;
Anilin;8;24.12.2016 18:00;0,554242;
Anilin;6;24.12.2016 18:00;0,290224;
Anilin;9;24.12.2016 18:00;0,174036;
Anilin;2;24.12.2016 18:00;0,119457;
Anilin;1;24.12.2016 18:00;0,00705238;
Natriumchlorid;4;24.12.2016 19:00;2,38241;
Natriumchlorid;3;24.12.2016 19:00;1,72884;
Natriumchlorid;9;24.12.2016 19:00;1,31878;
Natriumchlorid;7;24.12.2016 19:00;1,02698;
Natriumchlorid;2;24.12.2016 19:00;1,0184;
Natriumchlorid;5;24.12.2016 19:00;0,683272;
Natriumchlorid;1;24.12.2016 19:00;0,486428;
Natriumchlorid;6;24.12.2016 19:00;0,294134;
Natriumchlorid;8;24.12.2016 19:00;0,197474;
Arsen;4;24.12.2016 19:00;2,21954;
Arsen;5;24.12.2016 19:00;1,72678;
Arsen;3;24.12.2016 19:00;0,73341;
Arsen;6;24.12.2016 19:00;0,519478;
Arsen;1;24.12.2016 19:00;0,445058;
Arsen;8;24.12.2016 19:00;0,353396;
Arsen;9;24.12.2016 19:00;0,233263;
Arsen;7;24.12.2016 19:00;0,032301;
Arsen;2;24.12.2016 19:00;0,0230533;
Benzol;3;24.12.2016 19:00;3,28233;
Benzol;4;24.12.2016 19:00;1,98148;
Benzol;5;24.12.2016 19:00;0,970483;
Benzol;2;24.12.2016 19:00;0,902079;
Benzol;9;24.12.2016 19:00;0,611447;
Benzol;6;24.12.2016 19:00;0,607576;
Benzol;7;24.12.2016 19:00;0,320617;
Benzol;1;24.12.2016 19:00;0,0880471;
Benzol;8;24.12.2016 19:00;0,0104095;
Anilin;4;24.12.2016 19:00;1,85467;
Anilin;3;24.12.2016 19:00;0,907292;
Anilin;5;24.12.2016 19:00;0,793785;
Anilin;6;24.12.2016 19:00;0,410861;
Anilin;8;24.12.2016 19:00;0,185269;
Anilin;9;24.12.2016 19:00;0,161124;
Anilin;7;24.12.2016 19:00;0,110532;
Anilin;2;24.12.2016 19:00;0,0844909;
Anilin;1;24.12.2016 19:00;0,05862;
Natriumchlorid;9;24.12.2016 20:00;2,34468;
Natriumchlorid;4;24.12.2016 20:00;1,94223;
Natriumchlorid;3;24.12.2016 20:00;1,27982;
Natriumchlorid;5;24.12.2016 20:00;1,09047;
Natriumchlorid;9;24.12.2016 20:00;0,650913;
Natriumchlorid;7;24.12.2016 20:00;0,23748;
Natriumchlorid;1;24.12.2016 20:00;0,121377;
Natriumchlorid;6;24.12.2016 20:00;0,112157;
Natriumchlorid;8;24.12.2016 20:00;0,0870356;
Natriumchlorid;2;24.12.2016 20:00;0,0320523;
Arsen;4;24.12.2016 20:00;2,23828;
Arsen;3;24.12.2016 20:00;2,02218;
Arsen;5;24.12.2016 20:00;0,719127;
Arsen;9;24.12.2016 20:00;0,659228;
Arsen;7;24.12.2016 20:00;0,402733;
Arsen;1;24.12.2016 20:00;0,164588;
Arsen;8;24.12.2016 20:00;0,126437;
Arsen;6;24.12.2016 20:00;0,120563;
Arsen;2;24.12.2016 20:00;0,0936987;
Benzol;3;24.12.2016 20:00;2,12214;
Benzol;4;24.12.2016 20:00;2,02807;
Benzol;9;24.12.2016 20:00;1,0267;
Benzol;5;24.12.2016 20:00;0,998868;
Benzol;8;24.12.2016 20:00;0,649685;
Benzol;6;24.12.2016 20:00;0,378855;
Benzol;7;24.12.2016 20:00;0,264571;
Benzol;1;24.12.2016 20:00;0,242976;
Benzol;2;24.12.2016 20:00;0,141091;
Anilin;4;24.12.2016 20:00;2,00264;
Anilin;5;24.12.2016 20:00;0,490136;
Anilin;6;24.12.2016 20:00;0,380101;
Anilin;3;24.12.2016 20:00;0,256456;
Anilin;1;24.12.2016 20:00;0,229938;
Anilin;2;24.12.2016 20:00;0,0700167;
Anilin;8;24.12.2016 20:00;0,0148754;
Anilin;7;24.12.2016 20:00;0,00281312;
Natriumchlorid;3;24.12.2016 21:00;3,60438;
Natriumchlorid;4;24.12.2016 21:00;2,76269;
Natriumchlorid;5;24.12.2016 21:00;0,88563;
Natriumchlorid;8;24.12.2016 21:00;0,750158;
Natriumchlorid;6;24.12.2016 21:00;0,451504;
Natriumchlorid;1;24.12.2016 21:00;0,420881;
Natriumchlorid;2;24.12.2016 21:00;0,408239;
Natriumchlorid;7;24.12.2016 21:00;0,384647;
Natriumchlorid;9;24.12.2016 21:00;0,00201301;
Arsen;4;24.12.2016 21:00;2,05366;
Arsen;7;24.12.2016 21:00;0,957571;
Arsen;8;24.12.2016 21:00;0,580599;
Arsen;9;24.12.2016 21:00;0,45718;
Arsen;6;24.12.2016 21:00;0,446994;
Arsen;3;24.12.2016 21:00;0,386705;
Arsen;5;24.12.2016 21:00;0,326821;
Arsen;2;24.12.2016 21:00;0,197318;
Arsen;1;24.12.2016 21:00;0,04561;
Benzol;4;24.12.2016 21:00;2,19508;
Benzol;9;24.12.2016 21:00;1,22417;
Benzol;3;24.12.2016 21:00;0,950837;
Benzol;7;24.12.2016 21:00;0,766325;
Benzol;5;24.12.2016 21:00;0,654765;
Benzol;1;24.12.2016 21:00;0,401892;
Benzol;6;24.12.2016 21:00;0,290206;
Benzol;8;24.12.2016 21:00;0,245692;
Benzol;2;24.12.2016 21:00;0,0767344;
Anilin;3;24.12.2016 21:00;2,58454;
Anilin;4;24.12.2016 21:00;1,89204;
Anilin;5;24.12.2016 21:00;0,860584;
Anilin;6;24.12.2016 21:00;0,688837;
Anilin;1;24.12.2016 21:00;0,437303;
Anilin;7;24.12.2016 21:00;0,350083;
Anilin;9;24.12.2016 21:00;0,192724;
Anilin;8;24.12.2016 21:00;0,117932;
Anilin;2;24.12.2016 21:00;0,0221751;
Natriumchlorid;6;24.12.2016 22:00;5,40922;
Natriumchlorid;4;24.12.2016 22:00;2,5187;
Natriumchlorid;3;24.12.2016 22:00;1,90844;
Natriumchlorid;7;24.12.2016 22:00;0,774328;
Natriumchlorid;5;24.12.2016 22:00;0,684833;
Natriumchlorid;2;24.12.2016 22:00;0,515338;
Natriumchlorid;1;24.12.2016 22:00;0,260575;
Natriumchlorid;8;24.12.2016 22:00;0,158737;
Natriumchlorid;9;24.12.2016 22:00;0,0493671;
Arsen;7;24.12.2016 22:00;2,80884;
Arsen;4;24.12.2016 22:00;2,00294;
Arsen;3;24.12.2016 22:00;0,692593;
Arsen;8;24.12.2016 22:00;0,680368;
Arsen;2;24.12.2016 22:00;0,343681;
Arsen;9;24.12.2016 22:00;0,301483;
Arsen;1;24.12.2016 22:00;0,266141;
Arsen;6;24.12.2016 22:00;0,168116;
Arsen;5;24.12.2016 22:00;0,157076;
Benzol;4;24.12.2016 22:00;1,78753;
Benzol;8;24.12.2016 22:00;1,10452;
Benzol;3;24.12.2016 22:00;1,06261;
Benzol;5;24.12.2016 22:00;0,690006;
Benzol;6;24.12.2016 22:00;0,54134;
Benzol;9;24.12.2016 22:00;0,47696;
Benzol;7;24.12.2016 22:00;0,309627;
Benzol;2;24.12.2016 22:00;0,184742;
Benzol;1;24.12.2016 22:00;0,0571369;
Anilin;6;24.12.2016 22:00;52,99826;
Anilin;4;24.12.2016 22:00;1,8935;
Anilin;3;24.12.2016 22:00;1,39396;
Anilin;2;24.12.2016 22:00;0,908154;
Anilin;7;24.12.2016 22:00;0,764729;
Anilin;8;24.12.2016 22:00;0,738063;
Anilin;5;24.12.2016 22:00;0,527821;
Anilin;9;24.12.2016 22:00;0,227683;
Anilin;1;24.12.2016 22:00;0,0281746;
Natriumchlorid;3;24.12.2016 23:00;2,84069;
Natriumchlorid;4;24.12.2016 23:00;2,21929;
Natriumchlorid;5;24.12.2016 23:00;1,74789;
Natriumchlorid;6;24.12.2016 23:00;0,502031;
Natriumchlorid;1;24.12.2016 23:00;0,420347;
Natriumchlorid;9;24.12.2016 23:00;0,267361;
Natriumchlorid;7;24.12.2016 23:00;0,122531;
Natriumchlorid;2;24.12.2016 23:00;0,0466068;
Natriumchlorid;8;24.12.2016 23:00;0,02316;
Arsen;4;24.12.2016 23:00;1,86144;
Arsen;3;24.12.2016 23:00;1,25396;
Arsen;6;24.12.2016 23:00;0,535105;
Arsen;7;24.12.2016 23:00;0,40893;
Arsen;9;24.12.2016 23:00;0,367698;
Arsen;5;24.12.2016 23:00;0,361205;
Arsen;1;24.12.2016 23:00;0,0978995;
Arsen;8;24.12.2016 23:00;0,0215829;
Arsen;2;24.12.2016 23:00;0,0207213;
Benzol;4;24.12.2016 23:00;1,91507;
Benzol;8;24.12.2016 23:00;1,06568;
Benzol;3;24.12.2016 23:00;0,854981;
Benzol;6;24.12.2016 23:00;0,405042;
Benzol;9;24.12.2016 23:00;0,382733;
Benzol;5;24.12.2016 23:00;0,299332;
Benzol;2;24.12.2016 23:00;0,241593;
Benzol;1;24.12.2016 23:00;0,0939678;
Benzol;7;24.12.2016 23:00;0,0425087;
Anilin;4;24.12.2016 23:00;1,9125;
Anilin;3;24.12.2016 23:00;1,22253;
Anilin;9;24.12.2016 23:00;0,879545;
Anilin;1;24.12.2016 23:00;0,59222;
Anilin;8;24.12.2016 23:00;0,313201;
Anilin;6;24.12.2016 23:00;0,221324;
Anilin;2;24.12.2016 23:00;0,199862;
Anilin;7;24.12.2016 23:00;0,116732;
Anilin;5;24.12.2016 23:00;0,0222686;
Natriumchlorid;4;25.12.2016 00:00;2,138;
Natriumchlorid;3;25.12.2016 00:00;1,28998;
Natriumchlorid;8;25.12.2016 00:00;0,639431;
Natriumchlorid;9;25.12.2016 00:00;0,632984;
Natriumchlorid;6;25.12.2016 00:00;0,449498;
Natriumchlorid;1;25.12.2016 00:00;0,348825;
Natriumchlorid;7;25.12.2016 00:00;0,233062;
Natriumchlorid;5;25.12.2016 00:00;0,184509;
Natriumchlorid;2;25.12.2016 00:00;0,0262192;
Arsen;4;25.12.2016 00:00;1,99002;
Arsen;8;25.12.2016 00:00;0,89031;
Arsen;9;25.12.2016 00:00;0,709;
Arsen;7;25.12.2016 00:00;0,505363;
Arsen;6;25.12.2016 00:00;0,467257;
Arsen;2;25.12.2016 00:00;0,383076;
Arsen;3;25.12.2016 00:00;0,323126;
Arsen;1;25.12.2016 00:00;0,259838;
Arsen;5;25.12.2016 00:00;0,163354;
Benzol;3;25.12.2016 00:00;2,73994;
Benzol;4;25.12.2016 00:00;1,82631;
Benzol;7;25.12.2016 00:00;1,34773;
Benzol;2;25.12.2016 00:00;0,473641;
Benzol;6;25.12.2016 00:00;0,379239;
Benzol;8;25.12.2016 00:00;0,35814;
Benzol;1;25.12.2016 00:00;0,241928;
Benzol;5;25.12.2016 00:00;0,0977995;
Benzol;9;25.12.2016 00:00;0,0634986;
Anilin;4;25.12.2016 00:00;1,88684;
Anilin;9;25.12.2016 00:00;1,18081;
Anilin;3;25.12.2016 00:00;1,06981;
Anilin;2;25.12.2016 00:00;0,531677;
Anilin;6;25.12.2016 00:00;0,388986;
Anilin;8;25.12.2016 00:00;0,330171;
Anilin;1;25.12.2016 00:00;0,139112;
Anilin;5;25.12.2016 00:00;0,0626234;
Anilin;7;25.12.2016 00:00;0,0210349;
Natriumchlorid;4;25.12.2016 01:00;2,08098;
Natriumchlorid;5;25.12.2016 01:00;0,855488;
Natriumchlorid;3;25.12.2016 01:00;0,718905;
Natriumchlorid;6;25.12.2016 01:00;0,429644;
Natriumchlorid;9;25.12.2016 01:00;0,323018;
Natriumchlorid;7;25.12.2016 01:00;0,283001;
Natriumchlorid;2;25.12.2016 01:00;0,237278;
Natriumchlorid;1;25.12.2016 01:00;0,189201;
Natriumchlorid;8;25.12.2016 01:00;0,0839512;
Arsen;4;25.12.2016 01:00;2,09709;
Arsen;7;25.12.2016 01:00;1,30789;
Arsen;8;25.12.2016 01:00;0,846466;
Arsen;5;25.12.2016 01:00;0,513535;
Arsen;6;25.12.2016 01:00;0,389323;
Arsen;3;25.12.2016 01:00;0,341181;
Arsen;9;25.12.2016 01:00;0,254212;
Arsen;2;25.12.2016 01:00;0,25187;
Arsen;1;25.12.2016 01:00;0,218916;
Benzol;4;25.12.2016 01:00;1,88438;
Benzol;3;25.12.2016 01:00;0,910662;
Benzol;6;25.12.2016 01:00;0,895755;
Benzol;5;25.12.2016 01:00;0,71816;
Benzol;9;25.12.2016 01:00;0,47972;
Benzol;2;25.12.2016 01:00;0,25332;
Benzol;8;25.12.2016 01:00;0,195729;
Benzol;1;25.12.2016 01:00;0,110631;
Benzol;7;25.12.2016 01:00;0,0876827;
Anilin;4;25.12.2016 01:00;2,21271;
Anilin;9;25.12.2016 01:00;0,865549;
Anilin;3;25.12.2016 01:00;0,718293;
Anilin;6;25.12.2016 01:00;0,601892;
Anilin;2;25.12.2016 01:00;0,35276;
Anilin;5;25.12.2016 01:00;0,294311;
Anilin;8;25.12.2016 01:00;0,189744;
Anilin;1;25.12.2016 01:00;0,157853;
Anilin;7;25.12.2016 01:00;0,134739;
Natriumchlorid;4;25.12.2016 02:00;2,13028;
Natriumchlorid;6;25.12.2016 02:00;0,7532;
Natriumchlorid;3;25.12.2016 02:00;0,731977;
Natriumchlorid;9;25.12.2016 02:00;0,441761;
Natriumchlorid;5;25.12.2016 02:00;0,434421;
Natriumchlorid;8;25.12.2016 02:00;0,407421;
Natriumchlorid;7;25.12.2016 02:00;0,351097;
Natriumchlorid;2;25.12.2016 02:00;0,199067;
Natriumchlorid;1;25.12.2016 02:00;0,0255262;
Arsen;4;25.12.2016 02:00;1,56983;
Arsen;5;25.12.2016 02:00;0,727868;
Arsen;1;25.12.2016 02:00;0,650109;
Arsen;8;25.12.2016 02:00;0,509983;
Arsen;6;25.12.2016 02:00;0,425104;
Arsen;9;25.12.2016 02:00;0,421628;
Arsen;7;25.12.2016 02:00;0,294948;
Arsen;3;25.12.2016 02:00;0,168486;
Arsen;2;25.12.2016 02:00;0,0154958;
Benzol;4;25.12.2016 02:00;1,82559;
Benzol;3;25.12.2016 02:00;1,72798;
Benzol;1;25.12.2016 02:00;0,689097;
Benzol;8;25.12.2016 02:00;0,644686;
Benzol;9;25.12.2016 02:00;0,639776;
Benzol;6;25.12.2016 02:00;0,460319;
Benzol;5;25.12.2016 02:00;0,268758;
Benzol;7;25.12.2016 02:00;0,13602;
Benzol;2;25.12.2016 02:00;0,107899;
Anilin;4;25.12.2016 02:00;2,14943;
Anilin;2;25.12.2016 02:00;0,830456;
Anilin;8;25.12.2016 02:00;0,510364;
Anilin;5;25.12.2016 02:00;0,476626;
Anilin;6;25.12.2016 02:00;0,364884;
Anilin;9;25.12.2016 02:00;0,360912;
Anilin;7;25.12.2016 02:00;0,306381;
Anilin;3;25.12.2016 02:00;0,223599;
Anilin;1;25.12.2016 02:00;0,193273;
Natriumchlorid;4;25.12.2016 03:00;1,96195;
Natriumchlorid;7;25.12.2016 03:00;1,30211;
Natriumchlorid;3;25.12.2016 03:00;1,07156;
Natriumchlorid;6;25.12.2016 03:00;0,63442;
Natriumchlorid;2;25.12.2016 03:00;0,378197;
Natriumchlorid;1;25.12.2016 03:00;0,252897;
Natriumchlorid;9;25.12.2016 03:00;0,186298;
Natriumchlorid;5;25.12.2016 03:00;0,120348;
Natriumchlorid;8;25.12.2016 03:00;0,0593933;
Arsen;4;25.12.2016 03:00;2,12942;
Arsen;3;25.12.2016 03:00;1,80799;
Arsen;5;25.12.2016 03:00;0,597586;
Arsen;1;25.12.2016 03:00;0,446949;
Arsen;6;25.12.2016 03:00;0,433998;
Arsen;2;25.12.2016 03:00;0,347408;
Arsen;8;25.12.2016 03:00;0,288841;
Arsen;7;25.12.2016 03:00;0,176926;
Arsen;9;25.12.2016 03:00;0,164108;
Benzol;4;25.12.2016 03:00;2,26817;
Benzol;3;25.12.2016 03:00;2,08436;
Benzol;7;25.12.2016 03:00;1,40086;
Benzol;5;25.12.2016 03:00;0,913484;
Benzol;9;25.12.2016 03:00;0,871601;
Benzol;6;25.12.2016 03:00;0,591011;
Benzol;2;25.12.2016 03:00;0,434407;
Benzol;8;25.12.2016 03:00;0,425093;
Benzol;1;25.12.2016 03:00;0,0919802;
Anilin;7;25.12.2016 03:00;2,12862;
Anilin;4;25.12.2016 03:00;2,0325;
Anilin;2;25.12.2016 03:00;0,733833;
Anilin;3;25.12.2016 03:00;0,661827;
Anilin;8;25.12.2016 03:00;0,614872;
Anilin;5;25.12.2016 03:00;0,563548;
Anilin;1;25.12.2016 03:00;0,342305;
Anilin;6;25.12.2016 03:00;0,27245;
Anilin;9;25.12.2016 03:00;0,0206702;
Natriumchlorid;4;25.12.2016 04:00;1,85398;
Natriumchlorid;5;25.12.2016 04:00;0,895508;
Natriumchlorid;8;25.12.2016 04:00;0,656902;
Natriumchlorid;3;25.12.2016 04:00;0,53102;
Natriumchlorid;7;25.12.2016 04:00;0,342265;
Natriumchlorid;6;25.12.2016 04:00;0,235731;
Natriumchlorid;9;25.12.2016 04:00;0,234276;
Natriumchlorid;1;25.12.2016 04:00;0,160321;
Natriumchlorid;2;25.12.2016 04:00;0,114421;
Arsen;4;25.12.2016 04:00;2,04338;
Arsen;9;25.12.2016 04:00;0,726918;
Arsen;2;25.12.2016 04:00;0,525673;
Arsen;6;25.12.2016 04:00;0,381853;
Arsen;8;25.12.2016 04:00;0,348127;
Arsen;7;25.12.2016 04:00;0,283947;
Arsen;5;25.12.2016 04:00;0,236487;
Arsen;3;25.12.2016 04:00;0,218618;
Arsen;1;25.12.2016 04:00;0,195647;
Benzol;4;25.12.2016 04:00;2,36921;
Benzol;7;25.12.2016 04:00;1,6178;
Benzol;3;25.12.2016 04:00;0,983801;
Benzol;8;25.12.2016 04:00;0,702149;
Benzol;9;25.12.2016 04:00;0,680497;
Benzol;2;25.12.2016 04:00;0,533796;
Benzol;1;25.12.2016 04:00;0,507617;
Benzol;6;25.12.2016 04:00;0,400742;
Benzol;5;25.12.2016 04:00;0,110005;
Anilin;4;25.12.2016 04:00;2,17755;
Anilin;5;25.12.2016 04:00;1,27126;
Anilin;3;25.12.2016 04:00;0,893719;
Anilin;9;25.12.2016 04:00;0,546271;
Anilin;7;25.12.2016 04:00;0,538813;
Anilin;1;25.12.2016 04:00;0,314125;
Anilin;6;25.12.2016 04:00;0,237249;
Anilin;8;25.12.2016 04:00;0,128328;
Anilin;2;25.12.2016 04:00;0,0971816;
Natriumchlorid;3;25.12.2016 05:00;1,59493;
Natriumchlorid;4;25.12.2016 05:00;1,52258;
Natriumchlorid;9;25.12.2016 05:00;0,967026;
Natriumchlorid;2;25.12.2016 05:00;0,505989;
Natriumchlorid;8;25.12.2016 05:00;0,432241;
Natriumchlorid;6;25.12.2016 05:00;0,330764;
Natriumchlorid;7;25.12.2016 05:00;0,232545;
Natriumchlorid;5;25.12.2016 05:00;0,133351;
Natriumchlorid;1;25.12.2016 05:00;0,0753246;
Arsen;4;25.12.2016 05:00;1,95845;
Arsen;3;25.12.2016 05:00;1,13833;
Arsen;9;25.12.2016 05:00;0,917369;
Arsen;8;25.12.2016 05:00;0,863709;
Arsen;1;25.12.2016 05:00;0,333781;
Arsen;6;25.12.2016 05:00;0,330894;
Arsen;2;25.12.2016 05:00;0,192794;
Arsen;7;25.12.2016 05:00;0,130241;
Arsen;5;25.12.2016 05:00;0,0528641;
Benzol;4;25.12.2016 05:00;1,97009;
Benzol;3;25.12.2016 05:00;1,2183;
Benzol;7;25.12.2016 05:00;0,847689;
Benzol;8;25.12.2016 05:00;0,784687;
Benzol;6;25.12.2016 05:00;0,429211;
Benzol;2;25.12.2016 05:00;0,309348;
Benzol;1;25.12.2016 05:00;0,145058;
Benzol;9;25.12.2016 05:00;0,0381018;
Benzol;5;25.12.2016 05:00;0,0240833;
Anilin;4;25.12.2016 05:00;2,25624;
Anilin;8;25.12.2016 05:00;0,698417;
Anilin;3;25.12.2016 05:00;0,355647;
Anilin;9;25.12.2016 05:00;0,289072;
Anilin;2;25.12.2016 05:00;0,279575;
Anilin;1;25.12.2016 05:00;0,201993;
Anilin;5;25.12.2016 05:00;0,151918;
Anilin;6;25.12.2016 05:00;0,121333;
Anilin;7;25.12.2016 05:00;0,0541427;
Natriumchlorid;4;25.12.2016 06:00;2,10993;
Natriumchlorid;7;25.12.2016 06:00;1,84084;
Natriumchlorid;8;25.12.2016 06:00;0,628178;
Natriumchlorid;9;25.12.2016 06:00;0,606378;
Natriumchlorid;2;25.12.2016 06:00;0,47887;
Natriumchlorid;6;25.12.2016 06:00;0,474622;
Natriumchlorid;3;25.12.2016 06:00;0,451171;
Natriumchlorid;1;25.12.2016 06:00;0,339461;
Natriumchlorid;5;25.12.2016 06:00;0,176229;
Arsen;4;25.12.2016 06:00;1,61969;
Arsen;3;25.12.2016 06:00;1,31826;
Arsen;2;25.12.2016 06:00;0,563746;
Arsen;6;25.12.2016 06:00;0,513801;
Arsen;8;25.12.2016 06:00;0,448142;
Arsen;5;25.12.2016 06:00;0,323011;
Arsen;9;25.12.2016 06:00;0,300785;
Arsen;7;25.12.2016 06:00;0,245524;
Arsen;1;25.12.2016 06:00;0,0612598;
Benzol;4;25.12.2016 06:00;2,08118;
Benzol;3;25.12.2016 06:00;1,53661;
Benzol;5;25.12.2016 06:00;0,796069;
Benzol;8;25.12.2016 06:00;0,601835;
Benzol;9;25.12.2016 06:00;0,498173;
Benzol;6;25.12.2016 06:00;0,249921;
Benzol;7;25.12.2016 06:00;0,178068;
Benzol;2;25.12.2016 06:00;0,125972;
Benzol;1;25.12.2016 06:00;0,111007;
Anilin;4;25.12.2016 06:00;2,12075;
Anilin;3;25.12.2016 06:00;1,25062;
Anilin;7;25.12.2016 06:00;1,18481;
Anilin;8;25.12.2016 06:00;1,02919;
Anilin;2;25.12.2016 06:00;0,912298;
Anilin;9;25.12.2016 06:00;0,875117;
Anilin;5;25.12.2016 06:00;0,159002;
Anilin;1;25.12.2016 06:00;0,0520816;
Anilin;6;25.12.2016 06:00;0,00854866;
Natriumchlorid;4;25.12.2016 07:00;2,39892;
Natriumchlorid;8;25.12.2016 07:00;0,758036;
Natriumchlorid;3;25.12.2016 07:00;0,635641;
Natriumchlorid;5;25.12.2016 07:00;0,601905;
Natriumchlorid;6;25.12.2016 07:00;0,497044;
Natriumchlorid;9;25.12.2016 07:00;0,247118;
Natriumchlorid;1;25.12.2016 07:00;0,188318;
Natriumchlorid;7;25.12.2016 07:00;0,142757;
Natriumchlorid;2;25.12.2016 07:00;0,0399802;
Arsen;4;25.12.2016 07:00;2,19183;
Arsen;3;25.12.2016 07:00;1,67325;
Arsen;5;25.12.2016 07:00;1,02422;
Arsen;9;25.12.2016 07:00;0,950987;
Arsen;8;25.12.2016 07:00;0,763412;
Arsen;6;25.12.2016 07:00;0,735873;
Arsen;7;25.12.2016 07:00;0,530524;
Arsen;2;25.12.2016 07:00;0,456902;
Arsen;1;25.12.2016 07:00;0,329317;
Benzol;4;25.12.2016 07:00;1,95358;
Benzol;8;25.12.2016 07:00;0,649004;
Benzol;5;25.12.2016 07:00;0,589863;
Benzol;6;25.12.2016 07:00;0,46956;
Benzol;1;25.12.2016 07:00;0,317472;
Benzol;7;25.12.2016 07:00;0,233987;
Benzol;9;25.12.2016 07:00;0,0794194;
Benzol;2;25.12.2016 07:00;0,0694787;
Benzol;3;25.12.2016 07:00;0,0625037;
Anilin;4;25.12.2016 07:00;2,05896;
Anilin;5;25.12.2016 07:00;0,615749;
Anilin;6;25.12.2016 07:00;0,572091;
Anilin;3;25.12.2016 07:00;0,497926;
Anilin;7;25.12.2016 07:00;0,448718;
Anilin;1;25.12.2016 07:00;0,24723;
Anilin;9;25.12.2016 07:00;0,225413;
Anilin;2;25.12.2016 07:00;0,179232;
Anilin;8;25.12.2016 07:00;0,0258693;
Natriumchlorid;3;25.12.2016 08:00;3,09268;
Natriumchlorid;4;25.12.2016 08:00;2,09791;
Natriumchlorid;5;25.12.2016 08:00;0,606935;
Natriumchlorid;2;25.12.2016 08:00;0,56299;
Natriumchlorid;7;25.12.2016 08:00;0,452847;
Natriumchlorid;8;25.12.2016 08:00;0,447172;
Natriumchlorid;9;25.12.2016 08:00;0,439813;
Natriumchlorid;1;25.12.2016 08:00;0,185598;
Natriumchlorid;6;25.12.2016 08:00;0,182604;
Arsen;4;25.12.2016 08:00;2,41166;
Arsen;7;25.12.2016 08:00;2,28346;
Arsen;5;25.12.2016 08:00;1,10062;
Arsen;3;25.12.2016 08:00;0,975932;
Arsen;6;25.12.2016 08:00;0,471922;
Arsen;9;25.12.2016 08:00;0,292228;
Arsen;2;25.12.2016 08:00;0,203428;
Arsen;8;25.12.2016 08:00;0,199311;
Arsen;1;25.12.2016 08:00;0,115016;
Benzol;4;25.12.2016 08:00;2,09044;
Benzol;3;25.12.2016 08:00;1,34343;
Benzol;5;25.12.2016 08:00;0,995172;
Benzol;8;25.12.2016 08:00;0,809375;
Benzol;7;25.12.2016 08:00;0,482434;
Benzol;9;25.12.2016 08:00;0,392132;
Benzol;6;25.12.2016 08:00;0,230546;
Benzol;2;25.12.2016 08:00;0,196098;
Benzol;1;25.12.2016 08:00;0,160025;
Anilin;4;25.12.2016 08:00;2,03816;
Anilin;5;25.12.2016 08:00;1,21157;
Anilin;8;25.12.2016 08:00;0,915534;
Anilin;7;25.12.2016 08:00;0,738343;
Anilin;9;25.12.2016 08:00;0,591239;
Anilin;3;25.12.2016 08:00;0,29852;
Anilin;6;25.12.2016 08:00;0,281235;
Anilin;2;25.12.2016 08:00;0,0397416;
Anilin;1;25.12.2016 08:00;0,0282851;
Natriumchlorid;4;25.12.2016 09:00;1,9461;
Natriumchlorid;7;25.12.2016 09:00;1,45213;
Natriumchlorid;5;25.12.2016 09:00;0,599844;
Natriumchlorid;8;25.12.2016 09:00;0,407268;
Natriumchlorid;9;25.12.2016 09:00;0,393651;
Natriumchlorid;3;25.12.2016 09:00;0,340559;
Natriumchlorid;2;25.12.2016 09:00;0,278577;
Natriumchlorid;1;25.12.2016 09:00;0,228619;
Natriumchlorid;6;25.12.2016 09:00;0,0626138;
Arsen;4;25.12.2016 09:00;2,07933;
Arsen;7;25.12.2016 09:00;0,858251;
Arsen;2;25.12.2016 09:00;0,730055;
Arsen;8;25.12.2016 09:00;0,434267;
Arsen;6;25.12.2016 09:00;0,375467;
Arsen;3;25.12.2016 09:00;0,308329;
Arsen;1;25.12.2016 09:00;0,155833;
Arsen;5;25.12.2016 09:00;0,0632661;
Arsen;9;25.12.2016 09:00;0,0511748;
Benzol;6;25.12.2016 09:00;5,11321;
Benzol;4;25.12.2016 09:00;1,92516;
Benzol;5;25.12.2016 09:00;1,49268;
Benzol;8;25.12.2016 09:00;1,11576;
Benzol;1;25.12.2016 09:00;0,435304;
Benzol;7;25.12.2016 09:00;0,290295;
Benzol;3;25.12.2016 09:00;0,260545;
Benzol;9;25.12.2016 09:00;0,162556;
Benzol;2;25.12.2016 09:00;0,0902343;
Anilin;4;25.12.2016 09:00;1,86938;
Anilin;7;25.12.2016 09:00;1,70286;
Anilin;9;25.12.2016 09:00;0,459023;
Anilin;8;25.12.2016 09:00;0,413512;
Anilin;6;25.12.2016 09:00;0,400727;
Anilin;2;25.12.2016 09:00;0,292101;
Anilin;3;25.12.2016 09:00;0,232616;
Anilin;1;25.12.2016 09:00;0,0971491;
Anilin;5;25.12.2016 09:00;0,0478566;
Natriumchlorid;3;25.12.2016 10:00;2,27596;
Natriumchlorid;4;25.12.2016 10:00;1,99283;
Natriumchlorid;5;25.12.2016 10:00;1,02506;
Natriumchlorid;9;25.12.2016 10:00;0,831446;
Natriumchlorid;6;25.12.2016 10:00;0,763481;
Natriumchlorid;8;25.12.2016 10:00;0,670017;
Natriumchlorid;1;25.12.2016 10:00;0,282389;
Natriumchlorid;2;25.12.2016 10:00;0,195617;
Natriumchlorid;7;25.12.2016 10:00;0,0470304;
Arsen;4;25.12.2016 10:00;1,86409;
Arsen;5;25.12.2016 10:00;0,996683;
Arsen;7;25.12.2016 10:00;0,834024;
Arsen;6;25.12.2016 10:00;0,699533;
Arsen;3;25.12.2016 10:00;0,698458;
Arsen;9;25.12.2016 10:00;0,653942;
Arsen;8;25.12.2016 10:00;0,585015;
Arsen;1;25.12.2016 10:00;0,454021;
Arsen;2;25.12.2016 10:00;0,387215;
Benzol;4;25.12.2016 10:00;1,94727;
Benzol;3;25.12.2016 10:00;1,19618;
Benzol;9;25.12.2016 10:00;0,909686;
Benzol;8;25.12.2016 10:00;0,479919;
Benzol;6;25.12.2016 10:00;0,29482;
Benzol;7;25.12.2016 10:00;0,269674;
Benzol;5;25.12.2016 10:00;0,150033;
Benzol;2;25.12.2016 10:00;0,0423905;
Benzol;1;25.12.2016 10:00;0,0369929;
Anilin;4;25.12.2016 10:00;2,25174;
Anilin;6;25.12.2016 10:00;0,608285;
Anilin;9;25.12.2016 10:00;0,565038;
Anilin;5;25.12.2016 10:00;0,546518;
Anilin;3;25.12.2016 10:00;0,501458;
Anilin;1;25.12.2016 10:00;0,427418;
Anilin;8;25.12.2016 10:00;0,423805;
Anilin;7;25.12.2016 10:00;0,397232;
Anilin;2;25.12.2016 10:00;0,103432;
Natriumchlorid;4;25.12.2016 11:00;2,18302;
Natriumchlorid;7;25.12.2016 11:00;2,1722;
Natriumchlorid;3;25.12.2016 11:00;1,79928;
Natriumchlorid;5;25.12.2016 11:00;0,995876;
Natriumchlorid;9;25.12.2016 11:00;0,831366;
Natriumchlorid;6;25.12.2016 11:00;0,331641;
Natriumchlorid;1;25.12.2016 11:00;0,251362;
Natriumchlorid;2;25.12.2016 11:00;0,0741005;
Natriumchlorid;8;25.12.2016 11:00;0,0337426;
Arsen;4;25.12.2016 11:00;1,79697;
Arsen;3;25.12.2016 11:00;0,922717;
Arsen;7;25.12.2016 11:00;0,87483;
Arsen;9;25.12.2016 11:00;0,423816;
Arsen;6;25.12.2016 11:00;0,368328;
Arsen;5;25.12.2016 11:00;0,296455;
Arsen;2;25.12.2016 11:00;0,262274;
Arsen;8;25.12.2016 11:00;0,154206;
Arsen;1;25.12.2016 11:00;0,055062;
Benzol;4;25.12.2016 11:00;2,01591;
Benzol;3;25.12.2016 11:00;1,63353;
Benzol;9;25.12.2016 11:00;0,647323;
Benzol;6;25.12.2016 11:00;0,398386;
Benzol;8;25.12.2016 11:00;0,377789;
Benzol;2;25.12.2016 11:00;0,323862;
Benzol;5;25.12.2016 11:00;0,213949;
Benzol;1;25.12.2016 11:00;0,151983;
Benzol;7;25.12.2016 11:00;0,0545301;
Anilin;3;25.12.2016 11:00;3,01425;
Anilin;4;25.12.2016 11:00;2,40269;
Anilin;8;25.12.2016 11:00;1,1413;
Anilin;5;25.12.2016 11:00;0,839747;
Anilin;6;25.12.2016 11:00;0,47127;
Anilin;1;25.12.2016 11:00;0,246019;
Anilin;7;25.12.2016 11:00;0,187487;
Anilin;2;25.12.2016 11:00;0,132283;
Anilin;9;25.12.2016 11:00;0,0106684;
Natriumchlorid;4;25.12.2016 12:00;1,8806;
Natriumchlorid;5;25.12.2016 12:00;1,44363;
Natriumchlorid;3;25.12.2016 12:00;1,23137;
Natriumchlorid;8;25.12.2016 12:00;0,937284;
Natriumchlorid;9;25.12.2016 12:00;0,41964;
Natriumchlorid;7;25.12.2016 12:00;0,352482;
Natriumchlorid;1;25.12.2016 12:00;0,313837;
Natriumchlorid;6;25.12.2016 12:00;0,313648;
Natriumchlorid;2;25.12.2016 12:00;0,189641;
Arsen;4;25.12.2016 12:00;1,99499;
Arsen;3;25.12.2016 12:00;1,69244;
Arsen;9;25.12.2016 12:00;1,12976;
Arsen;5;25.12.2016 12:00;0,907066;
Arsen;7;25.12.2016 12:00;0,344591;
Arsen;2;25.12.2016 12:00;0,234625;
Arsen;8;25.12.2016 12:00;0,200479;
Arsen;1;25.12.2016 12:00;0,182866;
Arsen;6;25.12.2016 12:00;0,176767;
Benzol;4;25.12.2016 12:00;2,0332;
Benzol;6;25.12.2016 12:00;0,61781;
Benzol;3;25.12.2016 12:00;0,592323;
Benzol;9;25.12.2016 12:00;0,45936;
Benzol;1;25.12.2016 12:00;0,394984;
Benzol;8;25.12.2016 12:00;0,381557;
Benzol;2;25.12.2016 12:00;0,220591;
Benzol;7;25.12.2016 12:00;0,209914;
Benzol;5;25.12.2016 12:00;0,133733;
Anilin;3;25.12.2016 12:00;3,19436;
Anilin;4;25.12.2016 12:00;2,13637;
Anilin;9;25.12.2016 12:00;0,648417;
Anilin;7;25.12.2016 12:00;0,527148;
Anilin;5;25.12.2016 12:00;0,491753;
Anilin;8;25.12.2016 12:00;0,48589;
Anilin;6;25.12.2016 12:00;0,391698;
Anilin;2;25.12.2016 12:00;0,217769;
Anilin;1;25.12.2016 12:00;0,143975;
Natriumchlorid;4;25.12.2016 13:00;1,82017;
Natriumchlorid;2;25.12.2016 13:00;0,827402;
Natriumchlorid;5;25.12.2016 13:00;0,755814;
Natriumchlorid;8;25.12.2016 13:00;0,647051;
Natriumchlorid;3;25.12.2016 13:00;0,445367;
Natriumchlorid;1;25.12.2016 13:00;0,28476;
Natriumchlorid;7;25.12.2016 13:00;0,274374;
Natriumchlorid;9;25.12.2016 13:00;0,270257;
Natriumchlorid;6;25.12.2016 13:00;0,15269;
Arsen;4;25.12.2016 13:00;1,74728;
Arsen;5;25.12.2016 13:00;1,29829;
Arsen;8;25.12.2016 13:00;0,954121;
Arsen;9;25.12.2016 13:00;0,533713;
Arsen;6;25.12.2016 13:00;0,401002;
Arsen;1;25.12.2016 13:00;0,335527;
Arsen;7;25.12.2016 13:00;0,234061;
Arsen;3;25.12.2016 13:00;0,225869;
Arsen;2;25.12.2016 13:00;0,0894132;
Benzol;4;25.12.2016 13:00;1,95729;
Benzol;8;25.12.2016 13:00;1,59;
Benzol;9;25.12.2016 13:00;1,08136;
Benzol;5;25.12.2016 13:00;0,661707;
Benzol;6;25.12.2016 13:00;0,574989;
Benzol;7;25.12.2016 13:00;0,51889;
Benzol;2;25.12.2016 13:00;0,0763169;
Benzol;1;25.12.2016 13:00;0,071305;
Benzol;3;25.12.2016 13:00;0,00214865;
Anilin;4;25.12.2016 13:00;2,19615;
Anilin;8;25.12.2016 13:00;0,738326;
Anilin;7;25.12.2016 13:00;0,683893;
Anilin;1;25.12.2016 13:00;0,371273;
Anilin;3;25.12.2016 13:00;0,149918;
Anilin;2;25.12.2016 13:00;0,108528;
Anilin;5;25.12.2016 13:00;0,0746511;
Anilin;6;25.12.2016 13:00;0,0584793;
Anilin;9;25.12.2016 13:00;0,0407861;
Natriumchlorid;4;25.12.2016 14:00;2,38931;
Natriumchlorid;8;25.12.2016 14:00;0,851233;
Natriumchlorid;5;25.12.2016 14:00;0,687121;
Natriumchlorid;2;25.12.2016 14:00;0,584784;
Natriumchlorid;7;25.12.2016 14:00;0,583503;
Natriumchlorid;6;25.12.2016 14:00;0,401706;
Natriumchlorid;3;25.12.2016 14:00;0,359124;
Natriumchlorid;1;25.12.2016 14:00;0,162068;
Natriumchlorid;9;25.12.2016 14:00;0,14293;
Arsen;4;25.12.2016 14:00;2,21916;
Arsen;3;25.12.2016 14:00;1,98864;
Arsen;9;25.12.2016 14:00;0,910887;
Arsen;7;25.12.2016 14:00;0,876795;
Arsen;8;25.12.2016 14:00;0,861201;
Arsen;5;25.12.2016 14:00;0,659275;
Arsen;2;25.12.2016 14:00;0,540114;
Arsen;1;25.12.2016 14:00;0,461966;
Arsen;6;25.12.2016 14:00;0,256787;
Benzol;3;25.12.2016 14:00;3,79075;
Benzol;4;25.12.2016 14:00;2,08994;
Benzol;8;25.12.2016 14:00;0,722148;
Benzol;5;25.12.2016 14:00;0,69847;
Benzol;1;25.12.2016 14:00;0,598035;
Benzol;6;25.12.2016 14:00;0,344484;
Benzol;9;25.12.2016 14:00;0,281954;
Benzol;7;25.12.2016 14:00;0,228761;
Benzol;2;25.12.2016 14:00;0,189886;
Anilin;4;25.12.2016 14:00;1,85853;
Anilin;7;25.12.2016 14:00;1,85772;
Anilin;5;25.12.2016 14:00;1,19937;
Anilin;3;25.12.2016 14:00;0,799248;
Anilin;2;25.12.2016 14:00;0,421809;
Anilin;9;25.12.2016 14:00;0,371563;
Anilin;6;25.12.2016 14:00;0,291414;
Anilin;8;25.12.2016 14:00;0,24117;
Anilin;1;25.12.2016 14:00;0,046001;
Natriumchlorid;4;25.12.2016 15:00;2,05461;
Natriumchlorid;5;25.12.2016 15:00;0,944941;
Natriumchlorid;3;25.12.2016 15:00;0,772319;
Natriumchlorid;6;25.12.2016 15:00;0,511399;
Natriumchlorid;2;25.12.2016 15:00;0,368817;
Natriumchlorid;8;25.12.2016 15:00;0,244934;
Natriumchlorid;1;25.12.2016 15:00;0,207062;
Natriumchlorid;9;25.12.2016 15:00;0,148767;
Natriumchlorid;7;25.12.2016 15:00;0,138789;
Arsen;4;25.12.2016 15:00;1,59696;
Arsen;2;25.12.2016 15:00;1,01833;
Arsen;9;25.12.2016 15:00;0,835378;
Arsen;5;25.12.2016 15:00;0,781347;
Arsen;6;25.12.2016 15:00;0,687027;
Arsen;7;25.12.2016 15:00;0,501369;
Arsen;1;25.12.2016 15:00;0,40755;
Arsen;3;25.12.2016 15:00;0,364433;
Arsen;8;25.12.2016 15:00;0,262406;
Benzol;4;25.12.2016 15:00;2,28236;
Benzol;3;25.12.2016 15:00;1,68708;
Benzol;2;25.12.2016 15:00;0,851442;
Benzol;9;25.12.2016 15:00;0,721008;
Benzol;6;25.12.2016 15:00;0,608233;
Benzol;5;25.12.2016 15:00;0,56803;
Benzol;8;25.12.2016 15:00;0,515172;
Benzol;1;25.12.2016 15:00;0,379315;
Benzol;7;25.12.2016 15:00;0,304977;
Anilin;4;25.12.2016 15:00;2,24738;
Anilin;3;25.12.2016 15:00;0,919494;
Anilin;7;25.12.2016 15:00;0,847731;
Anilin;6;25.12.2016 15:00;0,808549;
Anilin;9;25.12.2016 15:00;0,748247;
Anilin;5;25.12.2016 15:00;0,720737;
Anilin;2;25.12.2016 15:00;0,717861;
Anilin;8;25.12.2016 15:00;0,386794;
Anilin;1;25.12.2016 15:00;0,26493;
Natriumchlorid;4;25.12.2016 16:00;2,1857;
Natriumchlorid;3;25.12.2016 16:00;1,63387;
Natriumchlorid;9;25.12.2016 16:00;1,49372;
Natriumchlorid;8;25.12.2016 16:00;1,38065;
Natriumchlorid;5;25.12.2016 16:00;0,958594;
Natriumchlorid;6;25.12.2016 16:00;0,424163;
Natriumchlorid;1;25.12.2016 16:00;0,300136;
Natriumchlorid;2;25.12.2016 16:00;0,255245;
Natriumchlorid;7;25.12.2016 16:00;0,0256613;
Arsen;4;25.12.2016 16:00;2,16682;
Arsen;9;25.12.2016 16:00;1,15206;
Arsen;7;25.12.2016 16:00;1,08127;
Arsen;5;25.12.2016 16:00;0,803671;
Arsen;8;25.12.2016 16:00;0,565678;
Arsen;2;25.12.2016 16:00;0,395396;
Arsen;6;25.12.2016 16:00;0,371454;
Arsen;1;25.12.2016 16:00;0,267921;
Arsen;3;25.12.2016 16:00;0,167328;
Benzol;4;25.12.2016 16:00;2,30851;
Benzol;8;25.12.2016 16:00;0,917437;
Benzol;7;25.12.2016 16:00;0,874558;
Benzol;1;25.12.2016 16:00;0,675648;
Benzol;3;25.12.2016 16:00;0,602483;
Benzol;2;25.12.2016 16:00;0,514933;
Benzol;5;25.12.2016 16:00;0,354797;
Benzol;9;25.12.2016 16:00;0,173852;
Benzol;6;25.12.2016 16:00;0,100702;
Anilin;3;25.12.2016 16:00;3,38731;
Anilin;4;25.12.2016 16:00;2,37475;
Anilin;5;25.12.2016 16:00;1,07244;
Anilin;2;25.12.2016 16:00;0,595626;
Anilin;8;25.12.2016 16:00;0,437063;
Anilin;6;25.12.2016 16:00;0,363889;
Anilin;9;25.12.2016 16:00;0,273692;
Anilin;1;25.12.2016 16:00;0,0414677;
Anilin;7;25.12.2016 16:00;0,00597082;
Natriumchlorid;4;25.12.2016 17:00;2,42125;
Natriumchlorid;9;25.12.2016 17:00;1,49865;
Natriumchlorid;7;25.12.2016 17:00;0,969914;
Natriumchlorid;8;25.12.2016 17:00;0,702311;
Natriumchlorid;6;25.12.2016 17:00;0,482906;
Natriumchlorid;3;25.12.2016 17:00;0,291834;
Natriumchlorid;1;25.12.2016 17:00;0,161273;
Natriumchlorid;2;25.12.2016 17:00;0,120669;
Natriumchlorid;5;25.12.2016 17:00;0,0417221;
Arsen;4;25.12.2016 17:00;1,83818;
Arsen;9;25.12.2016 17:00;1,08015;
Arsen;7;25.12.2016 17:00;0,854603;
Arsen;2;25.12.2016 17:00;0,851096;
Arsen;5;25.12.2016 17:00;0,417087;
Arsen;6;25.12.2016 17:00;0,385491;
Arsen;8;25.12.2016 17:00;0,371626;
Arsen;3;25.12.2016 17:00;0,143582;
Arsen;1;25.12.2016 17:00;0,00112975;
Benzol;4;25.12.2016 17:00;1,92369;
Benzol;5;25.12.2016 17:00;0,788683;
Benzol;9;25.12.2016 17:00;0,742833;
Benzol;6;25.12.2016 17:00;0,479169;
Benzol;3;25.12.2016 17:00;0,455317;
Benzol;7;25.12.2016 17:00;0,258506;
Benzol;1;25.12.2016 17:00;0,143195;
Benzol;2;25.12.2016 17:00;0,127902;
Benzol;8;25.12.2016 17:00;0,0504245;
Anilin;4;25.12.2016 17:00;1,98497;
Anilin;7;25.12.2016 17:00;0,540004;
Anilin;9;25.12.2016 17:00;0,455928;
Anilin;3;25.12.2016 17:00;0,455444;
Anilin;8;25.12.2016 17:00;0,364504;
Anilin;2;25.12.2016 17:00;0,338731;
Anilin;6;25.12.2016 17:00;0,325903;
Anilin;1;25.12.2016 17:00;0,267387;
Anilin;5;25.12.2016 17:00;0,0994091;
Natriumchlorid;4;25.12.2016 18:00;2,32335;
Natriumchlorid;3;25.12.2016 18:00;1,35974;
Natriumchlorid;5;25.12.2016 18:00;0,758414;
Natriumchlorid;6;25.12.2016 18:00;0,520485;
Natriumchlorid;1;25.12.2016 18:00;0,439263;
Natriumchlorid;8;25.12.2016 18:00;0,266715;
Natriumchlorid;7;25.12.2016 18:00;0,20858;
Natriumchlorid;2;25.12.2016 18:00;0,108245;
Natriumchlorid;9;25.12.2016 18:00;0,0795599;
Arsen;4;25.12.2016 18:00;1,99458;
Arsen;3;25.12.2016 18:00;1,63512;
Arsen;8;25.12.2016 18:00;0,954042;
Arsen;9;25.12.2016 18:00;0,59488;
Arsen;5;25.12.2016 18:00;0,458977;
Arsen;7;25.12.2016 18:00;0,104374;
Arsen;1;25.12.2016 18:00;0,0949252;
Arsen;6;25.12.2016 18:00;0,0849426;
Arsen;2;25.12.2016 18:00;0,0829448;
Benzol;4;25.12.2016 18:00;1,70528;
Benzol;3;25.12.2016 18:00;0,819754;
Benzol;8;25.12.2016 18:00;0,382773;
Benzol;2;25.12.2016 18:00;0,324967;
Benzol;5;25.12.2016 18:00;0,310672;
Benzol;1;25.12.2016 18:00;0,287159;
Benzol;9;25.12.2016 18:00;0,26302;
Benzol;7;25.12.2016 18:00;0,143144;
Benzol;6;25.12.2016 18:00;0,0278627;
Anilin;4;25.12.2016 18:00;1,86984;
Anilin;7;25.12.2016 18:00;0,701682;
Anilin;5;25.12.2016 18:00;0,65378;
Anilin;6;25.12.2016 18:00;0,591374;
Anilin;2;25.12.2016 18:00;0,473756;
Anilin;3;25.12.2016 18:00;0,450471;
Anilin;1;25.12.2016 18:00;0,382494;
Anilin;8;25.12.2016 18:00;0,233722;
Anilin;9;25.12.2016 18:00;0,144406;
Natriumchlorid;4;25.12.2016 19:00;2,37429;
Natriumchlorid;3;25.12.2016 19:00;2,12859;
Natriumchlorid;7;25.12.2016 19:00;0,835009;
Natriumchlorid;5;25.12.2016 19:00;0,678108;
Natriumchlorid;1;25.12.2016 19:00;0,358778;
Natriumchlorid;6;25.12.2016 19:00;0,216133;
Natriumchlorid;8;25.12.2016 19:00;0,2045;
Natriumchlorid;9;25.12.2016 19:00;0,0389785;
Natriumchlorid;2;25.12.2016 19:00;0,0112312;
Arsen;7;25.12.2016 19:00;2,1625;
Arsen;4;25.12.2016 19:00;1,85457;
Arsen;3;25.12.2016 19:00;1,11526;
Arsen;8;25.12.2016 19:00;0,563813;
Arsen;2;25.12.2016 19:00;0,520458;
Arsen;9;25.12.2016 19:00;0,507197;
Arsen;6;25.12.2016 19:00;0,308207;
Arsen;1;25.12.2016 19:00;0,227233;
Arsen;5;25.12.2016 19:00;0,106572;
Benzol;3;25.12.2016 19:00;2,27499;
Benzol;4;25.12.2016 19:00;1,93069;
Benzol;9;25.12.2016 19:00;0,644073;
Benzol;1;25.12.2016 19:00;0,554004;
Benzol;7;25.12.2016 19:00;0,469054;
Benzol;6;25.12.2016 19:00;0,176138;
Benzol;8;25.12.2016 19:00;0,171174;
Benzol;5;25.12.2016 19:00;0,0559746;
Benzol;2;25.12.2016 19:00;0,0447596;
Anilin;3;25.12.2016 19:00;2,18042;
Anilin;4;25.12.2016 19:00;1,94729;
Anilin;7;25.12.2016 19:00;1,67816;
Anilin;5;25.12.2016 19:00;1,33305;
Anilin;1;25.12.2016 19:00;0,532657;
Anilin;8;25.12.2016 19:00;0,418565;
Anilin;9;25.12.2016 19:00;0,266336;
Anilin;2;25.12.2016 19:00;0,179045;
Anilin;6;25.12.2016 19:00;0,0878087;
Natriumchlorid;4;25.12.2016 20:00;2,15208;
Natriumchlorid;3;25.12.2016 20:00;2,04096;
Natriumchlorid;9;25.12.2016 20:00;1,24928;
Natriumchlorid;8;25.12.2016 20:00;0,591201;
Natriumchlorid;7;25.12.2016 20:00;0,582679;
Natriumchlorid;6;25.12.2016 20:00;0,395111;
Natriumchlorid;1;25.12.2016 20:00;0,373759;
Natriumchlorid;5;25.12.2016 20:00;0,167184;
Natriumchlorid;2;25.12.2016 20:00;0,0996464;
Arsen;4;25.12.2016 20:00;2,31298;
Arsen;3;25.12.2016 20:00;2,20961;
Arsen;2;25.12.2016 20:00;0,887422;
Arsen;9;25.12.2016 20:00;0,541438;
Arsen;1;25.12.2016 20:00;0,42369;
Arsen;8;25.12.2016 20:00;0,388753;
Arsen;6;25.12.2016 20:00;0,256055;
Arsen;7;25.12.2016 20:00;0,12002;
Arsen;5;25.12.2016 20:00;0,0617323;
Benzol;4;25.12.2016 20:00;1,86555;
Benzol;8;25.12.2016 20:00;1,0312;
Benzol;5;25.12.2016 20:00;1,01973;
Benzol;2;25.12.2016 20:00;0,77431;
Benzol;7;25.12.2016 20:00;0,63974;
Benzol;1;25.12.2016 20:00;0,619634;
Benzol;6;25.12.2016 20:00;0,317611;
Benzol;3;25.12.2016 20:00;0,268814;
Benzol;9;25.12.2016 20:00;0,215401;
Anilin;4;25.12.2016 20:00;2,43762;
Anilin;3;25.12.2016 20:00;1,0928;
Anilin;2;25.12.2016 20:00;0,553582;
Anilin;9;25.12.2016 20:00;0,508794;
Anilin;1;25.12.2016 20:00;0,313639;
Anilin;5;25.12.2016 20:00;0,312416;
Anilin;6;25.12.2016 20:00;0,178357;
Anilin;7;25.12.2016 20:00;0,101377;
Anilin;8;25.12.2016 20:00;0,00223067;
Natriumchlorid;3;25.12.2016 21:00;2,76843;
Natriumchlorid;4;25.12.2016 21:00;1,92832;
Natriumchlorid;7;25.12.2016 21:00;0,677425;
Natriumchlorid;8;25.12.2016 21:00;0,621048;
Natriumchlorid;1;25.12.2016 21:00;0,463453;
Natriumchlorid;6;25.12.2016 21:00;0,420776;
Natriumchlorid;9;25.12.2016 21:00;0,154162;
Natriumchlorid;2;25.12.2016 21:00;0,147651;
Natriumchlorid;5;25.12.2016 21:00;0,143143;
Arsen;4;25.12.2016 21:00;1,91923;
Arsen;5;25.12.2016 21:00;0,753008;
Arsen;1;25.12.2016 21:00;0,386426;
Arsen;9;25.12.2016 21:00;0,290093;
Arsen;3;25.12.2016 21:00;0,177147;
Arsen;6;25.12.2016 21:00;0,171498;
Arsen;2;25.12.2016 21:00;0,144891;
Arsen;7;25.12.2016 21:00;0,109995;
Arsen;8;25.12.2016 21:00;0,0343492;
Benzol;4;25.12.2016 21:00;1,98476;
Benzol;3;25.12.2016 21:00;1,59727;
Benzol;7;25.12.2016 21:00;0,883286;
Benzol;9;25.12.2016 21:00;0,713553;
Benzol;6;25.12.2016 21:00;0,692177;
Benzol;8;25.12.2016 21:00;0,197194;
Benzol;2;25.12.2016 21:00;0,142722;
Benzol;5;25.12.2016 21:00;0,133118;
Benzol;1;25.12.2016 21:00;0,0449287;
Anilin;4;25.12.2016 21:00;1,87664;
Anilin;9;25.12.2016 21:00;1,25398;
Anilin;7;25.12.2016 21:00;0,739442;
Anilin;8;25.12.2016 21:00;0,709692;
Anilin;5;25.12.2016 21:00;0,459893;
Anilin;6;25.12.2016 21:00;0,355911;
Anilin;3;25.12.2016 21:00;0,223914;
Anilin;1;25.12.2016 21:00;0,0750776;
Anilin;2;25.12.2016 21:00;0,0698813;
Natriumchlorid;4;25.12.2016 22:00;2,09378;
Natriumchlorid;9;25.12.2016 22:00;0,791333;
Natriumchlorid;5;25.12.2016 22:00;0,704229;
Natriumchlorid;2;25.12.2016 22:00;0,457429;
Natriumchlorid;3;25.12.2016 22:00;0,384616;
Natriumchlorid;7;25.12.2016 22:00;0,164036;
Natriumchlorid;6;25.12.2016 22:00;0,156426;
Natriumchlorid;1;25.12.2016 22:00;0,0961;
Natriumchlorid;8;25.12.2016 22:00;0,061849;
Arsen;4;25.12.2016 22:00;1,92168;
Arsen;7;25.12.2016 22:00;1,62748;
Arsen;5;25.12.2016 22:00;1,11106;
Arsen;3;25.12.2016 22:00;0,792193;
Arsen;8;25.12.2016 22:00;0,506238;
Arsen;6;25.12.2016 22:00;0,448426;
Arsen;1;25.12.2016 22:00;0,385037;
Arsen;9;25.12.2016 22:00;0,382638;
Arsen;2;25.12.2016 22:00;0,269144;
Benzol;4;25.12.2016 22:00;2,3115;
Benzol;8;25.12.2016 22:00;0,936606;
Benzol;6;25.12.2016 22:00;0,554578;
Benzol;9;25.12.2016 22:00;0,374267;
Benzol;5;25.12.2016 22:00;0,191827;
Benzol;1;25.12.2016 22:00;0,184325;
Benzol;2;25.12.2016 22:00;0,169559;
Benzol;7;25.12.2016 22:00;0,137976;
Benzol;3;25.12.2016 22:00;0,127125;
Anilin;4;25.12.2016 22:00;2,20832;
Anilin;9;25.12.2016 22:00;1,07044;
Anilin;2;25.12.2016 22:00;0,932292;
Anilin;5;25.12.2016 22:00;0,63627;
Anilin;6;25.12.2016 22:00;0,494419;
Anilin;3;25.12.2016 22:00;0,369303;
Anilin;8;25.12.2016 22:00;0,308748;
Anilin;7;25.12.2016 22:00;0,209703;
Anilin;1;25.12.2016 22:00;0,0493731;
Natriumchlorid;4;25.12.2016 23:00;2,19984;
Natriumchlorid;5;25.12.2016 23:00;1,29349;
Natriumchlorid;9;25.12.2016 23:00;0,450368;
Natriumchlorid;2;25.12.2016 23:00;0,250269;
Natriumchlorid;7;25.12.2016 23:00;0,198614;
Natriumchlorid;1;25.12.2016 23:00;0,150912;
Natriumchlorid;8;25.12.2016 23:00;0,0794577;
Natriumchlorid;6;25.12.2016 23:00;0,0181256;
Natriumchlorid;3;25.12.2016 23:00;0,0125502;
Arsen;4;25.12.2016 23:00;1,88733;
Arsen;3;25.12.2016 23:00;1,1069;
Arsen;2;25.12.2016 23:00;0,883567;
Arsen;8;25.12.2016 23:00;0,681661;
Arsen;7;25.12.2016 23:00;0,363448;
Arsen;6;25.12.2016 23:00;0,207754;
Arsen;9;25.12.2016 23:00;0,192205;
Arsen;5;25.12.2016 23:00;0,180963;
Arsen;1;25.12.2016 23:00;0,160899;
Benzol;5;25.12.2016 23:00;2,22683;
Benzol;4;25.12.2016 23:00;1,96749;
Benzol;3;25.12.2016 23:00;0,673388;
Benzol;6;25.12.2016 23:00;0,645253;
Benzol;9;25.12.2016 23:00;0,551489;
Benzol;2;25.12.2016 23:00;0,470516;
Benzol;7;25.12.2016 23:00;0,37838;
Benzol;1;25.12.2016 23:00;0,210799;
Benzol;8;25.12.2016 23:00;0,0517236;
Anilin;4;25.12.2016 23:00;1,91445;
Anilin;3;25.12.2016 23:00;1,65168;
Anilin;7;25.12.2016 23:00;1,29775;
Anilin;9;25.12.2016 23:00;0,754039;
Anilin;6;25.12.2016 23:00;0,537827;
Anilin;1;25.12.2016 23:00;0,380324;
Anilin;8;25.12.2016 23:00;0,256841;
Anilin;2;25.12.2016 23:00;0,0744543;
Anilin;5;25.12.2016 23:00;0,00622902;
Natriumchlorid;4;26.12.2016 00:00;1,92331;
Natriumchlorid;5;26.12.2016 00:00;1,30217;
Natriumchlorid;9;26.12.2016 00:00;0,959262;
Natriumchlorid;8;26.12.2016 00:00;0,85542;
Natriumchlorid;6;26.12.2016 00:00;0,707668;
Natriumchlorid;2;26.12.2016 00:00;0,574604;
Natriumchlorid;1;26.12.2016 00:00;0,182052;
Natriumchlorid;7;26.12.2016 00:00;0,11464;
Natriumchlorid;3;26.12.2016 00:00;0,0242963;
Arsen;4;26.12.2016 00:00;2,06469;
Arsen;2;26.12.2016 00:00;0,796729;
Arsen;6;26.12.2016 00:00;0,740083;
Arsen;3;26.12.2016 00:00;0,637344;
Arsen;7;26.12.2016 00:00;0,455458;
Arsen;8;26.12.2016 00:00;0,438139;
Arsen;9;26.12.2016 00:00;0,284493;
Arsen;1;26.12.2016 00:00;0,199503;
Arsen;5;26.12.2016 00:00;0,0541585;
Benzol;4;26.12.2016 00:00;2,15871;
Benzol;8;26.12.2016 00:00;0,580667;
Benzol;3;26.12.2016 00:00;0,537223;
Benzol;5;26.12.2016 00:00;0,380311;
Benzol;9;26.12.2016 00:00;0,342903;
Benzol;7;26.12.2016 00:00;0,278575;
Benzol;6;26.12.2016 00:00;0,249714;
Benzol;2;26.12.2016 00:00;0,148744;
Benzol;1;26.12.2016 00:00;0,0538858;
Anilin;4;26.12.2016 00:00;1,70555;
Anilin;5;26.12.2016 00:00;1,12277;
Anilin;9;26.12.2016 00:00;0,648657;
Anilin;6;26.12.2016 00:00;0,488963;
Anilin;3;26.12.2016 00:00;0,415361;
Anilin;1;26.12.2016 00:00;0,304759;
Anilin;7;26.12.2016 00:00;0,0773106;
Anilin;8;26.12.2016 00:00;0,0172025;
Anilin;2;26.12.2016 00:00;0,00570178;
Natriumchlorid;3;26.12.2016 01:00;2,13987;
Natriumchlorid;4;26.12.2016 01:00;2,07402;
Natriumchlorid;8;26.12.2016 01:00;0,650429;
Natriumchlorid;9;26.12.2016 01:00;0,601803;
Natriumchlorid;6;26.12.2016 01:00;0,370387;
Natriumchlorid;5;26.12.2016 01:00;0,158175;
Natriumchlorid;1;26.12.2016 01:00;0,0657208;
Natriumchlorid;7;26.12.2016 01:00;0,0610443;
Natriumchlorid;2;26.12.2016 01:00;0,0358165;
Arsen;4;26.12.2016 01:00;2,1232;
Arsen;2;26.12.2016 01:00;1,03301;
Arsen;3;26.12.2016 01:00;0,868469;
Arsen;6;26.12.2016 01:00;0,491487;
Arsen;8;26.12.2016 01:00;0,377666;
Arsen;7;26.12.2016 01:00;0,220805;
Arsen;9;26.12.2016 01:00;0,175254;
Arsen;1;26.12.2016 01:00;0,132953;
Arsen;5;26.12.2016 01:00;0,01817;
Benzol;4;26.12.2016 01:00;2,08818;
Benzol;9;26.12.2016 01:00;0,787318;
Benzol;5;26.12.2016 01:00;0,68739;
Benzol;8;26.12.2016 01:00;0,569352;
Benzol;2;26.12.2016 01:00;0,499105;
Benzol;6;26.12.2016 01:00;0,204844;
Benzol;3;26.12.2016 01:00;0,200522;
Benzol;1;26.12.2016 01:00;0,101076;
Benzol;7;26.12.2016 01:00;0,0649364;
Anilin;3;26.12.2016 01:00;2,22802;
Anilin;4;26.12.2016 01:00;2,03621;
Anilin;9;26.12.2016 01:00;0,930241;
Anilin;2;26.12.2016 01:00;0,614891;
Anilin;8;26.12.2016 01:00;0,499122;
Anilin;5;26.12.2016 01:00;0,447061;
Anilin;7;26.12.2016 01:00;0,301003;
Anilin;6;26.12.2016 01:00;0,190341;
Anilin;1;26.12.2016 01:00;0,0797903;
Natriumchlorid;4;26.12.2016 02:00;1,84113;
Natriumchlorid;3;26.12.2016 02:00;1,22695;
Natriumchlorid;5;26.12.2016 02:00;0,632113;
Natriumchlorid;8;26.12.2016 02:00;0,494365;
Natriumchlorid;9;26.12.2016 02:00;0,278319;
Natriumchlorid;6;26.12.2016 02:00;0,27762;
Natriumchlorid;1;26.12.2016 02:00;0,198845;
Natriumchlorid;7;26.12.2016 02:00;0,110562;
Natriumchlorid;2;26.12.2016 02:00;0,0212264;
Arsen;3;26.12.2016 02:00;1,90434;
Arsen;4;26.12.2016 02:00;1,85499;
Arsen;5;26.12.2016 02:00;1,1273;
Arsen;8;26.12.2016 02:00;0,893766;
Arsen;6;26.12.2016 02:00;0,724061;
Arsen;7;26.12.2016 02:00;0,477584;
Arsen;1;26.12.2016 02:00;0,221976;
Arsen;9;26.12.2016 02:00;0,159311;
Arsen;2;26.12.2016 02:00;0,069849;
Benzol;7;26.12.2016 02:00;2,51944;
Benzol;4;26.12.2016 02:00;1,73556;
Benzol;9;26.12.2016 02:00;1,15796;
Benzol;3;26.12.2016 02:00;0,744766;
Benzol;8;26.12.2016 02:00;0,519805;
Benzol;6;26.12.2016 02:00;0,399732;
Benzol;1;26.12.2016 02:00;0,236858;
Benzol;2;26.12.2016 02:00;0,196867;
Benzol;5;26.12.2016 02:00;0,163571;
Anilin;4;26.12.2016 02:00;2,23938;
Anilin;9;26.12.2016 02:00;1,42565;
Anilin;8;26.12.2016 02:00;0,558271;
Anilin;5;26.12.2016 02:00;0,374967;
Anilin;6;26.12.2016 02:00;0,363064;
Anilin;3;26.12.2016 02:00;0,355221;
Anilin;1;26.12.2016 02:00;0,211627;
Anilin;2;26.12.2016 02:00;0,165641;
Anilin;7;26.12.2016 02:00;0,138848;
Natriumchlorid;4;26.12.2016 03:00;2,24246;
Natriumchlorid;2;26.12.2016 03:00;0,429475;
Natriumchlorid;6;26.12.2016 03:00;0,346215;
Natriumchlorid;9;26.12.2016 03:00;0,29065;
Natriumchlorid;3;26.12.2016 03:00;0,283445;
Natriumchlorid;1;26.12.2016 03:00;0,168266;
Natriumchlorid;5;26.12.2016 03:00;0,119305;
Natriumchlorid;7;26.12.2016 03:00;0,113833;
Natriumchlorid;8;26.12.2016 03:00;0,0148272;
Arsen;3;26.12.2016 03:00;2,73875;
Arsen;4;26.12.2016 03:00;1,99227;
Arsen;9;26.12.2016 03:00;0,716007;
Arsen;5;26.12.2016 03:00;0,360672;
Arsen;8;26.12.2016 03:00;0,357494;
Arsen;7;26.12.2016 03:00;0,335361;
Arsen;6;26.12.2016 03:00;0,262832;
Arsen;2;26.12.2016 03:00;0,136997;
Arsen;1;26.12.2016 03:00;0,0763633;
Benzol;4;26.12.2016 03:00;2,60677;
Benzol;3;26.12.2016 03:00;1,59051;
Benzol;7;26.12.2016 03:00;1,24724;
Benzol;6;26.12.2016 03:00;0,684017;
Benzol;1;26.12.2016 03:00;0,555554;
Benzol;8;26.12.2016 03:00;0,396374;
Benzol;9;26.12.2016 03:00;0,18166;
Benzol;2;26.12.2016 03:00;0,131196;
Benzol;5;26.12.2016 03:00;0,0376458;
Anilin;4;26.12.2016 03:00;2,33953;
Anilin;3;26.12.2016 03:00;2,33378;
Anilin;5;26.12.2016 03:00;1,16557;
Anilin;8;26.12.2016 03:00;1,03538;
Anilin;2;26.12.2016 03:00;0,467753;
Anilin;9;26.12.2016 03:00;0,276699;
Anilin;7;26.12.2016 03:00;0,241853;
Anilin;6;26.12.2016 03:00;0,237929;
Anilin;1;26.12.2016 03:00;0,0570669;
Natriumchlorid;4;26.12.2016 04:00;2,10315;
Natriumchlorid;3;26.12.2016 04:00;2,01428;
Natriumchlorid;5;26.12.2016 04:00;0,761784;
Natriumchlorid;7;26.12.2016 04:00;0,750512;
Natriumchlorid;6;26.12.2016 04:00;0,622692;
Natriumchlorid;8;26.12.2016 04:00;0,445215;
Natriumchlorid;2;26.12.2016 04:00;0,316167;
Natriumchlorid;9;26.12.2016 04:00;0,100053;
Natriumchlorid;1;26.12.2016 04:00;0,0187554;
Arsen;4;26.12.2016 04:00;2,01207;
Arsen;9;26.12.2016 04:00;0,824935;
Arsen;7;26.12.2016 04:00;0,510206;
Arsen;2;26.12.2016 04:00;0,451442;
Arsen;8;26.12.2016 04:00;0,407972;
Arsen;6;26.12.2016 04:00;0,377762;
Arsen;5;26.12.2016 04:00;0,347892;
Arsen;3;26.12.2016 04:00;0,253112;
Arsen;1;26.12.2016 04:00;0,197345;
Benzol;4;26.12.2016 04:00;1,83611;
Benzol;5;26.12.2016 04:00;1,7575;
Benzol;3;26.12.2016 04:00;1,64971;
Benzol;2;26.12.2016 04:00;0,951781;
Benzol;9;26.12.2016 04:00;0,775267;
Benzol;8;26.12.2016 04:00;0,360363;
Benzol;6;26.12.2016 04:00;0,187188;
Benzol;7;26.12.2016 04:00;0,117778;
Benzol;1;26.12.2016 04:00;0,0587969;
Anilin;3;26.12.2016 04:00;3,58274;
Anilin;4;26.12.2016 04:00;2,1664;
Anilin;2;26.12.2016 04:00;0,659072;
Anilin;6;26.12.2016 04:00;0,559534;
Anilin;8;26.12.2016 04:00;0,514248;
Anilin;5;26.12.2016 04:00;0,431187;
Anilin;9;26.12.2016 04:00;0,407902;
Anilin;1;26.12.2016 04:00;0,126787;
Anilin;7;26.12.2016 04:00;0,0204469;
Natriumchlorid;4;26.12.2016 05:00;2,05377;
Natriumchlorid;3;26.12.2016 05:00;0,99553;
Natriumchlorid;8;26.12.2016 05:00;0,736404;
Natriumchlorid;9;26.12.2016 05:00;0,318469;
Natriumchlorid;2;26.12.2016 05:00;0,27409;
Natriumchlorid;5;26.12.2016 05:00;0,273031;
Natriumchlorid;7;26.12.2016 05:00;0,144578;
Natriumchlorid;1;26.12.2016 05:00;0,0628896;
Natriumchlorid;6;26.12.2016 05:00;0,0232109;
Arsen;4;26.12.2016 05:00;2,38694;
Arsen;5;26.12.2016 05:00;1,0936;
Arsen;3;26.12.2016 05:00;1,01547;
Arsen;8;26.12.2016 05:00;0,725844;
Arsen;7;26.12.2016 05:00;0,717569;
Arsen;2;26.12.2016 05:00;0,600555;
Arsen;6;26.12.2016 05:00;0,345326;
Arsen;9;26.12.2016 05:00;0,189145;
Arsen;1;26.12.2016 05:00;0,177824;
Benzol;4;26.12.2016 05:00;2,08988;
Benzol;3;26.12.2016 05:00;1,99211;
Benzol;5;26.12.2016 05:00;1,09314;
Benzol;7;26.12.2016 05:00;0,78587;
Benzol;6;26.12.2016 05:00;0,507012;
Benzol;1;26.12.2016 05:00;0,454433;
Benzol;8;26.12.2016 05:00;0,438999;
Benzol;9;26.12.2016 05:00;0,161717;
Benzol;2;26.12.2016 05:00;0,160509;
Anilin;7;26.12.2016 05:00;1,99922;
Anilin;4;26.12.2016 05:00;1,82322;
Anilin;9;26.12.2016 05:00;1,64546;
Anilin;5;26.12.2016 05:00;1,35265;
Anilin;2;26.12.2016 05:00;0,454807;
Anilin;8;26.12.2016 05:00;0,362476;
Anilin;1;26.12.2016 05:00;0,335836;
Anilin;6;26.12.2016 05:00;0,105627;
Anilin;3;26.12.2016 05:00;0,0396183;
Natriumchlorid;4;26.12.2016 06:00;2,1867;
Natriumchlorid;5;26.12.2016 06:00;1,48285;
Natriumchlorid;3;26.12.2016 06:00;0,770035;
Natriumchlorid;7;26.12.2016 06:00;0,758823;
Natriumchlorid;8;26.12.2016 06:00;0,604132;
Natriumchlorid;1;26.12.2016 06:00;0,589127;
Natriumchlorid;9;26.12.2016 06:00;0,197277;
Natriumchlorid;6;26.12.2016 06:00;0,110553;
Natriumchlorid;2;26.12.2016 06:00;0,0458301;
Arsen;4;26.12.2016 06:00;2,33452;
Arsen;9;26.12.2016 06:00;1,03358;
Arsen;5;26.12.2016 06:00;0,965707;
Arsen;3;26.12.2016 06:00;0,744148;
Arsen;8;26.12.2016 06:00;0,624397;
Arsen;2;26.12.2016 06:00;0,490252;
Arsen;6;26.12.2016 06:00;0,252263;
Arsen;1;26.12.2016 06:00;0,194239;
Arsen;7;26.12.2016 06:00;0,101508;
Benzol;4;26.12.2016 06:00;1,88321;
Benzol;3;26.12.2016 06:00;1,16773;
Benzol;7;26.12.2016 06:00;0,51889;
Benzol;8;26.12.2016 06:00;0,395058;
Benzol;6;26.12.2016 06:00;0,311408;
Benzol;5;26.12.2016 06:00;0,169201;
Benzol;1;26.12.2016 06:00;0,101871;
Benzol;9;26.12.2016 06:00;0,0505596;
Benzol;2;26.12.2016 06:00;0,0410798;
Anilin;4;26.12.2016 06:00;2,18161;
Anilin;3;26.12.2016 06:00;1,82374;
Anilin;8;26.12.2016 06:00;1,00892;
Anilin;2;26.12.2016 06:00;0,776118;
Anilin;7;26.12.2016 06:00;0,766948;
Anilin;6;26.12.2016 06:00;0,46797;
Anilin;9;26.12.2016 06:00;0,280357;
Anilin;1;26.12.2016 06:00;0,200956;
Anilin;5;26.12.2016 06:00;0,128265;
Natriumchlorid;4;26.12.2016 07:00;1,90222;
Natriumchlorid;8;26.12.2016 07:00;0,846238;
Natriumchlorid;7;26.12.2016 07:00;0,725192;
Natriumchlorid;9;26.12.2016 07:00;0,515804;
Natriumchlorid;6;26.12.2016 07:00;0,405991;
Natriumchlorid;5;26.12.2016 07:00;0,333152;
Natriumchlorid;3;26.12.2016 07:00;0,270518;
Natriumchlorid;2;26.12.2016 07:00;0,153276;
Natriumchlorid;1;26.12.2016 07:00;0,0121039;
Arsen;4;26.12.2016 07:00;1,85391;
Arsen;3;26.12.2016 07:00;0,86693;
Arsen;8;26.12.2016 07:00;0,817519;
Arsen;5;26.12.2016 07:00;0,768464;
Arsen;7;26.12.2016 07:00;0,706693;
Arsen;9;26.12.2016 07:00;0,533874;
Arsen;6;26.12.2016 07:00;0,246513;
Arsen;1;26.12.2016 07:00;0,074748;
Arsen;2;26.12.2016 07:00;0,0569388;
Benzol;4;26.12.2016 07:00;2,05581;
Benzol;7;26.12.2016 07:00;1,2626;
Benzol;9;26.12.2016 07:00;0,820442;
Benzol;2;26.12.2016 07:00;0,589771;
Benzol;3;26.12.2016 07:00;0,526499;
Benzol;6;26.12.2016 07:00;0,345914;
Benzol;8;26.12.2016 07:00;0,334579;
Benzol;1;26.12.2016 07:00;0,286571;
Benzol;5;26.12.2016 07:00;0,164437;
Anilin;4;26.12.2016 07:00;2,08725;
Anilin;8;26.12.2016 07:00;1,10597;
Anilin;5;26.12.2016 07:00;0,540945;
Anilin;1;26.12.2016 07:00;0,497206;
Anilin;3;26.12.2016 07:00;0,445218;
Anilin;6;26.12.2016 07:00;0,378978;
Anilin;9;26.12.2016 07:00;0,142915;
Anilin;7;26.12.2016 07:00;0,0205725;
Anilin;2;26.12.2016 07:00;0,00305074;
Natriumchlorid;4;26.12.2016 08:00;2,31819;
Natriumchlorid;3;26.12.2016 08:00;0,960494;
Natriumchlorid;5;26.12.2016 08:00;0,934857;
Natriumchlorid;7;26.12.2016 08:00;0,598246;
Natriumchlorid;6;26.12.2016 08:00;0,438369;
Natriumchlorid;1;26.12.2016 08:00;0,320577;
Natriumchlorid;8;26.12.2016 08:00;0,306202;
Natriumchlorid;2;26.12.2016 08:00;0,103738;
Natriumchlorid;9;26.12.2016 08:00;0,037357;
Arsen;4;26.12.2016 08:00;1,94671;
Arsen;3;26.12.2016 08:00;1,71275;
Arsen;8;26.12.2016 08:00;1,0099;
Arsen;9;26.12.2016 08:00;0,748107;
Arsen;2;26.12.2016 08:00;0,590214;
Arsen;7;26.12.2016 08:00;0,512006;
Arsen;6;26.12.2016 08:00;0,462966;
Arsen;5;26.12.2016 08:00;0,373247;
Arsen;1;26.12.2016 08:00;0,0649913;
Benzol;7;26.12.2016 08:00;2,09911;
Benzol;4;26.12.2016 08:00;2,05509;
Benzol;3;26.12.2016 08:00;1,26573;
Benzol;9;26.12.2016 08:00;1,01913;
Benzol;5;26.12.2016 08:00;0,686324;
Benzol;6;26.12.2016 08:00;0,544521;
Benzol;8;26.12.2016 08:00;0,32373;
Benzol;1;26.12.2016 08:00;0,304496;
Benzol;2;26.12.2016 08:00;0,029643;
Anilin;4;26.12.2016 08:00;2,03148;
Anilin;5;26.12.2016 08:00;0,586974;
Anilin;9;26.12.2016 08:00;0,565573;
Anilin;6;26.12.2016 08:00;0,4127;
Anilin;7;26.12.2016 08:00;0,187922;
Anilin;2;26.12.2016 08:00;0,156941;
Anilin;1;26.12.2016 08:00;0,141297;
Anilin;3;26.12.2016 08:00;0,108463;
Anilin;8;26.12.2016 08:00;0,0675888;
Natriumchlorid;4;26.12.2016 09:00;1,86929;
Natriumchlorid;3;26.12.2016 09:00;0,760864;
Natriumchlorid;2;26.12.2016 09:00;0,595626;
Natriumchlorid;9;26.12.2016 09:00;0,335466;
Natriumchlorid;7;26.12.2016 09:00;0,320879;
Natriumchlorid;5;26.12.2016 09:00;0,249272;
Natriumchlorid;1;26.12.2016 09:00;0,178224;
Natriumchlorid;6;26.12.2016 09:00;0,119749;
Natriumchlorid;8;26.12.2016 09:00;0,109527;
Arsen;4;26.12.2016 09:00;2,27897;
Arsen;9;26.12.2016 09:00;0,589486;
Arsen;5;26.12.2016 09:00;0,325825;
Arsen;6;26.12.2016 09:00;0,256213;
Arsen;2;26.12.2016 09:00;0,217953;
Arsen;3;26.12.2016 09:00;0,194272;
Arsen;7;26.12.2016 09:00;0,179315;
Arsen;1;26.12.2016 09:00;0,162192;
Arsen;8;26.12.2016 09:00;0,137051;
Benzol;3;26.12.2016 09:00;5,74832;
Benzol;4;26.12.2016 09:00;2,49671;
Benzol;2;26.12.2016 09:00;1,05452;
Benzol;9;26.12.2016 09:00;0,736574;
Benzol;8;26.12.2016 09:00;0,615402;
Benzol;6;26.12.2016 09:00;0,580622;
Benzol;1;26.12.2016 09:00;0,342877;
Benzol;7;26.12.2016 09:00;0,261901;
Benzol;5;26.12.2016 09:00;0,17883;
Anilin;4;26.12.2016 09:00;1,98732;
Anilin;7;26.12.2016 09:00;1,39444;
Anilin;9;26.12.2016 09:00;1,06775;
Anilin;8;26.12.2016 09:00;0,661508;
Anilin;6;26.12.2016 09:00;0,655641;
Anilin;3;26.12.2016 09:00;0,297132;
Anilin;5;26.12.2016 09:00;0,0308418;
Anilin;2;26.12.2016 09:00;0,0278322;
Anilin;1;26.12.2016 09:00;0,0223796;
Natriumchlorid;4;26.12.2016 10:00;2,13154;
Natriumchlorid;7;26.12.2016 10:00;1,77408;
Natriumchlorid;6;26.12.2016 10:00;0,553507;
Natriumchlorid;2;26.12.2016 10:00;0,478884;
Natriumchlorid;5;26.12.2016 10:00;0,416846;
Natriumchlorid;9;26.12.2016 10:00;0,373237;
Natriumchlorid;1;26.12.2016 10:00;0,150967;
Natriumchlorid;3;26.12.2016 10:00;0,102712;
Natriumchlorid;8;26.12.2016 10:00;0,0344559;
Arsen;6;26.12.2016 10:00;4,07212;
Arsen;4;26.12.2016 10:00;1,70501;
Arsen;3;26.12.2016 10:00;1,54858;
Arsen;8;26.12.2016 10:00;1,00275;
Arsen;9;26.12.2016 10:00;0,750551;
Arsen;7;26.12.2016 10:00;0,698971;
Arsen;5;26.12.2016 10:00;0,159464;
Arsen;2;26.12.2016 10:00;0,12292;
Arsen;1;26.12.2016 10:00;0,0727126;
Benzol;4;26.12.2016 10:00;2,42031;
Benzol;1;26.12.2016 10:00;1,1355;
Benzol;5;26.12.2016 10:00;0,935044;
Benzol;9;26.12.2016 10:00;0,904173;
Benzol;3;26.12.2016 10:00;0,677072;
Benzol;6;26.12.2016 10:00;0,641278;
Benzol;8;26.12.2016 10:00;0,596155;
Benzol;2;26.12.2016 10:00;0,496298;
Benzol;7;26.12.2016 10:00;0,34454;
Anilin;4;26.12.2016 10:00;1,86234;
Anilin;7;26.12.2016 10:00;1,13496;
Anilin;8;26.12.2016 10:00;0,638918;
Anilin;9;26.12.2016 10:00;0,397482;
Anilin;6;26.12.2016 10:00;0,389201;
Anilin;2;26.12.2016 10:00;0,251873;
Anilin;3;26.12.2016 10:00;0,194535;
Anilin;5;26.12.2016 10:00;0,168355;
Anilin;1;26.12.2016 10:00;0,0113171;
Natriumchlorid;7;26.12.2016 11:00;2,91028;
Natriumchlorid;4;26.12.2016 11:00;2,02864;
Natriumchlorid;9;26.12.2016 11:00;1,21715;
Natriumchlorid;6;26.12.2016 11:00;0,531152;
Natriumchlorid;2;26.12.2016 11:00;0,528966;
Natriumchlorid;3;26.12.2016 11:00;0,521083;
Natriumchlorid;5;26.12.2016 11:00;0,240593;
Natriumchlorid;1;26.12.2016 11:00;0,0567873;
Natriumchlorid;8;26.12.2016 11:00;0,0440147;
Arsen;4;26.12.2016 11:00;2,25624;
Arsen;3;26.12.2016 11:00;0,712729;
Arsen;9;26.12.2016 11:00;0,44388;
Arsen;5;26.12.2016 11:00;0,430364;
Arsen;8;26.12.2016 11:00;0,370583;
Arsen;2;26.12.2016 11:00;0,356354;
Arsen;6;26.12.2016 11:00;0,270664;
Arsen;7;26.12.2016 11:00;0,241825;
Arsen;1;26.12.2016 11:00;0,237855;
Benzol;2;26.12.2016 11:00;2,4588;
Benzol;4;26.12.2016 11:00;2,10583;
Benzol;9;26.12.2016 11:00;1,08584;
Benzol;8;26.12.2016 11:00;1,06289;
Benzol;7;26.12.2016 11:00;0,763789;
Benzol;6;26.12.2016 11:00;0,756898;
Benzol;5;26.12.2016 11:00;0,587734;
Benzol;3;26.12.2016 11:00;0,123464;
Benzol;1;26.12.2016 11:00;0,108269;
Anilin;3;26.12.2016 11:00;3,48922;
Anilin;4;26.12.2016 11:00;1,70487;
Anilin;8;26.12.2016 11:00;1,31052;
Anilin;2;26.12.2016 11:00;0,966224;
Anilin;9;26.12.2016 11:00;0,753002;
Anilin;7;26.12.2016 11:00;0,480317;
Anilin;5;26.12.2016 11:00;0,385167;
Anilin;1;26.12.2016 11:00;0,10635;
Anilin;6;26.12.2016 11:00;0,0820952;
Natriumchlorid;7;26.12.2016 12:00;3,87846;
Natriumchlorid;3;26.12.2016 12:00;3,41728;
Natriumchlorid;4;26.12.2016 12:00;2,06766;
Natriumchlorid;9;26.12.2016 12:00;1,32447;
Natriumchlorid;6;26.12.2016 12:00;0,575506;
Natriumchlorid;8;26.12.2016 12:00;0,411339;
Natriumchlorid;2;26.12.2016 12:00;0,340357;
Natriumchlorid;5;26.12.2016 12:00;0,208911;
Natriumchlorid;1;26.12.2016 12:00;0,0528449;
Arsen;3;26.12.2016 12:00;4,13287;
Arsen;4;26.12.2016 12:00;1,98671;
Arsen;5;26.12.2016 12:00;1,3639;
Arsen;9;26.12.2016 12:00;0,660091;
Arsen;8;26.12.2016 12:00;0,216958;
Arsen;2;26.12.2016 12:00;0,207574;
Arsen;1;26.12.2016 12:00;0,160899;
Arsen;6;26.12.2016 12:00;0,130446;
Arsen;7;26.12.2016 12:00;0,0386455;
Benzol;3;26.12.2016 12:00;2,91248;
Benzol;4;26.12.2016 12:00;1,96107;
Benzol;9;26.12.2016 12:00;1,10128;
Benzol;6;26.12.2016 12:00;0,640866;
Benzol;8;26.12.2016 12:00;0,289413;
Benzol;1;26.12.2016 12:00;0,264866;
Benzol;5;26.12.2016 12:00;0,195235;
Benzol;7;26.12.2016 12:00;0,110456;
Benzol;2;26.12.2016 12:00;0,0364359;
Anilin;4;26.12.2016 12:00;1,91399;
Anilin;3;26.12.2016 12:00;1,28018;
Anilin;7;26.12.2016 12:00;0,864705;
Anilin;6;26.12.2016 12:00;0,610322;
Anilin;9;26.12.2016 12:00;0,293901;
Anilin;5;26.12.2016 12:00;0,288192;
Anilin;1;26.12.2016 12:00;0,206327;
Anilin;8;26.12.2016 12:00;0,114089;
Anilin;2;26.12.2016 12:00;0,0959161;
Natriumchlorid;3;26.12.2016 13:00;2,50547;
Natriumchlorid;7;26.12.2016 13:00;2,297;
Natriumchlorid;4;26.12.2016 13:00;1,72919;
Natriumchlorid;5;26.12.2016 13:00;0,715264;
Natriumchlorid;6;26.12.2016 13:00;0,448174;
Natriumchlorid;8;26.12.2016 13:00;0,263347;
Natriumchlorid;9;26.12.2016 13:00;0,237025;
Natriumchlorid;2;26.12.2016 13:00;0,234359;
Natriumchlorid;1;26.12.2016 13:00;0,120649;
Arsen;4;26.12.2016 13:00;2,1814;
Arsen;5;26.12.2016 13:00;1,83213;
Arsen;9;26.12.2016 13:00;1,22873;
Arsen;7;26.12.2016 13:00;0,581558;
Arsen;2;26.12.2016 13:00;0,506111;
Arsen;1;26.12.2016 13:00;0,473549;
Arsen;6;26.12.2016 13:00;0,391866;
Arsen;3;26.12.2016 13:00;0,387655;
Arsen;8;26.12.2016 13:00;0,329047;
Benzol;3;26.12.2016 13:00;5,54436;
Benzol;4;26.12.2016 13:00;2,01505;
Benzol;9;26.12.2016 13:00;0,82533;
Benzol;7;26.12.2016 13:00;0,801754;
Benzol;5;26.12.2016 13:00;0,691164;
Benzol;6;26.12.2016 13:00;0,592392;
Benzol;1;26.12.2016 13:00;0,45063;
Benzol;2;26.12.2016 13:00;0,221816;
Benzol;8;26.12.2016 13:00;0,0521701;
Anilin;7;26.12.2016 13:00;2,13996;
Anilin;4;26.12.2016 13:00;1,97734;
Anilin;3;26.12.2016 13:00;1,36816;
Anilin;9;26.12.2016 13:00;1,23007;
Anilin;8;26.12.2016 13:00;0,677092;
Anilin;2;26.12.2016 13:00;0,425005;
Anilin;1;26.12.2016 13:00;0,319039;
Anilin;5;26.12.2016 13:00;0,274482;
Anilin;6;26.12.2016 13:00;0,217321;
Natriumchlorid;4;26.12.2016 14:00;1,97321;
Natriumchlorid;8;26.12.2016 14:00;0,876777;
Natriumchlorid;5;26.12.2016 14:00;0,820709;
Natriumchlorid;3;26.12.2016 14:00;0,744217;
Natriumchlorid;2;26.12.2016 14:00;0,576269;
Natriumchlorid;1;26.12.2016 14:00;0,502093;
Natriumchlorid;6;26.12.2016 14:00;0,192948;
Natriumchlorid;9;26.12.2016 14:00;0,054391;
Natriumchlorid;7;26.12.2016 14:00;0,0179587;
Arsen;5;26.12.2016 14:00;2,78242;
Arsen;4;26.12.2016 14:00;1,97126;
Arsen;9;26.12.2016 14:00;1,15977;
Arsen;8;26.12.2016 14:00;0,673756;
Arsen;2;26.12.2016 14:00;0,578561;
Arsen;3;26.12.2016 14:00;0,398562;
Arsen;7;26.12.2016 14:00;0,350498;
Arsen;1;26.12.2016 14:00;0,290978;
Arsen;6;26.12.2016 14:00;0,154812;
Benzol;4;26.12.2016 14:00;1,70622;
Benzol;3;26.12.2016 14:00;1,39812;
Benzol;7;26.12.2016 14:00;1,38921;
Benzol;2;26.12.2016 14:00;0,806013;
Benzol;8;26.12.2016 14:00;0,690911;
Benzol;9;26.12.2016 14:00;0,432006;
Benzol;6;26.12.2016 14:00;0,337259;
Benzol;5;26.12.2016 14:00;0,300914;
Benzol;1;26.12.2016 14:00;0,1687;
Anilin;4;26.12.2016 14:00;2,0928;
Anilin;3;26.12.2016 14:00;0,907073;
Anilin;5;26.12.2016 14:00;0,903581;
Anilin;2;26.12.2016 14:00;0,422154;
Anilin;6;26.12.2016 14:00;0,337661;
Anilin;9;26.12.2016 14:00;0,223116;
Anilin;1;26.12.2016 14:00;0,145342;
Anilin;8;26.12.2016 14:00;0,0875758;
Anilin;7;26.12.2016 14:00;0,0114211;
Natriumchlorid;3;26.12.2016 15:00;2,11944;
Natriumchlorid;4;26.12.2016 15:00;2,0574;
Natriumchlorid;8;26.12.2016 15:00;0,758722;
Natriumchlorid;5;26.12.2016 15:00;0,648062;
Natriumchlorid;7;26.12.2016 15:00;0,601791;
Natriumchlorid;6;26.12.2016 15:00;0,53682;
Natriumchlorid;9;26.12.2016 15:00;0,319737;
Natriumchlorid;1;26.12.2016 15:00;0,312526;
Natriumchlorid;2;26.12.2016 15:00;0,00962307;
Arsen;4;26.12.2016 15:00;1,89752;
Arsen;7;26.12.2016 15:00;0,743124;
Arsen;1;26.12.2016 15:00;0,572111;
Arsen;5;26.12.2016 15:00;0,567055;
Arsen;9;26.12.2016 15:00;0,53683;
Arsen;6;26.12.2016 15:00;0,477896;
Arsen;2;26.12.2016 15:00;0,369018;
Arsen;8;26.12.2016 15:00;0,299268;
Arsen;3;26.12.2016 15:00;0,14609;
Benzol;4;26.12.2016 15:00;2,10445;
Benzol;5;26.12.2016 15:00;0,915529;
Benzol;6;26.12.2016 15:00;0,666545;
Benzol;9;26.12.2016 15:00;0,628156;
Benzol;2;26.12.2016 15:00;0,519279;
Benzol;3;26.12.2016 15:00;0,409713;
Benzol;1;26.12.2016 15:00;0,325885;
Benzol;7;26.12.2016 15:00;0,279668;
Benzol;8;26.12.2016 15:00;0,211026;
Anilin;4;26.12.2016 15:00;2,00834;
Anilin;5;26.12.2016 15:00;0,760291;
Anilin;7;26.12.2016 15:00;0,544793;
Anilin;8;26.12.2016 15:00;0,514088;
Anilin;6;26.12.2016 15:00;0,50411;
Anilin;1;26.12.2016 15:00;0,350566;
Anilin;3;26.12.2016 15:00;0,211051;
Anilin;2;26.12.2016 15:00;0,152629;
Anilin;9;26.12.2016 15:00;0,0435745;
Natriumchlorid;4;26.12.2016 16:00;1,82232;
Natriumchlorid;5;26.12.2016 16:00;1,5031;
Natriumchlorid;7;26.12.2016 16:00;1,09962;
Natriumchlorid;8;26.12.2016 16:00;0,869327;
Natriumchlorid;6;26.12.2016 16:00;0,641499;
Natriumchlorid;9;26.12.2016 16:00;0,473442;
Natriumchlorid;3;26.12.2016 16:00;0,438306;
Natriumchlorid;1;26.12.2016 16:00;0,108173;
Natriumchlorid;2;26.12.2016 16:00;0,0247722;
Arsen;3;26.12.2016 16:00;2,81014;
Arsen;4;26.12.2016 16:00;2,47636;
Arsen;7;26.12.2016 16:00;1,95694;
Arsen;9;26.12.2016 16:00;0,947283;
Arsen;6;26.12.2016 16:00;0,362348;
Arsen;2;26.12.2016 16:00;0,325289;
Arsen;5;26.12.2016 16:00;0,194831;
Arsen;8;26.12.2016 16:00;0,140498;
Arsen;1;26.12.2016 16:00;0,0236329;
Benzol;4;26.12.2016 16:00;2,17538;
Benzol;3;26.12.2016 16:00;0,893182;
Benzol;9;26.12.2016 16:00;0,643152;
Benzol;6;26.12.2016 16:00;0,492014;
Benzol;5;26.12.2016 16:00;0,484858;
Benzol;2;26.12.2016 16:00;0,238999;
Benzol;1;26.12.2016 16:00;0,193826;
Benzol;7;26.12.2016 16:00;0,105546;
Benzol;8;26.12.2016 16:00;0,0558181;
Anilin;4;26.12.2016 16:00;1,87673;
Anilin;8;26.12.2016 16:00;0,771956;
Anilin;7;26.12.2016 16:00;0,553581;
Anilin;5;26.12.2016 16:00;0,463214;
Anilin;3;26.12.2016 16:00;0,370505;
Anilin;6;26.12.2016 16:00;0,288744;
Anilin;9;26.12.2016 16:00;0,202731;
Anilin;2;26.12.2016 16:00;0,131677;
Anilin;1;26.12.2016 16:00;0,0251545;
Natriumchlorid;4;26.12.2016 17:00;1,86172;
Natriumchlorid;9;26.12.2016 17:00;0,878238;
Natriumchlorid;7;26.12.2016 17:00;0,808661;
Natriumchlorid;6;26.12.2016 17:00;0,693518;
Natriumchlorid;5;26.12.2016 17:00;0,446888;
Natriumchlorid;3;26.12.2016 17:00;0,394722;
Natriumchlorid;2;26.12.2016 17:00;0,310935;
Natriumchlorid;1;26.12.2016 17:00;0,151243;
Natriumchlorid;8;26.12.2016 17:00;0,00813757;
Arsen;3;26.12.2016 17:00;1,92351;
Arsen;4;26.12.2016 17:00;1,87497;
Arsen;5;26.12.2016 17:00;1,38739;
Arsen;7;26.12.2016 17:00;1,04983;
Arsen;2;26.12.2016 17:00;0,614733;
Arsen;9;26.12.2016 17:00;0,392422;
Arsen;6;26.12.2016 17:00;0,32339;
Arsen;8;26.12.2016 17:00;0,313734;
Arsen;1;26.12.2016 17:00;0,192785;
Benzol;4;26.12.2016 17:00;2,14922;
Benzol;5;26.12.2016 17:00;1,20592;
Benzol;3;26.12.2016 17:00;0,870125;
Benzol;8;26.12.2016 17:00;0,580226;
Benzol;7;26.12.2016 17:00;0,571743;
Benzol;9;26.12.2016 17:00;0,361878;
Benzol;6;26.12.2016 17:00;0,270758;
Benzol;1;26.12.2016 17:00;0,208057;
Benzol;2;26.12.2016 17:00;0,134238;
Anilin;4;26.12.2016 17:00;2,19189;
Anilin;3;26.12.2016 17:00;1,73228;
Anilin;9;26.12.2016 17:00;1,1037;
Anilin;8;26.12.2016 17:00;0,88593;
Anilin;6;26.12.2016 17:00;0,675591;
Anilin;7;26.12.2016 17:00;0,530607;
Anilin;2;26.12.2016 17:00;0,114754;
Anilin;1;26.12.2016 17:00;0,0122201;
Anilin;5;26.12.2016 17:00;0,00885381;
Natriumchlorid;7;26.12.2016 18:00;2,93715;
Natriumchlorid;4;26.12.2016 18:00;2,13755;
Natriumchlorid;1;26.12.2016 18:00;0,540473;
Natriumchlorid;6;26.12.2016 18:00;0,445296;
Natriumchlorid;9;26.12.2016 18:00;0,394694;
Natriumchlorid;2;26.12.2016 18:00;0,376036;
Natriumchlorid;5;26.12.2016 18:00;0,356344;
Natriumchlorid;8;26.12.2016 18:00;0,320549;
Natriumchlorid;3;26.12.2016 18:00;0,20181;
Arsen;3;26.12.2016 18:00;3,83947;
Arsen;4;26.12.2016 18:00;2,10003;
Arsen;5;26.12.2016 18:00;1,12669;
Arsen;6;26.12.2016 18:00;0,547999;
Arsen;7;26.12.2016 18:00;0,454741;
Arsen;9;26.12.2016 18:00;0,301809;
Arsen;8;26.12.2016 18:00;0,240769;
Arsen;1;26.12.2016 18:00;0,132824;
Arsen;2;26.12.2016 18:00;0,123292;
Benzol;4;26.12.2016 18:00;1,94279;
Benzol;9;26.12.2016 18:00;0,835784;
Benzol;5;26.12.2016 18:00;0,733857;
Benzol;6;26.12.2016 18:00;0,516292;
Benzol;3;26.12.2016 18:00;0,364007;
Benzol;7;26.12.2016 18:00;0,245791;
Benzol;8;26.12.2016 18:00;0,244571;
Benzol;2;26.12.2016 18:00;0,200199;
Benzol;1;26.12.2016 18:00;0,0861272;
Anilin;3;26.12.2016 18:00;2,46538;
Anilin;4;26.12.2016 18:00;2,30693;
Anilin;6;26.12.2016 18:00;0,453912;
Anilin;5;26.12.2016 18:00;0,443062;
Anilin;9;26.12.2016 18:00;0,379366;
Anilin;8;26.12.2016 18:00;0,364074;
Anilin;2;26.12.2016 18:00;0,251164;
Anilin;1;26.12.2016 18:00;0,193948;
Anilin;7;26.12.2016 18:00;0,131134;
Natriumchlorid;4;26.12.2016 19:00;1,6925;
Natriumchlorid;3;26.12.2016 19:00;1,48276;
Natriumchlorid;8;26.12.2016 19:00;0,874543;
Natriumchlorid;6;26.12.2016 19:00;0,459998;
Natriumchlorid;2;26.12.2016 19:00;0,165173;
Natriumchlorid;7;26.12.2016 19:00;0,14614;
Natriumchlorid;5;26.12.2016 19:00;0,133814;
Natriumchlorid;1;26.12.2016 19:00;0,0813628;
Natriumchlorid;9;26.12.2016 19:00;0,049217;
Arsen;4;26.12.2016 19:00;1,85266;
Arsen;3;26.12.2016 19:00;1,58499;
Arsen;7;26.12.2016 19:00;0,613155;
Arsen;9;26.12.2016 19:00;0,572986;
Arsen;2;26.12.2016 19:00;0,529524;
Arsen;6;26.12.2016 19:00;0,371778;
Arsen;8;26.12.2016 19:00;0,307994;
Arsen;5;26.12.2016 19:00;0,275288;
Arsen;1;26.12.2016 19:00;0,177069;
Benzol;3;26.12.2016 19:00;2,75834;
Benzol;4;26.12.2016 19:00;2,06583;
Benzol;8;26.12.2016 19:00;0,688604;
Benzol;9;26.12.2016 19:00;0,598363;
Benzol;5;26.12.2016 19:00;0,273379;
Benzol;6;26.12.2016 19:00;0,267327;
Benzol;1;26.12.2016 19:00;0,235536;
Benzol;7;26.12.2016 19:00;0,157715;
Benzol;2;26.12.2016 19:00;0,0922713;
Anilin;4;26.12.2016 19:00;2,12567;
Anilin;2;26.12.2016 19:00;0,745775;
Anilin;5;26.12.2016 19:00;0,715912;
Anilin;6;26.12.2016 19:00;0,607183;
Anilin;1;26.12.2016 19:00;0,496514;
Anilin;8;26.12.2016 19:00;0,453509;
Anilin;3;26.12.2016 19:00;0,448177;
Anilin;9;26.12.2016 19:00;0,184959;
Anilin;7;26.12.2016 19:00;0,050238;
Natriumchlorid;4;26.12.2016 20:00;2,18503;
Natriumchlorid;2;26.12.2016 20:00;1,00724;
Natriumchlorid;6;26.12.2016 20:00;0,583377;
Natriumchlorid;9;26.12.2016 20:00;0,48278;
Natriumchlorid;3;26.12.2016 20:00;0,310127;
Natriumchlorid;7;26.12.2016 20:00;0,198558;
Natriumchlorid;5;26.12.2016 20:00;0,115613;
Natriumchlorid;1;26.12.2016 20:00;0,0652413;
Natriumchlorid;8;26.12.2016 20:00;0,0493877;
Arsen;4;26.12.2016 20:00;1,89362;
Arsen;6;26.12.2016 20:00;0,463239;
Arsen;3;26.12.2016 20:00;0,460611;
Arsen;8;26.12.2016 20:00;0,441737;
Arsen;7;26.12.2016 20:00;0,417728;
Arsen;2;26.12.2016 20:00;0,399648;
Arsen;1;26.12.2016 20:00;0,262715;
Arsen;9;26.12.2016 20:00;0,13601;
Arsen;5;26.12.2016 20:00;0,0149204;
Benzol;4;26.12.2016 20:00;2,10639;
Benzol;2;26.12.2016 20:00;1,30497;
Benzol;3;26.12.2016 20:00;1,05898;
Benzol;5;26.12.2016 20:00;1,0095;
Benzol;9;26.12.2016 20:00;0,517493;
Benzol;7;26.12.2016 20:00;0,495231;
Benzol;6;26.12.2016 20:00;0,443618;
Benzol;8;26.12.2016 20:00;0,362691;
Benzol;1;26.12.2016 20:00;0,104948;
Anilin;4;26.12.2016 20:00;1,86956;
Anilin;5;26.12.2016 20:00;1,70679;
Anilin;8;26.12.2016 20:00;1,28297;
Anilin;3;26.12.2016 20:00;0,989585;
Anilin;9;26.12.2016 20:00;0,492319;
Anilin;2;26.12.2016 20:00;0,475034;
Anilin;1;26.12.2016 20:00;0,467141;
Anilin;6;26.12.2016 20:00;0,411397;
Anilin;7;26.12.2016 20:00;0,178493;
Natriumchlorid;4;26.12.2016 21:00;1,93883;
Natriumchlorid;2;26.12.2016 21:00;0,791655;
Natriumchlorid;9;26.12.2016 21:00;0,748944;
Natriumchlorid;8;26.12.2016 21:00;0,743872;
Natriumchlorid;6;26.12.2016 21:00;0,675038;
Natriumchlorid;3;26.12.2016 21:00;0,305649;
Natriumchlorid;7;26.12.2016 21:00;0,221201;
Natriumchlorid;1;26.12.2016 21:00;0,077768;
Natriumchlorid;5;26.12.2016 21:00;0,0670746;
Arsen;4;26.12.2016 21:00;2,18256;
Arsen;9;26.12.2016 21:00;1,08312;
Arsen;8;26.12.2016 21:00;0,981875;
Arsen;6;26.12.2016 21:00;0,45963;
Arsen;2;26.12.2016 21:00;0,226974;
Arsen;5;26.12.2016 21:00;0,190326;
Arsen;3;26.12.2016 21:00;0,163302;
Arsen;7;26.12.2016 21:00;0,144908;
Arsen;1;26.12.2016 21:00;0,0649148;
Benzol;4;26.12.2016 21:00;2,2344;
Benzol;6;26.12.2016 21:00;0,673862;
Benzol;3;26.12.2016 21:00;0,654029;
Benzol;5;26.12.2016 21:00;0,436775;
Benzol;2;26.12.2016 21:00;0,230829;
Benzol;9;26.12.2016 21:00;0,203125;
Benzol;7;26.12.2016 21:00;0,191854;
Benzol;8;26.12.2016 21:00;0,136606;
Benzol;1;26.12.2016 21:00;0,0316671;
Anilin;3;26.12.2016 21:00;4,06015;
Anilin;4;26.12.2016 21:00;2,02385;
Anilin;8;26.12.2016 21:00;0,638699;
Anilin;1;26.12.2016 21:00;0,534874;
Anilin;2;26.12.2016 21:00;0,486485;
Anilin;6;26.12.2016 21:00;0,222439;
Anilin;7;26.12.2016 21:00;0,16902;
Anilin;9;26.12.2016 21:00;0,0968236;
Anilin;5;26.12.2016 21:00;0,040976;
Natriumchlorid;4;26.12.2016 22:00;2,34902;
Natriumchlorid;7;26.12.2016 22:00;0,894387;
Natriumchlorid;8;26.12.2016 22:00;0,765684;
Natriumchlorid;3;26.12.2016 22:00;0,679084;
Natriumchlorid;5;26.12.2016 22:00;0,549151;
Natriumchlorid;2;26.12.2016 22:00;0,438114;
Natriumchlorid;9;26.12.2016 22:00;0,412147;
Natriumchlorid;6;26.12.2016 22:00;0,269454;
Natriumchlorid;1;26.12.2016 22:00;0,241162;
Arsen;4;26.12.2016 22:00;1,81964;
Arsen;8;26.12.2016 22:00;0,992296;
Arsen;9;26.12.2016 22:00;0,978278;
Arsen;5;26.12.2016 22:00;0,575201;
Arsen;6;26.12.2016 22:00;0,526876;
Arsen;2;26.12.2016 22:00;0,522021;
Arsen;3;26.12.2016 22:00;0,196236;
Arsen;1;26.12.2016 22:00;0,168359;
Arsen;7;26.12.2016 22:00;0,109465;
Benzol;4;26.12.2016 22:00;2,31007;
Benzol;3;26.12.2016 22:00;0,74456;
Benzol;8;26.12.2016 22:00;0,642071;
Benzol;7;26.12.2016 22:00;0,606715;
Benzol;5;26.12.2016 22:00;0,556779;
Benzol;1;26.12.2016 22:00;0,502525;
Benzol;6;26.12.2016 22:00;0,488237;
Benzol;9;26.12.2016 22:00;0,297434;
Benzol;2;26.12.2016 22:00;0,177605;
Anilin;4;26.12.2016 22:00;1,82014;
Anilin;5;26.12.2016 22:00;1,30465;
Anilin;7;26.12.2016 22:00;0,80207;
Anilin;3;26.12.2016 22:00;0,771973;
Anilin;6;26.12.2016 22:00;0,689927;
Anilin;9;26.12.2016 22:00;0,514606;
Anilin;1;26.12.2016 22:00;0,437581;
Anilin;8;26.12.2016 22:00;0,394385;
Anilin;2;26.12.2016 22:00;0,331765;
Natriumchlorid;3;26.12.2016 23:00;6,34574;
Natriumchlorid;4;26.12.2016 23:00;2,00898;
Natriumchlorid;6;26.12.2016 23:00;0,746834;
Natriumchlorid;7;26.12.2016 23:00;0,531276;
Natriumchlorid;8;26.12.2016 23:00;0,483043;
Natriumchlorid;9;26.12.2016 23:00;0,407365;
Natriumchlorid;5;26.12.2016 23:00;0,269493;
Natriumchlorid;2;26.12.2016 23:00;0,12133;
Natriumchlorid;1;26.12.2016 23:00;0,103335;
Arsen;3;26.12.2016 23:00;2,10785;
Arsen;4;26.12.2016 23:00;1,92297;
Arsen;9;26.12.2016 23:00;0,890495;
Arsen;7;26.12.2016 23:00;0,677502;
Arsen;5;26.12.2016 23:00;0,622861;
Arsen;1;26.12.2016 23:00;0,458542;
Arsen;2;26.12.2016 23:00;0,270853;
Arsen;8;26.12.2016 23:00;0,189471;
Arsen;6;26.12.2016 23:00;0,0847191;
Benzol;4;26.12.2016 23:00;3,62911;
Benzol;5;26.12.2016 23:00;1,70435;
Benzol;3;26.12.2016 23:00;1,18194;
Benzol;9;26.12.2016 23:00;0,70854;
Benzol;6;26.12.2016 23:00;0,644314;
Benzol;2;26.12.2016 23:00;0,604498;
Benzol;7;26.12.2016 23:00;0,494939;
Benzol;1;26.12.2016 23:00;0,420122;
Benzol;8;26.12.2016 23:00;0,115254;
Anilin;4;26.12.2016 23:00;1,8559;
Anilin;5;26.12.2016 23:00;1,16824;
Anilin;9;26.12.2016 23:00;0,826992;
Anilin;8;26.12.2016 23:00;0,725631;
Anilin;6;26.12.2016 23:00;0,331511;
Anilin;2;26.12.2016 23:00;0,281011;
Anilin;3;26.12.2016 23:00;0,238229;
Anilin;7;26.12.2016 23:00;0,129463;
Anilin;1;26.12.2016 23:00;0,015549;
Natriumchlorid;3;27.12.2016 00:00;6,14139;
Natriumchlorid;4;27.12.2016 00:00;1,56448;
Natriumchlorid;2;27.12.2016 00:00;0,421094;
Natriumchlorid;5;27.12.2016 00:00;0,400166;
Natriumchlorid;6;27.12.2016 00:00;0,374465;
Natriumchlorid;1;27.12.2016 00:00;0,338043;
Natriumchlorid;7;27.12.2016 00:00;0,13551;
Natriumchlorid;8;27.12.2016 00:00;0,105244;
Natriumchlorid;9;27.12.2016 00:00;0,054344;
Arsen;9;27.12.2016 00:00;4,44556;
Arsen;3;27.12.2016 00:00;2,10218;
Arsen;4;27.12.2016 00:00;2,07273;
Arsen;5;27.12.2016 00:00;0,724848;
Arsen;6;27.12.2016 00:00;0,625155;
Arsen;2;27.12.2016 00:00;0,539421;
Arsen;1;27.12.2016 00:00;0,258879;
Arsen;8;27.12.2016 00:00;0,204638;
Arsen;7;27.12.2016 00:00;0,0576742;
Benzol;4;27.12.2016 00:00;6,98576;
Benzol;7;27.12.2016 00:00;1,60542;
Benzol;8;27.12.2016 00:00;0,749574;
Benzol;3;27.12.2016 00:00;0,695423;
Benzol;5;27.12.2016 00:00;0,649303;
Benzol;9;27.12.2016 00:00;0,606814;
Benzol;2;27.12.2016 00:00;0,52126;
Benzol;1;27.12.2016 00:00;0,407079;
Benzol;6;27.12.2016 00:00;0,379993;
Anilin;3;27.12.2016 00:00;4,35333;
Anilin;4;27.12.2016 00:00;2,04875;
Anilin;5;27.12.2016 00:00;1,17214;
Anilin;8;27.12.2016 00:00;0,723038;
Anilin;9;27.12.2016 00:00;0,254445;
Anilin;1;27.12.2016 00:00;0,164697;
Anilin;7;27.12.2016 00:00;0,136969;
Anilin;2;27.12.2016 00:00;0,118708;
Anilin;6;27.12.2016 00:00;0,059266;
Natriumchlorid;3;27.12.2016 01:00;2,88177;
Natriumchlorid;4;27.12.2016 01:00;2,43742;
Natriumchlorid;6;27.12.2016 01:00;0,883509;
Natriumchlorid;9;27.12.2016 01:00;0,585576;
Natriumchlorid;1;27.12.2016 01:00;0,41781;
Natriumchlorid;7;27.12.2016 01:00;0,33027;
Natriumchlorid;8;27.12.2016 01:00;0,304345;
Natriumchlorid;2;27.12.2016 01:00;0,269301;
Natriumchlorid;5;27.12.2016 01:00;0,22221;
Arsen;4;27.12.2016 01:00;2,03871;
Arsen;3;27.12.2016 01:00;0,875315;
Arsen;2;27.12.2016 01:00;0,452713;
Arsen;5;27.12.2016 01:00;0,409973;
Arsen;8;27.12.2016 01:00;0,370951;
Arsen;9;27.12.2016 01:00;0,358644;
Arsen;6;27.12.2016 01:00;0,266525;
Arsen;1;27.12.2016 01:00;0,195586;
Arsen;7;27.12.2016 01:00;0,134025;
Benzol;7;27.12.2016 01:00;2,19126;
Benzol;4;27.12.2016 01:00;1,93472;
Benzol;1;27.12.2016 01:00;0,829458;
Benzol;3;27.12.2016 01:00;0,683043;
Benzol;5;27.12.2016 01:00;0,540256;
Benzol;9;27.12.2016 01:00;0,239963;
Benzol;2;27.12.2016 01:00;0,205469;
Benzol;8;27.12.2016 01:00;0,158884;
Benzol;6;27.12.2016 01:00;0,0639399;
Anilin;4;27.12.2016 01:00;1,77003;
Anilin;9;27.12.2016 01:00;0,769639;
Anilin;6;27.12.2016 01:00;0,555735;
Anilin;2;27.12.2016 01:00;0,363014;
Anilin;7;27.12.2016 01:00;0,193817;
Anilin;3;27.12.2016 01:00;0,142015;
Anilin;5;27.12.2016 01:00;0,0819452;
Anilin;1;27.12.2016 01:00;0,0796434;
Anilin;8;27.12.2016 01:00;0,0244451;
Natriumchlorid;3;27.12.2016 02:00;2,62041;
Natriumchlorid;4;27.12.2016 02:00;1,74258;
Natriumchlorid;2;27.12.2016 02:00;0,529052;
Natriumchlorid;5;27.12.2016 02:00;0,274308;
Natriumchlorid;1;27.12.2016 02:00;0,249325;
Natriumchlorid;6;27.12.2016 02:00;0,22996;
Natriumchlorid;7;27.12.2016 02:00;0,172873;
Natriumchlorid;9;27.12.2016 02:00;0,166364;
Natriumchlorid;8;27.12.2016 02:00;0,0368958;
Arsen;4;27.12.2016 02:00;2,02029;
Arsen;8;27.12.2016 02:00;1,31888;
Arsen;3;27.12.2016 02:00;1,17049;
Arsen;7;27.12.2016 02:00;1,08729;
Arsen;9;27.12.2016 02:00;0,569633;
Arsen;6;27.12.2016 02:00;0,480312;
Arsen;2;27.12.2016 02:00;0,389898;
Arsen;5;27.12.2016 02:00;0,133814;
Arsen;1;27.12.2016 02:00;0,115972;
Benzol;4;27.12.2016 02:00;2,03597;
Benzol;3;27.12.2016 02:00;1,82229;
Benzol;9;27.12.2016 02:00;0,895754;
Benzol;2;27.12.2016 02:00;0,794226;
Benzol;6;27.12.2016 02:00;0,727053;
Benzol;8;27.12.2016 02:00;0,39365;
Benzol;5;27.12.2016 02:00;0,174611;
Benzol;1;27.12.2016 02:00;0,0760482;
Benzol;7;27.12.2016 02:00;0,0158204;
Anilin;4;27.12.2016 02:00;2,4198;
Anilin;5;27.12.2016 02:00;0,850397;
Anilin;8;27.12.2016 02:00;0,340154;
Anilin;1;27.12.2016 02:00;0,316528;
Anilin;7;27.12.2016 02:00;0,250777;
Anilin;6;27.12.2016 02:00;0,239834;
Anilin;2;27.12.2016 02:00;0,235342;
Anilin;3;27.12.2016 02:00;0,204305;
Anilin;9;27.12.2016 02:00;0,119088;
Natriumchlorid;4;27.12.2016 03:00;2,36065;
Natriumchlorid;3;27.12.2016 03:00;2,29944;
Natriumchlorid;7;27.12.2016 03:00;1,44421;
Natriumchlorid;5;27.12.2016 03:00;1,00204;
Natriumchlorid;2;27.12.2016 03:00;0,737661;
Natriumchlorid;8;27.12.2016 03:00;0,73449;
Natriumchlorid;9;27.12.2016 03:00;0,39634;
Natriumchlorid;1;27.12.2016 03:00;0,125318;
Natriumchlorid;6;27.12.2016 03:00;0,0904708;
Arsen;4;27.12.2016 03:00;2,03379;
Arsen;3;27.12.2016 03:00;1,01478;
Arsen;8;27.12.2016 03:00;0,891155;
Arsen;2;27.12.2016 03:00;0,731766;
Arsen;6;27.12.2016 03:00;0,675511;
Arsen;5;27.12.2016 03:00;0,617834;
Arsen;7;27.12.2016 03:00;0,582497;
Arsen;9;27.12.2016 03:00;0,353915;
Arsen;1;27.12.2016 03:00;0,28642;
Benzol;4;27.12.2016 03:00;2,09374;
Benzol;3;27.12.2016 03:00;1,37176;
Benzol;6;27.12.2016 03:00;0,505444;
Benzol;9;27.12.2016 03:00;0,486956;
Benzol;5;27.12.2016 03:00;0,296805;
Benzol;8;27.12.2016 03:00;0,228872;
Benzol;1;27.12.2016 03:00;0,17787;
Benzol;2;27.12.2016 03:00;0,172995;
Benzol;7;27.12.2016 03:00;0,0622327;
Anilin;4;27.12.2016 03:00;2,05919;
Anilin;5;27.12.2016 03:00;0,972507;
Anilin;9;27.12.2016 03:00;0,901166;
Anilin;8;27.12.2016 03:00;0,603679;
Anilin;3;27.12.2016 03:00;0,336282;
Anilin;7;27.12.2016 03:00;0,176503;
Anilin;6;27.12.2016 03:00;0,166036;
Anilin;1;27.12.2016 03:00;0,0842873;
Anilin;2;27.12.2016 03:00;0,0640924;
Natriumchlorid;3;27.12.2016 04:00;3,21199;
Natriumchlorid;4;27.12.2016 04:00;1,85916;
Natriumchlorid;2;27.12.2016 04:00;1,11676;
Natriumchlorid;9;27.12.2016 04:00;0,489933;
Natriumchlorid;6;27.12.2016 04:00;0,428794;
Natriumchlorid;7;27.12.2016 04:00;0,422443;
Natriumchlorid;5;27.12.2016 04:00;0,406618;
Natriumchlorid;8;27.12.2016 04:00;0,382262;
Natriumchlorid;1;27.12.2016 04:00;0,171624;
Arsen;4;27.12.2016 04:00;2,01889;
Arsen;5;27.12.2016 04:00;1,16491;
Arsen;3;27.12.2016 04:00;0,876903;
Arsen;1;27.12.2016 04:00;0,454193;
Arsen;6;27.12.2016 04:00;0,445815;
Arsen;7;27.12.2016 04:00;0,422963;
Arsen;9;27.12.2016 04:00;0,181201;
Arsen;2;27.12.2016 04:00;0,0696324;
Arsen;8;27.12.2016 04:00;0,0240176;
Benzol;4;27.12.2016 04:00;2,19911;
Benzol;7;27.12.2016 04:00;0,747855;
Benzol;9;27.12.2016 04:00;0,726652;
Benzol;6;27.12.2016 04:00;0,488727;
Benzol;8;27.12.2016 04:00;0,357833;
Benzol;1;27.12.2016 04:00;0,272183;
Benzol;3;27.12.2016 04:00;0,154657;
Benzol;2;27.12.2016 04:00;0,135942;
Benzol;5;27.12.2016 04:00;0,0170868;
Anilin;4;27.12.2016 04:00;2,01524;
Anilin;9;27.12.2016 04:00;1,33336;
Anilin;5;27.12.2016 04:00;0,96003;
Anilin;3;27.12.2016 04:00;0,614842;
Anilin;6;27.12.2016 04:00;0,545835;
Anilin;1;27.12.2016 04:00;0,372579;
Anilin;8;27.12.2016 04:00;0,366838;
Anilin;7;27.12.2016 04:00;0,252405;
Anilin;2;27.12.2016 04:00;0,114673;
Natriumchlorid;4;27.12.2016 05:00;2,18203;
Natriumchlorid;3;27.12.2016 05:00;1,23992;
Natriumchlorid;2;27.12.2016 05:00;0,590602;
Natriumchlorid;8;27.12.2016 05:00;0,44306;
Natriumchlorid;6;27.12.2016 05:00;0,309175;
Natriumchlorid;9;27.12.2016 05:00;0,251355;
Natriumchlorid;1;27.12.2016 05:00;0,196856;
Natriumchlorid;5;27.12.2016 05:00;0,173687;
Natriumchlorid;7;27.12.2016 05:00;0,0464633;
Arsen;3;27.12.2016 05:00;2,93506;
Arsen;4;27.12.2016 05:00;2,10545;
Arsen;9;27.12.2016 05:00;1,04259;
Arsen;5;27.12.2016 05:00;0,642153;
Arsen;8;27.12.2016 05:00;0,33966;
Arsen;2;27.12.2016 05:00;0,282511;
Arsen;7;27.12.2016 05:00;0,188122;
Arsen;1;27.12.2016 05:00;0,0913249;
Arsen;6;27.12.2016 05:00;0,0495308;
Benzol;4;27.12.2016 05:00;1,72735;
Benzol;3;27.12.2016 05:00;1,20635;
Benzol;7;27.12.2016 05:00;1,03984;
Benzol;8;27.12.2016 05:00;0,475273;
Benzol;6;27.12.2016 05:00;0,37967;
Benzol;1;27.12.2016 05:00;0,235101;
Benzol;2;27.12.2016 05:00;0,142236;
Benzol;5;27.12.2016 05:00;0,0615075;
Benzol;9;27.12.2016 05:00;0,0418311;
Anilin;4;27.12.2016 05:00;2,18159;
Anilin;9;27.12.2016 05:00;1,4169;
Anilin;5;27.12.2016 05:00;1,03128;
Anilin;6;27.12.2016 05:00;0,580599;
Anilin;8;27.12.2016 05:00;0,491284;
Anilin;3;27.12.2016 05:00;0,439706;
Anilin;2;27.12.2016 05:00;0,386822;
Anilin;7;27.12.2016 05:00;0,291579;
Anilin;1;27.12.2016 05:00;0,159416;
Natriumchlorid;4;27.12.2016 06:00;2,15965;
Natriumchlorid;5;27.12.2016 06:00;1,37997;
Natriumchlorid;9;27.12.2016 06:00;1,26622;
Natriumchlorid;7;27.12.2016 06:00;0,589305;
Natriumchlorid;6;27.12.2016 06:00;0,383189;
Natriumchlorid;2;27.12.2016 06:00;0,164199;
Natriumchlorid;8;27.12.2016 06:00;0,133313;
Natriumchlorid;3;27.12.2016 06:00;0,0948271;
Natriumchlorid;1;27.12.2016 06:00;0,0456078;
Arsen;4;27.12.2016 06:00;2,28327;
Arsen;3;27.12.2016 06:00;1,8417;
Arsen;9;27.12.2016 06:00;1,00981;
Arsen;8;27.12.2016 06:00;0,375231;
Arsen;7;27.12.2016 06:00;0,346458;
Arsen;5;27.12.2016 06:00;0,291167;
Arsen;2;27.12.2016 06:00;0,220036;
Arsen;6;27.12.2016 06:00;0,186972;
Arsen;1;27.12.2016 06:00;0,0463598;
Benzol;4;27.12.2016 06:00;1,85634;
Benzol;3;27.12.2016 06:00;1,42859;
Benzol;9;27.12.2016 06:00;0,512121;
Benzol;5;27.12.2016 06:00;0,483804;
Benzol;6;27.12.2016 06:00;0,329512;
Benzol;7;27.12.2016 06:00;0,206911;
Benzol;1;27.12.2016 06:00;0,134563;
Benzol;2;27.12.2016 06:00;0,0694298;
Benzol;8;27.12.2016 06:00;0,00627429;
Anilin;4;27.12.2016 06:00;2,03347;
Anilin;5;27.12.2016 06:00;1,19125;
Anilin;9;27.12.2016 06:00;1,14744;
Anilin;7;27.12.2016 06:00;0,717156;
Anilin;3;27.12.2016 06:00;0,580621;
Anilin;8;27.12.2016 06:00;0,569085;
Anilin;2;27.12.2016 06:00;0,217524;
Anilin;1;27.12.2016 06:00;0,194698;
Anilin;6;27.12.2016 06:00;0,107199;
Natriumchlorid;4;27.12.2016 07:00;2,29473;
Natriumchlorid;3;27.12.2016 07:00;1,83116;
Natriumchlorid;5;27.12.2016 07:00;0,800618;
Natriumchlorid;8;27.12.2016 07:00;0,643837;
Natriumchlorid;1;27.12.2016 07:00;0,291912;
Natriumchlorid;2;27.12.2016 07:00;0,258206;
Natriumchlorid;6;27.12.2016 07:00;0,183299;
Natriumchlorid;7;27.12.2016 07:00;0,0281142;
Natriumchlorid;9;27.12.2016 07:00;0,00975494;
Arsen;4;27.12.2016 07:00;2,1493;
Arsen;7;27.12.2016 07:00;1,80362;
Arsen;5;27.12.2016 07:00;0,656192;
Arsen;3;27.12.2016 07:00;0,541882;
Arsen;2;27.12.2016 07:00;0,485595;
Arsen;8;27.12.2016 07:00;0,330886;
Arsen;9;27.12.2016 07:00;0,27646;
Arsen;6;27.12.2016 07:00;0,103852;
Arsen;1;27.12.2016 07:00;0,0436633;
Benzol;4;27.12.2016 07:00;2,03119;
Benzol;9;27.12.2016 07:00;0,528991;
Benzol;7;27.12.2016 07:00;0,516211;
Benzol;6;27.12.2016 07:00;0,501561;
Benzol;1;27.12.2016 07:00;0,406974;
Benzol;5;27.12.2016 07:00;0,278956;
Benzol;8;27.12.2016 07:00;0,207323;
Benzol;2;27.12.2016 07:00;0,104565;
Benzol;3;27.12.2016 07:00;0,0334082;
Anilin;4;27.12.2016 07:00;2,49114;
Anilin;5;27.12.2016 07:00;1,60309;
Anilin;3;27.12.2016 07:00;0,861142;
Anilin;6;27.12.2016 07:00;0,467128;
Anilin;1;27.12.2016 07:00;0,283225;
Anilin;9;27.12.2016 07:00;0,27514;
Anilin;2;27.12.2016 07:00;0,203228;
Anilin;7;27.12.2016 07:00;0,138201;
Anilin;8;27.12.2016 07:00;0,0394051;
Natriumchlorid;3;27.12.2016 08:00;3,20337;
Natriumchlorid;4;27.12.2016 08:00;1,94436;
Natriumchlorid;8;27.12.2016 08:00;0,322515;
Natriumchlorid;9;27.12.2016 08:00;0,315807;
Natriumchlorid;7;27.12.2016 08:00;0,314273;
Natriumchlorid;5;27.12.2016 08:00;0,234752;
Natriumchlorid;6;27.12.2016 08:00;0,20763;
Natriumchlorid;1;27.12.2016 08:00;0,162052;
Natriumchlorid;2;27.12.2016 08:00;0,0913102;
Arsen;4;27.12.2016 08:00;2,54412;
Arsen;6;27.12.2016 08:00;0,95827;
Arsen;9;27.12.2016 08:00;0,701735;
Arsen;7;27.12.2016 08:00;0,572515;
Arsen;3;27.12.2016 08:00;0,438498;
Arsen;1;27.12.2016 08:00;0,386994;
Arsen;8;27.12.2016 08:00;0,206773;
Arsen;2;27.12.2016 08:00;0,196717;
Arsen;5;27.12.2016 08:00;0,0142595;
Benzol;3;27.12.2016 08:00;2,49312;
Benzol;4;27.12.2016 08:00;2,13585;
Benzol;7;27.12.2016 08:00;1,97996;
Benzol;2;27.12.2016 08:00;0,956485;
Benzol;8;27.12.2016 08:00;0,853379;
Benzol;9;27.12.2016 08:00;0,631478;
Benzol;5;27.12.2016 08:00;0,544095;
Benzol;6;27.12.2016 08:00;0,260578;
Benzol;1;27.12.2016 08:00;0,0273324;
Anilin;4;27.12.2016 08:00;2,33427;
Anilin;3;27.12.2016 08:00;0,799388;
Anilin;9;27.12.2016 08:00;0,703495;
Anilin;6;27.12.2016 08:00;0,478954;
Anilin;8;27.12.2016 08:00;0,438661;
Anilin;7;27.12.2016 08:00;0,332851;
Anilin;2;27.12.2016 08:00;0,128399;
Anilin;1;27.12.2016 08:00;0,100037;
Anilin;5;27.12.2016 08:00;0,0690436;
Natriumchlorid;3;27.12.2016 09:00;2,30858;
Natriumchlorid;4;27.12.2016 09:00;1,87857;
Natriumchlorid;9;27.12.2016 09:00;1,04692;
Natriumchlorid;8;27.12.2016 09:00;0,99515;
Natriumchlorid;7;27.12.2016 09:00;0,863471;
Natriumchlorid;6;27.12.2016 09:00;0,699439;
Natriumchlorid;2;27.12.2016 09:00;0,696004;
Natriumchlorid;5;27.12.2016 09:00;0,574156;
Natriumchlorid;1;27.12.2016 09:00;0,288188;
Arsen;4;27.12.2016 09:00;1,84219;
Arsen;3;27.12.2016 09:00;1,75887;
Arsen;5;27.12.2016 09:00;1,62511;
Arsen;2;27.12.2016 09:00;0,994746;
Arsen;8;27.12.2016 09:00;0,809169;
Arsen;7;27.12.2016 09:00;0,355866;
Arsen;6;27.12.2016 09:00;0,23401;
Arsen;9;27.12.2016 09:00;0,107453;
Arsen;1;27.12.2016 09:00;0,00410348;
Benzol;3;27.12.2016 09:00;2,83117;
Benzol;4;27.12.2016 09:00;2,19623;
Benzol;5;27.12.2016 09:00;0,591298;
Benzol;2;27.12.2016 09:00;0,583959;
Benzol;9;27.12.2016 09:00;0,515539;
Benzol;6;27.12.2016 09:00;0,471743;
Benzol;8;27.12.2016 09:00;0,386886;
Benzol;7;27.12.2016 09:00;0,205295;
Benzol;1;27.12.2016 09:00;0,0928115;
Anilin;4;27.12.2016 09:00;2,08729;
Anilin;7;27.12.2016 09:00;1,00833;
Anilin;8;27.12.2016 09:00;0,914483;
Anilin;2;27.12.2016 09:00;0,620804;
Anilin;9;27.12.2016 09:00;0,470086;
Anilin;5;27.12.2016 09:00;0,461008;
Anilin;3;27.12.2016 09:00;0,337896;
Anilin;6;27.12.2016 09:00;0,330407;
Anilin;1;27.12.2016 09:00;0,209221;
Natriumchlorid;4;27.12.2016 10:00;1,98597;
Natriumchlorid;3;27.12.2016 10:00;1,28063;
Natriumchlorid;5;27.12.2016 10:00;1,12168;
Natriumchlorid;9;27.12.2016 10:00;0,900257;
Natriumchlorid;8;27.12.2016 10:00;0,588735;
Natriumchlorid;2;27.12.2016 10:00;0,541091;
Natriumchlorid;6;27.12.2016 10:00;0,267193;
Natriumchlorid;1;27.12.2016 10:00;0,0475996;
Natriumchlorid;7;27.12.2016 10:00;0,0174405;
Arsen;3;27.12.2016 10:00;2,04634;
Arsen;4;27.12.2016 10:00;1,88646;
Arsen;5;27.12.2016 10:00;1,43927;
Arsen;8;27.12.2016 10:00;0,607275;
Arsen;7;27.12.2016 10:00;0,514594;
Arsen;2;27.12.2016 10:00;0,372174;
Arsen;1;27.12.2016 10:00;0,371096;
Arsen;6;27.12.2016 10:00;0,355253;
Arsen;9;27.12.2016 10:00;0,289072;
Benzol;3;27.12.2016 10:00;2,39414;
Benzol;4;27.12.2016 10:00;2,24264;
Benzol;5;27.12.2016 10:00;1,63253;
Benzol;7;27.12.2016 10:00;1,32309;
Benzol;8;27.12.2016 10:00;0,733494;
Benzol;6;27.12.2016 10:00;0,695645;
Benzol;2;27.12.2016 10:00;0,676591;
Benzol;1;27.12.2016 10:00;0,134874;
Benzol;9;27.12.2016 10:00;0,0101942;
Anilin;4;27.12.2016 10:00;2,10963;
Anilin;3;27.12.2016 10:00;0,959068;
Anilin;8;27.12.2016 10:00;0,867383;
Anilin;9;27.12.2016 10:00;0,555528;
Anilin;6;27.12.2016 10:00;0,38871;
Anilin;7;27.12.2016 10:00;0,301114;
Anilin;2;27.12.2016 10:00;0,296466;
Anilin;1;27.12.2016 10:00;0,277715;
Anilin;5;27.12.2016 10:00;0,081141;
Natriumchlorid;4;27.12.2016 11:00;2,15017;
Natriumchlorid;9;27.12.2016 11:00;0,953504;
Natriumchlorid;3;27.12.2016 11:00;0,760574;
Natriumchlorid;6;27.12.2016 11:00;0,550607;
Natriumchlorid;8;27.12.2016 11:00;0,41094;
Natriumchlorid;5;27.12.2016 11:00;0,21132;
Natriumchlorid;1;27.12.2016 11:00;0,18282;
Natriumchlorid;2;27.12.2016 11:00;0,125288;
Natriumchlorid;7;27.12.2016 11:00;0,0964592;
Arsen;4;27.12.2016 11:00;2,0194;
Arsen;3;27.12.2016 11:00;0,650038;
Arsen;6;27.12.2016 11:00;0,583447;
Arsen;1;27.12.2016 11:00;0,338468;
Arsen;8;27.12.2016 11:00;0,337523;
Arsen;7;27.12.2016 11:00;0,28726;
Arsen;2;27.12.2016 11:00;0,106193;
Arsen;9;27.12.2016 11:00;0,0657108;
Arsen;5;27.12.2016 11:00;0,0275827;
Benzol;3;27.12.2016 11:00;2,16891;
Benzol;4;27.12.2016 11:00;1,54442;
Benzol;7;27.12.2016 11:00;1,10079;
Benzol;9;27.12.2016 11:00;0,949281;
Benzol;2;27.12.2016 11:00;0,725162;
Benzol;5;27.12.2016 11:00;0,612504;
Benzol;8;27.12.2016 11:00;0,234322;
Benzol;6;27.12.2016 11:00;0,162759;
Benzol;1;27.12.2016 11:00;0,11816;
Anilin;4;27.12.2016 11:00;1,89066;
Anilin;3;27.12.2016 11:00;1,4124;
Anilin;5;27.12.2016 11:00;0,644074;
Anilin;8;27.12.2016 11:00;0,528668;
Anilin;6;27.12.2016 11:00;0,494265;
Anilin;1;27.12.2016 11:00;0,335932;
Anilin;7;27.12.2016 11:00;0,327697;
Anilin;2;27.12.2016 11:00;0,202006;
Anilin;9;27.12.2016 11:00;0,152192;
Natriumchlorid;4;27.12.2016 12:00;1,98417;
Natriumchlorid;9;27.12.2016 12:00;0,785321;
Natriumchlorid;6;27.12.2016 12:00;0,594886;
Natriumchlorid;1;27.12.2016 12:00;0,481977;
Natriumchlorid;3;27.12.2016 12:00;0,335435;
Natriumchlorid;2;27.12.2016 12:00;0,142938;
Natriumchlorid;5;27.12.2016 12:00;0,0509792;
Natriumchlorid;8;27.12.2016 12:00;0,0292208;
Natriumchlorid;7;27.12.2016 12:00;0,0185501;
Arsen;4;27.12.2016 12:00;2,08006;
Arsen;3;27.12.2016 12:00;1,53917;
Arsen;8;27.12.2016 12:00;0,541431;
Arsen;7;27.12.2016 12:00;0,52613;
Arsen;6;27.12.2016 12:00;0,510364;
Arsen;5;27.12.2016 12:00;0,447638;
Arsen;1;27.12.2016 12:00;0,292197;
Arsen;2;27.12.2016 12:00;0,283253;
Arsen;9;27.12.2016 12:00;0,197591;
Benzol;4;27.12.2016 12:00;2,04956;
Benzol;3;27.12.2016 12:00;1,88283;
Benzol;9;27.12.2016 12:00;1,20959;
Benzol;6;27.12.2016 12:00;0,785731;
Benzol;5;27.12.2016 12:00;0,536064;
Benzol;2;27.12.2016 12:00;0,427926;
Benzol;8;27.12.2016 12:00;0,269365;
Benzol;7;27.12.2016 12:00;0,15563;
Benzol;1;27.12.2016 12:00;0,0751167;
Anilin;4;27.12.2016 12:00;1,86506;
Anilin;8;27.12.2016 12:00;1,0328;
Anilin;3;27.12.2016 12:00;0,913816;
Anilin;1;27.12.2016 12:00;0,691571;
Anilin;5;27.12.2016 12:00;0,58113;
Anilin;6;27.12.2016 12:00;0,317328;
Anilin;9;27.12.2016 12:00;0,248961;
Anilin;7;27.12.2016 12:00;0,189128;
Anilin;2;27.12.2016 12:00;0,0797428;
Natriumchlorid;4;27.12.2016 13:00;1,80764;
Natriumchlorid;5;27.12.2016 13:00;0,634292;
Natriumchlorid;7;27.12.2016 13:00;0,600931;
Natriumchlorid;6;27.12.2016 13:00;0,578471;
Natriumchlorid;9;27.12.2016 13:00;0,528223;
Natriumchlorid;3;27.12.2016 13:00;0,525662;
Natriumchlorid;1;27.12.2016 13:00;0,450162;
Natriumchlorid;8;27.12.2016 13:00;0,309184;
Natriumchlorid;2;27.12.2016 13:00;0,183212;
Arsen;4;27.12.2016 13:00;2,05712;
Arsen;9;27.12.2016 13:00;1,31375;
Arsen;7;27.12.2016 13:00;0,587749;
Arsen;3;27.12.2016 13:00;0,529664;
Arsen;8;27.12.2016 13:00;0,347972;
Arsen;1;27.12.2016 13:00;0,281391;
Arsen;5;27.12.2016 13:00;0,129789;
Arsen;2;27.12.2016 13:00;0,0346557;
Arsen;6;27.12.2016 13:00;0,0247334;
Benzol;4;27.12.2016 13:00;2,24305;
Benzol;3;27.12.2016 13:00;1,7837;
Benzol;6;27.12.2016 13:00;0,636162;
Benzol;2;27.12.2016 13:00;0,360524;
Benzol;7;27.12.2016 13:00;0,165751;
Benzol;1;27.12.2016 13:00;0,157728;
Benzol;8;27.12.2016 13:00;0,155868;
Benzol;9;27.12.2016 13:00;0,0728554;
Benzol;5;27.12.2016 13:00;0,0161238;
Anilin;4;27.12.2016 13:00;1,98708;
Anilin;3;27.12.2016 13:00;1,94619;
Anilin;9;27.12.2016 13:00;0,893321;
Anilin;8;27.12.2016 13:00;0,644907;
Anilin;2;27.12.2016 13:00;0,384164;
Anilin;5;27.12.2016 13:00;0,205516;
Anilin;6;27.12.2016 13:00;0,113231;
Anilin;7;27.12.2016 13:00;0,102134;
Anilin;1;27.12.2016 13:00;0,0187539;
Natriumchlorid;4;27.12.2016 14:00;2,07161;
Natriumchlorid;3;27.12.2016 14:00;1,26617;
Natriumchlorid;5;27.12.2016 14:00;1,06984;
Natriumchlorid;9;27.12.2016 14:00;0,860477;
Natriumchlorid;8;27.12.2016 14:00;0,760739;
Natriumchlorid;7;27.12.2016 14:00;0,399981;
Natriumchlorid;1;27.12.2016 14:00;0,108671;
Natriumchlorid;6;27.12.2016 14:00;0,0855247;
Natriumchlorid;2;27.12.2016 14:00;0,0164144;
Arsen;4;27.12.2016 14:00;1,92202;
Arsen;8;27.12.2016 14:00;1,00543;
Arsen;3;27.12.2016 14:00;0,968462;
Arsen;2;27.12.2016 14:00;0,69799;
Arsen;6;27.12.2016 14:00;0,648398;
Arsen;7;27.12.2016 14:00;0,367275;
Arsen;9;27.12.2016 14:00;0,299249;
Arsen;1;27.12.2016 14:00;0,0993781;
Arsen;5;27.12.2016 14:00;0,0203991;
Benzol;4;27.12.2016 14:00;1,81676;
Benzol;5;27.12.2016 14:00;0,685739;
Benzol;8;27.12.2016 14:00;0,540422;
Benzol;9;27.12.2016 14:00;0,22082;
Benzol;3;27.12.2016 14:00;0,192868;
Benzol;2;27.12.2016 14:00;0,0755769;
Benzol;6;27.12.2016 14:00;0,0573267;
Benzol;7;27.12.2016 14:00;0,0450067;
Benzol;1;27.12.2016 14:00;0,0135972;
Anilin;4;27.12.2016 14:00;2,53466;
Anilin;3;27.12.2016 14:00;1,23992;
Anilin;9;27.12.2016 14:00;0,84773;
Anilin;7;27.12.2016 14:00;0,830605;
Anilin;5;27.12.2016 14:00;0,48324;
Anilin;2;27.12.2016 14:00;0,462608;
Anilin;6;27.12.2016 14:00;0,342414;
Anilin;8;27.12.2016 14:00;0,16502;
Anilin;1;27.12.2016 14:00;0,0719809;
Natriumchlorid;4;27.12.2016 15:00;1,67553;
Natriumchlorid;8;27.12.2016 15:00;0,80824;
Natriumchlorid;2;27.12.2016 15:00;0,618523;
Natriumchlorid;1;27.12.2016 15:00;0,464293;
Natriumchlorid;6;27.12.2016 15:00;0,355676;
Natriumchlorid;3;27.12.2016 15:00;0,306279;
Natriumchlorid;5;27.12.2016 15:00;0,210772;
Natriumchlorid;7;27.12.2016 15:00;0,105724;
Natriumchlorid;9;27.12.2016 15:00;0,0698963;
Arsen;4;27.12.2016 15:00;2,02196;
Arsen;9;27.12.2016 15:00;1,48223;
Arsen;3;27.12.2016 15:00;1,14146;
Arsen;8;27.12.2016 15:00;1,10365;
Arsen;7;27.12.2016 15:00;0,981792;
Arsen;1;27.12.2016 15:00;0,404972;
Arsen;5;27.12.2016 15:00;0,322897;
Arsen;6;27.12.2016 15:00;0,322153;
Arsen;2;27.12.2016 15:00;0,106705;
Benzol;3;27.12.2016 15:00;2,42031;
Benzol;4;27.12.2016 15:00;2,14551;
Benzol;9;27.12.2016 15:00;0,789468;
Benzol;8;27.12.2016 15:00;0,717556;
Benzol;5;27.12.2016 15:00;0,650068;
Benzol;6;27.12.2016 15:00;0,445485;
Benzol;2;27.12.2016 15:00;0,224112;
Benzol;7;27.12.2016 15:00;0,121915;
Benzol;1;27.12.2016 15:00;0,0139473;
Anilin;4;27.12.2016 15:00;2,23861;
Anilin;7;27.12.2016 15:00;1,59978;
Anilin;3;27.12.2016 15:00;1,02847;
Anilin;6;27.12.2016 15:00;0,723834;
Anilin;2;27.12.2016 15:00;0,412652;
Anilin;9;27.12.2016 15:00;0,370607;
Anilin;5;27.12.2016 15:00;0,358467;
Anilin;8;27.12.2016 15:00;0,334455;
Anilin;1;27.12.2016 15:00;0,210389;
Natriumchlorid;3;27.12.2016 16:00;2,16049;
Natriumchlorid;4;27.12.2016 16:00;2,00208;
Natriumchlorid;5;27.12.2016 16:00;1,66666;
Natriumchlorid;9;27.12.2016 16:00;0,950384;
Natriumchlorid;8;27.12.2016 16:00;0,627926;
Natriumchlorid;6;27.12.2016 16:00;0,367336;
Natriumchlorid;2;27.12.2016 16:00;0,276986;
Natriumchlorid;7;27.12.2016 16:00;0,218184;
Natriumchlorid;1;27.12.2016 16:00;0,00791731;
Arsen;4;27.12.2016 16:00;1,98036;
Arsen;3;27.12.2016 16:00;1,43829;
Arsen;9;27.12.2016 16:00;0,934883;
Arsen;5;27.12.2016 16:00;0,887077;
Arsen;8;27.12.2016 16:00;0,880723;
Arsen;2;27.12.2016 16:00;0,49391;
Arsen;6;27.12.2016 16:00;0,338592;
Arsen;7;27.12.2016 16:00;0,180625;
Arsen;1;27.12.2016 16:00;0,107322;
Benzol;4;27.12.2016 16:00;2,18405;
Benzol;3;27.12.2016 16:00;1,97437;
Benzol;5;27.12.2016 16:00;1,33269;
Benzol;7;27.12.2016 16:00;0,695913;
Benzol;8;27.12.2016 16:00;0,693589;
Benzol;6;27.12.2016 16:00;0,430604;
Benzol;9;27.12.2016 16:00;0,385187;
Benzol;2;27.12.2016 16:00;0,260073;
Benzol;1;27.12.2016 16:00;0,0743309;
Anilin;4;27.12.2016 16:00;1,9423;
Anilin;7;27.12.2016 16:00;1,21425;
Anilin;9;27.12.2016 16:00;0,862892;
Anilin;6;27.12.2016 16:00;0,541635;
Anilin;3;27.12.2016 16:00;0,310631;
Anilin;5;27.12.2016 16:00;0,205111;
Anilin;1;27.12.2016 16:00;0,107612;
Anilin;2;27.12.2016 16:00;0,0547182;
Anilin;8;27.12.2016 16:00;0,00263176;
Natriumchlorid;4;27.12.2016 17:00;2,10448;
Natriumchlorid;5;27.12.2016 17:00;1,71492;
Natriumchlorid;2;27.12.2016 17:00;0,833332;
Natriumchlorid;7;27.12.2016 17:00;0,679288;
Natriumchlorid;3;27.12.2016 17:00;0,622008;
Natriumchlorid;8;27.12.2016 17:00;0,616642;
Natriumchlorid;9;27.12.2016 17:00;0,390216;
Natriumchlorid;1;27.12.2016 17:00;0,160774;
Natriumchlorid;6;27.12.2016 17:00;0,103944;
Arsen;4;27.12.2016 17:00;1,84523;
Arsen;8;27.12.2016 17:00;0,851233;
Arsen;5;27.12.2016 17:00;0,668968;
Arsen;3;27.12.2016 17:00;0,470384;
Arsen;6;27.12.2016 17:00;0,399059;
Arsen;1;27.12.2016 17:00;0,299815;
Arsen;7;27.12.2016 17:00;0,269515;
Arsen;9;27.12.2016 17:00;0,247348;
Arsen;2;27.12.2016 17:00;0,0555125;
Benzol;4;27.12.2016 17:00;2,07862;
Benzol;3;27.12.2016 17:00;1,10294;
Benzol;9;27.12.2016 17:00;0,59321;
Benzol;2;27.12.2016 17:00;0,543827;
Benzol;8;27.12.2016 17:00;0,480325;
Benzol;6;27.12.2016 17:00;0,353148;
Benzol;5;27.12.2016 17:00;0,338764;
Benzol;7;27.12.2016 17:00;0,15311;
Benzol;1;27.12.2016 17:00;0,0098177;
Anilin;4;27.12.2016 17:00;1,92091;
Anilin;5;27.12.2016 17:00;1,77181;
Anilin;3;27.12.2016 17:00;0,968989;
Anilin;7;27.12.2016 17:00;0,792967;
Anilin;2;27.12.2016 17:00;0,578662;
Anilin;6;27.12.2016 17:00;0,575371;
Anilin;1;27.12.2016 17:00;0,464623;
Anilin;8;27.12.2016 17:00;0,423928;
Anilin;9;27.12.2016 17:00;0,259537;
Natriumchlorid;4;27.12.2016 18:00;2,21809;
Natriumchlorid;3;27.12.2016 18:00;1,52148;
Natriumchlorid;8;27.12.2016 18:00;1,01424;
Natriumchlorid;7;27.12.2016 18:00;0,879908;
Natriumchlorid;5;27.12.2016 18:00;0,746765;
Natriumchlorid;1;27.12.2016 18:00;0,746483;
Natriumchlorid;6;27.12.2016 18:00;0,432029;
Natriumchlorid;9;27.12.2016 18:00;0,110417;
Natriumchlorid;2;27.12.2016 18:00;0,0406759;
Arsen;7;27.12.2016 18:00;2,2133;
Arsen;4;27.12.2016 18:00;2,08294;
Arsen;3;27.12.2016 18:00;0,854051;
Arsen;2;27.12.2016 18:00;0,726106;
Arsen;6;27.12.2016 18:00;0,621671;
Arsen;5;27.12.2016 18:00;0,193329;
Arsen;8;27.12.2016 18:00;0,192845;
Arsen;1;27.12.2016 18:00;0,131414;
Arsen;9;27.12.2016 18:00;0,0644085;
Benzol;4;27.12.2016 18:00;2,11062;
Benzol;8;27.12.2016 18:00;0,630016;
Benzol;3;27.12.2016 18:00;0,602352;
Benzol;5;27.12.2016 18:00;0,527841;
Benzol;2;27.12.2016 18:00;0,417239;
Benzol;6;27.12.2016 18:00;0,36241;
Benzol;1;27.12.2016 18:00;0,251362;
Benzol;7;27.12.2016 18:00;0,132602;
Benzol;9;27.12.2016 18:00;0,115334;
Anilin;4;27.12.2016 18:00;1,98446;
Anilin;9;27.12.2016 18:00;1,35432;
Anilin;5;27.12.2016 18:00;0,636543;
Anilin;8;27.12.2016 18:00;0,564711;
Anilin;6;27.12.2016 18:00;0,332565;
Anilin;1;27.12.2016 18:00;0,248363;
Anilin;3;27.12.2016 18:00;0,192518;
Anilin;7;27.12.2016 18:00;0,134707;
Anilin;2;27.12.2016 18:00;0,0998992;
Natriumchlorid;3;27.12.2016 19:00;2,86507;
Natriumchlorid;4;27.12.2016 19:00;2,44076;
Natriumchlorid;8;27.12.2016 19:00;0,528764;
Natriumchlorid;9;27.12.2016 19:00;0,508794;
Natriumchlorid;1;27.12.2016 19:00;0,388373;
Natriumchlorid;2;27.12.2016 19:00;0,275304;
Natriumchlorid;7;27.12.2016 19:00;0,263706;
Natriumchlorid;6;27.12.2016 19:00;0,160768;
Natriumchlorid;5;27.12.2016 19:00;0,0208173;
Arsen;4;27.12.2016 19:00;1,93389;
Arsen;3;27.12.2016 19:00;1,52612;
Arsen;7;27.12.2016 19:00;0,850547;
Arsen;5;27.12.2016 19:00;0,647236;
Arsen;8;27.12.2016 19:00;0,382047;
Arsen;6;27.12.2016 19:00;0,314704;
Arsen;2;27.12.2016 19:00;0,236729;
Arsen;1;27.12.2016 19:00;0,142776;
Arsen;9;27.12.2016 19:00;0,0101942;
Benzol;4;27.12.2016 19:00;2,01271;
Benzol;5;27.12.2016 19:00;1,29135;
Benzol;9;27.12.2016 19:00;1,11573;
Benzol;7;27.12.2016 19:00;1,08156;
Benzol;3;27.12.2016 19:00;0,713745;
Benzol;8;27.12.2016 19:00;0,657091;
Benzol;2;27.12.2016 19:00;0,426631;
Benzol;6;27.12.2016 19:00;0,247579;
Benzol;1;27.12.2016 19:00;0,202945;
Anilin;3;27.12.2016 19:00;1,78076;
Anilin;4;27.12.2016 19:00;1,75481;
Anilin;8;27.12.2016 19:00;0,629511;
Anilin;6;27.12.2016 19:00;0,462998;
Anilin;9;27.12.2016 19:00;0,356173;
Anilin;1;27.12.2016 19:00;0,336665;
Anilin;2;27.12.2016 19:00;0,228927;
Anilin;5;27.12.2016 19:00;0,150786;
Anilin;7;27.12.2016 19:00;0,0451159;
Natriumchlorid;4;27.12.2016 20:00;2,09341;
Natriumchlorid;5;27.12.2016 20:00;1,52958;
Natriumchlorid;3;27.12.2016 20:00;0,917637;
Natriumchlorid;9;27.12.2016 20:00;0,679423;
Natriumchlorid;2;27.12.2016 20:00;0,613918;
Natriumchlorid;6;27.12.2016 20:00;0,463674;
Natriumchlorid;7;27.12.2016 20:00;0,43304;
Natriumchlorid;1;27.12.2016 20:00;0,303393;
Natriumchlorid;8;27.12.2016 20:00;0,252854;
Arsen;4;27.12.2016 20:00;1,82824;
Arsen;3;27.12.2016 20:00;1,55503;
Arsen;8;27.12.2016 20:00;0,681935;
Arsen;9;27.12.2016 20:00;0,417717;
Arsen;6;27.12.2016 20:00;0,305256;
Arsen;1;27.12.2016 20:00;0,219715;
Arsen;7;27.12.2016 20:00;0,195448;
Arsen;2;27.12.2016 20:00;0,191478;
Arsen;5;27.12.2016 20:00;0,0195109;
Benzol;3;27.12.2016 20:00;2,01629;
Benzol;4;27.12.2016 20:00;1,99221;
Benzol;8;27.12.2016 20:00;1,23328;
Benzol;7;27.12.2016 20:00;1,05337;
Benzol;5;27.12.2016 20:00;1,00917;
Benzol;6;27.12.2016 20:00;0,522657;
Benzol;2;27.12.2016 20:00;0,181956;
Benzol;1;27.12.2016 20:00;0,0898143;
Benzol;9;27.12.2016 20:00;0,0350256;
Anilin;3;27.12.2016 20:00;2,67144;
Anilin;4;27.12.2016 20:00;2,29656;
Anilin;9;27.12.2016 20:00;1,00153;
Anilin;6;27.12.2016 20:00;0,551074;
Anilin;1;27.12.2016 20:00;0,36273;
Anilin;2;27.12.2016 20:00;0,32841;
Anilin;5;27.12.2016 20:00;0,317516;
Anilin;7;27.12.2016 20:00;0,266069;
Anilin;8;27.12.2016 20:00;0,22961;
Natriumchlorid;4;27.12.2016 21:00;1,90695;
Natriumchlorid;7;27.12.2016 21:00;1,18348;
Natriumchlorid;3;27.12.2016 21:00;1,05433;
Natriumchlorid;8;27.12.2016 21:00;0,709403;
Natriumchlorid;1;27.12.2016 21:00;0,340106;
Natriumchlorid;5;27.12.2016 21:00;0,155914;
Natriumchlorid;9;27.12.2016 21:00;0,121218;
Natriumchlorid;2;27.12.2016 21:00;0,0804833;
Natriumchlorid;6;27.12.2016 21:00;0,0215738;
Arsen;3;27.12.2016 21:00;1,92868;
Arsen;4;27.12.2016 21:00;1,86177;
Arsen;5;27.12.2016 21:00;0,8001;
Arsen;6;27.12.2016 21:00;0,654502;
Arsen;8;27.12.2016 21:00;0,649091;
Arsen;9;27.12.2016 21:00;0,425047;
Arsen;1;27.12.2016 21:00;0,326913;
Arsen;7;27.12.2016 21:00;0,23395;
Arsen;2;27.12.2016 21:00;0,143123;
Benzol;4;27.12.2016 21:00;1,92955;
Benzol;5;27.12.2016 21:00;1,41525;
Benzol;7;27.12.2016 21:00;0,892238;
Benzol;3;27.12.2016 21:00;0,876253;
Benzol;9;27.12.2016 21:00;0,812515;
Benzol;6;27.12.2016 21:00;0,400023;
Benzol;1;27.12.2016 21:00;0,374474;
Benzol;2;27.12.2016 21:00;0,361402;
Benzol;8;27.12.2016 21:00;0,151577;
Anilin;4;27.12.2016 21:00;1,91695;
Anilin;5;27.12.2016 21:00;1,37735;
Anilin;3;27.12.2016 21:00;0,850486;
Anilin;8;27.12.2016 21:00;0,583416;
Anilin;7;27.12.2016 21:00;0,558784;
Anilin;2;27.12.2016 21:00;0,5028;
Anilin;9;27.12.2016 21:00;0,425047;
Anilin;6;27.12.2016 21:00;0,266964;
Anilin;1;27.12.2016 21:00;0,00775997;
Natriumchlorid;3;27.12.2016 22:00;2,42186;
Natriumchlorid;4;27.12.2016 22:00;2,39704;
Natriumchlorid;7;27.12.2016 22:00;0,647175;
Natriumchlorid;8;27.12.2016 22:00;0,548653;
Natriumchlorid;9;27.12.2016 22:00;0,335822;
Natriumchlorid;5;27.12.2016 22:00;0,290344;
Natriumchlorid;6;27.12.2016 22:00;0,274618;
Natriumchlorid;2;27.12.2016 22:00;0,164338;
Natriumchlorid;1;27.12.2016 22:00;0,0474768;
Arsen;4;27.12.2016 22:00;2,39594;
Arsen;8;27.12.2016 22:00;1,08903;
Arsen;7;27.12.2016 22:00;1,06051;
Arsen;9;27.12.2016 22:00;0,768488;
Arsen;1;27.12.2016 22:00;0,495372;
Arsen;3;27.12.2016 22:00;0,453403;
Arsen;2;27.12.2016 22:00;0,404186;
Arsen;6;27.12.2016 22:00;0,119504;
Arsen;5;27.12.2016 22:00;0,0640911;
Benzol;3;27.12.2016 22:00;3,64468;
Benzol;4;27.12.2016 22:00;2,4119;
Benzol;5;27.12.2016 22:00;0,739434;
Benzol;2;27.12.2016 22:00;0,67257;
Benzol;6;27.12.2016 22:00;0,441443;
Benzol;1;27.12.2016 22:00;0,432094;
Benzol;8;27.12.2016 22:00;0,398577;
Benzol;7;27.12.2016 22:00;0,166568;
Benzol;9;27.12.2016 22:00;0,0133198;
Anilin;4;27.12.2016 22:00;1,98059;
Anilin;9;27.12.2016 22:00;1,09419;
Anilin;5;27.12.2016 22:00;0,861816;
Anilin;3;27.12.2016 22:00;0,475947;
Anilin;8;27.12.2016 22:00;0,447957;
Anilin;7;27.12.2016 22:00;0,374335;
Anilin;1;27.12.2016 22:00;0,352298;
Anilin;6;27.12.2016 22:00;0,24986;
Anilin;2;27.12.2016 22:00;0,123844;
Natriumchlorid;4;27.12.2016 23:00;1,79618;
Natriumchlorid;5;27.12.2016 23:00;1,27058;
Natriumchlorid;7;27.12.2016 23:00;1,17179;
Natriumchlorid;3;27.12.2016 23:00;0,742231;
Natriumchlorid;2;27.12.2016 23:00;0,625678;
Natriumchlorid;8;27.12.2016 23:00;0,456908;
Natriumchlorid;9;27.12.2016 23:00;0,343577;
Natriumchlorid;6;27.12.2016 23:00;0,336745;
Natriumchlorid;1;27.12.2016 23:00;0,207797;
Arsen;4;27.12.2016 23:00;2,5622;
Arsen;7;27.12.2016 23:00;2,25379;
Arsen;3;27.12.2016 23:00;0,975177;
Arsen;9;27.12.2016 23:00;0,767769;
Arsen;6;27.12.2016 23:00;0,44434;
Arsen;2;27.12.2016 23:00;0,357047;
Arsen;8;27.12.2016 23:00;0,294632;
Arsen;5;27.12.2016 23:00;0,287248;
Arsen;1;27.12.2016 23:00;0,203129;
Benzol;4;27.12.2016 23:00;2,1858;
Benzol;3;27.12.2016 23:00;1,30128;
Benzol;6;27.12.2016 23:00;0,533915;
Benzol;8;27.12.2016 23:00;0,515619;
Benzol;1;27.12.2016 23:00;0,407629;
Benzol;2;27.12.2016 23:00;0,363048;
Benzol;7;27.12.2016 23:00;0,149036;
Benzol;5;27.12.2016 23:00;0,04597;
Benzol;9;27.12.2016 23:00;0,00999314;
Anilin;4;27.12.2016 23:00;2,00873;
Anilin;9;27.12.2016 23:00;1,21408;
Anilin;8;27.12.2016 23:00;0,539674;
Anilin;5;27.12.2016 23:00;0,457811;
Anilin;7;27.12.2016 23:00;0,272304;
Anilin;2;27.12.2016 23:00;0,247953;
Anilin;1;27.12.2016 23:00;0,229366;
Anilin;6;27.12.2016 23:00;0,0653751;
Anilin;3;27.12.2016 23:00;0,0347694;
Natriumchlorid;3;28.12.2016 00:00;2,93833;
Natriumchlorid;4;28.12.2016 00:00;1,99321;
Natriumchlorid;5;28.12.2016 00:00;0,775929;
Natriumchlorid;6;28.12.2016 00:00;0,568398;
Natriumchlorid;7;28.12.2016 00:00;0,555636;
Natriumchlorid;9;28.12.2016 00:00;0,541726;
Natriumchlorid;2;28.12.2016 00:00;0,436254;
Natriumchlorid;8;28.12.2016 00:00;0,286135;
Natriumchlorid;1;28.12.2016 00:00;0,275016;
Arsen;4;28.12.2016 00:00;2,16935;
Arsen;9;28.12.2016 00:00;1,29188;
Arsen;5;28.12.2016 00:00;1,08597;
Arsen;2;28.12.2016 00:00;0,998078;
Arsen;7;28.12.2016 00:00;0,569031;
Arsen;1;28.12.2016 00:00;0,525375;
Arsen;8;28.12.2016 00:00;0,248577;
Arsen;6;28.12.2016 00:00;0,163746;
Arsen;3;28.12.2016 00:00;0,0975603;
Benzol;4;28.12.2016 00:00;1,50091;
Benzol;3;28.12.2016 00:00;0,993198;
Benzol;9;28.12.2016 00:00;0,83803;
Benzol;5;28.12.2016 00:00;0,809653;
Benzol;8;28.12.2016 00:00;0,572873;
Benzol;7;28.12.2016 00:00;0,425101;
Benzol;6;28.12.2016 00:00;0,325968;
Benzol;2;28.12.2016 00:00;0,149361;
Benzol;1;28.12.2016 00:00;0,061318;
Anilin;4;28.12.2016 00:00;2,16918;
Anilin;3;28.12.2016 00:00;1,3748;
Anilin;9;28.12.2016 00:00;0,892845;
Anilin;2;28.12.2016 00:00;0,640694;
Anilin;6;28.12.2016 00:00;0,561667;
Anilin;7;28.12.2016 00:00;0,305946;
Anilin;8;28.12.2016 00:00;0,302707;
Anilin;1;28.12.2016 00:00;0,228917;
Anilin;5;28.12.2016 00:00;0,106572;
Natriumchlorid;3;28.12.2016 01:00;2,09324;
Natriumchlorid;4;28.12.2016 01:00;1,82719;
Natriumchlorid;2;28.12.2016 01:00;1,41223;
Natriumchlorid;7;28.12.2016 01:00;1,12804;
Natriumchlorid;9;28.12.2016 01:00;0,686594;
Natriumchlorid;8;28.12.2016 01:00;0,649648;
Natriumchlorid;5;28.12.2016 01:00;0,497925;
Natriumchlorid;6;28.12.2016 01:00;0,337227;
Natriumchlorid;1;28.12.2016 01:00;0,0619308;
Arsen;4;28.12.2016 01:00;2,41509;
Arsen;5;28.12.2016 01:00;1,21612;
Arsen;3;28.12.2016 01:00;1,0578;
Arsen;7;28.12.2016 01:00;0,813982;
Arsen;8;28.12.2016 01:00;0,70382;
Arsen;9;28.12.2016 01:00;0,388415;
Arsen;6;28.12.2016 01:00;0,381023;
Arsen;1;28.12.2016 01:00;0,0970093;
Arsen;2;28.12.2016 01:00;0,016856;
Benzol;3;28.12.2016 01:00;3,72098;
Benzol;4;28.12.2016 01:00;2,03323;
Benzol;5;28.12.2016 01:00;0,809173;
Benzol;1;28.12.2016 01:00;0,527287;
Benzol;6;28.12.2016 01:00;0,462194;
Benzol;2;28.12.2016 01:00;0,378022;
Benzol;7;28.12.2016 01:00;0,307932;
Benzol;8;28.12.2016 01:00;0,118639;
Benzol;9;28.12.2016 01:00;0,0479061;
Anilin;4;28.12.2016 01:00;2,35588;
Anilin;5;28.12.2016 01:00;1,48088;
Anilin;9;28.12.2016 01:00;1,25138;
Anilin;3;28.12.2016 01:00;0,968914;
Anilin;8;28.12.2016 01:00;0,559066;
Anilin;6;28.12.2016 01:00;0,424179;
Anilin;1;28.12.2016 01:00;0,199778;
Anilin;2;28.12.2016 01:00;0,129394;
Anilin;7;28.12.2016 01:00;0,0278751;
Natriumchlorid;4;28.12.2016 02:00;1,87269;
Natriumchlorid;7;28.12.2016 02:00;1,01604;
Natriumchlorid;1;28.12.2016 02:00;0,660954;
Natriumchlorid;2;28.12.2016 02:00;0,399648;
Natriumchlorid;9;28.12.2016 02:00;0,358644;
Natriumchlorid;5;28.12.2016 02:00;0,24133;
Natriumchlorid;3;28.12.2016 02:00;0,23659;
Natriumchlorid;8;28.12.2016 02:00;0,214236;
Natriumchlorid;6;28.12.2016 02:00;0,133827;
Arsen;4;28.12.2016 02:00;1,89373;
Arsen;3;28.12.2016 02:00;1,33098;
Arsen;2;28.12.2016 02:00;0,935919;
Arsen;7;28.12.2016 02:00;0,608635;
Arsen;5;28.12.2016 02:00;0,520537;
Arsen;1;28.12.2016 02:00;0,355404;
Arsen;6;28.12.2016 02:00;0,339185;
Arsen;8;28.12.2016 02:00;0,0963995;
Arsen;9;28.12.2016 02:00;0,0262295;
Benzol;3;28.12.2016 02:00;3,19341;
Benzol;4;28.12.2016 02:00;2,46597;
Benzol;6;28.12.2016 02:00;0,45201;
Benzol;8;28.12.2016 02:00;0,390008;
Benzol;9;28.12.2016 02:00;0,347311;
Benzol;7;28.12.2016 02:00;0,329248;
Benzol;5;28.12.2016 02:00;0,176923;
Benzol;1;28.12.2016 02:00;0,101902;
Benzol;2;28.12.2016 02:00;0,0210933;
Anilin;3;28.12.2016 02:00;3,35491;
Anilin;4;28.12.2016 02:00;1,68708;
Anilin;6;28.12.2016 02:00;0,465543;
Anilin;2;28.12.2016 02:00;0,356206;
Anilin;9;28.12.2016 02:00;0,320206;
Anilin;8;28.12.2016 02:00;0,214133;
Anilin;1;28.12.2016 02:00;0,148195;
Anilin;7;28.12.2016 02:00;0,124879;
Anilin;5;28.12.2016 02:00;0,0589222;
Natriumchlorid;4;28.12.2016 03:00;2,11456;
Natriumchlorid;5;28.12.2016 03:00;1,00591;
Natriumchlorid;8;28.12.2016 03:00;0,712092;
Natriumchlorid;1;28.12.2016 03:00;0,407576;
Natriumchlorid;2;28.12.2016 03:00;0,312718;
Natriumchlorid;7;28.12.2016 03:00;0,268086;
Natriumchlorid;6;28.12.2016 03:00;0,143038;
Natriumchlorid;9;28.12.2016 03:00;0,10103;
Natriumchlorid;3;28.12.2016 03:00;0,0661728;
Arsen;3;28.12.2016 03:00;2,38023;
Arsen;4;28.12.2016 03:00;2,17137;
Arsen;5;28.12.2016 03:00;1,24275;
Arsen;7;28.12.2016 03:00;0,545362;
Arsen;6;28.12.2016 03:00;0,48647;
Arsen;9;28.12.2016 03:00;0,482429;
Arsen;1;28.12.2016 03:00;0,268976;
Arsen;8;28.12.2016 03:00;0,255404;
Arsen;2;28.12.2016 03:00;0,0775587;
Benzol;4;28.12.2016 03:00;2,29603;
Benzol;5;28.12.2016 03:00;1,22114;
Benzol;7;28.12.2016 03:00;1,09379;
Benzol;3;28.12.2016 03:00;0,893138;
Benzol;8;28.12.2016 03:00;0,705005;
Benzol;9;28.12.2016 03:00;0,655362;
Benzol;6;28.12.2016 03:00;0,472674;
Benzol;1;28.12.2016 03:00;0,440803;
Benzol;2;28.12.2016 03:00;0,0884591;
Anilin;4;28.12.2016 03:00;1,88886;
Anilin;9;28.12.2016 03:00;0,409852;
Anilin;5;28.12.2016 03:00;0,409413;
Anilin;8;28.12.2016 03:00;0,392732;
Anilin;1;28.12.2016 03:00;0,321109;
Anilin;3;28.12.2016 03:00;0,309368;
Anilin;6;28.12.2016 03:00;0,307731;
Anilin;2;28.12.2016 03:00;0,125375;
Anilin;7;28.12.2016 03:00;0,0805623;
Natriumchlorid;4;28.12.2016 04:00;2,15698;
Natriumchlorid;3;28.12.2016 04:00;1,93603;
Natriumchlorid;8;28.12.2016 04:00;0,602774;
Natriumchlorid;9;28.12.2016 04:00;0,376302;
Natriumchlorid;2;28.12.2016 04:00;0,376235;
Natriumchlorid;1;28.12.2016 04:00;0,302502;
Natriumchlorid;5;28.12.2016 04:00;0,295057;
Natriumchlorid;7;28.12.2016 04:00;0,0926521;
Natriumchlorid;6;28.12.2016 04:00;0,0782481;
Arsen;4;28.12.2016 04:00;2,18089;
Arsen;3;28.12.2016 04:00;1,24657;
Arsen;5;28.12.2016 04:00;0,944213;
Arsen;8;28.12.2016 04:00;0,693589;
Arsen;2;28.12.2016 04:00;0,661142;
Arsen;1;28.12.2016 04:00;0,605515;
Arsen;9;28.12.2016 04:00;0,448716;
Arsen;7;28.12.2016 04:00;0,337608;
Arsen;6;28.12.2016 04:00;0,285911;
Benzol;3;28.12.2016 04:00;4,41102;
Benzol;4;28.12.2016 04:00;2,351;
Benzol;8;28.12.2016 04:00;0,804447;
Benzol;5;28.12.2016 04:00;0,596194;
Benzol;6;28.12.2016 04:00;0,444089;
Benzol;7;28.12.2016 04:00;0,247349;
Benzol;2;28.12.2016 04:00;0,183303;
Benzol;1;28.12.2016 04:00;0,112451;
Benzol;9;28.12.2016 04:00;0,109286;
Anilin;4;28.12.2016 04:00;1,95705;
Anilin;7;28.12.2016 04:00;1,43881;
Anilin;9;28.12.2016 04:00;0,605256;
Anilin;3;28.12.2016 04:00;0,531407;
Anilin;5;28.12.2016 04:00;0,433534;
Anilin;6;28.12.2016 04:00;0,34345;
Anilin;2;28.12.2016 04:00;0,189794;
Anilin;1;28.12.2016 04:00;0,118068;
Anilin;8;28.12.2016 04:00;0,0899369;
Natriumchlorid;4;28.12.2016 05:00;1,81594;
Natriumchlorid;3;28.12.2016 05:00;1,11201;
Natriumchlorid;7;28.12.2016 05:00;1,02541;
Natriumchlorid;5;28.12.2016 05:00;0,360227;
Natriumchlorid;1;28.12.2016 05:00;0,352094;
Natriumchlorid;9;28.12.2016 05:00;0,335136;
Natriumchlorid;6;28.12.2016 05:00;0,279808;
Natriumchlorid;8;28.12.2016 05:00;0,178987;
Natriumchlorid;2;28.12.2016 05:00;0,132887;
Arsen;3;28.12.2016 05:00;2,3034;
Arsen;4;28.12.2016 05:00;2,24087;
Arsen;8;28.12.2016 05:00;1,24602;
Arsen;6;28.12.2016 05:00;0,834746;
Arsen;9;28.12.2016 05:00;0,751289;
Arsen;2;28.12.2016 05:00;0,410783;
Arsen;1;28.12.2016 05:00;0,308356;
Arsen;7;28.12.2016 05:00;0,15518;
Arsen;5;28.12.2016 05:00;0,114424;
Benzol;4;28.12.2016 05:00;2,30113;
Benzol;3;28.12.2016 05:00;1,11631;
Benzol;6;28.12.2016 05:00;0,421607;
Benzol;9;28.12.2016 05:00;0,396679;
Benzol;5;28.12.2016 05:00;0,305312;
Benzol;1;28.12.2016 05:00;0,185491;
Benzol;7;28.12.2016 05:00;0,104781;
Benzol;8;28.12.2016 05:00;0,0645101;
Benzol;2;28.12.2016 05:00;0,0149072;
Anilin;3;28.12.2016 05:00;1,92094;
Anilin;5;28.12.2016 05:00;1,82441;
Anilin;4;28.12.2016 05:00;1,74641;
Anilin;7;28.12.2016 05:00;1,53286;
Anilin;6;28.12.2016 05:00;0,677983;
Anilin;9;28.12.2016 05:00;0,539515;
Anilin;2;28.12.2016 05:00;0,463215;
Anilin;1;28.12.2016 05:00;0,216197;
Anilin;8;28.12.2016 05:00;0,0686572;
Natriumchlorid;4;28.12.2016 06:00;1,82759;
Natriumchlorid;5;28.12.2016 06:00;1,03075;
Natriumchlorid;8;28.12.2016 06:00;0,67943;
Natriumchlorid;6;28.12.2016 06:00;0,555094;
Natriumchlorid;2;28.12.2016 06:00;0,402008;
Natriumchlorid;1;28.12.2016 06:00;0,321458;
Natriumchlorid;3;28.12.2016 06:00;0,174691;
Natriumchlorid;7;28.12.2016 06:00;0,158057;
Natriumchlorid;9;28.12.2016 06:00;0,0152462;
Arsen;4;28.12.2016 06:00;2,14654;
Arsen;3;28.12.2016 06:00;0,823353;
Arsen;8;28.12.2016 06:00;0,738545;
Arsen;5;28.12.2016 06:00;0,583106;
Arsen;7;28.12.2016 06:00;0,462247;
Arsen;9;28.12.2016 06:00;0,461462;
Arsen;6;28.12.2016 06:00;0,313211;
Arsen;2;28.12.2016 06:00;0,172761;
Arsen;1;28.12.2016 06:00;0,00222342;
Benzol;4;28.12.2016 06:00;2,2164;
Benzol;3;28.12.2016 06:00;1,27991;
Benzol;8;28.12.2016 06:00;0,859659;
Benzol;1;28.12.2016 06:00;0,42015;
Benzol;7;28.12.2016 06:00;0,41933;
Benzol;6;28.12.2016 06:00;0,373106;
Benzol;9;28.12.2016 06:00;0,296969;
Benzol;5;28.12.2016 06:00;0,270305;
Benzol;2;28.12.2016 06:00;0,109898;
Anilin;4;28.12.2016 06:00;2,06385;
Anilin;5;28.12.2016 06:00;0,852731;
Anilin;9;28.12.2016 06:00;0,794025;
Anilin;6;28.12.2016 06:00;0,520613;
Anilin;3;28.12.2016 06:00;0,344836;
Anilin;8;28.12.2016 06:00;0,231752;
Anilin;2;28.12.2016 06:00;0,0381818;
Anilin;1;28.12.2016 06:00;0,00968491;
Anilin;7;28.12.2016 06:00;0,00945126;
Natriumchlorid;4;28.12.2016 07:00;2,06032;
Natriumchlorid;3;28.12.2016 07:00;1,05307;
Natriumchlorid;9;28.12.2016 07:00;0,869271;
Natriumchlorid;6;28.12.2016 07:00;0,525345;
Natriumchlorid;8;28.12.2016 07:00;0,41339;
Natriumchlorid;7;28.12.2016 07:00;0,234766;
Natriumchlorid;5;28.12.2016 07:00;0,234348;
Natriumchlorid;2;28.12.2016 07:00;0,227515;
Natriumchlorid;1;28.12.2016 07:00;0,160431;
Arsen;3;28.12.2016 07:00;2,88177;
Arsen;4;28.12.2016 07:00;1,96912;
Arsen;5;28.12.2016 07:00;1,32299;
Arsen;8;28.12.2016 07:00;1,1114;
Arsen;2;28.12.2016 07:00;0,660785;
Arsen;9;28.12.2016 07:00;0,545393;
Arsen;6;28.12.2016 07:00;0,405363;
Arsen;1;28.12.2016 07:00;0,298872;
Arsen;7;28.12.2016 07:00;0,0764224;
Benzol;4;28.12.2016 07:00;2,32142;
Benzol;2;28.12.2016 07:00;0,772514;
Benzol;3;28.12.2016 07:00;0,757255;
Benzol;5;28.12.2016 07:00;0,37508;
Benzol;1;28.12.2016 07:00;0,327175;
Benzol;6;28.12.2016 07:00;0,263836;
Benzol;9;28.12.2016 07:00;0,187952;
Benzol;7;28.12.2016 07:00;0,134343;
Benzol;8;28.12.2016 07:00;0,0325932;
Anilin;4;28.12.2016 07:00;1,92775;
Anilin;3;28.12.2016 07:00;1,89746;
Anilin;7;28.12.2016 07:00;0,861098;
Anilin;8;28.12.2016 07:00;0,805264;
Anilin;6;28.12.2016 07:00;0,721473;
Anilin;5;28.12.2016 07:00;0,579259;
Anilin;9;28.12.2016 07:00;0,41795;
Anilin;2;28.12.2016 07:00;0,314311;
Anilin;1;28.12.2016 07:00;0,00474513;
Natriumchlorid;4;28.12.2016 08:00;2,41119;
Natriumchlorid;7;28.12.2016 08:00;1,00769;
Natriumchlorid;9;28.12.2016 08:00;0,766596;
Natriumchlorid;6;28.12.2016 08:00;0,295925;
Natriumchlorid;8;28.12.2016 08:00;0,276734;
Natriumchlorid;5;28.12.2016 08:00;0,27346;
Natriumchlorid;3;28.12.2016 08:00;0,155093;
Natriumchlorid;2;28.12.2016 08:00;0,120627;
Natriumchlorid;1;28.12.2016 08:00;0,0897431;
Arsen;4;28.12.2016 08:00;1,86275;
Arsen;7;28.12.2016 08:00;1,18099;
Arsen;5;28.12.2016 08:00;0,863214;
Arsen;6;28.12.2016 08:00;0,606844;
Arsen;1;28.12.2016 08:00;0,39012;
Arsen;9;28.12.2016 08:00;0,234515;
Arsen;8;28.12.2016 08:00;0,130137;
Arsen;2;28.12.2016 08:00;0,116644;
Arsen;3;28.12.2016 08:00;0,052585;
Benzol;4;28.12.2016 08:00;1,99035;
Benzol;7;28.12.2016 08:00;1,67396;
Benzol;3;28.12.2016 08:00;1,03204;
Benzol;6;28.12.2016 08:00;0,792851;
Benzol;9;28.12.2016 08:00;0,432995;
Benzol;8;28.12.2016 08:00;0,416115;
Benzol;5;28.12.2016 08:00;0,267498;
Benzol;1;28.12.2016 08:00;0,224102;
Benzol;2;28.12.2016 08:00;0,0118377;
Anilin;4;28.12.2016 08:00;2,1007;
Anilin;3;28.12.2016 08:00;1,77758;
Anilin;5;28.12.2016 08:00;0,988167;
Anilin;6;28.12.2016 08:00;0,728401;
Anilin;8;28.12.2016 08:00;0,580463;
Anilin;7;28.12.2016 08:00;0,489056;
Anilin;9;28.12.2016 08:00;0,392604;
Anilin;1;28.12.2016 08:00;0,268083;
Anilin;2;28.12.2016 08:00;0,237341;
Natriumchlorid;4;28.12.2016 09:00;2,25894;
Natriumchlorid;7;28.12.2016 09:00;2,05065;
Natriumchlorid;5;28.12.2016 09:00;1,25281;
Natriumchlorid;9;28.12.2016 09:00;1,10442;
Natriumchlorid;3;28.12.2016 09:00;0,699538;
Natriumchlorid;2;28.12.2016 09:00;0,460713;
Natriumchlorid;6;28.12.2016 09:00;0,39303;
Natriumchlorid;8;28.12.2016 09:00;0,253061;
Natriumchlorid;1;28.12.2016 09:00;0,160072;
Arsen;3;28.12.2016 09:00;3,02889;
Arsen;4;28.12.2016 09:00;2,09942;
Arsen;5;28.12.2016 09:00;0,906172;
Arsen;7;28.12.2016 09:00;0,61725;
Arsen;8;28.12.2016 09:00;0,615969;
Arsen;6;28.12.2016 09:00;0,375975;
Arsen;9;28.12.2016 09:00;0,121496;
Arsen;2;28.12.2016 09:00;0,0578191;
Arsen;1;28.12.2016 09:00;0,0344805;
Benzol;4;28.12.2016 09:00;2,16633;
Benzol;8;28.12.2016 09:00;0,846409;
Benzol;9;28.12.2016 09:00;0,483717;
Benzol;5;28.12.2016 09:00;0,477368;
Benzol;6;28.12.2016 09:00;0,38196;
Benzol;7;28.12.2016 09:00;0,356004;
Benzol;3;28.12.2016 09:00;0,348318;
Benzol;1;28.12.2016 09:00;0,338118;
Benzol;2;28.12.2016 09:00;0,0169604;
Anilin;4;28.12.2016 09:00;1,87292;
Anilin;3;28.12.2016 09:00;0,502164;
Anilin;7;28.12.2016 09:00;0,375008;
Anilin;6;28.12.2016 09:00;0,288958;
Anilin;8;28.12.2016 09:00;0,219362;
Anilin;5;28.12.2016 09:00;0,194484;
Anilin;1;28.12.2016 09:00;0,142509;
Anilin;2;28.12.2016 09:00;0,0484245;
Anilin;9;28.12.2016 09:00;0,0359675;
Natriumchlorid;4;28.12.2016 10:00;1,70998;
Natriumchlorid;3;28.12.2016 10:00;1,22599;
Natriumchlorid;6;28.12.2016 10:00;0,742776;
Natriumchlorid;8;28.12.2016 10:00;0,706933;
Natriumchlorid;5;28.12.2016 10:00;0,546198;
Natriumchlorid;9;28.12.2016 10:00;0,467599;
Natriumchlorid;7;28.12.2016 10:00;0,227186;
Natriumchlorid;2;28.12.2016 10:00;0,145966;
Natriumchlorid;1;28.12.2016 10:00;0,0149865;
Arsen;3;28.12.2016 10:00;2,76169;
Arsen;4;28.12.2016 10:00;2,29979;
Arsen;9;28.12.2016 10:00;1,32929;
Arsen;6;28.12.2016 10:00;0,604378;
Arsen;7;28.12.2016 10:00;0,204356;
Arsen;1;28.12.2016 10:00;0,133714;
Arsen;8;28.12.2016 10:00;0,0947081;
Arsen;5;28.12.2016 10:00;0,0447906;
Arsen;2;28.12.2016 10:00;0,0323528;
Benzol;4;28.12.2016 10:00;2,43732;
Benzol;9;28.12.2016 10:00;0,792161;
Benzol;3;28.12.2016 10:00;0,506149;
Benzol;2;28.12.2016 10:00;0,408431;
Benzol;1;28.12.2016 10:00;0,323229;
Benzol;7;28.12.2016 10:00;0,153488;
Benzol;5;28.12.2016 10:00;0,110328;
Benzol;8;28.12.2016 10:00;0,0420999;
Benzol;6;28.12.2016 10:00;0,0406686;
Anilin;4;28.12.2016 10:00;2,15038;
Anilin;9;28.12.2016 10:00;1,07776;
Anilin;3;28.12.2016 10:00;0,940927;
Anilin;6;28.12.2016 10:00;0,558171;
Anilin;5;28.12.2016 10:00;0,517569;
Anilin;8;28.12.2016 10:00;0,234729;
Anilin;1;28.12.2016 10:00;0,166933;
Anilin;7;28.12.2016 10:00;0,158521;
Anilin;2;28.12.2016 10:00;0,0424564;
Natriumchlorid;4;28.12.2016 11:00;2,12276;
Natriumchlorid;3;28.12.2016 11:00;0,782307;
Natriumchlorid;8;28.12.2016 11:00;0,55253;
Natriumchlorid;9;28.12.2016 11:00;0,403423;
Natriumchlorid;6;28.12.2016 11:00;0,346881;
Natriumchlorid;1;28.12.2016 11:00;0,281141;
Natriumchlorid;2;28.12.2016 11:00;0,143651;
Natriumchlorid;5;28.12.2016 11:00;0,114983;
Natriumchlorid;7;28.12.2016 11:00;0,0538995;
Arsen;4;28.12.2016 11:00;1,71661;
Arsen;2;28.12.2016 11:00;0,551236;
Arsen;5;28.12.2016 11:00;0,546728;
Arsen;7;28.12.2016 11:00;0,248415;
Arsen;3;28.12.2016 11:00;0,242959;
Arsen;8;28.12.2016 11:00;0,202429;
Arsen;1;28.12.2016 11:00;0,157775;
Arsen;6;28.12.2016 11:00;0,0840816;
Arsen;9;28.12.2016 11:00;0,0612258;
Benzol;4;28.12.2016 11:00;2,25648;
Benzol;8;28.12.2016 11:00;1,17765;
Benzol;3;28.12.2016 11:00;1,03664;
Benzol;9;28.12.2016 11:00;0,671569;
Benzol;6;28.12.2016 11:00;0,663089;
Benzol;5;28.12.2016 11:00;0,164132;
Benzol;1;28.12.2016 11:00;0,0911574;
Benzol;2;28.12.2016 11:00;0,0736826;
Benzol;7;28.12.2016 11:00;0,00847644;
Anilin;4;28.12.2016 11:00;2,06763;
Anilin;5;28.12.2016 11:00;1,72278;
Anilin;3;28.12.2016 11:00;0,864084;
Anilin;8;28.12.2016 11:00;0,538503;
Anilin;9;28.12.2016 11:00;0,525759;
Anilin;6;28.12.2016 11:00;0,366157;
Anilin;2;28.12.2016 11:00;0,0388815;
Anilin;7;28.12.2016 11:00;0,0336532;
Anilin;1;28.12.2016 11:00;0,00739299;
Natriumchlorid;7;28.12.2016 12:00;2,32116;
Natriumchlorid;4;28.12.2016 12:00;1,92701;
Natriumchlorid;3;28.12.2016 12:00;1,67349;
Natriumchlorid;9;28.12.2016 12:00;0,747203;
Natriumchlorid;5;28.12.2016 12:00;0,609599;
Natriumchlorid;2;28.12.2016 12:00;0,533017;
Natriumchlorid;6;28.12.2016 12:00;0,352109;
Natriumchlorid;1;28.12.2016 12:00;0,33138;
Natriumchlorid;8;28.12.2016 12:00;0,291986;
Arsen;3;28.12.2016 12:00;3,00216;
Arsen;4;28.12.2016 12:00;1,51309;
Arsen;5;28.12.2016 12:00;0,705939;
Arsen;7;28.12.2016 12:00;0,698231;
Arsen;2;28.12.2016 12:00;0,508449;
Arsen;9;28.12.2016 12:00;0,333842;
Arsen;8;28.12.2016 12:00;0,19255;
Arsen;6;28.12.2016 12:00;0,0809917;
Arsen;1;28.12.2016 12:00;0,0680772;
Benzol;3;28.12.2016 12:00;3,92674;
Benzol;4;28.12.2016 12:00;2,07419;
Benzol;2;28.12.2016 12:00;1,2082;
Benzol;6;28.12.2016 12:00;0,448284;
Benzol;5;28.12.2016 12:00;0,249793;
Benzol;8;28.12.2016 12:00;0,189112;
Benzol;7;28.12.2016 12:00;0,145581;
Benzol;1;28.12.2016 12:00;0,120003;
Benzol;9;28.12.2016 12:00;0,0951164;
Anilin;3;28.12.2016 12:00;3,82263;
Anilin;4;28.12.2016 12:00;2,04889;
Anilin;8;28.12.2016 12:00;0,778561;
Anilin;9;28.12.2016 12:00;0,634218;
Anilin;5;28.12.2016 12:00;0,444686;
Anilin;7;28.12.2016 12:00;0,418205;
Anilin;6;28.12.2016 12:00;0,282037;
Anilin;2;28.12.2016 12:00;0,0234046;
Anilin;1;28.12.2016 12:00;0,00794792;
Natriumchlorid;4;28.12.2016 13:00;2,33431;
Natriumchlorid;3;28.12.2016 13:00;1,42701;
Natriumchlorid;5;28.12.2016 13:00;0,947576;
Natriumchlorid;9;28.12.2016 13:00;0,589311;
Natriumchlorid;2;28.12.2016 13:00;0,582409;
Natriumchlorid;6;28.12.2016 13:00;0,403603;
Natriumchlorid;7;28.12.2016 13:00;0,183292;
Natriumchlorid;1;28.12.2016 13:00;0,134254;
Natriumchlorid;8;28.12.2016 13:00;0,0702415;
Arsen;3;28.12.2016 13:00;2,40759;
Arsen;4;28.12.2016 13:00;1,9207;
Arsen;9;28.12.2016 13:00;0,779806;
Arsen;8;28.12.2016 13:00;0,723674;
Arsen;6;28.12.2016 13:00;0,484057;
Arsen;2;28.12.2016 13:00;0,411029;
Arsen;5;28.12.2016 13:00;0,410054;
Arsen;7;28.12.2016 13:00;0,22167;
Arsen;1;28.12.2016 13:00;0,210447;
Benzol;4;28.12.2016 13:00;2,11338;
Benzol;5;28.12.2016 13:00;0,668618;
Benzol;9;28.12.2016 13:00;0,534786;
Benzol;2;28.12.2016 13:00;0,515046;
Benzol;1;28.12.2016 13:00;0,357982;
Benzol;3;28.12.2016 13:00;0,302998;
Benzol;6;28.12.2016 13:00;0,186648;
Benzol;8;28.12.2016 13:00;0,137812;
Benzol;7;28.12.2016 13:00;0,0259061;
Anilin;4;28.12.2016 13:00;1,93535;
Anilin;3;28.12.2016 13:00;1,58267;
Anilin;8;28.12.2016 13:00;0,930645;
Anilin;6;28.12.2016 13:00;0,682266;
Anilin;7;28.12.2016 13:00;0,519863;
Anilin;5;28.12.2016 13:00;0,386022;
Anilin;1;28.12.2016 13:00;0,145279;
Anilin;9;28.12.2016 13:00;0,138223;
Anilin;2;28.12.2016 13:00;0,08537;
Natriumchlorid;4;28.12.2016 14:00;2,30693;
Natriumchlorid;8;28.12.2016 14:00;0,844248;
Natriumchlorid;7;28.12.2016 14:00;0,774453;
Natriumchlorid;5;28.12.2016 14:00;0,473297;
Natriumchlorid;2;28.12.2016 14:00;0,413495;
Natriumchlorid;3;28.12.2016 14:00;0,322495;
Natriumchlorid;6;28.12.2016 14:00;0,266315;
Natriumchlorid;9;28.12.2016 14:00;0,20641;
Natriumchlorid;1;28.12.2016 14:00;0,203634;
Arsen;4;28.12.2016 14:00;1,87447;
Arsen;3;28.12.2016 14:00;1,82467;
Arsen;7;28.12.2016 14:00;1,04495;
Arsen;9;28.12.2016 14:00;0,803923;
Arsen;5;28.12.2016 14:00;0,633746;
Arsen;2;28.12.2016 14:00;0,587417;
Arsen;6;28.12.2016 14:00;0,572468;
Arsen;8;28.12.2016 14:00;0,480668;
Arsen;1;28.12.2016 14:00;0,172489;
Benzol;3;28.12.2016 14:00;2,91071;
Benzol;4;28.12.2016 14:00;2,11496;
Benzol;6;28.12.2016 14:00;0,603754;
Benzol;8;28.12.2016 14:00;0,58165;
Benzol;5;28.12.2016 14:00;0,464319;
Benzol;1;28.12.2016 14:00;0,287591;
Benzol;9;28.12.2016 14:00;0,199337;
Benzol;7;28.12.2016 14:00;0,0873124;
Benzol;2;28.12.2016 14:00;0,0515759;
Anilin;4;28.12.2016 14:00;2,15954;
Anilin;9;28.12.2016 14:00;0,849495;
Anilin;6;28.12.2016 14:00;0,571892;
Anilin;3;28.12.2016 14:00;0,544278;
Anilin;5;28.12.2016 14:00;0,430041;
Anilin;2;28.12.2016 14:00;0,295278;
Anilin;1;28.12.2016 14:00;0,238562;
Anilin;7;28.12.2016 14:00;0,208299;
Anilin;8;28.12.2016 14:00;0,0153128;
Natriumchlorid;7;28.12.2016 15:00;3,19977;
Natriumchlorid;4;28.12.2016 15:00;2,26446;
Natriumchlorid;3;28.12.2016 15:00;1,7998;
Natriumchlorid;6;28.12.2016 15:00;0,843255;
Natriumchlorid;1;28.12.2016 15:00;0,527637;
Natriumchlorid;8;28.12.2016 15:00;0,300152;
Natriumchlorid;5;28.12.2016 15:00;0,205054;
Natriumchlorid;2;28.12.2016 15:00;0,0969641;
Natriumchlorid;9;28.12.2016 15:00;0,0265747;
Arsen;4;28.12.2016 15:00;1,64449;
Arsen;3;28.12.2016 15:00;1,15338;
Arsen;8;28.12.2016 15:00;0,960829;
Arsen;6;28.12.2016 15:00;0,627769;
Arsen;9;28.12.2016 15:00;0,536879;
Arsen;5;28.12.2016 15:00;0,418417;
Arsen;1;28.12.2016 15:00;0,289961;
Arsen;2;28.12.2016 15:00;0,0889615;
Arsen;7;28.12.2016 15:00;0,0191289;
Benzol;6;28.12.2016 15:00;5,12268;
Benzol;4;28.12.2016 15:00;2,23282;
Benzol;5;28.12.2016 15:00;1,24215;
Benzol;7;28.12.2016 15:00;1,20629;
Benzol;3;28.12.2016 15:00;0,647712;
Benzol;2;28.12.2016 15:00;0,330203;
Benzol;9;28.12.2016 15:00;0,161124;
Benzol;1;28.12.2016 15:00;0,0482735;
Benzol;8;28.12.2016 15:00;0,0213898;
Anilin;4;28.12.2016 15:00;2,14145;
Anilin;3;28.12.2016 15:00;1,81178;
Anilin;5;28.12.2016 15:00;1,20831;
Anilin;6;28.12.2016 15:00;0,710853;
Anilin;1;28.12.2016 15:00;0,566967;
Anilin;7;28.12.2016 15:00;0,449645;
Anilin;9;28.12.2016 15:00;0,298783;
Anilin;8;28.12.2016 15:00;0,211675;
Anilin;2;28.12.2016 15:00;0,140557;
Natriumchlorid;4;28.12.2016 16:00;2,05373;
Natriumchlorid;3;28.12.2016 16:00;1,03368;
Natriumchlorid;9;28.12.2016 16:00;0,319504;
Natriumchlorid;6;28.12.2016 16:00;0,295487;
Natriumchlorid;2;28.12.2016 16:00;0,188233;
Natriumchlorid;5;28.12.2016 16:00;0,181553;
Natriumchlorid;1;28.12.2016 16:00;0,130651;
Natriumchlorid;7;28.12.2016 16:00;0,112937;
Natriumchlorid;8;28.12.2016 16:00;0,0678948;
Arsen;3;28.12.2016 16:00;2,53257;
Arsen;4;28.12.2016 16:00;2,25197;
Arsen;9;28.12.2016 16:00;1,11265;
Arsen;7;28.12.2016 16:00;0,922082;
Arsen;2;28.12.2016 16:00;0,878384;
Arsen;6;28.12.2016 16:00;0,526707;
Arsen;5;28.12.2016 16:00;0,298181;
Arsen;8;28.12.2016 16:00;0,210444;
Arsen;1;28.12.2016 16:00;0,133616;
Benzol;4;28.12.2016 16:00;2,18325;
Benzol;9;28.12.2016 16:00;1,43888;
Benzol;3;28.12.2016 16:00;1,29106;
Benzol;5;28.12.2016 16:00;0,556753;
Benzol;8;28.12.2016 16:00;0,27887;
Benzol;6;28.12.2016 16:00;0,212127;
Benzol;1;28.12.2016 16:00;0,175088;
Benzol;2;28.12.2016 16:00;0,164987;
Benzol;7;28.12.2016 16:00;0,090768;
Anilin;4;28.12.2016 16:00;2,0972;
Anilin;5;28.12.2016 16:00;1,59951;
Anilin;2;28.12.2016 16:00;0,702538;
Anilin;9;28.12.2016 16:00;0,659923;
Anilin;8;28.12.2016 16:00;0,344221;
Anilin;1;28.12.2016 16:00;0,304285;
Anilin;3;28.12.2016 16:00;0,278022;
Anilin;6;28.12.2016 16:00;0,249292;
Anilin;7;28.12.2016 16:00;0,13821;
Natriumchlorid;4;28.12.2016 17:00;1,4634;
Natriumchlorid;9;28.12.2016 17:00;0,888955;
Natriumchlorid;8;28.12.2016 17:00;0,640603;
Natriumchlorid;6;28.12.2016 17:00;0,496167;
Natriumchlorid;3;28.12.2016 17:00;0,299459;
Natriumchlorid;7;28.12.2016 17:00;0,187534;
Natriumchlorid;5;28.12.2016 17:00;0,0858148;
Natriumchlorid;2;28.12.2016 17:00;0,0509137;
Natriumchlorid;1;28.12.2016 17:00;0,0319504;
Arsen;4;28.12.2016 17:00;2,09443;
Arsen;3;28.12.2016 17:00;2,06665;
Arsen;8;28.12.2016 17:00;0,615367;
Arsen;6;28.12.2016 17:00;0,61257;
Arsen;5;28.12.2016 17:00;0,601706;
Arsen;1;28.12.2016 17:00;0,0978992;
Arsen;9;28.12.2016 17:00;0,0561393;
Arsen;2;28.12.2016 17:00;0,0501985;
Arsen;7;28.12.2016 17:00;0,028819;
Benzol;4;28.12.2016 17:00;2,36987;
Benzol;8;28.12.2016 17:00;1,68802;
Benzol;9;28.12.2016 17:00;1,59149;
Benzol;3;28.12.2016 17:00;1,10755;
Benzol;7;28.12.2016 17:00;0,727539;
Benzol;2;28.12.2016 17:00;0,501376;
Benzol;1;28.12.2016 17:00;0,0799551;
Benzol;5;28.12.2016 17:00;0,0565857;
Benzol;6;28.12.2016 17:00;0,0128306;
Anilin;4;28.12.2016 17:00;1,98634;
Anilin;5;28.12.2016 17:00;0,58747;
Anilin;8;28.12.2016 17:00;0,572201;
Anilin;3;28.12.2016 17:00;0,439452;
Anilin;1;28.12.2016 17:00;0,299963;
Anilin;2;28.12.2016 17:00;0,289081;
Anilin;7;28.12.2016 17:00;0,16256;
Anilin;9;28.12.2016 17:00;0,0529741;
Anilin;6;28.12.2016 17:00;0,00798959;
Natriumchlorid;4;28.12.2016 18:00;2,06643;
Natriumchlorid;3;28.12.2016 18:00;0,743416;
Natriumchlorid;8;28.12.2016 18:00;0,719236;
Natriumchlorid;7;28.12.2016 18:00;0,629277;
Natriumchlorid;2;28.12.2016 18:00;0,591596;
Natriumchlorid;6;28.12.2016 18:00;0,367026;
Natriumchlorid;5;28.12.2016 18:00;0,3594;
Natriumchlorid;9;28.12.2016 18:00;0,35774;
Natriumchlorid;1;28.12.2016 18:00;0,171902;
Arsen;4;28.12.2016 18:00;1,97772;
Arsen;5;28.12.2016 18:00;0,649632;
Arsen;6;28.12.2016 18:00;0,497664;
Arsen;3;28.12.2016 18:00;0,468978;
Arsen;1;28.12.2016 18:00;0,324323;
Arsen;9;28.12.2016 18:00;0,280078;
Arsen;7;28.12.2016 18:00;0,207669;
Arsen;8;28.12.2016 18:00;0,106972;
Arsen;2;28.12.2016 18:00;0,0734893;
Benzol;4;28.12.2016 18:00;2,07886;
Benzol;3;28.12.2016 18:00;1,5966;
Benzol;9;28.12.2016 18:00;1,10072;
Benzol;5;28.12.2016 18:00;1,0214;
Benzol;7;28.12.2016 18:00;0,680982;
Benzol;6;28.12.2016 18:00;0,508959;
Benzol;8;28.12.2016 18:00;0,350718;
Benzol;1;28.12.2016 18:00;0,13847;
Benzol;2;28.12.2016 18:00;0,0458898;
Anilin;3;28.12.2016 18:00;2,59697;
Anilin;4;28.12.2016 18:00;2,16068;
Anilin;2;28.12.2016 18:00;0,770053;
Anilin;8;28.12.2016 18:00;0,62753;
Anilin;9;28.12.2016 18:00;0,379074;
Anilin;5;28.12.2016 18:00;0,258784;
Anilin;1;28.12.2016 18:00;0,257188;
Anilin;6;28.12.2016 18:00;0,19005;
Anilin;7;28.12.2016 18:00;0,172808;
Natriumchlorid;4;28.12.2016 19:00;1,86031;
Natriumchlorid;3;28.12.2016 19:00;1,73216;
Natriumchlorid;8;28.12.2016 19:00;0,976118;
Natriumchlorid;7;28.12.2016 19:00;0,901966;
Natriumchlorid;9;28.12.2016 19:00;0,449617;
Natriumchlorid;1;28.12.2016 19:00;0,351726;
Natriumchlorid;5;28.12.2016 19:00;0,34002;
Natriumchlorid;6;28.12.2016 19:00;0,311881;
Natriumchlorid;2;28.12.2016 19:00;0,0923349;
Arsen;3;28.12.2016 19:00;1,72884;
Arsen;4;28.12.2016 19:00;1,69548;
Arsen;2;28.12.2016 19:00;0,682301;
Arsen;7;28.12.2016 19:00;0,640253;
Arsen;6;28.12.2016 19:00;0,551217;
Arsen;9;28.12.2016 19:00;0,469187;
Arsen;8;28.12.2016 19:00;0,386182;
Arsen;5;28.12.2016 19:00;0,269086;
Arsen;1;28.12.2016 19:00;0,119539;
Benzol;4;28.12.2016 19:00;1,84857;
Benzol;5;28.12.2016 19:00;0,584194;
Benzol;9;28.12.2016 19:00;0,582481;
Benzol;3;28.12.2016 19:00;0,515607;
Benzol;2;28.12.2016 19:00;0,498255;
Benzol;6;28.12.2016 19:00;0,376222;
Benzol;7;28.12.2016 19:00;0,315138;
Benzol;1;28.12.2016 19:00;0,103816;
Benzol;8;28.12.2016 19:00;0,0420435;
Anilin;3;28.12.2016 19:00;4,12023;
Anilin;4;28.12.2016 19:00;2,17109;
Anilin;5;28.12.2016 19:00;1,82675;
Anilin;8;28.12.2016 19:00;1,2492;
Anilin;7;28.12.2016 19:00;0,665661;
Anilin;6;28.12.2016 19:00;0,647474;
Anilin;9;28.12.2016 19:00;0,565756;
Anilin;1;28.12.2016 19:00;0,212439;
Anilin;2;28.12.2016 19:00;0,016854;
Natriumchlorid;4;28.12.2016 20:00;2,04214;
Natriumchlorid;3;28.12.2016 20:00;0,727612;
Natriumchlorid;7;28.12.2016 20:00;0,720792;
Natriumchlorid;2;28.12.2016 20:00;0,685099;
Natriumchlorid;1;28.12.2016 20:00;0,239148;
Natriumchlorid;9;28.12.2016 20:00;0,227328;
Natriumchlorid;6;28.12.2016 20:00;0,164237;
Natriumchlorid;8;28.12.2016 20:00;0,0504703;
Natriumchlorid;5;28.12.2016 20:00;0,0479158;
Arsen;4;28.12.2016 20:00;2,08005;
Arsen;3;28.12.2016 20:00;1,39165;
Arsen;5;28.12.2016 20:00;1,18607;
Arsen;7;28.12.2016 20:00;0,806771;
Arsen;9;28.12.2016 20:00;0,800358;
Arsen;2;28.12.2016 20:00;0,531314;
Arsen;1;28.12.2016 20:00;0,480537;
Arsen;6;28.12.2016 20:00;0,359869;
Arsen;8;28.12.2016 20:00;0,302045;
Benzol;4;28.12.2016 20:00;2,0711;
Benzol;5;28.12.2016 20:00;0,684477;
Benzol;9;28.12.2016 20:00;0,621609;
Benzol;8;28.12.2016 20:00;0,366654;
Benzol;3;28.12.2016 20:00;0,318582;
Benzol;2;28.12.2016 20:00;0,306948;
Benzol;6;28.12.2016 20:00;0,240024;
Benzol;7;28.12.2016 20:00;0,128298;
Benzol;1;28.12.2016 20:00;0,0706262;
Anilin;3;28.12.2016 20:00;2,75712;
Anilin;4;28.12.2016 20:00;2,17445;
Anilin;5;28.12.2016 20:00;1,11334;
Anilin;2;28.12.2016 20:00;0,78694;
Anilin;6;28.12.2016 20:00;0,306538;
Anilin;8;28.12.2016 20:00;0,255509;
Anilin;9;28.12.2016 20:00;0,203758;
Anilin;7;28.12.2016 20:00;0,174862;
Anilin;1;28.12.2016 20:00;0,138856;
Natriumchlorid;4;28.12.2016 21:00;2,39178;
Natriumchlorid;8;28.12.2016 21:00;0,818788;
Natriumchlorid;6;28.12.2016 21:00;0,319937;
Natriumchlorid;3;28.12.2016 21:00;0,275184;
Natriumchlorid;2;28.12.2016 21:00;0,259629;
Natriumchlorid;9;28.12.2016 21:00;0,172523;
Natriumchlorid;1;28.12.2016 21:00;0,0881452;
Natriumchlorid;5;28.12.2016 21:00;0,0861658;
Natriumchlorid;7;28.12.2016 21:00;0,025026;
Arsen;4;28.12.2016 21:00;2,19522;
Arsen;7;28.12.2016 21:00;0,888602;
Arsen;8;28.12.2016 21:00;0,562317;
Arsen;2;28.12.2016 21:00;0,557762;
Arsen;1;28.12.2016 21:00;0,479965;
Arsen;9;28.12.2016 21:00;0,444697;
Arsen;6;28.12.2016 21:00;0,314855;
Arsen;3;28.12.2016 21:00;0,131372;
Arsen;5;28.12.2016 21:00;0,0680215;
Benzol;4;28.12.2016 21:00;2,2132;
Benzol;3;28.12.2016 21:00;1,99849;
Benzol;9;28.12.2016 21:00;0,809692;
Benzol;5;28.12.2016 21:00;0,77122;
Benzol;8;28.12.2016 21:00;0,398944;
Benzol;2;28.12.2016 21:00;0,393881;
Benzol;1;28.12.2016 21:00;0,360039;
Benzol;6;28.12.2016 21:00;0,317244;
Benzol;7;28.12.2016 21:00;0,111208;
Anilin;3;28.12.2016 21:00;1,98321;
Anilin;4;28.12.2016 21:00;1,85299;
Anilin;5;28.12.2016 21:00;1,16322;
Anilin;7;28.12.2016 21:00;0,458784;
Anilin;1;28.12.2016 21:00;0,422607;
Anilin;6;28.12.2016 21:00;0,346532;
Anilin;8;28.12.2016 21:00;0,300938;
Anilin;2;28.12.2016 21:00;0,236325;
Anilin;9;28.12.2016 21:00;0,0304239;
Natriumchlorid;4;28.12.2016 22:00;2,18587;
Natriumchlorid;2;28.12.2016 22:00;0,907132;
Natriumchlorid;3;28.12.2016 22:00;0,859994;
Natriumchlorid;9;28.12.2016 22:00;0,629628;
Natriumchlorid;6;28.12.2016 22:00;0,41609;
Natriumchlorid;7;28.12.2016 22:00;0,180746;
Natriumchlorid;1;28.12.2016 22:00;0,14742;
Natriumchlorid;8;28.12.2016 22:00;0,0848701;
Natriumchlorid;5;28.12.2016 22:00;0,0185599;
Arsen;4;28.12.2016 22:00;1,91564;
Arsen;7;28.12.2016 22:00;0,818474;
Arsen;3;28.12.2016 22:00;0,810464;
Arsen;8;28.12.2016 22:00;0,755622;
Arsen;5;28.12.2016 22:00;0,606973;
Arsen;6;28.12.2016 22:00;0,224247;
Arsen;1;28.12.2016 22:00;0,219822;
Arsen;2;28.12.2016 22:00;0,219742;
Arsen;9;28.12.2016 22:00;0,048217;
Benzol;4;28.12.2016 22:00;1,9832;
Benzol;3;28.12.2016 22:00;1,46526;
Benzol;7;28.12.2016 22:00;0,69424;
Benzol;8;28.12.2016 22:00;0,491441;
Benzol;6;28.12.2016 22:00;0,436485;
Benzol;5;28.12.2016 22:00;0,318321;
Benzol;9;28.12.2016 22:00;0,245184;
Benzol;2;28.12.2016 22:00;0,241829;
Benzol;1;28.12.2016 22:00;0,112773;
Anilin;4;28.12.2016 22:00;2,0059;
Anilin;2;28.12.2016 22:00;1,31354;
Anilin;5;28.12.2016 22:00;0,721313;
Anilin;9;28.12.2016 22:00;0,368743;
Anilin;1;28.12.2016 22:00;0,225535;
Anilin;6;28.12.2016 22:00;0,200663;
Anilin;3;28.12.2016 22:00;0,0897616;
Anilin;8;28.12.2016 22:00;0,0896886;
Anilin;7;28.12.2016 22:00;0,0168178;
Natriumchlorid;4;28.12.2016 23:00;2,25205;
Natriumchlorid;8;28.12.2016 23:00;1,01186;
Natriumchlorid;7;28.12.2016 23:00;0,840445;
Natriumchlorid;5;28.12.2016 23:00;0,706296;
Natriumchlorid;3;28.12.2016 23:00;0,533216;
Natriumchlorid;2;28.12.2016 23:00;0,445941;
Natriumchlorid;1;28.12.2016 23:00;0,390409;
Natriumchlorid;6;28.12.2016 23:00;0,287366;
Natriumchlorid;9;28.12.2016 23:00;0,0709494;
Arsen;4;28.12.2016 23:00;1,78615;
Arsen;9;28.12.2016 23:00;0,693838;
Arsen;8;28.12.2016 23:00;0,471783;
Arsen;5;28.12.2016 23:00;0,421605;
Arsen;6;28.12.2016 23:00;0,379855;
Arsen;2;28.12.2016 23:00;0,378805;
Arsen;1;28.12.2016 23:00;0,208226;
Arsen;3;28.12.2016 23:00;0,102979;
Arsen;7;28.12.2016 23:00;0,0572079;
Benzol;4;28.12.2016 23:00;2,06575;
Benzol;3;28.12.2016 23:00;2,06375;
Benzol;7;28.12.2016 23:00;1,85588;
Benzol;5;28.12.2016 23:00;0,569486;
Benzol;8;28.12.2016 23:00;0,358786;
Benzol;2;28.12.2016 23:00;0,293358;
Benzol;6;28.12.2016 23:00;0,160142;
Benzol;1;28.12.2016 23:00;0,142191;
Benzol;9;28.12.2016 23:00;0,0487594;
Anilin;4;28.12.2016 23:00;2,16004;
Anilin;1;28.12.2016 23:00;0,6389;
Anilin;5;28.12.2016 23:00;0,458891;
Anilin;6;28.12.2016 23:00;0,453959;
Anilin;8;28.12.2016 23:00;0,375888;
Anilin;7;28.12.2016 23:00;0,301379;
Anilin;9;28.12.2016 23:00;0,288608;
Anilin;2;28.12.2016 23:00;0,283574;
Anilin;3;28.12.2016 23:00;0,101108;
Natriumchlorid;4;29.12.2016 00:00;1,71407;
Natriumchlorid;2;29.12.2016 00:00;0,724222;
Natriumchlorid;8;29.12.2016 00:00;0,643027;
Natriumchlorid;9;29.12.2016 00:00;0,379995;
Natriumchlorid;3;29.12.2016 00:00;0,359755;
Natriumchlorid;6;29.12.2016 00:00;0,303988;
Natriumchlorid;7;29.12.2016 00:00;0,234394;
Natriumchlorid;5;29.12.2016 00:00;0,194009;
Natriumchlorid;1;29.12.2016 00:00;0,119814;
Arsen;4;29.12.2016 00:00;2,29903;
Arsen;2;29.12.2016 00:00;0,789471;
Arsen;8;29.12.2016 00:00;0,402372;
Arsen;3;29.12.2016 00:00;0,397157;
Arsen;6;29.12.2016 00:00;0,388619;
Arsen;5;29.12.2016 00:00;0,275641;
Arsen;7;29.12.2016 00:00;0,253089;
Arsen;1;29.12.2016 00:00;0,069814;
Arsen;9;29.12.2016 00:00;0,0467177;
Benzol;4;29.12.2016 00:00;2,26856;
Benzol;3;29.12.2016 00:00;1,54013;
Benzol;8;29.12.2016 00:00;0,688326;
Benzol;5;29.12.2016 00:00;0,655313;
Benzol;2;29.12.2016 00:00;0,487137;
Benzol;1;29.12.2016 00:00;0,435947;
Benzol;7;29.12.2016 00:00;0,339683;
Benzol;6;29.12.2016 00:00;0,156426;
Benzol;9;29.12.2016 00:00;0,151547;
Anilin;4;29.12.2016 00:00;2,13056;
Anilin;5;29.12.2016 00:00;1,08931;
Anilin;9;29.12.2016 00:00;0,538762;
Anilin;3;29.12.2016 00:00;0,360831;
Anilin;6;29.12.2016 00:00;0,342557;
Anilin;7;29.12.2016 00:00;0,229234;
Anilin;1;29.12.2016 00:00;0,167584;
Anilin;2;29.12.2016 00:00;0,0892858;
Anilin;8;29.12.2016 00:00;0,0533743;
Natriumchlorid;4;29.12.2016 01:00;2,44149;
Natriumchlorid;8;29.12.2016 01:00;0,827678;
Natriumchlorid;9;29.12.2016 01:00;0,773894;
Natriumchlorid;6;29.12.2016 01:00;0,675867;
Natriumchlorid;2;29.12.2016 01:00;0,413147;
Natriumchlorid;7;29.12.2016 01:00;0,409324;
Natriumchlorid;3;29.12.2016 01:00;0,309118;
Natriumchlorid;5;29.12.2016 01:00;0,276627;
Natriumchlorid;1;29.12.2016 01:00;0,272216;
Arsen;4;29.12.2016 01:00;1,57305;
Arsen;3;29.12.2016 01:00;0,729726;
Arsen;8;29.12.2016 01:00;0,64277;
Arsen;5;29.12.2016 01:00;0,545363;
Arsen;2;29.12.2016 01:00;0,411468;
Arsen;7;29.12.2016 01:00;0,237927;
Arsen;1;29.12.2016 01:00;0,192203;
Arsen;6;29.12.2016 01:00;0,13545;
Arsen;9;29.12.2016 01:00;0,0881649;
Benzol;4;29.12.2016 01:00;1,86576;
Benzol;7;29.12.2016 01:00;1,1421;
Benzol;3;29.12.2016 01:00;1,11501;
Benzol;8;29.12.2016 01:00;0,87411;
Benzol;5;29.12.2016 01:00;0,868068;
Benzol;9;29.12.2016 01:00;0,665591;
Benzol;1;29.12.2016 01:00;0,427126;
Benzol;6;29.12.2016 01:00;0,283962;
Benzol;2;29.12.2016 01:00;0,183089;
Anilin;3;29.12.2016 01:00;3,14465;
Anilin;4;29.12.2016 01:00;2,12285;
Anilin;9;29.12.2016 01:00;0,834087;
Anilin;7;29.12.2016 01:00;0,675874;
Anilin;8;29.12.2016 01:00;0,452552;
Anilin;2;29.12.2016 01:00;0,443391;
Anilin;5;29.12.2016 01:00;0,404656;
Anilin;1;29.12.2016 01:00;0,233548;
Anilin;6;29.12.2016 01:00;0,0166971;
Natriumchlorid;4;29.12.2016 02:00;2,03532;
Natriumchlorid;9;29.12.2016 02:00;1,11517;
Natriumchlorid;7;29.12.2016 02:00;0,937886;
Natriumchlorid;6;29.12.2016 02:00;0,743242;
Natriumchlorid;5;29.12.2016 02:00;0,558403;
Natriumchlorid;3;29.12.2016 02:00;0,423299;
Natriumchlorid;2;29.12.2016 02:00;0,40785;
Natriumchlorid;8;29.12.2016 02:00;0,253705;
Natriumchlorid;1;29.12.2016 02:00;0,23971;
Arsen;4;29.12.2016 02:00;2,00228;
Arsen;6;29.12.2016 02:00;0,613514;
Arsen;3;29.12.2016 02:00;0,555381;
Arsen;2;29.12.2016 02:00;0,435525;
Arsen;7;29.12.2016 02:00;0,422287;
Arsen;5;29.12.2016 02:00;0,346666;
Arsen;1;29.12.2016 02:00;0,335971;
Arsen;8;29.12.2016 02:00;0,254392;
Arsen;9;29.12.2016 02:00;0,208514;
Benzol;6;29.12.2016 02:00;5,45315;
Benzol;4;29.12.2016 02:00;2,10067;
Benzol;5;29.12.2016 02:00;1,60374;
Benzol;7;29.12.2016 02:00;0,933398;
Benzol;3;29.12.2016 02:00;0,619784;
Benzol;8;29.12.2016 02:00;0,416603;
Benzol;2;29.12.2016 02:00;0,312941;
Benzol;1;29.12.2016 02:00;0,256917;
Benzol;9;29.12.2016 02:00;0,13382;
Anilin;4;29.12.2016 02:00;2,17628;
Anilin;7;29.12.2016 02:00;0,76305;
Anilin;8;29.12.2016 02:00;0,742457;
Anilin;5;29.12.2016 02:00;0,71031;
Anilin;6;29.12.2016 02:00;0,569733;
Anilin;2;29.12.2016 02:00;0,392021;
Anilin;9;29.12.2016 02:00;0,388283;
Anilin;1;29.12.2016 02:00;0,134214;
Anilin;3;29.12.2016 02:00;0,07163;
Natriumchlorid;4;29.12.2016 03:00;2,06101;
Natriumchlorid;3;29.12.2016 03:00;1,74724;
Natriumchlorid;7;29.12.2016 03:00;1,36584;
Natriumchlorid;6;29.12.2016 03:00;0,640645;
Natriumchlorid;2;29.12.2016 03:00;0,387231;
Natriumchlorid;8;29.12.2016 03:00;0,239178;
Natriumchlorid;5;29.12.2016 03:00;0,157141;
Natriumchlorid;1;29.12.2016 03:00;0,0164861;
Natriumchlorid;9;29.12.2016 03:00;0,00728853;
Arsen;7;29.12.2016 03:00;4,84236;
Arsen;4;29.12.2016 03:00;1,66926;
Arsen;3;29.12.2016 03:00;1,5238;
Arsen;5;29.12.2016 03:00;1,26249;
Arsen;8;29.12.2016 03:00;1,02345;
Arsen;1;29.12.2016 03:00;0,84401;
Arsen;9;29.12.2016 03:00;0,266273;
Arsen;6;29.12.2016 03:00;0,168475;
Arsen;2;29.12.2016 03:00;0,0062261;
Benzol;3;29.12.2016 03:00;1,95454;
Benzol;4;29.12.2016 03:00;1,76391;
Benzol;9;29.12.2016 03:00;0,753845;
Benzol;5;29.12.2016 03:00;0,62242;
Benzol;6;29.12.2016 03:00;0,464479;
Benzol;8;29.12.2016 03:00;0,239178;
Benzol;1;29.12.2016 03:00;0,208961;
Benzol;7;29.12.2016 03:00;0,131047;
Benzol;2;29.12.2016 03:00;0,0286376;
Anilin;3;29.12.2016 03:00;2,39911;
Anilin;4;29.12.2016 03:00;1,9161;
Anilin;6;29.12.2016 03:00;0,678143;
Anilin;8;29.12.2016 03:00;0,430307;
Anilin;5;29.12.2016 03:00;0,372002;
Anilin;7;29.12.2016 03:00;0,183774;
Anilin;1;29.12.2016 03:00;0,143466;
Anilin;2;29.12.2016 03:00;0,0752276;
Anilin;9;29.12.2016 03:00;0,0523099;
Natriumchlorid;4;29.12.2016 04:00;1,88622;
Natriumchlorid;3;29.12.2016 04:00;0,775783;
Natriumchlorid;2;29.12.2016 04:00;0,675907;
Natriumchlorid;6;29.12.2016 04:00;0,562219;
Natriumchlorid;1;29.12.2016 04:00;0,395971;
Natriumchlorid;9;29.12.2016 04:00;0,321424;
Natriumchlorid;5;29.12.2016 04:00;0,295814;
Natriumchlorid;8;29.12.2016 04:00;0,249443;
Natriumchlorid;7;29.12.2016 04:00;0,0539159;
Arsen;4;29.12.2016 04:00;1,7803;
Arsen;6;29.12.2016 04:00;0,826662;
Arsen;3;29.12.2016 04:00;0,791036;
Arsen;5;29.12.2016 04:00;0,47321;
Arsen;8;29.12.2016 04:00;0,421843;
Arsen;1;29.12.2016 04:00;0,36459;
Arsen;9;29.12.2016 04:00;0,213565;
Arsen;2;29.12.2016 04:00;0,140782;
Arsen;7;29.12.2016 04:00;0,102292;
Benzol;3;29.12.2016 04:00;2,25657;
Benzol;4;29.12.2016 04:00;1,82884;
Benzol;2;29.12.2016 04:00;0,4471;
Benzol;9;29.12.2016 04:00;0,35223;
Benzol;6;29.12.2016 04:00;0,295276;
Benzol;7;29.12.2016 04:00;0,236065;
Benzol;5;29.12.2016 04:00;0,138069;
Benzol;8;29.12.2016 04:00;0,12879;
Benzol;1;29.12.2016 04:00;0,0955994;
Anilin;4;29.12.2016 04:00;2,11112;
Anilin;3;29.12.2016 04:00;1,70406;
Anilin;7;29.12.2016 04:00;0,911616;
Anilin;9;29.12.2016 04:00;0,669696;
Anilin;8;29.12.2016 04:00;0,331662;
Anilin;6;29.12.2016 04:00;0,213455;
Anilin;2;29.12.2016 04:00;0,193924;
Anilin;5;29.12.2016 04:00;0,128652;
Anilin;1;29.12.2016 04:00;0,0230622;
Natriumchlorid;4;29.12.2016 05:00;2,15114;
Natriumchlorid;3;29.12.2016 05:00;0,898235;
Natriumchlorid;5;29.12.2016 05:00;0,771305;
Natriumchlorid;9;29.12.2016 05:00;0,486852;
Natriumchlorid;1;29.12.2016 05:00;0,347376;
Natriumchlorid;2;29.12.2016 05:00;0,340163;
Natriumchlorid;8;29.12.2016 05:00;0,107152;
Natriumchlorid;6;29.12.2016 05:00;0,0847191;
Natriumchlorid;7;29.12.2016 05:00;0,011552;
Arsen;4;29.12.2016 05:00;1,8733;
Arsen;5;29.12.2016 05:00;1,78914;
Arsen;3;29.12.2016 05:00;1,73869;
Arsen;8;29.12.2016 05:00;1,32454;
Arsen;7;29.12.2016 05:00;0,628341;
Arsen;9;29.12.2016 05:00;0,476807;
Arsen;6;29.12.2016 05:00;0,368188;
Arsen;1;29.12.2016 05:00;0,159572;
Arsen;2;29.12.2016 05:00;0,147472;
Benzol;4;29.12.2016 05:00;2,88905;
Benzol;2;29.12.2016 05:00;0,529997;
Benzol;8;29.12.2016 05:00;0,359863;
Benzol;9;29.12.2016 05:00;0,346365;
Benzol;6;29.12.2016 05:00;0,116235;
Benzol;3;29.12.2016 05:00;0,108959;
Benzol;5;29.12.2016 05:00;0,105432;
Benzol;7;29.12.2016 05:00;0,101664;
Benzol;1;29.12.2016 05:00;0,0120088;
Anilin;4;29.12.2016 05:00;2,17626;
Anilin;7;29.12.2016 05:00;0,714198;
Anilin;8;29.12.2016 05:00;0,582329;
Anilin;6;29.12.2016 05:00;0,536279;
Anilin;5;29.12.2016 05:00;0,535693;
Anilin;9;29.12.2016 05:00;0,472221;
Anilin;2;29.12.2016 05:00;0,435486;
Anilin;3;29.12.2016 05:00;0,307982;
Anilin;1;29.12.2016 05:00;0,0287961;
Natriumchlorid;4;29.12.2016 06:00;2,24305;
Natriumchlorid;3;29.12.2016 06:00;1,82904;
Natriumchlorid;5;29.12.2016 06:00;1,39907;
Natriumchlorid;7;29.12.2016 06:00;1,08772;
Natriumchlorid;9;29.12.2016 06:00;0,76205;
Natriumchlorid;8;29.12.2016 06:00;0,479357;
Natriumchlorid;6;29.12.2016 06:00;0,467063;
Natriumchlorid;2;29.12.2016 06:00;0,261439;
Natriumchlorid;1;29.12.2016 06:00;0,0180873;
Arsen;3;29.12.2016 06:00;4,55226;
Arsen;4;29.12.2016 06:00;2,14218;
Arsen;9;29.12.2016 06:00;0,822202;
Arsen;5;29.12.2016 06:00;0,793161;
Arsen;6;29.12.2016 06:00;0,507348;
Arsen;2;29.12.2016 06:00;0,402391;
Arsen;8;29.12.2016 06:00;0,326066;
Arsen;7;29.12.2016 06:00;0,230005;
Arsen;1;29.12.2016 06:00;0,180546;
Benzol;4;29.12.2016 06:00;2,25177;
Benzol;5;29.12.2016 06:00;1,43449;
Benzol;7;29.12.2016 06:00;0,880013;
Benzol;3;29.12.2016 06:00;0,665899;
Benzol;6;29.12.2016 06:00;0,45469;
Benzol;1;29.12.2016 06:00;0,217855;
Benzol;2;29.12.2016 06:00;0,156031;
Benzol;8;29.12.2016 06:00;0,130129;
Benzol;9;29.12.2016 06:00;0,0293456;
Anilin;3;29.12.2016 06:00;2,69778;
Anilin;4;29.12.2016 06:00;2,01473;
Anilin;9;29.12.2016 06:00;0,756874;
Anilin;5;29.12.2016 06:00;0,630962;
Anilin;7;29.12.2016 06:00;0,582765;
Anilin;2;29.12.2016 06:00;0,520051;
Anilin;6;29.12.2016 06:00;0,277473;
Anilin;8;29.12.2016 06:00;0,217128;
Anilin;1;29.12.2016 06:00;0,180608;
Natriumchlorid;4;29.12.2016 07:00;1,97961;
Natriumchlorid;8;29.12.2016 07:00;0,845213;
Natriumchlorid;3;29.12.2016 07:00;0,732249;
Natriumchlorid;5;29.12.2016 07:00;0,442373;
Natriumchlorid;6;29.12.2016 07:00;0,372551;
Natriumchlorid;7;29.12.2016 07:00;0,353083;
Natriumchlorid;9;29.12.2016 07:00;0,266709;
Natriumchlorid;2;29.12.2016 07:00;0,124439;
Natriumchlorid;1;29.12.2016 07:00;0,0309463;
Arsen;3;29.12.2016 07:00;2,53723;
Arsen;4;29.12.2016 07:00;1,84663;
Arsen;7;29.12.2016 07:00;0,931081;
Arsen;2;29.12.2016 07:00;0,735854;
Arsen;9;29.12.2016 07:00;0,482691;
Arsen;5;29.12.2016 07:00;0,384355;
Arsen;8;29.12.2016 07:00;0,137431;
Arsen;6;29.12.2016 07:00;0,131923;
Arsen;1;29.12.2016 07:00;0,115972;
Benzol;4;29.12.2016 07:00;2,05648;
Benzol;5;29.12.2016 07:00;1,06237;
Benzol;9;29.12.2016 07:00;0,960752;
Benzol;1;29.12.2016 07:00;0,543242;
Benzol;8;29.12.2016 07:00;0,239045;
Benzol;6;29.12.2016 07:00;0,209808;
Benzol;2;29.12.2016 07:00;0,20736;
Benzol;7;29.12.2016 07:00;0,152357;
Benzol;3;29.12.2016 07:00;0,151236;
Anilin;4;29.12.2016 07:00;1,89772;
Anilin;7;29.12.2016 07:00;0,912511;
Anilin;8;29.12.2016 07:00;0,886891;
Anilin;6;29.12.2016 07:00;0,57114;
Anilin;2;29.12.2016 07:00;0,523321;
Anilin;3;29.12.2016 07:00;0,324621;
Anilin;9;29.12.2016 07:00;0,262187;
Anilin;5;29.12.2016 07:00;0,0813729;
Anilin;1;29.12.2016 07:00;0,0798085;
Natriumchlorid;4;29.12.2016 08:00;1,92596;
Natriumchlorid;3;29.12.2016 08:00;1,08967;
Natriumchlorid;8;29.12.2016 08:00;0,522368;
Natriumchlorid;5;29.12.2016 08:00;0,494186;
Natriumchlorid;2;29.12.2016 08:00;0,432729;
Natriumchlorid;9;29.12.2016 08:00;0,413831;
Natriumchlorid;1;29.12.2016 08:00;0,178039;
Natriumchlorid;7;29.12.2016 08:00;0,0288474;
Natriumchlorid;6;29.12.2016 08:00;0,00916711;
Arsen;4;29.12.2016 08:00;2,05824;
Arsen;9;29.12.2016 08:00;0,605314;
Arsen;2;29.12.2016 08:00;0,378061;
Arsen;8;29.12.2016 08:00;0,356017;
Arsen;6;29.12.2016 08:00;0,294398;
Arsen;5;29.12.2016 08:00;0,203637;
Arsen;3;29.12.2016 08:00;0,185713;
Arsen;1;29.12.2016 08:00;0,179808;
Arsen;7;29.12.2016 08:00;0,0307096;
Benzol;3;29.12.2016 08:00;2,25943;
Benzol;4;29.12.2016 08:00;1,99986;
Benzol;8;29.12.2016 08:00;1,13692;
Benzol;7;29.12.2016 08:00;0,69743;
Benzol;2;29.12.2016 08:00;0,648985;
Benzol;6;29.12.2016 08:00;0,325886;
Benzol;5;29.12.2016 08:00;0,175074;
Benzol;1;29.12.2016 08:00;0,172643;
Benzol;9;29.12.2016 08:00;0,135133;
Anilin;3;29.12.2016 08:00;2,16329;
Anilin;4;29.12.2016 08:00;1,65163;
Anilin;5;29.12.2016 08:00;0,845151;
Anilin;6;29.12.2016 08:00;0,828772;
Anilin;8;29.12.2016 08:00;0,432455;
Anilin;7;29.12.2016 08:00;0,238974;
Anilin;9;29.12.2016 08:00;0,126185;
Anilin;1;29.12.2016 08:00;0,118993;
Anilin;2;29.12.2016 08:00;0,104943;
Natriumchlorid;4;29.12.2016 09:00;1,95669;
Natriumchlorid;5;29.12.2016 09:00;1,17987;
Natriumchlorid;9;29.12.2016 09:00;0,716907;
Natriumchlorid;6;29.12.2016 09:00;0,554598;
Natriumchlorid;2;29.12.2016 09:00;0,511851;
Natriumchlorid;8;29.12.2016 09:00;0,475802;
Natriumchlorid;3;29.12.2016 09:00;0,249959;
Natriumchlorid;1;29.12.2016 09:00;0,126247;
Natriumchlorid;7;29.12.2016 09:00;0,0795262;
Arsen;5;29.12.2016 09:00;6,07502;
Arsen;4;29.12.2016 09:00;2,03107;
Arsen;3;29.12.2016 09:00;1,97871;
Arsen;9;29.12.2016 09:00;1,35164;
Arsen;7;29.12.2016 09:00;0,709293;
Arsen;2;29.12.2016 09:00;0,547179;
Arsen;8;29.12.2016 09:00;0,537627;
Arsen;6;29.12.2016 09:00;0,457634;
Arsen;1;29.12.2016 09:00;0,0970664;
Benzol;4;29.12.2016 09:00;2,26734;
Benzol;3;29.12.2016 09:00;1,12749;
Benzol;9;29.12.2016 09:00;1,04026;
Benzol;5;29.12.2016 09:00;0,725585;
Benzol;2;29.12.2016 09:00;0,485552;
Benzol;7;29.12.2016 09:00;0,302646;
Benzol;1;29.12.2016 09:00;0,235303;
Benzol;6;29.12.2016 09:00;0,189997;
Benzol;8;29.12.2016 09:00;0,044333;
Anilin;4;29.12.2016 09:00;2,32331;
Anilin;7;29.12.2016 09:00;1,20509;
Anilin;8;29.12.2016 09:00;1,07592;
Anilin;5;29.12.2016 09:00;0,653308;
Anilin;6;29.12.2016 09:00;0,608391;
Anilin;9;29.12.2016 09:00;0,291579;
Anilin;2;29.12.2016 09:00;0,262384;
Anilin;3;29.12.2016 09:00;0,219044;
Anilin;1;29.12.2016 09:00;0,0297626;
Natriumchlorid;4;29.12.2016 10:00;1,96393;
Natriumchlorid;7;29.12.2016 10:00;1,54108;
Natriumchlorid;5;29.12.2016 10:00;0,824901;
Natriumchlorid;3;29.12.2016 10:00;0,440788;
Natriumchlorid;8;29.12.2016 10:00;0,364503;
Natriumchlorid;9;29.12.2016 10:00;0,359705;
Natriumchlorid;6;29.12.2016 10:00;0,156907;
Natriumchlorid;2;29.12.2016 10:00;0,0822489;
Natriumchlorid;1;29.12.2016 10:00;0,0814721;
Arsen;4;29.12.2016 10:00;2,2661;
Arsen;5;29.12.2016 10:00;1,39159;
Arsen;3;29.12.2016 10:00;0,917041;
Arsen;6;29.12.2016 10:00;0,600218;
Arsen;1;29.12.2016 10:00;0,245454;
Arsen;7;29.12.2016 10:00;0,218434;
Arsen;9;29.12.2016 10:00;0,181244;
Arsen;8;29.12.2016 10:00;0,104244;
Arsen;2;29.12.2016 10:00;0,0132829;
Benzol;4;29.12.2016 10:00;2,28018;
Benzol;2;29.12.2016 10:00;0,945782;
Benzol;9;29.12.2016 10:00;0,724806;
Benzol;3;29.12.2016 10:00;0,661111;
Benzol;6;29.12.2016 10:00;0,513226;
Benzol;7;29.12.2016 10:00;0,288618;
Benzol;8;29.12.2016 10:00;0,0718479;
Benzol;5;29.12.2016 10:00;0,0717525;
Benzol;1;29.12.2016 10:00;0,0253247;
Anilin;4;29.12.2016 10:00;2,15455;
Anilin;3;29.12.2016 10:00;0,779043;
Anilin;6;29.12.2016 10:00;0,461569;
Anilin;7;29.12.2016 10:00;0,393404;
Anilin;8;29.12.2016 10:00;0,384957;
Anilin;5;29.12.2016 10:00;0,300626;
Anilin;1;29.12.2016 10:00;0,293582;
Anilin;2;29.12.2016 10:00;0,277361;
Anilin;9;29.12.2016 10:00;0,0764672;
Natriumchlorid;4;29.12.2016 11:00;1,84823;
Natriumchlorid;2;29.12.2016 11:00;0,799443;
Natriumchlorid;9;29.12.2016 11:00;0,665157;
Natriumchlorid;8;29.12.2016 11:00;0,573377;
Natriumchlorid;7;29.12.2016 11:00;0,547417;
Natriumchlorid;6;29.12.2016 11:00;0,505761;
Natriumchlorid;3;29.12.2016 11:00;0,283634;
Natriumchlorid;5;29.12.2016 11:00;0,0740339;
Natriumchlorid;1;29.12.2016 11:00;0,0701959;
Arsen;3;29.12.2016 11:00;3,90108;
Arsen;4;29.12.2016 11:00;2,28436;
Arsen;5;29.12.2016 11:00;1,64958;
Arsen;9;29.12.2016 11:00;0,727124;
Arsen;8;29.12.2016 11:00;0,537529;
Arsen;2;29.12.2016 11:00;0,380159;
Arsen;6;29.12.2016 11:00;0,367444;
Arsen;1;29.12.2016 11:00;0,189477;
Arsen;7;29.12.2016 11:00;0,120072;
Benzol;4;29.12.2016 11:00;1,93065;
Benzol;8;29.12.2016 11:00;1,14267;
Benzol;3;29.12.2016 11:00;0,570644;
Benzol;6;29.12.2016 11:00;0,492014;
Benzol;9;29.12.2016 11:00;0,392663;
Benzol;5;29.12.2016 11:00;0,352438;
Benzol;7;29.12.2016 11:00;0,327918;
Benzol;2;29.12.2016 11:00;0,174723;
Benzol;1;29.12.2016 11:00;0,0595808;
Anilin;4;29.12.2016 11:00;1,97438;
Anilin;3;29.12.2016 11:00;0,89321;
Anilin;8;29.12.2016 11:00;0,32672;
Anilin;9;29.12.2016 11:00;0,288637;
Anilin;7;29.12.2016 11:00;0,234993;
Anilin;2;29.12.2016 11:00;0,225678;
Anilin;5;29.12.2016 11:00;0,16764;
Anilin;1;29.12.2016 11:00;0,100401;
Anilin;6;29.12.2016 11:00;0,0684589;
Natriumchlorid;3;29.12.2016 12:00;3,33994;
Natriumchlorid;4;29.12.2016 12:00;2,37799;
Natriumchlorid;2;29.12.2016 12:00;1,23886;
Natriumchlorid;8;29.12.2016 12:00;0,585253;
Natriumchlorid;9;29.12.2016 12:00;0,440835;
Natriumchlorid;5;29.12.2016 12:00;0,359607;
Natriumchlorid;7;29.12.2016 12:00;0,297845;
Natriumchlorid;6;29.12.2016 12:00;0,212223;
Natriumchlorid;1;29.12.2016 12:00;0,0983179;
Arsen;3;29.12.2016 12:00;4,50658;
Arsen;4;29.12.2016 12:00;1,94461;
Arsen;5;29.12.2016 12:00;1,38427;
Arsen;7;29.12.2016 12:00;0,930551;
Arsen;6;29.12.2016 12:00;0,499547;
Arsen;8;29.12.2016 12:00;0,413237;
Arsen;2;29.12.2016 12:00;0,223474;
Arsen;1;29.12.2016 12:00;0,108683;
Arsen;9;29.12.2016 12:00;0,0296798;
Benzol;3;29.12.2016 12:00;2,83641;
Benzol;4;29.12.2016 12:00;2,02519;
Benzol;5;29.12.2016 12:00;0,985406;
Benzol;7;29.12.2016 12:00;0,663609;
Benzol;8;29.12.2016 12:00;0,222074;
Benzol;9;29.12.2016 12:00;0,180788;
Benzol;6;29.12.2016 12:00;0,17499;
Benzol;2;29.12.2016 12:00;0,0750726;
Benzol;1;29.12.2016 12:00;0,0325375;
Anilin;3;29.12.2016 12:00;1,69542;
Anilin;4;29.12.2016 12:00;1,68187;
Anilin;7;29.12.2016 12:00;0,706205;
Anilin;2;29.12.2016 12:00;0,540915;
Anilin;6;29.12.2016 12:00;0,286055;
Anilin;9;29.12.2016 12:00;0,259475;
Anilin;5;29.12.2016 12:00;0,201706;
Anilin;1;29.12.2016 12:00;0,153431;
Anilin;8;29.12.2016 12:00;0,0245879;
Natriumchlorid;3;29.12.2016 13:00;2,71077;
Natriumchlorid;4;29.12.2016 13:00;2,19207;
Natriumchlorid;7;29.12.2016 13:00;0,693556;
Natriumchlorid;9;29.12.2016 13:00;0,455435;
Natriumchlorid;6;29.12.2016 13:00;0,43745;
Natriumchlorid;8;29.12.2016 13:00;0,415656;
Natriumchlorid;5;29.12.2016 13:00;0,276275;
Natriumchlorid;2;29.12.2016 13:00;0,223897;
Natriumchlorid;1;29.12.2016 13:00;0,173693;
Arsen;3;29.12.2016 13:00;2,38427;
Arsen;4;29.12.2016 13:00;2,30026;
Arsen;5;29.12.2016 13:00;0,499188;
Arsen;7;29.12.2016 13:00;0,496167;
Arsen;2;29.12.2016 13:00;0,493148;
Arsen;9;29.12.2016 13:00;0,464055;
Arsen;6;29.12.2016 13:00;0,366715;
Arsen;8;29.12.2016 13:00;0,113575;
Arsen;1;29.12.2016 13:00;0,108105;
Benzol;7;29.12.2016 13:00;2,43263;
Benzol;4;29.12.2016 13:00;2,22414;
Benzol;5;29.12.2016 13:00;0,677544;
Benzol;3;29.12.2016 13:00;0,465469;
Benzol;2;29.12.2016 13:00;0,26415;
Benzol;6;29.12.2016 13:00;0,238841;
Benzol;8;29.12.2016 13:00;0,172074;
Benzol;1;29.12.2016 13:00;0,0901526;
Benzol;9;29.12.2016 13:00;0,0681063;
Anilin;4;29.12.2016 13:00;2,23326;
Anilin;5;29.12.2016 13:00;0,911646;
Anilin;9;29.12.2016 13:00;0,726854;
Anilin;2;29.12.2016 13:00;0,602209;
Anilin;6;29.12.2016 13:00;0,498129;
Anilin;7;29.12.2016 13:00;0,357121;
Anilin;3;29.12.2016 13:00;0,240814;
Anilin;1;29.12.2016 13:00;0,133714;
Anilin;8;29.12.2016 13:00;0,0507128;
Natriumchlorid;4;29.12.2016 14:00;2,37378;
Natriumchlorid;3;29.12.2016 14:00;1,18059;
Natriumchlorid;5;29.12.2016 14:00;0,726098;
Natriumchlorid;9;29.12.2016 14:00;0,66198;
Natriumchlorid;7;29.12.2016 14:00;0,625971;
Natriumchlorid;6;29.12.2016 14:00;0,514197;
Natriumchlorid;2;29.12.2016 14:00;0,475771;
Natriumchlorid;8;29.12.2016 14:00;0,145312;
Natriumchlorid;1;29.12.2016 14:00;0,139073;
Arsen;4;29.12.2016 14:00;1,95151;
Arsen;3;29.12.2016 14:00;0,857772;
Arsen;8;29.12.2016 14:00;0,673873;
Arsen;2;29.12.2016 14:00;0,524582;
Arsen;7;29.12.2016 14:00;0,435044;
Arsen;5;29.12.2016 14:00;0,259131;
Arsen;1;29.12.2016 14:00;0,207292;
Arsen;6;29.12.2016 14:00;0,144151;
Arsen;9;29.12.2016 14:00;0,0594913;
Benzol;4;29.12.2016 14:00;2,2024;
Benzol;7;29.12.2016 14:00;1,07185;
Benzol;2;29.12.2016 14:00;0,623689;
Benzol;3;29.12.2016 14:00;0,56329;
Benzol;9;29.12.2016 14:00;0,559914;
Benzol;6;29.12.2016 14:00;0,392187;
Benzol;5;29.12.2016 14:00;0,363241;
Benzol;8;29.12.2016 14:00;0,334175;
Benzol;1;29.12.2016 14:00;0,152645;
Anilin;4;29.12.2016 14:00;2,24036;
Anilin;8;29.12.2016 14:00;1,17107;
Anilin;1;29.12.2016 14:00;0,617313;
Anilin;2;29.12.2016 14:00;0,508454;
Anilin;3;29.12.2016 14:00;0,438242;
Anilin;7;29.12.2016 14:00;0,359223;
Anilin;6;29.12.2016 14:00;0,348164;
Anilin;5;29.12.2016 14:00;0,290881;
Anilin;9;29.12.2016 14:00;0,239542;
Natriumchlorid;4;29.12.2016 15:00;2,02756;
Natriumchlorid;8;29.12.2016 15:00;1,15594;
Natriumchlorid;6;29.12.2016 15:00;0,695098;
Natriumchlorid;3;29.12.2016 15:00;0,541364;
Natriumchlorid;7;29.12.2016 15:00;0,474318;
Natriumchlorid;9;29.12.2016 15:00;0,381148;
Natriumchlorid;1;29.12.2016 15:00;0,251251;
Natriumchlorid;5;29.12.2016 15:00;0,117001;
Natriumchlorid;2;29.12.2016 15:00;0,0758484;
Arsen;4;29.12.2016 15:00;1,96244;
Arsen;3;29.12.2016 15:00;1,08822;
Arsen;7;29.12.2016 15:00;0,595619;
Arsen;1;29.12.2016 15:00;0,475709;
Arsen;8;29.12.2016 15:00;0,457495;
Arsen;6;29.12.2016 15:00;0,456964;
Arsen;5;29.12.2016 15:00;0,187496;
Arsen;2;29.12.2016 15:00;0,149669;
Arsen;9;29.12.2016 15:00;0,0115368;
Benzol;4;29.12.2016 15:00;2,11932;
Benzol;9;29.12.2016 15:00;1,15862;
Benzol;7;29.12.2016 15:00;0,954854;
Benzol;6;29.12.2016 15:00;0,717043;
Benzol;3;29.12.2016 15:00;0,317447;
Benzol;2;29.12.2016 15:00;0,27892;
Benzol;5;29.12.2016 15:00;0,213398;
Benzol;8;29.12.2016 15:00;0,198652;
Benzol;1;29.12.2016 15:00;0,109192;
Anilin;4;29.12.2016 15:00;2,26179;
Anilin;2;29.12.2016 15:00;0,577175;
Anilin;6;29.12.2016 15:00;0,489352;
Anilin;1;29.12.2016 15:00;0,473393;
Anilin;5;29.12.2016 15:00;0,324774;
Anilin;7;29.12.2016 15:00;0,293159;
Anilin;8;29.12.2016 15:00;0,172111;
Anilin;3;29.12.2016 15:00;0,104751;
Anilin;9;29.12.2016 15:00;0,080871;
Natriumchlorid;4;29.12.2016 16:00;2,05634;
Natriumchlorid;8;29.12.2016 16:00;0,908455;
Natriumchlorid;3;29.12.2016 16:00;0,794217;
Natriumchlorid;9;29.12.2016 16:00;0,757652;
Natriumchlorid;2;29.12.2016 16:00;0,32056;
Natriumchlorid;6;29.12.2016 16:00;0,262134;
Natriumchlorid;7;29.12.2016 16:00;0,23589;
Natriumchlorid;1;29.12.2016 16:00;0,23465;
Natriumchlorid;5;29.12.2016 16:00;0,0144553;
Arsen;4;29.12.2016 16:00;2,35524;
Arsen;2;29.12.2016 16:00;1,09231;
Arsen;7;29.12.2016 16:00;0,831669;
Arsen;6;29.12.2016 16:00;0,750611;
Arsen;5;29.12.2016 16:00;0,397173;
Arsen;9;29.12.2016 16:00;0,198003;
Arsen;8;29.12.2016 16:00;0,115154;
Arsen;3;29.12.2016 16:00;0,0550873;
Arsen;1;29.12.2016 16:00;0,0495964;
Benzol;3;29.12.2016 16:00;3,48986;
Benzol;4;29.12.2016 16:00;2,36188;
Benzol;8;29.12.2016 16:00;0,641116;
Benzol;6;29.12.2016 16:00;0,633208;
Benzol;9;29.12.2016 16:00;0,308802;
Benzol;2;29.12.2016 16:00;0,176164;
Benzol;1;29.12.2016 16:00;0,0499411;
Benzol;5;29.12.2016 16:00;0,0393591;
Benzol;7;29.12.2016 16:00;0,00587896;
Anilin;4;29.12.2016 16:00;1,88763;
Anilin;3;29.12.2016 16:00;1,36342;
Anilin;5;29.12.2016 16:00;1,11816;
Anilin;7;29.12.2016 16:00;1,02058;
Anilin;6;29.12.2016 16:00;0,321757;
Anilin;8;29.12.2016 16:00;0,165611;
Anilin;1;29.12.2016 16:00;0,09603;
Anilin;9;29.12.2016 16:00;0,0910788;
Anilin;2;29.12.2016 16:00;0,0641655;
Natriumchlorid;4;29.12.2016 17:00;2,181;
Natriumchlorid;5;29.12.2016 17:00;0,812539;
Natriumchlorid;3;29.12.2016 17:00;0,688487;
Natriumchlorid;9;29.12.2016 17:00;0,446917;
Natriumchlorid;6;29.12.2016 17:00;0,416642;
Natriumchlorid;8;29.12.2016 17:00;0,297553;
Natriumchlorid;7;29.12.2016 17:00;0,295295;
Natriumchlorid;2;29.12.2016 17:00;0,198853;
Natriumchlorid;1;29.12.2016 17:00;0,131365;
Arsen;4;29.12.2016 17:00;1,77318;
Arsen;5;29.12.2016 17:00;1,68781;
Arsen;9;29.12.2016 17:00;0,864442;
Arsen;3;29.12.2016 17:00;0,65687;
Arsen;6;29.12.2016 17:00;0,655156;
Arsen;2;29.12.2016 17:00;0,281355;
Arsen;7;29.12.2016 17:00;0,198009;
Arsen;1;29.12.2016 17:00;0,0640872;
Arsen;8;29.12.2016 17:00;0,0493034;
Benzol;4;29.12.2016 17:00;2,25034;
Benzol;8;29.12.2016 17:00;0,844135;
Benzol;5;29.12.2016 17:00;0,542608;
Benzol;9;29.12.2016 17:00;0,470797;
Benzol;2;29.12.2016 17:00;0,450429;
Benzol;3;29.12.2016 17:00;0,411489;
Benzol;6;29.12.2016 17:00;0,360821;
Benzol;7;29.12.2016 17:00;0,151591;
Benzol;1;29.12.2016 17:00;0,135935;
Anilin;4;29.12.2016 17:00;2,30324;
Anilin;7;29.12.2016 17:00;0,982775;
Anilin;9;29.12.2016 17:00;0,952798;
Anilin;3;29.12.2016 17:00;0,807023;
Anilin;2;29.12.2016 17:00;0,472624;
Anilin;1;29.12.2016 17:00;0,368115;
Anilin;6;29.12.2016 17:00;0,312622;
Anilin;5;29.12.2016 17:00;0,229607;
Anilin;8;29.12.2016 17:00;0,149905;
Natriumchlorid;3;29.12.2016 18:00;1,95366;
Natriumchlorid;4;29.12.2016 18:00;1,91635;
Natriumchlorid;9;29.12.2016 18:00;1,09514;
Natriumchlorid;7;29.12.2016 18:00;0,893313;
Natriumchlorid;8;29.12.2016 18:00;0,852797;
Natriumchlorid;6;29.12.2016 18:00;0,474048;
Natriumchlorid;5;29.12.2016 18:00;0,377282;
Natriumchlorid;2;29.12.2016 18:00;0,0775684;
Natriumchlorid;1;29.12.2016 18:00;0,0160741;
Arsen;4;29.12.2016 18:00;2,08965;
Arsen;3;29.12.2016 18:00;1,00847;
Arsen;5;29.12.2016 18:00;0,884023;
Arsen;8;29.12.2016 18:00;0,876218;
Arsen;6;29.12.2016 18:00;0,481175;
Arsen;1;29.12.2016 18:00;0,300362;
Arsen;7;29.12.2016 18:00;0,228026;
Arsen;9;29.12.2016 18:00;0,132161;
Arsen;2;29.12.2016 18:00;0,00608604;
Benzol;4;29.12.2016 18:00;1,74348;
Benzol;3;29.12.2016 18:00;1,59305;
Benzol;7;29.12.2016 18:00;0,909634;
Benzol;9;29.12.2016 18:00;0,558786;
Benzol;2;29.12.2016 18:00;0,402755;
Benzol;1;29.12.2016 18:00;0,304443;
Benzol;5;29.12.2016 18:00;0,227065;
Benzol;6;29.12.2016 18:00;0,057688;
Benzol;8;29.12.2016 18:00;0,0129561;
Anilin;4;29.12.2016 18:00;2,22566;
Anilin;7;29.12.2016 18:00;0,56484;
Anilin;2;29.12.2016 18:00;0,490553;
Anilin;8;29.12.2016 18:00;0,477454;
Anilin;9;29.12.2016 18:00;0,39421;
Anilin;5;29.12.2016 18:00;0,375976;
Anilin;6;29.12.2016 18:00;0,26843;
Anilin;3;29.12.2016 18:00;0,262445;
Anilin;1;29.12.2016 18:00;0,148707;
Natriumchlorid;3;29.12.2016 19:00;2,16645;
Natriumchlorid;4;29.12.2016 19:00;2,1518;
Natriumchlorid;9;29.12.2016 19:00;0,797605;
Natriumchlorid;8;29.12.2016 19:00;0,599163;
Natriumchlorid;7;29.12.2016 19:00;0,405803;
Natriumchlorid;5;29.12.2016 19:00;0,222269;
Natriumchlorid;2;29.12.2016 19:00;0,137461;
Natriumchlorid;1;29.12.2016 19:00;0,132937;
Natriumchlorid;6;29.12.2016 19:00;0,109063;
Arsen;5;29.12.2016 19:00;3,00299;
Arsen;4;29.12.2016 19:00;2,47244;
Arsen;3;29.12.2016 19:00;1,02126;
Arsen;7;29.12.2016 19:00;0,477584;
Arsen;9;29.12.2016 19:00;0,44497;
Arsen;8;29.12.2016 19:00;0,335385;
Arsen;1;29.12.2016 19:00;0,202532;
Arsen;6;29.12.2016 19:00;0,112287;
Arsen;2;29.12.2016 19:00;0,0903031;
Benzol;4;29.12.2016 19:00;2,23966;
Benzol;3;29.12.2016 19:00;0,85448;
Benzol;8;29.12.2016 19:00;0,560325;
Benzol;6;29.12.2016 19:00;0,542364;
Benzol;9;29.12.2016 19:00;0,431846;
Benzol;5;29.12.2016 19:00;0,4145;
Benzol;1;29.12.2016 19:00;0,306395;
Benzol;7;29.12.2016 19:00;0,19753;
Benzol;2;29.12.2016 19:00;0,0541628;
Anilin;4;29.12.2016 19:00;1,73445;
Anilin;8;29.12.2016 19:00;1,23301;
Anilin;5;29.12.2016 19:00;0,913179;
Anilin;7;29.12.2016 19:00;0,837475;
Anilin;6;29.12.2016 19:00;0,724745;
Anilin;2;29.12.2016 19:00;0,541988;
Anilin;3;29.12.2016 19:00;0,492344;
Anilin;1;29.12.2016 19:00;0,440393;
Anilin;9;29.12.2016 19:00;0,0552894;
Natriumchlorid;4;29.12.2016 20:00;2,2887;
Natriumchlorid;3;29.12.2016 20:00;1,65492;
Natriumchlorid;9;29.12.2016 20:00;1,09663;
Natriumchlorid;5;29.12.2016 20:00;0,562382;
Natriumchlorid;8;29.12.2016 20:00;0,395517;
Natriumchlorid;1;29.12.2016 20:00;0,319843;
Natriumchlorid;7;29.12.2016 20:00;0,280177;
Natriumchlorid;6;29.12.2016 20:00;0,213337;
Natriumchlorid;2;29.12.2016 20:00;0,0370522;
Arsen;4;29.12.2016 20:00;2,34551;
Arsen;3;29.12.2016 20:00;1,09698;
Arsen;5;29.12.2016 20:00;0,844335;
Arsen;8;29.12.2016 20:00;0,542898;
Arsen;7;29.12.2016 20:00;0,503296;
Arsen;2;29.12.2016 20:00;0,501782;
Arsen;9;29.12.2016 20:00;0,251677;
Arsen;1;29.12.2016 20:00;0,147942;
Arsen;6;29.12.2016 20:00;0,0994775;
Benzol;4;29.12.2016 20:00;2,06111;
Benzol;7;29.12.2016 20:00;1,12606;
Benzol;3;29.12.2016 20:00;0,498078;
Benzol;6;29.12.2016 20:00;0,337854;
Benzol;5;29.12.2016 20:00;0,167213;
Benzol;2;29.12.2016 20:00;0,0847273;
Benzol;1;29.12.2016 20:00;0,0546837;
Benzol;9;29.12.2016 20:00;0,0290591;
Benzol;8;29.12.2016 20:00;0,0165261;
Anilin;3;29.12.2016 20:00;2,26498;
Anilin;5;29.12.2016 20:00;2,0065;
Anilin;4;29.12.2016 20:00;1,82191;
Anilin;6;29.12.2016 20:00;0,624234;
Anilin;9;29.12.2016 20:00;0,526238;
Anilin;2;29.12.2016 20:00;0,207972;
Anilin;1;29.12.2016 20:00;0,139409;
Anilin;8;29.12.2016 20:00;0,0433987;
Anilin;7;29.12.2016 20:00;0,0197022;
Natriumchlorid;3;29.12.2016 21:00;2,90824;
Natriumchlorid;4;29.12.2016 21:00;2,36618;
Natriumchlorid;9;29.12.2016 21:00;0,842778;
Natriumchlorid;8;29.12.2016 21:00;0,69419;
Natriumchlorid;1;29.12.2016 21:00;0,392878;
Natriumchlorid;6;29.12.2016 21:00;0,389461;
Natriumchlorid;7;29.12.2016 21:00;0,085333;
Natriumchlorid;5;29.12.2016 21:00;0,0775531;
Natriumchlorid;2;29.12.2016 21:00;0,0749363;
Arsen;4;29.12.2016 21:00;2,20719;
Arsen;3;29.12.2016 21:00;0,913742;
Arsen;9;29.12.2016 21:00;0,897274;
Arsen;6;29.12.2016 21:00;0,585954;
Arsen;1;29.12.2016 21:00;0,310506;
Arsen;5;29.12.2016 21:00;0,228919;
Arsen;7;29.12.2016 21:00;0,201269;
Arsen;8;29.12.2016 21:00;0,0727047;
Arsen;2;29.12.2016 21:00;0,0628353;
Benzol;3;29.12.2016 21:00;8,82636;
Benzol;4;29.12.2016 21:00;1,97336;
Benzol;5;29.12.2016 21:00;0,931989;
Benzol;7;29.12.2016 21:00;0,833155;
Benzol;8;29.12.2016 21:00;0,465576;
Benzol;6;29.12.2016 21:00;0,397116;
Benzol;2;29.12.2016 21:00;0,315114;
Benzol;9;29.12.2016 21:00;0,278602;
Benzol;1;29.12.2016 21:00;0,00934067;
Anilin;4;29.12.2016 21:00;1,59696;
Anilin;8;29.12.2016 21:00;0,857121;
Anilin;9;29.12.2016 21:00;0,615762;
Anilin;2;29.12.2016 21:00;0,570779;
Anilin;7;29.12.2016 21:00;0,4069;
Anilin;1;29.12.2016 21:00;0,391132;
Anilin;6;29.12.2016 21:00;0,215713;
Anilin;3;29.12.2016 21:00;0,185146;
Anilin;5;29.12.2016 21:00;0,149802;
Natriumchlorid;3;29.12.2016 22:00;2,14831;
Natriumchlorid;4;29.12.2016 22:00;2,07725;
Natriumchlorid;7;29.12.2016 22:00;1,01785;
Natriumchlorid;9;29.12.2016 22:00;0,607738;
Natriumchlorid;1;29.12.2016 22:00;0,292916;
Natriumchlorid;6;29.12.2016 22:00;0,153149;
Natriumchlorid;5;29.12.2016 22:00;0,13176;
Natriumchlorid;8;29.12.2016 22:00;0,105448;
Natriumchlorid;2;29.12.2016 22:00;0,0146104;
Arsen;4;29.12.2016 22:00;1,65491;
Arsen;5;29.12.2016 22:00;1,21629;
Arsen;9;29.12.2016 22:00;1,0074;
Arsen;2;29.12.2016 22:00;0,674097;
Arsen;6;29.12.2016 22:00;0,482872;
Arsen;8;29.12.2016 22:00;0,431197;
Arsen;3;29.12.2016 22:00;0,266923;
Arsen;1;29.12.2016 22:00;0,0861272;
Arsen;7;29.12.2016 22:00;0,0104184;
Benzol;4;29.12.2016 22:00;2,22026;
Benzol;7;29.12.2016 22:00;1,8919;
Benzol;3;29.12.2016 22:00;1,50885;
Benzol;5;29.12.2016 22:00;0,91345;
Benzol;1;29.12.2016 22:00;0,665196;
Benzol;8;29.12.2016 22:00;0,555396;
Benzol;6;29.12.2016 22:00;0,453278;
Benzol;2;29.12.2016 22:00;0,0473844;
Benzol;9;29.12.2016 22:00;0,0346292;
Anilin;4;29.12.2016 22:00;2,4043;
Anilin;5;29.12.2016 22:00;0,69933;
Anilin;9;29.12.2016 22:00;0,466788;
Anilin;6;29.12.2016 22:00;0,442789;
Anilin;1;29.12.2016 22:00;0,433117;
Anilin;3;29.12.2016 22:00;0,416786;
Anilin;8;29.12.2016 22:00;0,205603;
Anilin;7;29.12.2016 22:00;0,130575;
Anilin;2;29.12.2016 22:00;0,00807843;
Natriumchlorid;4;29.12.2016 23:00;1,95647;
Natriumchlorid;1;29.12.2016 23:00;0,635892;
Natriumchlorid;6;29.12.2016 23:00;0,619283;
Natriumchlorid;3;29.12.2016 23:00;0,615237;
Natriumchlorid;2;29.12.2016 23:00;0,579856;
Natriumchlorid;5;29.12.2016 23:00;0,357334;
Natriumchlorid;8;29.12.2016 23:00;0,231731;
Natriumchlorid;9;29.12.2016 23:00;0,165812;
Natriumchlorid;7;29.12.2016 23:00;0,0912071;
Arsen;4;29.12.2016 23:00;1,93311;
Arsen;7;29.12.2016 23:00;1,06453;
Arsen;9;29.12.2016 23:00;0,778051;
Arsen;6;29.12.2016 23:00;0,663453;
Arsen;8;29.12.2016 23:00;0,656564;
Arsen;3;29.12.2016 23:00;0,623477;
Arsen;5;29.12.2016 23:00;0,307296;
Arsen;2;29.12.2016 23:00;0,278078;
Arsen;1;29.12.2016 23:00;0,19733;
Benzol;4;29.12.2016 23:00;1,86456;
Benzol;5;29.12.2016 23:00;1,20987;
Benzol;3;29.12.2016 23:00;0,899335;
Benzol;1;29.12.2016 23:00;0,217763;
Benzol;7;29.12.2016 23:00;0,18439;
Benzol;2;29.12.2016 23:00;0,134404;
Benzol;6;29.12.2016 23:00;0,0564238;
Benzol;8;29.12.2016 23:00;0,0352332;
Benzol;9;29.12.2016 23:00;0,0228817;
Anilin;3;29.12.2016 23:00;1,99257;
Anilin;4;29.12.2016 23:00;1,6472;
Anilin;9;29.12.2016 23:00;0,732547;
Anilin;2;29.12.2016 23:00;0,638441;
Anilin;6;29.12.2016 23:00;0,468083;
Anilin;8;29.12.2016 23:00;0,449838;
Anilin;7;29.12.2016 23:00;0,247007;
Anilin;1;29.12.2016 23:00;0,206475;
Anilin;5;29.12.2016 23:00;0,0676891;
Natriumchlorid;4;30.12.2016 00:00;2,20445;
Natriumchlorid;5;30.12.2016 00:00;1,58097;
Natriumchlorid;9;30.12.2016 00:00;1,06172;
Natriumchlorid;6;30.12.2016 00:00;0,798926;
Natriumchlorid;3;30.12.2016 00:00;0,566868;
Natriumchlorid;2;30.12.2016 00:00;0,298721;
Natriumchlorid;7;30.12.2016 00:00;0,128598;
Natriumchlorid;1;30.12.2016 00:00;0,0944329;
Natriumchlorid;8;30.12.2016 00:00;0,00251325;
Arsen;3;30.12.2016 00:00;2,0543;
Arsen;4;30.12.2016 00:00;2,00387;
Arsen;7;30.12.2016 00:00;1,32125;
Arsen;9;30.12.2016 00:00;1,18697;
Arsen;2;30.12.2016 00:00;0,745775;
Arsen;6;30.12.2016 00:00;0,536106;
Arsen;5;30.12.2016 00:00;0,221744;
Arsen;8;30.12.2016 00:00;0,2055;
Arsen;1;30.12.2016 00:00;0,0722295;
Benzol;4;30.12.2016 00:00;2,41493;
Benzol;3;30.12.2016 00:00;1,82909;
Benzol;8;30.12.2016 00:00;0,906811;
Benzol;9;30.12.2016 00:00;0,817093;
Benzol;7;30.12.2016 00:00;0,604144;
Benzol;1;30.12.2016 00:00;0,437303;
Benzol;2;30.12.2016 00:00;0,432983;
Benzol;6;30.12.2016 00:00;0,0872384;
Benzol;5;30.12.2016 00:00;0,0786037;
Anilin;3;30.12.2016 00:00;2,66893;
Anilin;4;30.12.2016 00:00;1,57092;
Anilin;2;30.12.2016 00:00;0,51056;
Anilin;6;30.12.2016 00:00;0,446098;
Anilin;8;30.12.2016 00:00;0,417983;
Anilin;5;30.12.2016 00:00;0,374848;
Anilin;9;30.12.2016 00:00;0,284063;
Anilin;7;30.12.2016 00:00;0,197916;
Anilin;1;30.12.2016 00:00;0,174341;
Natriumchlorid;4;30.12.2016 01:00;1,80084;
Natriumchlorid;9;30.12.2016 01:00;0,604622;
Natriumchlorid;3;30.12.2016 01:00;0,431816;
Natriumchlorid;5;30.12.2016 01:00;0,37345;
Natriumchlorid;8;30.12.2016 01:00;0,346182;
Natriumchlorid;2;30.12.2016 01:00;0,195268;
Natriumchlorid;7;30.12.2016 01:00;0,130046;
Natriumchlorid;6;30.12.2016 01:00;0,128464;
Natriumchlorid;1;30.12.2016 01:00;0,0612824;
Arsen;4;30.12.2016 01:00;2,0683;
Arsen;5;30.12.2016 01:00;0,773603;
Arsen;1;30.12.2016 01:00;0,720333;
Arsen;2;30.12.2016 01:00;0,561613;
Arsen;7;30.12.2016 01:00;0,493014;
Arsen;9;30.12.2016 01:00;0,428976;
Arsen;6;30.12.2016 01:00;0,381269;
Arsen;3;30.12.2016 01:00;0,253491;
Arsen;8;30.12.2016 01:00;0,198222;
Benzol;4;30.12.2016 01:00;1,98559;
Benzol;3;30.12.2016 01:00;0,929435;
Benzol;6;30.12.2016 01:00;0,581961;
Benzol;9;30.12.2016 01:00;0,552579;
Benzol;7;30.12.2016 01:00;0,519681;
Benzol;5;30.12.2016 01:00;0,432334;
Benzol;1;30.12.2016 01:00;0,269317;
Benzol;2;30.12.2016 01:00;0,192151;
Benzol;8;30.12.2016 01:00;0,00710893;
Anilin;4;30.12.2016 01:00;1,76786;
Anilin;2;30.12.2016 01:00;0,856684;
Anilin;3;30.12.2016 01:00;0,781371;
Anilin;9;30.12.2016 01:00;0,642226;
Anilin;7;30.12.2016 01:00;0,612081;
Anilin;5;30.12.2016 01:00;0,607754;
Anilin;6;30.12.2016 01:00;0,44221;
Anilin;8;30.12.2016 01:00;0,320982;
Anilin;1;30.12.2016 01:00;0,261617;
Natriumchlorid;4;30.12.2016 02:00;1,60869;
Natriumchlorid;3;30.12.2016 02:00;0,697311;
Natriumchlorid;9;30.12.2016 02:00;0,509686;
Natriumchlorid;8;30.12.2016 02:00;0,38961;
Natriumchlorid;6;30.12.2016 02:00;0,377115;
Natriumchlorid;1;30.12.2016 02:00;0,291657;
Natriumchlorid;2;30.12.2016 02:00;0,103967;
Natriumchlorid;7;30.12.2016 02:00;0,057959;
Natriumchlorid;5;30.12.2016 02:00;0,0578047;
Arsen;3;30.12.2016 02:00;2,88246;
Arsen;4;30.12.2016 02:00;2,0245;
Arsen;7;30.12.2016 02:00;0,812837;
Arsen;8;30.12.2016 02:00;0,681621;
Arsen;9;30.12.2016 02:00;0,623227;
Arsen;6;30.12.2016 02:00;0,610003;
Arsen;5;30.12.2016 02:00;0,441735;
Arsen;1;30.12.2016 02:00;0,35721;
Arsen;2;30.12.2016 02:00;0,103004;
Benzol;4;30.12.2016 02:00;2,18424;
Benzol;3;30.12.2016 02:00;1,29476;
Benzol;7;30.12.2016 02:00;0,969905;
Benzol;8;30.12.2016 02:00;0,709567;
Benzol;5;30.12.2016 02:00;0,582998;
Benzol;6;30.12.2016 02:00;0,448205;
Benzol;2;30.12.2016 02:00;0,411416;
Benzol;9;30.12.2016 02:00;0,369567;
Benzol;1;30.12.2016 02:00;0,0376743;
Anilin;4;30.12.2016 02:00;2,08002;
Anilin;9;30.12.2016 02:00;0,632787;
Anilin;8;30.12.2016 02:00;0,454466;
Anilin;5;30.12.2016 02:00;0,350526;
Anilin;1;30.12.2016 02:00;0,192601;
Anilin;2;30.12.2016 02:00;0,190743;
Anilin;6;30.12.2016 02:00;0,182273;
Anilin;3;30.12.2016 02:00;0,163616;
Anilin;7;30.12.2016 02:00;0,00112374;
Natriumchlorid;4;30.12.2016 03:00;2,32046;
Natriumchlorid;3;30.12.2016 03:00;1,03757;
Natriumchlorid;6;30.12.2016 03:00;0,731082;
Natriumchlorid;2;30.12.2016 03:00;0,683125;
Natriumchlorid;7;30.12.2016 03:00;0,462247;
Natriumchlorid;5;30.12.2016 03:00;0,445355;
Natriumchlorid;9;30.12.2016 03:00;0,197591;
Natriumchlorid;8;30.12.2016 03:00;0,115548;
Natriumchlorid;1;30.12.2016 03:00;0,0222941;
Arsen;4;30.12.2016 03:00;1,92219;
Arsen;3;30.12.2016 03:00;0,876691;
Arsen;7;30.12.2016 03:00;0,831768;
Arsen;9;30.12.2016 03:00;0,811588;
Arsen;5;30.12.2016 03:00;0,440185;
Arsen;1;30.12.2016 03:00;0,424982;
Arsen;6;30.12.2016 03:00;0,369149;
Arsen;2;30.12.2016 03:00;0,335486;
Arsen;8;30.12.2016 03:00;0,0737403;
Benzol;4;30.12.2016 03:00;1,89319;
Benzol;5;30.12.2016 03:00;1,42397;
Benzol;6;30.12.2016 03:00;0,715281;
Benzol;9;30.12.2016 03:00;0,674136;
Benzol;1;30.12.2016 03:00;0,351156;
Benzol;7;30.12.2016 03:00;0,238657;
Benzol;8;30.12.2016 03:00;0,229576;
Benzol;2;30.12.2016 03:00;0,12161;
Benzol;3;30.12.2016 03:00;0,0216219;
Anilin;3;30.12.2016 03:00;5,27835;
Anilin;4;30.12.2016 03:00;1,86189;
Anilin;5;30.12.2016 03:00;1,55532;
Anilin;2;30.12.2016 03:00;1,07611;
Anilin;9;30.12.2016 03:00;0,879383;
Anilin;7;30.12.2016 03:00;0,747034;
Anilin;6;30.12.2016 03:00;0,564204;
Anilin;8;30.12.2016 03:00;0,559993;
Anilin;1;30.12.2016 03:00;0,332998;
Natriumchlorid;3;30.12.2016 04:00;3,02491;
Natriumchlorid;4;30.12.2016 04:00;2,24511;
Natriumchlorid;2;30.12.2016 04:00;0,844286;
Natriumchlorid;7;30.12.2016 04:00;0,727204;
Natriumchlorid;6;30.12.2016 04:00;0,616404;
Natriumchlorid;8;30.12.2016 04:00;0,57096;
Natriumchlorid;5;30.12.2016 04:00;0,542032;
Natriumchlorid;9;30.12.2016 04:00;0,249697;
Natriumchlorid;1;30.12.2016 04:00;0,00814209;
Arsen;4;30.12.2016 04:00;2,18668;
Arsen;9;30.12.2016 04:00;0,766263;
Arsen;3;30.12.2016 04:00;0,527921;
Arsen;8;30.12.2016 04:00;0,469487;
Arsen;5;30.12.2016 04:00;0,44207;
Arsen;6;30.12.2016 04:00;0,206731;
Arsen;7;30.12.2016 04:00;0,16318;
Arsen;2;30.12.2016 04:00;0,0505412;
Arsen;1;30.12.2016 04:00;0,021347;
Benzol;4;30.12.2016 04:00;1,93738;
Benzol;5;30.12.2016 04:00;1,32457;
Benzol;2;30.12.2016 04:00;0,461546;
Benzol;1;30.12.2016 04:00;0,460781;
Benzol;8;30.12.2016 04:00;0,455725;
Benzol;3;30.12.2016 04:00;0,292023;
Benzol;9;30.12.2016 04:00;0,185242;
Benzol;6;30.12.2016 04:00;0,170555;
Benzol;7;30.12.2016 04:00;0,038677;
Anilin;4;30.12.2016 04:00;1,96721;
Anilin;3;30.12.2016 04:00;1,51896;
Anilin;5;30.12.2016 04:00;0,838921;
Anilin;8;30.12.2016 04:00;0,7747;
Anilin;6;30.12.2016 04:00;0,698178;
Anilin;9;30.12.2016 04:00;0,44527;
Anilin;7;30.12.2016 04:00;0,0862484;
Anilin;2;30.12.2016 04:00;0,0861349;
Anilin;1;30.12.2016 04:00;0,0661363;
Natriumchlorid;3;30.12.2016 05:00;3,64162;
Natriumchlorid;4;30.12.2016 05:00;1,86581;
Natriumchlorid;9;30.12.2016 05:00;0,703105;
Natriumchlorid;8;30.12.2016 05:00;0,471383;
Natriumchlorid;7;30.12.2016 05:00;0,45876;
Natriumchlorid;2;30.12.2016 05:00;0,267531;
Natriumchlorid;5;30.12.2016 05:00;0,265491;
Natriumchlorid;1;30.12.2016 05:00;0,122929;
Natriumchlorid;6;30.12.2016 05:00;0,0504946;
Arsen;4;30.12.2016 05:00;1,93803;
Arsen;3;30.12.2016 05:00;0,868828;
Arsen;5;30.12.2016 05:00;0,586812;
Arsen;9;30.12.2016 05:00;0,336549;
Arsen;8;30.12.2016 05:00;0,335416;
Arsen;2;30.12.2016 05:00;0,214524;
Arsen;6;30.12.2016 05:00;0,17926;
Arsen;1;30.12.2016 05:00;0,17116;
Arsen;7;30.12.2016 05:00;0,14356;
Benzol;4;30.12.2016 05:00;2,16926;
Benzol;3;30.12.2016 05:00;0,737783;
Benzol;6;30.12.2016 05:00;0,447812;
Benzol;9;30.12.2016 05:00;0,400072;
Benzol;2;30.12.2016 05:00;0,189869;
Benzol;1;30.12.2016 05:00;0,151716;
Benzol;5;30.12.2016 05:00;0,143606;
Benzol;7;30.12.2016 05:00;0,107216;
Benzol;8;30.12.2016 05:00;0,0282322;
Anilin;4;30.12.2016 05:00;2,14849;
Anilin;3;30.12.2016 05:00;1,57151;
Anilin;5;30.12.2016 05:00;0,978078;
Anilin;2;30.12.2016 05:00;0,879387;
Anilin;7;30.12.2016 05:00;0,673171;
Anilin;8;30.12.2016 05:00;0,433561;
Anilin;6;30.12.2016 05:00;0,389982;
Anilin;9;30.12.2016 05:00;0,380716;
Anilin;1;30.12.2016 05:00;0,347677;
Natriumchlorid;4;30.12.2016 06:00;2,12338;
Natriumchlorid;5;30.12.2016 06:00;0,818425;
Natriumchlorid;9;30.12.2016 06:00;0,661261;
Natriumchlorid;8;30.12.2016 06:00;0,37003;
Natriumchlorid;7;30.12.2016 06:00;0,30314;
Natriumchlorid;6;30.12.2016 06:00;0,288047;
Natriumchlorid;1;30.12.2016 06:00;0,197299;
Natriumchlorid;3;30.12.2016 06:00;0,189452;
Natriumchlorid;2;30.12.2016 06:00;0,136666;
Arsen;3;30.12.2016 06:00;3,4796;
Arsen;4;30.12.2016 06:00;2,10859;
Arsen;8;30.12.2016 06:00;0,924511;
Arsen;9;30.12.2016 06:00;0,697895;
Arsen;5;30.12.2016 06:00;0,638825;
Arsen;2;30.12.2016 06:00;0,47752;
Arsen;1;30.12.2016 06:00;0,270504;
Arsen;6;30.12.2016 06:00;0,230859;
Arsen;7;30.12.2016 06:00;0,0625024;
Benzol;4;30.12.2016 06:00;2,07199;
Benzol;9;30.12.2016 06:00;1,29309;
Benzol;7;30.12.2016 06:00;0,990719;
Benzol;5;30.12.2016 06:00;0,686312;
Benzol;6;30.12.2016 06:00;0,553323;
Benzol;8;30.12.2016 06:00;0,458175;
Benzol;3;30.12.2016 06:00;0,188611;
Benzol;1;30.12.2016 06:00;0,159432;
Benzol;2;30.12.2016 06:00;0,00674997;
Anilin;3;30.12.2016 06:00;3,47642;
Anilin;4;30.12.2016 06:00;2,32494;
Anilin;6;30.12.2016 06:00;0,479467;
Anilin;7;30.12.2016 06:00;0,29705;
Anilin;5;30.12.2016 06:00;0,294097;
Anilin;9;30.12.2016 06:00;0,187613;
Anilin;1;30.12.2016 06:00;0,174449;
Anilin;2;30.12.2016 06:00;0,054463;
Anilin;8;30.12.2016 06:00;0,0178364;
Natriumchlorid;4;30.12.2016 07:00;2,34019;
Natriumchlorid;3;30.12.2016 07:00;2,14365;
Natriumchlorid;8;30.12.2016 07:00;1,13995;
Natriumchlorid;7;30.12.2016 07:00;0,727539;
Natriumchlorid;9;30.12.2016 07:00;0,658643;
Natriumchlorid;5;30.12.2016 07:00;0,552491;
Natriumchlorid;1;30.12.2016 07:00;0,309119;
Natriumchlorid;2;30.12.2016 07:00;0,0505264;
Natriumchlorid;6;30.12.2016 07:00;0,0103634;
Arsen;4;30.12.2016 07:00;2,19445;
Arsen;3;30.12.2016 07:00;1,10318;
Arsen;9;30.12.2016 07:00;0,833348;
Arsen;6;30.12.2016 07:00;0,638513;
Arsen;1;30.12.2016 07:00;0,595843;
Arsen;5;30.12.2016 07:00;0,460935;
Arsen;8;30.12.2016 07:00;0,429356;
Arsen;7;30.12.2016 07:00;0,133357;
Arsen;2;30.12.2016 07:00;0,0542607;
Benzol;3;30.12.2016 07:00;2,24484;
Benzol;4;30.12.2016 07:00;2,03006;
Benzol;8;30.12.2016 07:00;0,926687;
Benzol;9;30.12.2016 07:00;0,856179;
Benzol;6;30.12.2016 07:00;0,833456;
Benzol;7;30.12.2016 07:00;0,383742;
Benzol;2;30.12.2016 07:00;0,129892;
Benzol;1;30.12.2016 07:00;0,0891726;
Benzol;5;30.12.2016 07:00;0,0773406;
Anilin;3;30.12.2016 07:00;2,93253;
Anilin;4;30.12.2016 07:00;2,18454;
Anilin;5;30.12.2016 07:00;1,06298;
Anilin;9;30.12.2016 07:00;0,76612;
Anilin;8;30.12.2016 07:00;0,639028;
Anilin;7;30.12.2016 07:00;0,60245;
Anilin;2;30.12.2016 07:00;0,408781;
Anilin;6;30.12.2016 07:00;0,343354;
Anilin;1;30.12.2016 07:00;0,328903;
Natriumchlorid;4;30.12.2016 08:00;2,09959;
Natriumchlorid;5;30.12.2016 08:00;0,98529;
Natriumchlorid;2;30.12.2016 08:00;0,43976;
Natriumchlorid;8;30.12.2016 08:00;0,423499;
Natriumchlorid;3;30.12.2016 08:00;0,37392;
Natriumchlorid;6;30.12.2016 08:00;0,327277;
Natriumchlorid;7;30.12.2016 08:00;0,19297;
Natriumchlorid;1;30.12.2016 08:00;0,179532;
Natriumchlorid;9;30.12.2016 08:00;0,0591134;
Arsen;4;30.12.2016 08:00;2,45539;
Arsen;3;30.12.2016 08:00;1,67478;
Arsen;7;30.12.2016 08:00;0,684444;
Arsen;5;30.12.2016 08:00;0,512936;
Arsen;2;30.12.2016 08:00;0,497367;
Arsen;8;30.12.2016 08:00;0,453478;
Arsen;1;30.12.2016 08:00;0,410508;
Arsen;6;30.12.2016 08:00;0,397697;
Arsen;9;30.12.2016 08:00;0,200069;
Benzol;4;30.12.2016 08:00;1,98627;
Benzol;3;30.12.2016 08:00;0,960193;
Benzol;7;30.12.2016 08:00;0,707423;
Benzol;2;30.12.2016 08:00;0,693308;
Benzol;5;30.12.2016 08:00;0,540948;
Benzol;6;30.12.2016 08:00;0,495292;
Benzol;9;30.12.2016 08:00;0,153849;
Benzol;8;30.12.2016 08:00;0,0791518;
Benzol;1;30.12.2016 08:00;0,0505286;
Anilin;4;30.12.2016 08:00;2,06738;
Anilin;3;30.12.2016 08:00;1,13866;
Anilin;9;30.12.2016 08:00;0,639896;
Anilin;6;30.12.2016 08:00;0,454642;
Anilin;7;30.12.2016 08:00;0,290723;
Anilin;5;30.12.2016 08:00;0,194363;
Anilin;1;30.12.2016 08:00;0,0970443;
Anilin;2;30.12.2016 08:00;0,0592525;
Anilin;8;30.12.2016 08:00;0,0519919;
Natriumchlorid;4;30.12.2016 09:00;2,38324;
Natriumchlorid;5;30.12.2016 09:00;0,513802;
Natriumchlorid;3;30.12.2016 09:00;0,467892;
Natriumchlorid;8;30.12.2016 09:00;0,451549;
Natriumchlorid;2;30.12.2016 09:00;0,219795;
Natriumchlorid;1;30.12.2016 09:00;0,138062;
Natriumchlorid;7;30.12.2016 09:00;0,120072;
Natriumchlorid;6;30.12.2016 09:00;0,0569083;
Natriumchlorid;9;30.12.2016 09:00;0,0461994;
Arsen;3;30.12.2016 09:00;2,89283;
Arsen;4;30.12.2016 09:00;2,22541;
Arsen;8;30.12.2016 09:00;0,804753;
Arsen;6;30.12.2016 09:00;0,606217;
Arsen;2;30.12.2016 09:00;0,3287;
Arsen;5;30.12.2016 09:00;0,285202;
Arsen;7;30.12.2016 09:00;0,215491;
Arsen;1;30.12.2016 09:00;0,106375;
Arsen;9;30.12.2016 09:00;0,0213087;
Benzol;4;30.12.2016 09:00;1,88475;
Benzol;3;30.12.2016 09:00;0,912128;
Benzol;6;30.12.2016 09:00;0,734688;
Benzol;2;30.12.2016 09:00;0,733313;
Benzol;8;30.12.2016 09:00;0,465887;
Benzol;9;30.12.2016 09:00;0,437386;
Benzol;7;30.12.2016 09:00;0,216285;
Benzol;1;30.12.2016 09:00;0,110716;
Benzol;5;30.12.2016 09:00;0,0408044;
Anilin;4;30.12.2016 09:00;2,03919;
Anilin;8;30.12.2016 09:00;1,14823;
Anilin;1;30.12.2016 09:00;0,510547;
Anilin;9;30.12.2016 09:00;0,508302;
Anilin;2;30.12.2016 09:00;0,464547;
Anilin;5;30.12.2016 09:00;0,35018;
Anilin;3;30.12.2016 09:00;0,286851;
Anilin;7;30.12.2016 09:00;0,145627;
Anilin;6;30.12.2016 09:00;0,0980975;
Natriumchlorid;3;30.12.2016 10:00;2,32545;
Natriumchlorid;4;30.12.2016 10:00;2,00262;
Natriumchlorid;7;30.12.2016 10:00;0,768014;
Natriumchlorid;5;30.12.2016 10:00;0,681544;
Natriumchlorid;9;30.12.2016 10:00;0,558433;
Natriumchlorid;6;30.12.2016 10:00;0,45024;
Natriumchlorid;8;30.12.2016 10:00;0,444026;
Natriumchlorid;2;30.12.2016 10:00;0,223904;
Natriumchlorid;1;30.12.2016 10:00;0,0955918;
Arsen;4;30.12.2016 10:00;2,41371;
Arsen;5;30.12.2016 10:00;0,81737;
Arsen;8;30.12.2016 10:00;0,617137;
Arsen;3;30.12.2016 10:00;0,594484;
Arsen;2;30.12.2016 10:00;0,574368;
Arsen;7;30.12.2016 10:00;0,452502;
Arsen;1;30.12.2016 10:00;0,428091;
Arsen;6;30.12.2016 10:00;0,403818;
Arsen;9;30.12.2016 10:00;0,357369;
Benzol;4;30.12.2016 10:00;2,19699;
Benzol;9;30.12.2016 10:00;1,08831;
Benzol;8;30.12.2016 10:00;0,738019;
Benzol;2;30.12.2016 10:00;0,582845;
Benzol;1;30.12.2016 10:00;0,52486;
Benzol;5;30.12.2016 10:00;0,422337;
Benzol;6;30.12.2016 10:00;0,339665;
Benzol;3;30.12.2016 10:00;0,106606;
Benzol;7;30.12.2016 10:00;0,0873124;
Anilin;4;30.12.2016 10:00;2,02538;
Anilin;3;30.12.2016 10:00;1,70936;
Anilin;9;30.12.2016 10:00;0,609331;
Anilin;8;30.12.2016 10:00;0,448573;
Anilin;5;30.12.2016 10:00;0,406464;
Anilin;6;30.12.2016 10:00;0,391728;
Anilin;2;30.12.2016 10:00;0,242325;
Anilin;1;30.12.2016 10:00;0,239179;
Anilin;7;30.12.2016 10:00;0,117944;
Natriumchlorid;4;30.12.2016 11:00;2,43351;
Natriumchlorid;6;30.12.2016 11:00;0,717365;
Natriumchlorid;1;30.12.2016 11:00;0,512088;
Natriumchlorid;7;30.12.2016 11:00;0,463413;
Natriumchlorid;9;30.12.2016 11:00;0,368027;
Natriumchlorid;3;30.12.2016 11:00;0,101354;
Natriumchlorid;2;30.12.2016 11:00;0,0741969;
Natriumchlorid;5;30.12.2016 11:00;0,0269374;
Natriumchlorid;8;30.12.2016 11:00;0,0146325;
Arsen;4;30.12.2016 11:00;2,31657;
Arsen;3;30.12.2016 11:00;0,743121;
Arsen;6;30.12.2016 11:00;0,734936;
Arsen;9;30.12.2016 11:00;0,67602;
Arsen;7;30.12.2016 11:00;0,651937;
Arsen;5;30.12.2016 11:00;0,448181;
Arsen;8;30.12.2016 11:00;0,258047;
Arsen;2;30.12.2016 11:00;0,0480625;
Arsen;1;30.12.2016 11:00;0,0104289;
Benzol;4;30.12.2016 11:00;2,16738;
Benzol;5;30.12.2016 11:00;0,708373;
Benzol;7;30.12.2016 11:00;0,65643;
Benzol;1;30.12.2016 11:00;0,653441;
Benzol;3;30.12.2016 11:00;0,371327;
Benzol;6;30.12.2016 11:00;0,223435;
Benzol;8;30.12.2016 11:00;0,0862452;
Benzol;2;30.12.2016 11:00;0,0296767;
Benzol;9;30.12.2016 11:00;0,0276593;
Anilin;4;30.12.2016 11:00;1,84896;
Anilin;9;30.12.2016 11:00;1,06418;
Anilin;5;30.12.2016 11:00;0,885611;
Anilin;3;30.12.2016 11:00;0,869261;
Anilin;6;30.12.2016 11:00;0,647212;
Anilin;7;30.12.2016 11:00;0,516709;
Anilin;2;30.12.2016 11:00;0,28625;
Anilin;1;30.12.2016 11:00;0,22799;
Anilin;8;30.12.2016 11:00;0,193489;
Natriumchlorid;4;30.12.2016 12:00;2,00659;
Natriumchlorid;3;30.12.2016 12:00;0,654496;
Natriumchlorid;8;30.12.2016 12:00;0,480699;
Natriumchlorid;2;30.12.2016 12:00;0,455775;
Natriumchlorid;7;30.12.2016 12:00;0,389169;
Natriumchlorid;6;30.12.2016 12:00;0,374819;
Natriumchlorid;5;30.12.2016 12:00;0,291308;
Natriumchlorid;1;30.12.2016 12:00;0,284425;
Natriumchlorid;9;30.12.2016 12:00;0,229223;
Arsen;4;30.12.2016 12:00;2,47688;
Arsen;7;30.12.2016 12:00;0,734204;
Arsen;6;30.12.2016 12:00;0,439975;
Arsen;5;30.12.2016 12:00;0,410249;
Arsen;3;30.12.2016 12:00;0,385312;
Arsen;2;30.12.2016 12:00;0,368538;
Arsen;9;30.12.2016 12:00;0,35223;
Arsen;8;30.12.2016 12:00;0,273554;
Arsen;1;30.12.2016 12:00;0,0142733;
Benzol;4;30.12.2016 12:00;1,87382;
Benzol;5;30.12.2016 12:00;1,26408;
Benzol;7;30.12.2016 12:00;0,912511;
Benzol;8;30.12.2016 12:00;0,905516;
Benzol;6;30.12.2016 12:00;0,617672;
Benzol;3;30.12.2016 12:00;0,4455;
Benzol;2;30.12.2016 12:00;0,333285;
Benzol;9;30.12.2016 12:00;0,0973945;
Benzol;1;30.12.2016 12:00;0,0514716;
Anilin;4;30.12.2016 12:00;2,16838;
Anilin;3;30.12.2016 12:00;0,972685;
Anilin;7;30.12.2016 12:00;0,670786;
Anilin;9;30.12.2016 12:00;0,663609;
Anilin;2;30.12.2016 12:00;0,349368;
Anilin;8;30.12.2016 12:00;0,318551;
Anilin;6;30.12.2016 12:00;0,270211;
Anilin;5;30.12.2016 12:00;0,0501055;
Anilin;1;30.12.2016 12:00;0,0436382;
Natriumchlorid;4;30.12.2016 13:00;1,88412;
Natriumchlorid;3;30.12.2016 13:00;1,04366;
Natriumchlorid;5;30.12.2016 13:00;0,837897;
Natriumchlorid;9;30.12.2016 13:00;0,636488;
Natriumchlorid;7;30.12.2016 13:00;0,626114;
Natriumchlorid;8;30.12.2016 13:00;0,565611;
Natriumchlorid;1;30.12.2016 13:00;0,274392;
Natriumchlorid;2;30.12.2016 13:00;0,116738;
Natriumchlorid;6;30.12.2016 13:00;0,105536;
Arsen;4;30.12.2016 13:00;2,27026;
Arsen;3;30.12.2016 13:00;1,29911;
Arsen;5;30.12.2016 13:00;0,923218;
Arsen;8;30.12.2016 13:00;0,764385;
Arsen;6;30.12.2016 13:00;0,691026;
Arsen;2;30.12.2016 13:00;0,442954;
Arsen;9;30.12.2016 13:00;0,398181;
Arsen;7;30.12.2016 13:00;0,306253;
Arsen;1;30.12.2016 13:00;0,00570374;
Benzol;4;30.12.2016 13:00;2,04258;
Benzol;7;30.12.2016 13:00;0,312419;
Benzol;3;30.12.2016 13:00;0,212249;
Benzol;5;30.12.2016 13:00;0,198196;
Benzol;2;30.12.2016 13:00;0,163598;
Benzol;8;30.12.2016 13:00;0,159287;
Benzol;1;30.12.2016 13:00;0,139425;
Benzol;6;30.12.2016 13:00;0,120766;
Benzol;9;30.12.2016 13:00;0,00376388;
Anilin;4;30.12.2016 13:00;2,17637;
Anilin;3;30.12.2016 13:00;1,26591;
Anilin;8;30.12.2016 13:00;0,897923;
Anilin;7;30.12.2016 13:00;0,513188;
Anilin;5;30.12.2016 13:00;0,270735;
Anilin;1;30.12.2016 13:00;0,191391;
Anilin;6;30.12.2016 13:00;0,175938;
Anilin;9;30.12.2016 13:00;0,118126;
Anilin;2;30.12.2016 13:00;0,0968027;
Natriumchlorid;4;30.12.2016 14:00;2,00848;
Natriumchlorid;7;30.12.2016 14:00;0,714032;
Natriumchlorid;6;30.12.2016 14:00;0,644024;
Natriumchlorid;9;30.12.2016 14:00;0,538438;
Natriumchlorid;2;30.12.2016 14:00;0,377825;
Natriumchlorid;3;30.12.2016 14:00;0,226752;
Natriumchlorid;8;30.12.2016 14:00;0,145874;
Natriumchlorid;1;30.12.2016 14:00;0,0280418;
Natriumchlorid;5;30.12.2016 14:00;0,0149;
Arsen;4;30.12.2016 14:00;2,01268;
Arsen;7;30.12.2016 14:00;1,03186;
Arsen;5;30.12.2016 14:00;0,898768;
Arsen;2;30.12.2016 14:00;0,37096;
Arsen;8;30.12.2016 14:00;0,325692;
Arsen;1;30.12.2016 14:00;0,31769;
Arsen;6;30.12.2016 14:00;0,0887364;
Arsen;9;30.12.2016 14:00;0,0805429;
Arsen;3;30.12.2016 14:00;0,0754542;
Benzol;4;30.12.2016 14:00;1,98136;
Benzol;7;30.12.2016 14:00;1,22778;
Benzol;2;30.12.2016 14:00;1,16588;
Benzol;3;30.12.2016 14:00;1,04687;
Benzol;5;30.12.2016 14:00;0,771028;
Benzol;8;30.12.2016 14:00;0,671633;
Benzol;9;30.12.2016 14:00;0,311966;
Benzol;6;30.12.2016 14:00;0,245216;
Benzol;1;30.12.2016 14:00;0,201171;
Anilin;4;30.12.2016 14:00;2,09326;
Anilin;8;30.12.2016 14:00;1,00931;
Anilin;7;30.12.2016 14:00;0,564426;
Anilin;2;30.12.2016 14:00;0,494631;
Anilin;3;30.12.2016 14:00;0,442889;
Anilin;5;30.12.2016 14:00;0,316532;
Anilin;6;30.12.2016 14:00;0,239898;
Anilin;1;30.12.2016 14:00;0,212102;
Anilin;9;30.12.2016 14:00;0,0353592;
Natriumchlorid;4;30.12.2016 15:00;2,02762;
Natriumchlorid;7;30.12.2016 15:00;1,03093;
Natriumchlorid;6;30.12.2016 15:00;0,609262;
Natriumchlorid;9;30.12.2016 15:00;0,600638;
Natriumchlorid;5;30.12.2016 15:00;0,574057;
Natriumchlorid;8;30.12.2016 15:00;0,475615;
Natriumchlorid;2;30.12.2016 15:00;0,325;
Natriumchlorid;1;30.12.2016 15:00;0,214586;
Natriumchlorid;3;30.12.2016 15:00;0,198505;
Arsen;4;30.12.2016 15:00;2,65264;
Arsen;5;30.12.2016 15:00;0,85906;
Arsen;9;30.12.2016 15:00;0,61692;
Arsen;3;30.12.2016 15:00;0,544925;
Arsen;8;30.12.2016 15:00;0,460186;
Arsen;6;30.12.2016 15:00;0,393366;
Arsen;2;30.12.2016 15:00;0,341399;
Arsen;7;30.12.2016 15:00;0,274467;
Arsen;1;30.12.2016 15:00;0,108836;
Benzol;4;30.12.2016 15:00;1,85621;
Benzol;3;30.12.2016 15:00;1,55384;
Benzol;5;30.12.2016 15:00;1,20872;
Benzol;8;30.12.2016 15:00;1,10713;
Benzol;2;30.12.2016 15:00;0,977647;
Benzol;1;30.12.2016 15:00;0,520973;
Benzol;6;30.12.2016 15:00;0,225549;
Benzol;9;30.12.2016 15:00;0,170223;
Benzol;7;30.12.2016 15:00;0,10838;
Anilin;4;30.12.2016 15:00;2,16259;
Anilin;7;30.12.2016 15:00;1,57772;
Anilin;2;30.12.2016 15:00;1,17758;
Anilin;3;30.12.2016 15:00;0,719651;
Anilin;6;30.12.2016 15:00;0,683765;
Anilin;8;30.12.2016 15:00;0,563642;
Anilin;9;30.12.2016 15:00;0,47972;
Anilin;5;30.12.2016 15:00;0,278803;
Anilin;1;30.12.2016 15:00;0,0645301;
Natriumchlorid;4;30.12.2016 16:00;2,05654;
Natriumchlorid;3;30.12.2016 16:00;1,46313;
Natriumchlorid;9;30.12.2016 16:00;0,902986;
Natriumchlorid;5;30.12.2016 16:00;0,896282;
Natriumchlorid;7;30.12.2016 16:00;0,760262;
Natriumchlorid;2;30.12.2016 16:00;0,593676;
Natriumchlorid;8;30.12.2016 16:00;0,558933;
Natriumchlorid;6;30.12.2016 16:00;0,497957;
Natriumchlorid;1;30.12.2016 16:00;0,347095;
Arsen;4;30.12.2016 16:00;2,05945;
Arsen;5;30.12.2016 16:00;1,37651;
Arsen;3;30.12.2016 16:00;0,885079;
Arsen;6;30.12.2016 16:00;0,421853;
Arsen;9;30.12.2016 16:00;0,314826;
Arsen;1;30.12.2016 16:00;0,261072;
Arsen;2;30.12.2016 16:00;0,196517;
Arsen;8;30.12.2016 16:00;0,111118;
Arsen;7;30.12.2016 16:00;0,0800834;
Benzol;4;30.12.2016 16:00;1,82172;
Benzol;3;30.12.2016 16:00;1,14551;
Benzol;9;30.12.2016 16:00;0,920507;
Benzol;8;30.12.2016 16:00;0,734014;
Benzol;6;30.12.2016 16:00;0,715016;
Benzol;7;30.12.2016 16:00;0,427259;
Benzol;5;30.12.2016 16:00;0,425855;
Benzol;2;30.12.2016 16:00;0,137554;
Benzol;1;30.12.2016 16:00;0,0541853;
Anilin;4;30.12.2016 16:00;2,10878;
Anilin;2;30.12.2016 16:00;0,725961;
Anilin;5;30.12.2016 16:00;0,34448;
Anilin;3;30.12.2016 16:00;0,300539;
Anilin;9;30.12.2016 16:00;0,239122;
Anilin;7;30.12.2016 16:00;0,142072;
Anilin;8;30.12.2016 16:00;0,113575;
Anilin;6;30.12.2016 16:00;0,108444;
Anilin;1;30.12.2016 16:00;0,03308;
Natriumchlorid;3;30.12.2016 17:00;2,85331;
Natriumchlorid;4;30.12.2016 17:00;2,39535;
Natriumchlorid;2;30.12.2016 17:00;1,04631;
Natriumchlorid;9;30.12.2016 17:00;0,76612;
Natriumchlorid;8;30.12.2016 17:00;0,600328;
Natriumchlorid;6;30.12.2016 17:00;0,414908;
Natriumchlorid;5;30.12.2016 17:00;0,398465;
Natriumchlorid;7;30.12.2016 17:00;0,237965;
Natriumchlorid;1;30.12.2016 17:00;0,176006;
Arsen;4;30.12.2016 17:00;2,21872;
Arsen;7;30.12.2016 17:00;1,20888;
Arsen;1;30.12.2016 17:00;0,634586;
Arsen;8;30.12.2016 17:00;0,622781;
Arsen;5;30.12.2016 17:00;0,612132;
Arsen;6;30.12.2016 17:00;0,467711;
Arsen;2;30.12.2016 17:00;0,38182;
Arsen;9;30.12.2016 17:00;0,201344;
Arsen;3;30.12.2016 17:00;0,136878;
Benzol;4;30.12.2016 17:00;2,29408;
Benzol;8;30.12.2016 17:00;0,903078;
Benzol;7;30.12.2016 17:00;0,636598;
Benzol;1;30.12.2016 17:00;0,347456;
Benzol;6;30.12.2016 17:00;0,322417;
Benzol;3;30.12.2016 17:00;0,316752;
Benzol;5;30.12.2016 17:00;0,311451;
Benzol;9;30.12.2016 17:00;0,0941375;
Benzol;2;30.12.2016 17:00;0,092348;
Anilin;4;30.12.2016 17:00;2,02208;
Anilin;5;30.12.2016 17:00;1,11159;
Anilin;8;30.12.2016 17:00;0,98471;
Anilin;2;30.12.2016 17:00;0,821501;
Anilin;9;30.12.2016 17:00;0,695771;
Anilin;7;30.12.2016 17:00;0,491034;
Anilin;6;30.12.2016 17:00;0,282528;
Anilin;3;30.12.2016 17:00;0,265597;
Anilin;1;30.12.2016 17:00;0,101568;
Natriumchlorid;4;30.12.2016 18:00;2,24478;
Natriumchlorid;3;30.12.2016 18:00;0,801418;
Natriumchlorid;9;30.12.2016 18:00;0,570299;
Natriumchlorid;6;30.12.2016 18:00;0,290295;
Natriumchlorid;7;30.12.2016 18:00;0,194156;
Natriumchlorid;5;30.12.2016 18:00;0,180924;
Natriumchlorid;1;30.12.2016 18:00;0,113799;
Natriumchlorid;8;30.12.2016 18:00;0,0703024;
Natriumchlorid;2;30.12.2016 18:00;0,0272278;
Arsen;4;30.12.2016 18:00;2,13455;
Arsen;7;30.12.2016 18:00;1,87127;
Arsen;8;30.12.2016 18:00;1,2096;
Arsen;5;30.12.2016 18:00;0,610971;
Arsen;9;30.12.2016 18:00;0,493053;
Arsen;6;30.12.2016 18:00;0,253306;
Arsen;2;30.12.2016 18:00;0,210721;
Arsen;3;30.12.2016 18:00;0,171795;
Arsen;1;30.12.2016 18:00;0,0632186;
Benzol;4;30.12.2016 18:00;1,89849;
Benzol;9;30.12.2016 18:00;1,19706;
Benzol;5;30.12.2016 18:00;0,839393;
Benzol;8;30.12.2016 18:00;0,609589;
Benzol;6;30.12.2016 18:00;0,583377;
Benzol;3;30.12.2016 18:00;0,301043;
Benzol;2;30.12.2016 18:00;0,265825;
Benzol;7;30.12.2016 18:00;0,205214;
Benzol;1;30.12.2016 18:00;0,0963626;
Anilin;4;30.12.2016 18:00;2,02907;
Anilin;7;30.12.2016 18:00;0,976161;
Anilin;9;30.12.2016 18:00;0,455177;
Anilin;2;30.12.2016 18:00;0,314279;
Anilin;6;30.12.2016 18:00;0,287385;
Anilin;8;30.12.2016 18:00;0,242159;
Anilin;5;30.12.2016 18:00;0,198668;
Anilin;3;30.12.2016 18:00;0,189808;
Anilin;1;30.12.2016 18:00;0,155927;
Natriumchlorid;4;30.12.2016 19:00;2,3666;
Natriumchlorid;9;30.12.2016 19:00;1,04712;
Natriumchlorid;3;30.12.2016 19:00;0,813064;
Natriumchlorid;5;30.12.2016 19:00;0,706862;
Natriumchlorid;1;30.12.2016 19:00;0,338838;
Natriumchlorid;6;30.12.2016 19:00;0,303489;
Natriumchlorid;8;30.12.2016 19:00;0,263185;
Natriumchlorid;7;30.12.2016 19:00;0,216057;
Natriumchlorid;2;30.12.2016 19:00;0,111478;
Arsen;4;30.12.2016 19:00;2,08663;
Arsen;5;30.12.2016 19:00;1,08498;
Arsen;8;30.12.2016 19:00;0,671826;
Arsen;3;30.12.2016 19:00;0,370162;
Arsen;1;30.12.2016 19:00;0,299114;
Arsen;9;30.12.2016 19:00;0,254567;
Arsen;7;30.12.2016 19:00;0,178261;
Arsen;6;30.12.2016 19:00;0,11387;
Arsen;2;30.12.2016 19:00;0,0239412;
Benzol;4;30.12.2016 19:00;2,33289;
Benzol;3;30.12.2016 19:00;0,827382;
Benzol;8;30.12.2016 19:00;0,724481;
Benzol;9;30.12.2016 19:00;0,723453;
Benzol;2;30.12.2016 19:00;0,508154;
Benzol;7;30.12.2016 19:00;0,364815;
Benzol;6;30.12.2016 19:00;0,336487;
Benzol;1;30.12.2016 19:00;0,214049;
Benzol;5;30.12.2016 19:00;0,16839;
Anilin;4;30.12.2016 19:00;2,1713;
Anilin;8;30.12.2016 19:00;1,52585;
Anilin;5;30.12.2016 19:00;1,38126;
Anilin;3;30.12.2016 19:00;1,31304;
Anilin;6;30.12.2016 19:00;0,620515;
Anilin;7;30.12.2016 19:00;0,479913;
Anilin;9;30.12.2016 19:00;0,475072;
Anilin;1;30.12.2016 19:00;0,331487;
Anilin;2;30.12.2016 19:00;0,249005;
Natriumchlorid;4;30.12.2016 20:00;2,22235;
Natriumchlorid;3;30.12.2016 20:00;0,480234;
Natriumchlorid;6;30.12.2016 20:00;0,307135;
Natriumchlorid;2;30.12.2016 20:00;0,255393;
Natriumchlorid;5;30.12.2016 20:00;0,23851;
Natriumchlorid;9;30.12.2016 20:00;0,171049;
Natriumchlorid;1;30.12.2016 20:00;0,139954;
Natriumchlorid;7;30.12.2016 20:00;0,0159291;
Natriumchlorid;8;30.12.2016 20:00;0,00567766;
Arsen;4;30.12.2016 20:00;2,2856;
Arsen;3;30.12.2016 20:00;1,6389;
Arsen;2;30.12.2016 20:00;0,867398;
Arsen;1;30.12.2016 20:00;0,849714;
Arsen;5;30.12.2016 20:00;0,720596;
Arsen;7;30.12.2016 20:00;0,456857;
Arsen;8;30.12.2016 20:00;0,441429;
Arsen;6;30.12.2016 20:00;0,360462;
Arsen;9;30.12.2016 20:00;0,246703;
Benzol;4;30.12.2016 20:00;1,8725;
Benzol;3;30.12.2016 20:00;1,02808;
Benzol;2;30.12.2016 20:00;0,776549;
Benzol;8;30.12.2016 20:00;0,520765;
Benzol;5;30.12.2016 20:00;0,46255;
Benzol;1;30.12.2016 20:00;0,439325;
Benzol;6;30.12.2016 20:00;0,390534;
Benzol;7;30.12.2016 20:00;0,174295;
Benzol;9;30.12.2016 20:00;0,168302;
Anilin;4;30.12.2016 20:00;2,50803;
Anilin;7;30.12.2016 20:00;1,78433;
Anilin;9;30.12.2016 20:00;0,759772;
Anilin;5;30.12.2016 20:00;0,706323;
Anilin;8;30.12.2016 20:00;0,659276;
Anilin;2;30.12.2016 20:00;0,49769;
Anilin;6;30.12.2016 20:00;0,356115;
Anilin;3;30.12.2016 20:00;0,306846;
Anilin;1;30.12.2016 20:00;0,221853;
Natriumchlorid;4;30.12.2016 21:00;2,21059;
Natriumchlorid;7;30.12.2016 21:00;1,00034;
Natriumchlorid;5;30.12.2016 21:00;0,90439;
Natriumchlorid;8;30.12.2016 21:00;0,749799;
Natriumchlorid;2;30.12.2016 21:00;0,364545;
Natriumchlorid;9;30.12.2016 21:00;0,331663;
Natriumchlorid;6;30.12.2016 21:00;0,236609;
Natriumchlorid;1;30.12.2016 21:00;0,224949;
Natriumchlorid;3;30.12.2016 21:00;0,107472;
Arsen;4;30.12.2016 21:00;2,14439;
Arsen;3;30.12.2016 21:00;1,48276;
Arsen;5;30.12.2016 21:00;0,732054;
Arsen;6;30.12.2016 21:00;0,562432;
Arsen;2;30.12.2016 21:00;0,466292;
Arsen;7;30.12.2016 21:00;0,399735;
Arsen;8;30.12.2016 21:00;0,182437;
Arsen;1;30.12.2016 21:00;0,0972539;
Arsen;9;30.12.2016 21:00;0,0338365;
Benzol;4;30.12.2016 21:00;2,24256;
Benzol;7;30.12.2016 21:00;1,24614;
Benzol;3;30.12.2016 21:00;0,639218;
Benzol;9;30.12.2016 21:00;0,373285;
Benzol;6;30.12.2016 21:00;0,365614;
Benzol;8;30.12.2016 21:00;0,183111;
Benzol;1;30.12.2016 21:00;0,125894;
Benzol;2;30.12.2016 21:00;0,101091;
Benzol;5;30.12.2016 21:00;0,0888739;
Anilin;4;30.12.2016 21:00;2,03557;
Anilin;3;30.12.2016 21:00;1,75623;
Anilin;8;30.12.2016 21:00;0,897061;
Anilin;6;30.12.2016 21:00;0,732596;
Anilin;9;30.12.2016 21:00;0,706832;
Anilin;5;30.12.2016 21:00;0,504031;
Anilin;2;30.12.2016 21:00;0,370491;
Anilin;1;30.12.2016 21:00;0,0920866;
Anilin;7;30.12.2016 21:00;0,00797711;
Natriumchlorid;4;30.12.2016 22:00;2,27701;
Natriumchlorid;3;30.12.2016 22:00;1,92208;
Natriumchlorid;7;30.12.2016 22:00;1,4447;
Natriumchlorid;8;30.12.2016 22:00;0,940163;
Natriumchlorid;2;30.12.2016 22:00;0,773796;
Natriumchlorid;5;30.12.2016 22:00;0,685449;
Natriumchlorid;9;30.12.2016 22:00;0,511351;
Natriumchlorid;6;30.12.2016 22:00;0,50643;
Natriumchlorid;1;30.12.2016 22:00;0,122143;
Arsen;3;30.12.2016 22:00;3,19767;
Arsen;4;30.12.2016 22:00;2,25214;
Arsen;5;30.12.2016 22:00;0,740161;
Arsen;7;30.12.2016 22:00;0,613118;
Arsen;1;30.12.2016 22:00;0,564684;
Arsen;9;30.12.2016 22:00;0,271842;
Arsen;8;30.12.2016 22:00;0,250636;
Arsen;6;30.12.2016 22:00;0,164879;
Arsen;2;30.12.2016 22:00;0,12871;
Benzol;4;30.12.2016 22:00;2,55806;
Benzol;5;30.12.2016 22:00;0,69432;
Benzol;8;30.12.2016 22:00;0,51205;
Benzol;7;30.12.2016 22:00;0,493609;
Benzol;6;30.12.2016 22:00;0,425057;
Benzol;3;30.12.2016 22:00;0,358302;
Benzol;9;30.12.2016 22:00;0,297574;
Benzol;2;30.12.2016 22:00;0,226411;
Benzol;1;30.12.2016 22:00;0,0324943;
Anilin;3;30.12.2016 22:00;2,58713;
Anilin;4;30.12.2016 22:00;2,32497;
Anilin;5;30.12.2016 22:00;0,844814;
Anilin;8;30.12.2016 22:00;0,726825;
Anilin;9;30.12.2016 22:00;0,60278;
Anilin;6;30.12.2016 22:00;0,473017;
Anilin;7;30.12.2016 22:00;0,354194;
Anilin;2;30.12.2016 22:00;0,217554;
Anilin;1;30.12.2016 22:00;0,181699;
Natriumchlorid;4;30.12.2016 23:00;2,04835;
Natriumchlorid;3;30.12.2016 23:00;1,45527;
Natriumchlorid;8;30.12.2016 23:00;0,711802;
Natriumchlorid;2;30.12.2016 23:00;0,59968;
Natriumchlorid;5;30.12.2016 23:00;0,526067;
Natriumchlorid;6;30.12.2016 23:00;0,367413;
Natriumchlorid;7;30.12.2016 23:00;0,282675;
Natriumchlorid;1;30.12.2016 23:00;0,26043;
Natriumchlorid;9;30.12.2016 23:00;0,243159;
Arsen;4;30.12.2016 23:00;2,02132;
Arsen;3;30.12.2016 23:00;1,52317;
Arsen;6;30.12.2016 23:00;0,499114;
Arsen;2;30.12.2016 23:00;0,471746;
Arsen;9;30.12.2016 23:00;0,314031;
Arsen;8;30.12.2016 23:00;0,267653;
Arsen;5;30.12.2016 23:00;0,229916;
Arsen;7;30.12.2016 23:00;0,156138;
Arsen;1;30.12.2016 23:00;0,0861631;
Benzol;3;30.12.2016 23:00;2,48465;
Benzol;4;30.12.2016 23:00;2,07834;
Benzol;8;30.12.2016 23:00;1,01068;
Benzol;6;30.12.2016 23:00;0,875389;
Benzol;5;30.12.2016 23:00;0,425364;
Benzol;9;30.12.2016 23:00;0,391504;
Benzol;1;30.12.2016 23:00;0,208609;
Benzol;2;30.12.2016 23:00;0,139772;
Benzol;7;30.12.2016 23:00;0,132623;
Anilin;4;30.12.2016 23:00;2,30937;
Anilin;8;30.12.2016 23:00;0,67306;
Anilin;2;30.12.2016 23:00;0,449146;
Anilin;7;30.12.2016 23:00;0,430189;
Anilin;5;30.12.2016 23:00;0,416963;
Anilin;3;30.12.2016 23:00;0,404384;
Anilin;6;30.12.2016 23:00;0,399304;
Anilin;1;30.12.2016 23:00;0,338371;
Anilin;9;30.12.2016 23:00;0,00790162;
Natriumchlorid;4;31.12.2016 00:00;2,53722;
Natriumchlorid;5;31.12.2016 00:00;1,89108;
Natriumchlorid;7;31.12.2016 00:00;1,71837;
Natriumchlorid;3;31.12.2016 00:00;1,58653;
Natriumchlorid;8;31.12.2016 00:00;0,655963;
Natriumchlorid;1;31.12.2016 00:00;0,410136;
Natriumchlorid;6;31.12.2016 00:00;0,3604;
Natriumchlorid;9;31.12.2016 00:00;0,3595;
Natriumchlorid;2;31.12.2016 00:00;0,0937086;
Arsen;4;31.12.2016 00:00;2,18101;
Arsen;7;31.12.2016 00:00;0,973256;
Arsen;3;31.12.2016 00:00;0,930517;
Arsen;2;31.12.2016 00:00;0,920051;
Arsen;6;31.12.2016 00:00;0,554578;
Arsen;9;31.12.2016 00:00;0,408145;
Arsen;5;31.12.2016 00:00;0,375057;
Arsen;1;31.12.2016 00:00;0,341105;
Arsen;8;31.12.2016 00:00;0,286752;
Benzol;3;31.12.2016 00:00;2,80249;
Benzol;4;31.12.2016 00:00;1,98543;
Benzol;7;31.12.2016 00:00;1,29598;
Benzol;2;31.12.2016 00:00;0,918355;
Benzol;5;31.12.2016 00:00;0,517198;
Benzol;6;31.12.2016 00:00;0,367072;
Benzol;1;31.12.2016 00:00;0,188218;
Benzol;9;31.12.2016 00:00;0,0605758;
Benzol;8;31.12.2016 00:00;0,0253016;
Anilin;4;31.12.2016 00:00;1,60414;
Anilin;8;31.12.2016 00:00;0,90106;
Anilin;2;31.12.2016 00:00;0,614053;
Anilin;9;31.12.2016 00:00;0,405418;
Anilin;6;31.12.2016 00:00;0,370727;
Anilin;7;31.12.2016 00:00;0,332393;
Anilin;1;31.12.2016 00:00;0,243968;
Anilin;5;31.12.2016 00:00;0,173088;
Anilin;3;31.12.2016 00:00;0,0149034;
Natriumchlorid;4;31.12.2016 01:00;1,8467;
Natriumchlorid;3;31.12.2016 01:00;1,71336;
Natriumchlorid;5;31.12.2016 01:00;0,676215;
Natriumchlorid;8;31.12.2016 01:00;0,611592;
Natriumchlorid;1;31.12.2016 01:00;0,555183;
Natriumchlorid;6;31.12.2016 01:00;0,412025;
Natriumchlorid;2;31.12.2016 01:00;0,304242;
Natriumchlorid;7;31.12.2016 01:00;0,092755;
Natriumchlorid;9;31.12.2016 01:00;0,0672633;
Arsen;4;31.12.2016 01:00;1,87973;
Arsen;5;31.12.2016 01:00;1,28402;
Arsen;9;31.12.2016 01:00;1,20258;
Arsen;8;31.12.2016 01:00;1,0273;
Arsen;7;31.12.2016 01:00;0,874767;
Arsen;3;31.12.2016 01:00;0,713;
Arsen;6;31.12.2016 01:00;0,36001;
Arsen;2;31.12.2016 01:00;0,111916;
Arsen;1;31.12.2016 01:00;0,0837651;
Benzol;3;31.12.2016 01:00;2,77738;
Benzol;4;31.12.2016 01:00;1,96065;
Benzol;5;31.12.2016 01:00;0,789264;
Benzol;6;31.12.2016 01:00;0,36825;
Benzol;7;31.12.2016 01:00;0,299651;
Benzol;9;31.12.2016 01:00;0,161119;
Benzol;8;31.12.2016 01:00;0,0948309;
Benzol;1;31.12.2016 01:00;0,0738717;
Benzol;2;31.12.2016 01:00;0,0648382;
Anilin;7;31.12.2016 01:00;2,37653;
Anilin;4;31.12.2016 01:00;2,21203;
Anilin;8;31.12.2016 01:00;0,990197;
Anilin;5;31.12.2016 01:00;0,483785;
Anilin;9;31.12.2016 01:00;0,474308;
Anilin;2;31.12.2016 01:00;0,395706;
Anilin;6;31.12.2016 01:00;0,328371;
Anilin;3;31.12.2016 01:00;0,263581;
Anilin;1;31.12.2016 01:00;0,117628;
Natriumchlorid;4;31.12.2016 02:00;1,96648;
Natriumchlorid;8;31.12.2016 02:00;1,39084;
Natriumchlorid;3;31.12.2016 02:00;1,2007;
Natriumchlorid;5;31.12.2016 02:00;0,741442;
Natriumchlorid;6;31.12.2016 02:00;0,657873;
Natriumchlorid;9;31.12.2016 02:00;0,499524;
Natriumchlorid;7;31.12.2016 02:00;0,44728;
Natriumchlorid;1;31.12.2016 02:00;0,44401;
Natriumchlorid;2;31.12.2016 02:00;0,312591;
Arsen;4;31.12.2016 02:00;2,01923;
Arsen;5;31.12.2016 02:00;1,22249;
Arsen;7;31.12.2016 02:00;0,383183;
Arsen;2;31.12.2016 02:00;0,23267;
Arsen;9;31.12.2016 02:00;0,228215;
Arsen;6;31.12.2016 02:00;0,206829;
Arsen;1;31.12.2016 02:00;0,187929;
Arsen;3;31.12.2016 02:00;0,168586;
Arsen;8;31.12.2016 02:00;0,112348;
Benzol;4;31.12.2016 02:00;2,36452;
Benzol;3;31.12.2016 02:00;1,64948;
Benzol;7;31.12.2016 02:00;1,23206;
Benzol;8;31.12.2016 02:00;0,664775;
Benzol;9;31.12.2016 02:00;0,534303;
Benzol;6;31.12.2016 02:00;0,526539;
Benzol;1;31.12.2016 02:00;0,377675;
Benzol;5;31.12.2016 02:00;0,354445;
Benzol;2;31.12.2016 02:00;0,176745;
Anilin;4;31.12.2016 02:00;2,32061;
Anilin;9;31.12.2016 02:00;0,568413;
Anilin;5;31.12.2016 02:00;0,352822;
Anilin;6;31.12.2016 02:00;0,308887;
Anilin;8;31.12.2016 02:00;0,290907;
Anilin;1;31.12.2016 02:00;0,259486;
Anilin;3;31.12.2016 02:00;0,114543;
Anilin;2;31.12.2016 02:00;0,0687194;
Anilin;7;31.12.2016 02:00;0,0452592;
Natriumchlorid;4;31.12.2016 03:00;2,13514;
Natriumchlorid;5;31.12.2016 03:00;1,35538;
Natriumchlorid;3;31.12.2016 03:00;0,839079;
Natriumchlorid;6;31.12.2016 03:00;0,83046;
Natriumchlorid;2;31.12.2016 03:00;0,722853;
Natriumchlorid;8;31.12.2016 03:00;0,673873;
Natriumchlorid;1;31.12.2016 03:00;0,531262;
Natriumchlorid;7;31.12.2016 03:00;0,243475;
Natriumchlorid;9;31.12.2016 03:00;0,223116;
Arsen;4;31.12.2016 03:00;1,98763;
Arsen;3;31.12.2016 03:00;1,21485;
Arsen;7;31.12.2016 03:00;1,13511;
Arsen;2;31.12.2016 03:00;0,894494;
Arsen;8;31.12.2016 03:00;0,710766;
Arsen;5;31.12.2016 03:00;0,663522;
Arsen;6;31.12.2016 03:00;0,293993;
Arsen;1;31.12.2016 03:00;0,269674;
Arsen;9;31.12.2016 03:00;0,230469;
Benzol;4;31.12.2016 03:00;2,16932;
Benzol;8;31.12.2016 03:00;0,785709;
Benzol;3;31.12.2016 03:00;0,681164;
Benzol;6;31.12.2016 03:00;0,285929;
Benzol;9;31.12.2016 03:00;0,253935;
Benzol;5;31.12.2016 03:00;0,204944;
Benzol;7;31.12.2016 03:00;0,15269;
Benzol;2;31.12.2016 03:00;0,101335;
Benzol;1;31.12.2016 03:00;0,0562926;
Anilin;4;31.12.2016 03:00;1,92094;
Anilin;3;31.12.2016 03:00;1,40267;
Anilin;9;31.12.2016 03:00;0,475277;
Anilin;6;31.12.2016 03:00;0,460575;
Anilin;1;31.12.2016 03:00;0,379888;
Anilin;8;31.12.2016 03:00;0,270494;
Anilin;2;31.12.2016 03:00;0,164842;
Anilin;5;31.12.2016 03:00;0,0568837;
Anilin;7;31.12.2016 03:00;0,0514997;
Natriumchlorid;4;31.12.2016 04:00;2,14944;
Natriumchlorid;3;31.12.2016 04:00;1,01748;
Natriumchlorid;8;31.12.2016 04:00;0,843682;
Natriumchlorid;7;31.12.2016 04:00;0,489176;
Natriumchlorid;2;31.12.2016 04:00;0,235897;
Natriumchlorid;1;31.12.2016 04:00;0,150644;
Natriumchlorid;5;31.12.2016 04:00;0,0929856;
Natriumchlorid;6;31.12.2016 04:00;0,0849426;
Natriumchlorid;9;31.12.2016 04:00;0,0218987;
Arsen;4;31.12.2016 04:00;2,37315;
Arsen;3;31.12.2016 04:00;1,10974;
Arsen;8;31.12.2016 04:00;1,06507;
Arsen;9;31.12.2016 04:00;0,84339;
Arsen;2;31.12.2016 04:00;0,74261;
Arsen;1;31.12.2016 04:00;0,349714;
Arsen;5;31.12.2016 04:00;0,347359;
Arsen;6;31.12.2016 04:00;0,319639;
Arsen;7;31.12.2016 04:00;0,259794;
Benzol;3;31.12.2016 04:00;2,28686;
Benzol;4;31.12.2016 04:00;1,91192;
Benzol;8;31.12.2016 04:00;0,696441;
Benzol;2;31.12.2016 04:00;0,550517;
Benzol;9;31.12.2016 04:00;0,51002;
Benzol;5;31.12.2016 04:00;0,489379;
Benzol;7;31.12.2016 04:00;0,370127;
Benzol;6;31.12.2016 04:00;0,286253;
Benzol;1;31.12.2016 04:00;0,174356;
Anilin;4;31.12.2016 04:00;2,07209;
Anilin;5;31.12.2016 04:00;1,36103;
Anilin;3;31.12.2016 04:00;0,627901;
Anilin;9;31.12.2016 04:00;0,600254;
Anilin;6;31.12.2016 04:00;0,531038;
Anilin;7;31.12.2016 04:00;0,427404;
Anilin;2;31.12.2016 04:00;0,209944;
Anilin;1;31.12.2016 04:00;0,204918;
Anilin;8;31.12.2016 04:00;0,160862;
Natriumchlorid;4;31.12.2016 05:00;1,86531;
Natriumchlorid;5;31.12.2016 05:00;1,13826;
Natriumchlorid;8;31.12.2016 05:00;0,763505;
Natriumchlorid;7;31.12.2016 05:00;0,526834;
Natriumchlorid;6;31.12.2016 05:00;0,46682;
Natriumchlorid;3;31.12.2016 05:00;0,389619;
Natriumchlorid;9;31.12.2016 05:00;0,310154;
Natriumchlorid;2;31.12.2016 05:00;0,129518;
Natriumchlorid;1;31.12.2016 05:00;0,0400784;
Arsen;4;31.12.2016 05:00;1,79585;
Arsen;2;31.12.2016 05:00;0,851442;
Arsen;5;31.12.2016 05:00;0,683703;
Arsen;8;31.12.2016 05:00;0,613424;
Arsen;7;31.12.2016 05:00;0,489641;
Arsen;3;31.12.2016 05:00;0,414599;
Arsen;9;31.12.2016 05:00;0,400703;
Arsen;6;31.12.2016 05:00;0,323258;
Arsen;1;31.12.2016 05:00;0,105783;
Benzol;4;31.12.2016 05:00;2,50033;
Benzol;7;31.12.2016 05:00;1,60921;
Benzol;5;31.12.2016 05:00;1,52899;
Benzol;9;31.12.2016 05:00;1,31298;
Benzol;8;31.12.2016 05:00;1,07784;
Benzol;3;31.12.2016 05:00;0,75837;
Benzol;2;31.12.2016 05:00;0,552858;
Benzol;1;31.12.2016 05:00;0,133822;
Benzol;6;31.12.2016 05:00;0,0199113;
Anilin;4;31.12.2016 05:00;2,16896;
Anilin;7;31.12.2016 05:00;1,95211;
Anilin;5;31.12.2016 05:00;0,850267;
Anilin;8;31.12.2016 05:00;0,530796;
Anilin;9;31.12.2016 05:00;0,326253;
Anilin;3;31.12.2016 05:00;0,296944;
Anilin;1;31.12.2016 05:00;0,231347;
Anilin;6;31.12.2016 05:00;0,0553479;
Anilin;2;31.12.2016 05:00;0,00752909;
Natriumchlorid;3;31.12.2016 06:00;4,60734;
Natriumchlorid;4;31.12.2016 06:00;1,61693;
Natriumchlorid;5;31.12.2016 06:00;0,972203;
Natriumchlorid;9;31.12.2016 06:00;0,884185;
Natriumchlorid;6;31.12.2016 06:00;0,491878;
Natriumchlorid;2;31.12.2016 06:00;0,451211;
Natriumchlorid;8;31.12.2016 06:00;0,276895;
Natriumchlorid;7;31.12.2016 06:00;0,102771;
Natriumchlorid;1;31.12.2016 06:00;0,0654332;
Arsen;4;31.12.2016 06:00;2,3361;
Arsen;3;31.12.2016 06:00;1,80136;
Arsen;7;31.12.2016 06:00;1,53033;
Arsen;9;31.12.2016 06:00;0,766429;
Arsen;5;31.12.2016 06:00;0,694682;
Arsen;2;31.12.2016 06:00;0,661546;
Arsen;6;31.12.2016 06:00;0,558841;
Arsen;1;31.12.2016 06:00;0,0811935;
Arsen;8;31.12.2016 06:00;0,0223511;
Benzol;4;31.12.2016 06:00;2,29191;
Benzol;3;31.12.2016 06:00;0,810183;
Benzol;7;31.12.2016 06:00;0,724;
Benzol;6;31.12.2016 06:00;0,566141;
Benzol;1;31.12.2016 06:00;0,269301;
Benzol;5;31.12.2016 06:00;0,23364;
Benzol;9;31.12.2016 06:00;0,198784;
Benzol;8;31.12.2016 06:00;0,18304;
Benzol;2;31.12.2016 06:00;0,06829;
Anilin;4;31.12.2016 06:00;1,89502;
Anilin;3;31.12.2016 06:00;0,938253;
Anilin;1;31.12.2016 06:00;0,487331;
Anilin;2;31.12.2016 06:00;0,432077;
Anilin;8;31.12.2016 06:00;0,390498;
Anilin;5;31.12.2016 06:00;0,225363;
Anilin;6;31.12.2016 06:00;0,158881;
Anilin;9;31.12.2016 06:00;0,131037;
Anilin;7;31.12.2016 06:00;0,0771342;
Natriumchlorid;3;31.12.2016 07:00;2,17793;
Natriumchlorid;4;31.12.2016 07:00;1,88976;
Natriumchlorid;5;31.12.2016 07:00;1,6434;
Natriumchlorid;9;31.12.2016 07:00;0,620846;
Natriumchlorid;8;31.12.2016 07:00;0,424234;
Natriumchlorid;6;31.12.2016 07:00;0,41155;
Natriumchlorid;2;31.12.2016 07:00;0,325642;
Natriumchlorid;1;31.12.2016 07:00;0,225551;
Natriumchlorid;7;31.12.2016 07:00;0,00274599;
Arsen;4;31.12.2016 07:00;1,9442;
Arsen;3;31.12.2016 07:00;1,41915;
Arsen;2;31.12.2016 07:00;1,17281;
Arsen;7;31.12.2016 07:00;0,512366;
Arsen;9;31.12.2016 07:00;0,431907;
Arsen;6;31.12.2016 07:00;0,398998;
Arsen;8;31.12.2016 07:00;0,305415;
Arsen;5;31.12.2016 07:00;0,160429;
Arsen;1;31.12.2016 07:00;0,140849;
Benzol;4;31.12.2016 07:00;1,88687;
Benzol;3;31.12.2016 07:00;1,75811;
Benzol;5;31.12.2016 07:00;1,48237;
Benzol;8;31.12.2016 07:00;0,663291;
Benzol;9;31.12.2016 07:00;0,497995;
Benzol;6;31.12.2016 07:00;0,460383;
Benzol;1;31.12.2016 07:00;0,29035;
Benzol;2;31.12.2016 07:00;0,262991;
Benzol;7;31.12.2016 07:00;0,105048;
Anilin;4;31.12.2016 07:00;2,28344;
Anilin;3;31.12.2016 07:00;1,59738;
Anilin;5;31.12.2016 07:00;0,757225;
Anilin;6;31.12.2016 07:00;0,48491;
Anilin;9;31.12.2016 07:00;0,445819;
Anilin;7;31.12.2016 07:00;0,44044;
Anilin;2;31.12.2016 07:00;0,412848;
Anilin;8;31.12.2016 07:00;0,368527;
Anilin;1;31.12.2016 07:00;0,199518;
Natriumchlorid;3;31.12.2016 08:00;2,82011;
Natriumchlorid;4;31.12.2016 08:00;2,11588;
Natriumchlorid;7;31.12.2016 08:00;0,834812;
Natriumchlorid;5;31.12.2016 08:00;0,572956;
Natriumchlorid;8;31.12.2016 08:00;0,39671;
Natriumchlorid;2;31.12.2016 08:00;0,304242;
Natriumchlorid;6;31.12.2016 08:00;0,209736;
Natriumchlorid;9;31.12.2016 08:00;0,205853;
Natriumchlorid;1;31.12.2016 08:00;0,0610842;
Arsen;4;31.12.2016 08:00;2,24396;
Arsen;5;31.12.2016 08:00;1,20002;
Arsen;7;31.12.2016 08:00;0,961487;
Arsen;1;31.12.2016 08:00;0,493069;
Arsen;6;31.12.2016 08:00;0,46152;
Arsen;9;31.12.2016 08:00;0,37492;
Arsen;8;31.12.2016 08:00;0,199443;
Arsen;3;31.12.2016 08:00;0,126188;
Arsen;2;31.12.2016 08:00;0,0399735;
Benzol;4;31.12.2016 08:00;2,32938;
Benzol;7;31.12.2016 08:00;1,07857;
Benzol;3;31.12.2016 08:00;0,617543;
Benzol;1;31.12.2016 08:00;0,445675;
Benzol;5;31.12.2016 08:00;0,361001;
Benzol;6;31.12.2016 08:00;0,20435;
Benzol;2;31.12.2016 08:00;0,097448;
Benzol;8;31.12.2016 08:00;0,0461808;
Benzol;9;31.12.2016 08:00;0,0204371;
Anilin;3;31.12.2016 08:00;4,22026;
Anilin;4;31.12.2016 08:00;2,42177;
Anilin;8;31.12.2016 08:00;0,887727;
Anilin;5;31.12.2016 08:00;0,776531;
Anilin;6;31.12.2016 08:00;0,735622;
Anilin;7;31.12.2016 08:00;0,422495;
Anilin;9;31.12.2016 08:00;0,322884;
Anilin;2;31.12.2016 08:00;0,190756;
Anilin;1;31.12.2016 08:00;0,0190322;
Natriumchlorid;4;31.12.2016 09:00;1,97915;
Natriumchlorid;5;31.12.2016 09:00;0,626547;
Natriumchlorid;1;31.12.2016 09:00;0,547871;
Natriumchlorid;9;31.12.2016 09:00;0,493767;
Natriumchlorid;3;31.12.2016 09:00;0,482539;
Natriumchlorid;6;31.12.2016 09:00;0,415721;
Natriumchlorid;7;31.12.2016 09:00;0,363494;
Natriumchlorid;8;31.12.2016 09:00;0,319644;
Natriumchlorid;2;31.12.2016 09:00;0,0426883;
Arsen;4;31.12.2016 09:00;2,38108;
Arsen;5;31.12.2016 09:00;1,22377;
Arsen;8;31.12.2016 09:00;1,05858;
Arsen;6;31.12.2016 09:00;0,60847;
Arsen;3;31.12.2016 09:00;0,569667;
Arsen;9;31.12.2016 09:00;0,541438;
Arsen;2;31.12.2016 09:00;0,394502;
Arsen;1;31.12.2016 09:00;0,168963;
Arsen;7;31.12.2016 09:00;0,0219854;
Benzol;4;31.12.2016 09:00;2,50645;
Benzol;8;31.12.2016 09:00;0,924656;
Benzol;7;31.12.2016 09:00;0,764995;
Benzol;2;31.12.2016 09:00;0,660905;
Benzol;5;31.12.2016 09:00;0,484396;
Benzol;6;31.12.2016 09:00;0,426539;
Benzol;1;31.12.2016 09:00;0,348281;
Benzol;9;31.12.2016 09:00;0,317491;
Benzol;3;31.12.2016 09:00;0,244284;
Anilin;4;31.12.2016 09:00;2,24261;
Anilin;7;31.12.2016 09:00;0,614527;
Anilin;9;31.12.2016 09:00;0,544006;
Anilin;2;31.12.2016 09:00;0,408115;
Anilin;6;31.12.2016 09:00;0,396351;
Anilin;3;31.12.2016 09:00;0,26522;
Anilin;5;31.12.2016 09:00;0,0462765;
Anilin;1;31.12.2016 09:00;0,0203187;
Anilin;8;31.12.2016 09:00;0,0163076;
Natriumchlorid;4;31.12.2016 10:00;1,82405;
Natriumchlorid;3;31.12.2016 10:00;1,50495;
Natriumchlorid;5;31.12.2016 10:00;1,40333;
Natriumchlorid;6;31.12.2016 10:00;0,736627;
Natriumchlorid;9;31.12.2016 10:00;0,734046;
Natriumchlorid;7;31.12.2016 10:00;0,339458;
Natriumchlorid;8;31.12.2016 10:00;0,262828;
Natriumchlorid;2;31.12.2016 10:00;0,225552;
Natriumchlorid;1;31.12.2016 10:00;0,167832;
Arsen;4;31.12.2016 10:00;2,16529;
Arsen;9;31.12.2016 10:00;1,47249;
Arsen;5;31.12.2016 10:00;1,26653;
Arsen;3;31.12.2016 10:00;1,0871;
Arsen;6;31.12.2016 10:00;0,845056;
Arsen;8;31.12.2016 10:00;0,445862;
Arsen;2;31.12.2016 10:00;0,27546;
Arsen;7;31.12.2016 10:00;0,183109;
Arsen;1;31.12.2016 10:00;0,154719;
Benzol;4;31.12.2016 10:00;2,0558;
Benzol;7;31.12.2016 10:00;1,62683;
Benzol;8;31.12.2016 10:00;1,32234;
Benzol;3;31.12.2016 10:00;0,521598;
Benzol;2;31.12.2016 10:00;0,367028;
Benzol;9;31.12.2016 10:00;0,340273;
Benzol;6;31.12.2016 10:00;0,328584;
Benzol;5;31.12.2016 10:00;0,252476;
Benzol;1;31.12.2016 10:00;0,0148455;
Anilin;4;31.12.2016 10:00;2,26402;
Anilin;9;31.12.2016 10:00;1,3153;
Anilin;8;31.12.2016 10:00;0,717137;
Anilin;5;31.12.2016 10:00;0,661428;
Anilin;7;31.12.2016 10:00;0,615444;
Anilin;3;31.12.2016 10:00;0,433475;
Anilin;6;31.12.2016 10:00;0,196394;
Anilin;1;31.12.2016 10:00;0,121592;
Anilin;2;31.12.2016 10:00;0,0872181;
Natriumchlorid;4;31.12.2016 11:00;2,11378;
Natriumchlorid;5;31.12.2016 11:00;0,968801;
Natriumchlorid;9;31.12.2016 11:00;0,802947;
Natriumchlorid;3;31.12.2016 11:00;0,545533;
Natriumchlorid;6;31.12.2016 11:00;0,414463;
Natriumchlorid;2;31.12.2016 11:00;0,182989;
Natriumchlorid;8;31.12.2016 11:00;0,165929;
Natriumchlorid;1;31.12.2016 11:00;0,0968869;
Natriumchlorid;7;31.12.2016 11:00;0,0198255;
Arsen;4;31.12.2016 11:00;2,15738;
Arsen;8;31.12.2016 11:00;0,813478;
Arsen;3;31.12.2016 11:00;0,755823;
Arsen;5;31.12.2016 11:00;0,561949;
Arsen;1;31.12.2016 11:00;0,459284;
Arsen;2;31.12.2016 11:00;0,370256;
Arsen;9;31.12.2016 11:00;0,242791;
Arsen;6;31.12.2016 11:00;0,183101;
Arsen;7;31.12.2016 11:00;0,117668;
Benzol;4;31.12.2016 11:00;2,0357;
Benzol;9;31.12.2016 11:00;0,708079;
Benzol;3;31.12.2016 11:00;0,589108;
Benzol;6;31.12.2016 11:00;0,452169;
Benzol;5;31.12.2016 11:00;0,374694;
Benzol;8;31.12.2016 11:00;0,292367;
Benzol;1;31.12.2016 11:00;0,25655;
Benzol;7;31.12.2016 11:00;0,109512;
Benzol;2;31.12.2016 11:00;0,0738725;
Anilin;3;31.12.2016 11:00;2,19582;
Anilin;4;31.12.2016 11:00;2,03819;
Anilin;9;31.12.2016 11:00;0,594753;
Anilin;2;31.12.2016 11:00;0,418047;
Anilin;1;31.12.2016 11:00;0,332559;
Anilin;6;31.12.2016 11:00;0,317977;
Anilin;7;31.12.2016 11:00;0,290295;
Anilin;8;31.12.2016 11:00;0,171246;
Anilin;5;31.12.2016 11:00;0,0732875;
Natriumchlorid;4;31.12.2016 12:00;2,22538;
Natriumchlorid;7;31.12.2016 12:00;1,2425;
Natriumchlorid;3;31.12.2016 12:00;0,799248;
Natriumchlorid;5;31.12.2016 12:00;0,730995;
Natriumchlorid;8;31.12.2016 12:00;0,585015;
Natriumchlorid;9;31.12.2016 12:00;0,368361;
Natriumchlorid;1;31.12.2016 12:00;0,310524;
Natriumchlorid;2;31.12.2016 12:00;0,239629;
Natriumchlorid;6;31.12.2016 12:00;0,230968;
Arsen;3;31.12.2016 12:00;2,75257;
Arsen;4;31.12.2016 12:00;1,79333;
Arsen;7;31.12.2016 12:00;1,52726;
Arsen;8;31.12.2016 12:00;0,914483;
Arsen;5;31.12.2016 12:00;0,697037;
Arsen;6;31.12.2016 12:00;0,413528;
Arsen;9;31.12.2016 12:00;0,383698;
Arsen;1;31.12.2016 12:00;0,340458;
Arsen;2;31.12.2016 12:00;0,054875;
Benzol;3;31.12.2016 12:00;3,1038;
Benzol;4;31.12.2016 12:00;1,99625;
Benzol;7;31.12.2016 12:00;1,91522;
Benzol;6;31.12.2016 12:00;0,810666;
Benzol;9;31.12.2016 12:00;0,766908;
Benzol;8;31.12.2016 12:00;0,637165;
Benzol;2;31.12.2016 12:00;0,323779;
Benzol;5;31.12.2016 12:00;0,0179848;
Benzol;1;31.12.2016 12:00;0,00116581;
Anilin;4;31.12.2016 12:00;2,34798;
Anilin;5;31.12.2016 12:00;0,811618;
Anilin;8;31.12.2016 12:00;0,386853;
Anilin;6;31.12.2016 12:00;0,33803;
Anilin;1;31.12.2016 12:00;0,311113;
Anilin;3;31.12.2016 12:00;0,278401;
Anilin;7;31.12.2016 12:00;0,260571;
Anilin;2;31.12.2016 12:00;0,163552;
Anilin;9;31.12.2016 12:00;0,0552416;
Natriumchlorid;4;31.12.2016 13:00;2,03131;
Natriumchlorid;5;31.12.2016 13:00;1,46276;
Natriumchlorid;3;31.12.2016 13:00;1,00701;
Natriumchlorid;9;31.12.2016 13:00;0,817717;
Natriumchlorid;8;31.12.2016 13:00;0,421445;
Natriumchlorid;6;31.12.2016 13:00;0,237035;
Natriumchlorid;1;31.12.2016 13:00;0,0618945;
Natriumchlorid;7;31.12.2016 13:00;0,0595315;
Natriumchlorid;2;31.12.2016 13:00;0,0424385;
Arsen;3;31.12.2016 13:00;2,26192;
Arsen;4;31.12.2016 13:00;1,97822;
Arsen;5;31.12.2016 13:00;1,1303;
Arsen;9;31.12.2016 13:00;0,944006;
Arsen;8;31.12.2016 13:00;0,734925;
Arsen;2;31.12.2016 13:00;0,459289;
Arsen;7;31.12.2016 13:00;0,433741;
Arsen;6;31.12.2016 13:00;0,269871;
Arsen;1;31.12.2016 13:00;0,165489;
Benzol;3;31.12.2016 13:00;4,14921;
Benzol;4;31.12.2016 13:00;2,44437;
Benzol;5;31.12.2016 13:00;1,06321;
Benzol;2;31.12.2016 13:00;1,04746;
Benzol;7;31.12.2016 13:00;0,724199;
Benzol;1;31.12.2016 13:00;0,280428;
Benzol;6;31.12.2016 13:00;0,202366;
Benzol;8;31.12.2016 13:00;0,13781;
Benzol;9;31.12.2016 13:00;0,101589;
Anilin;4;31.12.2016 13:00;1,98165;
Anilin;9;31.12.2016 13:00;0,913767;
Anilin;7;31.12.2016 13:00;0,692014;
Anilin;6;31.12.2016 13:00;0,557982;
Anilin;5;31.12.2016 13:00;0,34484;
Anilin;1;31.12.2016 13:00;0,289842;
Anilin;8;31.12.2016 13:00;0,247076;
Anilin;3;31.12.2016 13:00;0,189115;
Anilin;2;31.12.2016 13:00;0,0538263;
Natriumchlorid;4;31.12.2016 14:00;2,21863;
Natriumchlorid;3;31.12.2016 14:00;0,728226;
Natriumchlorid;6;31.12.2016 14:00;0,675235;
Natriumchlorid;5;31.12.2016 14:00;0,457445;
Natriumchlorid;2;31.12.2016 14:00;0,441392;
Natriumchlorid;1;31.12.2016 14:00;0,427039;
Natriumchlorid;7;31.12.2016 14:00;0,229015;
Natriumchlorid;9;31.12.2016 14:00;0,22408;
Natriumchlorid;8;31.12.2016 14:00;0,0678948;
Arsen;3;31.12.2016 14:00;2,40606;
Arsen;4;31.12.2016 14:00;1,89072;
Arsen;6;31.12.2016 14:00;0,984376;
Arsen;7;31.12.2016 14:00;0,662944;
Arsen;2;31.12.2016 14:00;0,380159;
Arsen;8;31.12.2016 14:00;0,376808;
Arsen;5;31.12.2016 14:00;0,331008;
Arsen;9;31.12.2016 14:00;0,316602;
Arsen;1;31.12.2016 14:00;0,118883;
Benzol;4;31.12.2016 14:00;2,09899;
Benzol;7;31.12.2016 14:00;0,787522;
Benzol;8;31.12.2016 14:00;0,660447;
Benzol;2;31.12.2016 14:00;0,374824;
Benzol;6;31.12.2016 14:00;0,346532;
Benzol;5;31.12.2016 14:00;0,285379;
Benzol;3;31.12.2016 14:00;0,217923;
Benzol;1;31.12.2016 14:00;0,0796396;
Benzol;9;31.12.2016 14:00;0,0528745;
Anilin;4;31.12.2016 14:00;2,47935;
Anilin;7;31.12.2016 14:00;0,733087;
Anilin;3;31.12.2016 14:00;0,493947;
Anilin;6;31.12.2016 14:00;0,437683;
Anilin;8;31.12.2016 14:00;0,356417;
Anilin;5;31.12.2016 14:00;0,327056;
Anilin;2;31.12.2016 14:00;0,2751;
Anilin;9;31.12.2016 14:00;0,189481;
Anilin;1;31.12.2016 14:00;0,164042;
Natriumchlorid;4;31.12.2016 15:00;2,34545;
Natriumchlorid;2;31.12.2016 15:00;1,11465;
Natriumchlorid;5;31.12.2016 15:00;0,758011;
Natriumchlorid;8;31.12.2016 15:00;0,69171;
Natriumchlorid;6;31.12.2016 15:00;0,410049;
Natriumchlorid;7;31.12.2016 15:00;0,128954;
Natriumchlorid;3;31.12.2016 15:00;0,128561;
Natriumchlorid;9;31.12.2016 15:00;0,104264;
Natriumchlorid;1;31.12.2016 15:00;0,0985786;
Arsen;4;31.12.2016 15:00;2,06826;
Arsen;9;31.12.2016 15:00;1,50181;
Arsen;3;31.12.2016 15:00;0,919494;
Arsen;6;31.12.2016 15:00;0,724175;
Arsen;1;31.12.2016 15:00;0,494373;
Arsen;8;31.12.2016 15:00;0,421332;
Arsen;2;31.12.2016 15:00;0,372201;
Arsen;5;31.12.2016 15:00;0,301697;
Arsen;7;31.12.2016 15:00;0,0599188;
Benzol;3;31.12.2016 15:00;2,84599;
Benzol;4;31.12.2016 15:00;2,15342;
Benzol;5;31.12.2016 15:00;1,98058;
Benzol;8;31.12.2016 15:00;0,481449;
Benzol;1;31.12.2016 15:00;0,330792;
Benzol;9;31.12.2016 15:00;0,299785;
Benzol;6;31.12.2016 15:00;0,241871;
Benzol;7;31.12.2016 15:00;0,140412;
Benzol;2;31.12.2016 15:00;0,128586;
Anilin;4;31.12.2016 15:00;2,49028;
Anilin;8;31.12.2016 15:00;0,769887;
Anilin;9;31.12.2016 15:00;0,502621;
Anilin;1;31.12.2016 15:00;0,33522;
Anilin;6;31.12.2016 15:00;0,263122;
Anilin;3;31.12.2016 15:00;0,25639;
Anilin;5;31.12.2016 15:00;0,198466;
Anilin;7;31.12.2016 15:00;0,10881;
Anilin;2;31.12.2016 15:00;0,0823672;
Natriumchlorid;4;31.12.2016 16:00;2,04461;
Natriumchlorid;5;31.12.2016 16:00;1,40174;
Natriumchlorid;3;31.12.2016 16:00;0,819613;
Natriumchlorid;7;31.12.2016 16:00;0,569574;
Natriumchlorid;6;31.12.2016 16:00;0,506747;
Natriumchlorid;9;31.12.2016 16:00;0,414451;
Natriumchlorid;2;31.12.2016 16:00;0,25388;
Natriumchlorid;1;31.12.2016 16:00;0,137773;
Natriumchlorid;8;31.12.2016 16:00;0,0326869;
Arsen;4;31.12.2016 16:00;1,91934;
Arsen;7;31.12.2016 16:00;0,907139;
Arsen;3;31.12.2016 16:00;0,755135;
Arsen;8;31.12.2016 16:00;0,741531;
Arsen;9;31.12.2016 16:00;0,508657;
Arsen;2;31.12.2016 16:00;0,465843;
Arsen;1;31.12.2016 16:00;0,105685;
Arsen;5;31.12.2016 16:00;0,102401;
Arsen;6;31.12.2016 16:00;0,0526446;
Benzol;4;31.12.2016 16:00;2,3218;
Benzol;3;31.12.2016 16:00;0,74182;
Benzol;5;31.12.2016 16:00;0,582522;
Benzol;7;31.12.2016 16:00;0,454417;
Benzol;8;31.12.2016 16:00;0,424725;
Benzol;6;31.12.2016 16:00;0,42053;
Benzol;9;31.12.2016 16:00;0,417432;
Benzol;2;31.12.2016 16:00;0,216781;
Benzol;1;31.12.2016 16:00;0,0745616;
Anilin;4;31.12.2016 16:00;2,21231;
Anilin;3;31.12.2016 16:00;1,27481;
Anilin;5;31.12.2016 16:00;1,06548;
Anilin;9;31.12.2016 16:00;0,595858;
Anilin;6;31.12.2016 16:00;0,464108;
Anilin;8;31.12.2016 16:00;0,265681;
Anilin;1;31.12.2016 16:00;0,201706;
Anilin;7;31.12.2016 16:00;0,118137;
Anilin;2;31.12.2016 16:00;0,046812;
Natriumchlorid;4;31.12.2016 17:00;1,90552;
Natriumchlorid;5;31.12.2016 17:00;0,926769;
Natriumchlorid;2;31.12.2016 17:00;0,909628;
Natriumchlorid;6;31.12.2016 17:00;0,531988;
Natriumchlorid;1;31.12.2016 17:00;0,456474;
Natriumchlorid;8;31.12.2016 17:00;0,411522;
Natriumchlorid;3;31.12.2016 17:00;0,178658;
Natriumchlorid;7;31.12.2016 17:00;0,0590954;
Natriumchlorid;9;31.12.2016 17:00;0,0425772;
Arsen;4;31.12.2016 17:00;2,29862;
Arsen;9;31.12.2016 17:00;0,968066;
Arsen;3;31.12.2016 17:00;0,724412;
Arsen;5;31.12.2016 17:00;0,558304;
Arsen;1;31.12.2016 17:00;0,518556;
Arsen;6;31.12.2016 17:00;0,44734;
Arsen;2;31.12.2016 17:00;0,357973;
Arsen;7;31.12.2016 17:00;0,224311;
Arsen;8;31.12.2016 17:00;0,110243;
Benzol;4;31.12.2016 17:00;1,84805;
Benzol;3;31.12.2016 17:00;1,7967;
Benzol;2;31.12.2016 17:00;0,967566;
Benzol;6;31.12.2016 17:00;0,709275;
Benzol;8;31.12.2016 17:00;0,483606;
Benzol;1;31.12.2016 17:00;0,461966;
Benzol;7;31.12.2016 17:00;0,360578;
Benzol;5;31.12.2016 17:00;0,294393;
Benzol;9;31.12.2016 17:00;0,120987;
Anilin;4;31.12.2016 17:00;2,39959;
Anilin;3;31.12.2016 17:00;2,24597;
Anilin;8;31.12.2016 17:00;0,950233;
Anilin;1;31.12.2016 17:00;0,411362;
Anilin;7;31.12.2016 17:00;0,38494;
Anilin;5;31.12.2016 17:00;0,278981;
Anilin;9;31.12.2016 17:00;0,268201;
Anilin;6;31.12.2016 17:00;0,230968;
Anilin;2;31.12.2016 17:00;0,129114;
Natriumchlorid;4;31.12.2016 18:00;1,95051;
Natriumchlorid;9;31.12.2016 18:00;1,27387;
Natriumchlorid;3;31.12.2016 18:00;1,24079;
Natriumchlorid;7;31.12.2016 18:00;0,483141;
Natriumchlorid;8;31.12.2016 18:00;0,396221;
Natriumchlorid;5;31.12.2016 18:00;0,365389;
Natriumchlorid;1;31.12.2016 18:00;0,292933;
Natriumchlorid;2;31.12.2016 18:00;0,230399;
Natriumchlorid;6;31.12.2016 18:00;0,175651;
Arsen;3;31.12.2016 18:00;4,42563;
Arsen;4;31.12.2016 18:00;2,4978;
Arsen;6;31.12.2016 18:00;0,651472;
Arsen;9;31.12.2016 18:00;0,371732;
Arsen;8;31.12.2016 18:00;0,278017;
Arsen;5;31.12.2016 18:00;0,209076;
Arsen;2;31.12.2016 18:00;0,183328;
Arsen;7;31.12.2016 18:00;0,157622;
Arsen;1;31.12.2016 18:00;0,0189633;
Benzol;4;31.12.2016 18:00;2,27341;
Benzol;9;31.12.2016 18:00;0,918445;
Benzol;5;31.12.2016 18:00;0,770802;
Benzol;2;31.12.2016 18:00;0,633467;
Benzol;3;31.12.2016 18:00;0,526307;
Benzol;6;31.12.2016 18:00;0,311678;
Benzol;8;31.12.2016 18:00;0,14445;
Benzol;1;31.12.2016 18:00;0,064684;
Benzol;7;31.12.2016 18:00;0,0625889;
Anilin;4;31.12.2016 18:00;2,16212;
Anilin;5;31.12.2016 18:00;0,354745;
Anilin;9;31.12.2016 18:00;0,236008;
Anilin;7;31.12.2016 18:00;0,17846;
Anilin;2;31.12.2016 18:00;0,174937;
Anilin;8;31.12.2016 18:00;0,170705;
Anilin;6;31.12.2016 18:00;0,160706;
Anilin;3;31.12.2016 18:00;0,155193;
Anilin;1;31.12.2016 18:00;0,0912185;
Natriumchlorid;4;31.12.2016 19:00;2,12091;
Natriumchlorid;8;31.12.2016 19:00;0,978284;
Natriumchlorid;2;31.12.2016 19:00;0,7892;
Natriumchlorid;1;31.12.2016 19:00;0,727914;
Natriumchlorid;9;31.12.2016 19:00;0,54703;
Natriumchlorid;3;31.12.2016 19:00;0,510586;
Natriumchlorid;7;31.12.2016 19:00;0,42532;
Natriumchlorid;5;31.12.2016 19:00;0,35038;
Natriumchlorid;6;31.12.2016 19:00;0,217669;
Arsen;3;31.12.2016 19:00;2,17846;
Arsen;4;31.12.2016 19:00;2,10953;
Arsen;7;31.12.2016 19:00;0,451357;
Arsen;5;31.12.2016 19:00;0,437897;
Arsen;9;31.12.2016 19:00;0,436984;
Arsen;6;31.12.2016 19:00;0,19386;
Arsen;2;31.12.2016 19:00;0,187376;
Arsen;8;31.12.2016 19:00;0,143173;
Arsen;1;31.12.2016 19:00;0,0225294;
Benzol;4;31.12.2016 19:00;2,44523;
Benzol;7;31.12.2016 19:00;1,91927;
Benzol;3;31.12.2016 19:00;1,33589;
Benzol;8;31.12.2016 19:00;0,752272;
Benzol;6;31.12.2016 19:00;0,688491;
Benzol;1;31.12.2016 19:00;0,373937;
Benzol;2;31.12.2016 19:00;0,295014;
Benzol;9;31.12.2016 19:00;0,127357;
Benzol;5;31.12.2016 19:00;0,0194984;
Anilin;4;31.12.2016 19:00;2,23013;
Anilin;3;31.12.2016 19:00;1,37757;
Anilin;8;31.12.2016 19:00;1,17603;
Anilin;9;31.12.2016 19:00;0,883657;
Anilin;6;31.12.2016 19:00;0,399273;
Anilin;5;31.12.2016 19:00;0,382969;
Anilin;2;31.12.2016 19:00;0,26958;
Anilin;1;31.12.2016 19:00;0,241271;
Anilin;7;31.12.2016 19:00;0,140029;
Natriumchlorid;3;31.12.2016 20:00;2,52792;
Natriumchlorid;4;31.12.2016 20:00;2,12667;
Natriumchlorid;5;31.12.2016 20:00;0,798066;
Natriumchlorid;7;31.12.2016 20:00;0,584176;
Natriumchlorid;6;31.12.2016 20:00;0,529412;
Natriumchlorid;9;31.12.2016 20:00;0,430325;
Natriumchlorid;2;31.12.2016 20:00;0,303821;
Natriumchlorid;8;31.12.2016 20:00;0,0813537;
Natriumchlorid;1;31.12.2016 20:00;0,0276653;
Arsen;4;31.12.2016 20:00;2,10167;
Arsen;3;31.12.2016 20:00;0,76575;
Arsen;5;31.12.2016 20:00;0,622776;
Arsen;6;31.12.2016 20:00;0,495189;
Arsen;7;31.12.2016 20:00;0,425605;
Arsen;2;31.12.2016 20:00;0,286955;
Arsen;1;31.12.2016 20:00;0,217195;
Arsen;9;31.12.2016 20:00;0,183176;
Arsen;8;31.12.2016 20:00;0,141997;
Benzol;4;31.12.2016 20:00;1,98903;
Benzol;5;31.12.2016 20:00;0,759697;
Benzol;7;31.12.2016 20:00;0,711903;
Benzol;9;31.12.2016 20:00;0,708212;
Benzol;2;31.12.2016 20:00;0,624118;
Benzol;8;31.12.2016 20:00;0,530958;
Benzol;6;31.12.2016 20:00;0,493684;
Benzol;3;31.12.2016 20:00;0,406858;
Benzol;1;31.12.2016 20:00;0,217733;
Anilin;4;31.12.2016 20:00;2,00714;
Anilin;3;31.12.2016 20:00;1,17722;
Anilin;9;31.12.2016 20:00;0,830569;
Anilin;5;31.12.2016 20:00;0,555171;
Anilin;7;31.12.2016 20:00;0,482943;
Anilin;6;31.12.2016 20:00;0,249678;
Anilin;2;31.12.2016 20:00;0,171319;
Anilin;1;31.12.2016 20:00;0,0996209;
Anilin;8;31.12.2016 20:00;0,0445604;
Natriumchlorid;4;31.12.2016 21:00;1,83488;
Natriumchlorid;3;31.12.2016 21:00;1,06641;
Natriumchlorid;8;31.12.2016 21:00;0,712923;
Natriumchlorid;9;31.12.2016 21:00;0,66789;
Natriumchlorid;6;31.12.2016 21:00;0,379362;
Natriumchlorid;7;31.12.2016 21:00;0,338013;
Natriumchlorid;1;31.12.2016 21:00;0,277434;
Natriumchlorid;2;31.12.2016 21:00;0,240301;
Natriumchlorid;5;31.12.2016 21:00;0,0349403;
Arsen;3;31.12.2016 21:00;2,82693;
Arsen;4;31.12.2016 21:00;2,2471;
Arsen;9;31.12.2016 21:00;0,645434;
Arsen;2;31.12.2016 21:00;0,474453;
Arsen;7;31.12.2016 21:00;0,263992;
Arsen;6;31.12.2016 21:00;0,229938;
Arsen;8;31.12.2016 21:00;0,113061;
Arsen;1;31.12.2016 21:00;0,0150565;
Arsen;5;31.12.2016 21:00;0,0137979;
Benzol;4;31.12.2016 21:00;2,23033;
Benzol;7;31.12.2016 21:00;1,83501;
Benzol;5;31.12.2016 21:00;0,384854;
Benzol;1;31.12.2016 21:00;0,38396;
Benzol;8;31.12.2016 21:00;0,37785;
Benzol;3;31.12.2016 21:00;0,367455;
Benzol;2;31.12.2016 21:00;0,250597;
Benzol;9;31.12.2016 21:00;0,085081;
Benzol;6;31.12.2016 21:00;0,0105671;
Anilin;3;31.12.2016 21:00;3,41608;
Anilin;4;31.12.2016 21:00;2,05163;
Anilin;7;31.12.2016 21:00;1,72098;
Anilin;5;31.12.2016 21:00;1,71696;
Anilin;6;31.12.2016 21:00;0,601765;
Anilin;9;31.12.2016 21:00;0,546867;
Anilin;8;31.12.2016 21:00;0,370215;
Anilin;2;31.12.2016 21:00;0,324839;
Anilin;1;31.12.2016 21:00;0,134625;
Natriumchlorid;4;31.12.2016 22:00;2,2879;
Natriumchlorid;7;31.12.2016 22:00;1,74778;
Natriumchlorid;5;31.12.2016 22:00;1,34141;
Natriumchlorid;2;31.12.2016 22:00;0,595768;
Natriumchlorid;6;31.12.2016 22:00;0,492644;
Natriumchlorid;1;31.12.2016 22:00;0,46819;
Natriumchlorid;9;31.12.2016 22:00;0,222315;
Natriumchlorid;8;31.12.2016 22:00;0,160899;
Natriumchlorid;3;31.12.2016 22:00;0,147094;
Arsen;4;31.12.2016 22:00;2,09261;
Arsen;5;31.12.2016 22:00;1,14876;
Arsen;7;31.12.2016 22:00;0,873845;
Arsen;2;31.12.2016 22:00;0,803231;
Arsen;9;31.12.2016 22:00;0,677594;
Arsen;6;31.12.2016 22:00;0,249088;
Arsen;3;31.12.2016 22:00;0,133436;
Arsen;8;31.12.2016 22:00;0,0937654;
Arsen;1;31.12.2016 22:00;0,00531084;
Benzol;4;31.12.2016 22:00;2,16521;
Benzol;8;31.12.2016 22:00;0,58539;
Benzol;1;31.12.2016 22:00;0,575088;
Benzol;3;31.12.2016 22:00;0,241634;
Benzol;7;31.12.2016 22:00;0,238488;
Benzol;6;31.12.2016 22:00;0,219193;
Benzol;2;31.12.2016 22:00;0,137585;
Benzol;5;31.12.2016 22:00;0,136695;
Benzol;9;31.12.2016 22:00;0,0813081;
Anilin;4;31.12.2016 22:00;2,25383;
Anilin;2;31.12.2016 22:00;1,09453;
Anilin;8;31.12.2016 22:00;0,702841;
Anilin;6;31.12.2016 22:00;0,537711;
Anilin;9;31.12.2016 22:00;0,362263;
Anilin;3;31.12.2016 22:00;0,359755;
Anilin;7;31.12.2016 22:00;0,275726;
Anilin;1;31.12.2016 22:00;0,142909;
Anilin;5;31.12.2016 22:00;0,0270531;
Natriumchlorid;3;31.12.2016 23:00;3,53684;
Natriumchlorid;4;31.12.2016 23:00;2,28305;
Natriumchlorid;5;31.12.2016 23:00;1,37311;
Natriumchlorid;9;31.12.2016 23:00;0,830489;
Natriumchlorid;8;31.12.2016 23:00;0,408216;
Natriumchlorid;6;31.12.2016 23:00;0,393519;
Natriumchlorid;1;31.12.2016 23:00;0,0782655;
Natriumchlorid;2;31.12.2016 23:00;0,0608137;
Natriumchlorid;7;31.12.2016 23:00;0,0146577;
Arsen;4;31.12.2016 23:00;2,10309;
Arsen;3;31.12.2016 23:00;1,83129;
Arsen;9;31.12.2016 23:00;0,670133;
Arsen;5;31.12.2016 23:00;0,524867;
Arsen;2;31.12.2016 23:00;0,496575;
Arsen;8;31.12.2016 23:00;0,368864;
Arsen;1;31.12.2016 23:00;0,2588;
Arsen;6;31.12.2016 23:00;0,15024;
Arsen;7;31.12.2016 23:00;0,0397286;
Benzol;7;31.12.2016 23:00;2,18326;
Benzol;4;31.12.2016 23:00;1,9078;
Benzol;8;31.12.2016 23:00;0,962059;
Benzol;6;31.12.2016 23:00;0,587849;
Benzol;1;31.12.2016 23:00;0,309137;
Benzol;5;31.12.2016 23:00;0,22943;
Benzol;9;31.12.2016 23:00;0,203557;
Benzol;2;31.12.2016 23:00;0,148651;
Benzol;3;31.12.2016 23:00;0,137824;
Anilin;4;31.12.2016 23:00;1,91114;
Anilin;5;31.12.2016 23:00;0,621612;
Anilin;9;31.12.2016 23:00;0,607967;
Anilin;2;31.12.2016 23:00;0,584443;
Anilin;8;31.12.2016 23:00;0,539674;
Anilin;1;31.12.2016 23:00;0,376994;
Anilin;6;31.12.2016 23:00;0,325411;
Anilin;7;31.12.2016 23:00;0,145192;
Anilin;3;31.12.2016 23:00;0,062784;
